# The links inside the communities at k=5
# from G:\Dropbox\Raghda\CNA\Final Project\other methods\CFinder-2.0.6--1448\G:\Dropbox\Raghda\CNA\Final Project\Datasets\binary_networks\LFR5\network_LFR5_Om2.dat
# at no lower link weight threshold,
# and at no upper link weight threshold.
# Links were treated as undirected.
# No time limit was set for the clique search.

0:
864 980
864 996
864 958
864 843
864 848
864 317
864 892
864 797
980 996
980 958
980 843
980 848
980 317
980 892
980 797
996 958
996 843
996 848
996 317
996 892
996 797
958 843
958 848
958 317
958 892
958 797
843 848
843 892
848 892
1:
913 986
913 995
913 869
913 916
913 790
986 847
986 956
986 882
986 995
986 822
986 969
986 869
986 916
986 339
986 790
847 882
847 822
847 969
847 916
847 790
956 882
956 995
956 822
956 969
882 995
882 822
882 969
882 869
882 916
882 339
882 790
995 822
995 969
995 869
995 916
995 339
995 790
822 969
822 869
822 916
822 790
969 339
869 790
916 790
2:
810 893
810 977
810 737
810 911
810 639
810 431
810 443
893 977
893 737
893 911
893 639
893 431
893 443
977 737
977 911
977 639
977 431
977 443
737 911
911 639
911 431
911 443
3:
951 805
951 989
951 976
951 975
951 907
951 537
951 872
951 560
951 574
805 989
805 975
805 907
989 976
989 975
989 907
989 537
989 872
989 560
989 574
976 907
976 560
975 907
975 537
975 872
975 560
975 574
907 537
907 872
907 560
907 574
872 560
872 574
4:
935 929
935 418
935 883
935 747
935 762
929 418
929 883
929 747
929 762
418 883
418 747
883 747
883 762
747 762
5:
922 845
922 974
922 979
922 813
922 995
922 947
922 953
922 827
922 457
922 543
922 757
845 974
845 979
845 995
845 947
845 953
845 457
845 543
845 757
974 979
974 813
974 995
974 947
974 953
974 827
974 543
974 757
979 813
979 995
979 947
979 953
979 827
979 457
979 543
979 757
813 995
813 953
995 947
995 953
995 827
995 457
995 757
947 953
947 827
953 827
953 543
6:
853 844
853 644
853 785
853 734
853 852
853 438
853 723
853 579
853 664
844 644
844 785
844 734
844 852
844 438
844 723
844 579
844 664
644 785
644 734
644 852
644 664
785 734
785 852
785 723
785 579
785 664
734 852
734 723
734 579
734 664
852 438
852 723
852 579
852 664
438 723
723 579
723 664
7:
759 994
759 942
759 948
759 878
759 926
759 875
759 406
879 994
879 942
879 948
879 926
879 875
994 942
994 948
994 878
994 926
994 875
994 406
994 518
994 755
942 948
942 878
942 926
942 875
942 518
942 755
948 878
948 926
948 875
948 406
948 518
948 755
878 875
878 518
926 875
926 518
875 406
875 755
8:
973 981
973 860
973 992
973 857
973 895
973 412
973 698
973 768
981 860
981 992
981 857
981 895
981 412
981 698
981 768
860 992
860 857
860 705
860 895
860 698
860 768
992 857
992 705
992 895
992 412
992 698
992 768
705 895
705 698
895 412
895 698
9:
640 756
640 920
640 818
640 421
640 793
756 920
756 818
756 421
756 793
920 818
920 421
920 793
818 421
818 793
10:
964 993
964 730
964 781
964 742
964 971
964 859
964 766
964 433
964 424
964 800
964 731
964 662
993 730
993 781
993 742
993 971
993 859
993 766
993 433
993 424
993 800
993 473
993 731
993 662
730 781
730 971
730 859
730 473
730 662
781 742
781 971
781 859
781 766
781 473
781 662
742 971
971 859
971 766
971 433
971 424
971 800
971 473
971 731
971 662
859 433
859 424
859 800
859 731
859 662
11:
943 936
943 824
943 842
943 963
943 612
943 753
943 949
936 824
936 842
936 963
936 612
936 753
936 892
936 949
936 435
824 963
824 753
824 949
842 963
842 612
842 892
842 949
963 612
963 753
963 892
963 949
963 435
612 753
753 892
753 949
753 435
892 949
949 435
12:
1000 525
1000 614
1000 787
1000 791
1000 806
1000 849
1000 890
1000 899
1000 906
1000 917
1000 925
1000 952
1000 968
1000 988
525 899
525 917
525 988
525 824
614 899
614 906
614 988
787 806
787 917
787 925
787 988
791 906
791 917
791 988
806 917
806 988
849 890
849 899
849 917
849 952
849 988
890 917
890 925
890 952
890 968
890 988
899 906
899 917
899 952
899 968
899 988
899 824
906 917
906 925
906 952
906 988
906 970
917 925
917 952
917 968
917 988
917 824
917 970
925 952
925 968
925 988
925 970
952 968
952 970
968 988
968 824
988 824
13:
925 952
925 984
925 967
925 770
925 960
925 991
925 919
925 970
925 830
952 984
952 967
952 770
952 960
952 991
952 919
952 500
952 970
984 783
984 967
984 770
984 960
984 991
984 919
984 500
984 970
984 830
783 967
783 770
783 991
783 970
727 967
727 991
727 919
727 970
967 960
967 991
967 919
967 970
967 830
770 991
770 919
770 970
960 991
960 919
960 970
991 919
991 500
991 970
991 830
919 970
919 830
500 970
14:
886 981
886 941
886 741
886 519
981 941
981 741
981 519
941 741
941 519
741 519
15:
874 924
874 901
874 983
874 972
874 887
874 933
924 901
924 983
924 972
924 887
924 754
924 550
924 505
901 983
901 972
901 887
901 754
901 933
901 550
901 505
983 972
983 887
983 754
983 933
983 550
983 505
972 754
972 933
972 550
887 754
887 933
887 505
754 933
933 550
933 505
16:
886 981
886 941
886 637
886 542
981 941
981 637
981 542
941 637
941 542
637 542
17:
912 862
912 999
912 568
912 940
862 999
862 568
862 940
999 568
999 940
568 940
18:
806 974
806 784
806 870
806 834
806 666
840 974
840 784
840 870
840 834
840 629
974 784
974 870
974 834
974 629
974 598
974 666
784 870
784 834
784 629
784 598
784 666
870 834
870 629
870 598
870 666
834 629
834 598
834 666
629 666
19:
714 687
714 604
714 692
714 831
687 604
687 692
687 831
604 692
604 831
692 831
20:
993 961
993 896
993 992
993 921
993 581
993 940
961 896
961 992
961 921
961 581
961 940
896 992
896 921
896 581
896 940
992 921
992 581
992 940
921 581
921 940
21:
908 928
908 716
908 831
908 628
908 683
928 716
928 831
928 628
928 683
716 628
716 683
831 628
831 683
628 683
22:
879 938
879 958
879 939
879 713
938 958
938 939
938 713
938 670
958 939
958 713
958 670
939 713
939 670
713 670
23:
815 973
815 945
815 897
815 645
973 945
973 897
973 645
945 897
945 645
897 645
24:
997 962
997 760
997 965
997 795
997 673
962 760
962 965
962 795
962 673
760 965
760 673
965 795
965 673
795 673
25:
862 956
862 999
862 690
862 830
956 999
956 690
956 830
999 690
999 830
690 830
26:
996 950
996 962
996 704
996 965
996 880
996 750
950 965
950 880
950 750
962 704
962 965
962 880
962 750
704 880
704 750
965 880
965 750
880 750
27:
849 905
849 851
849 782
849 963
905 851
905 959
905 782
905 963
905 801
905 694
905 685
851 959
851 782
851 963
851 801
851 694
851 685
959 782
959 963
959 801
959 694
959 685
782 963
782 685
801 694
801 685
28:
935 987
935 889
935 863
935 838
935 969
987 889
987 863
987 838
987 969
987 751
889 863
889 969
889 751
863 838
863 969
863 751
838 969
969 751
29:
982 909
982 825
982 888
982 789
909 825
909 888
909 789
825 888
825 789
888 789
30:
802 881
802 954
802 838
802 832
906 881
906 954
906 838
906 832
881 954
881 838
881 832
954 838
954 832
838 832
31:
871 998
871 898
871 918
871 873
871 803
998 898
998 918
998 873
998 803
898 918
898 873
898 803
918 803
873 803
32:
835 951
835 903
835 865
835 823
835 976
951 903
951 823
951 976
903 865
903 823
903 976
865 823
865 976
823 976
33:
966 871
966 910
966 898
966 918
871 910
871 898
871 918
910 898
910 918
898 918
34:
968 985
968 885
968 955
968 914
985 885
985 955
985 914
885 955
885 914
955 914
35:
982 957
982 868
982 994
982 900
957 868
957 994
957 900
868 994
868 900
994 900
