# The links inside the communities at k=3
# from G:\Dropbox\Raghda\CNA\Final Project\other methods\CFinder-2.0.6--1448\G:\Dropbox\Raghda\CNA\Final Project\Datasets\binary_networks\LFR4\network_LFR4_Om5.dat
# at no lower link weight threshold,
# and at no upper link weight threshold.
# Links were treated as undirected.
# No time limit was set for the clique search.

0:
803 657
803 597
562 657
562 597
276 657
276 597
540 657
540 597
657 777
657 597
777 597
1:
758 998
758 932
870 1000
870 887
870 809
870 991
870 381
870 955
870 969
870 925
870 608
870 940
870 948
870 965
870 447
337 937
337 939
337 914
674 1000
674 883
674 151
776 987
776 991
776 986
776 967
776 984
776 921
776 965
776 919
776 548
776 615
821 877
821 943
821 934
821 996
821 974
821 939
821 801
821 899
821 923
821 895
778 888
778 175
778 988
778 986
778 910
778 786
980 769
980 102
980 646
980 882
980 810
980 749
980 937
980 798
980 800
980 807
980 903
980 941
980 830
980 932
980 808
980 865
980 739
980 325
980 832
980 451
980 471
980 786
980 527
980 607
994 985
994 814
994 929
994 872
994 951
994 675
994 913
994 933
994 846
994 214
994 686
994 745
994 234
994 706
994 248
994 266
994 728
994 34
994 910
994 497
994 495
994 563
994 83
994 566
994 567
994 598
994 599
994 610
994 677
1000 121
1000 128
1000 197
1000 237
1000 271
1000 273
1000 359
1000 591
1000 6
1000 638
1000 641
1000 649
1000 654
1000 679
1000 769
1000 815
1000 822
1000 823
1000 835
1000 877
1000 878
1000 883
1000 887
1000 891
1000 912
1000 950
1000 982
1000 989
121 679
121 883
121 982
128 237
128 835
128 991
197 237
197 649
237 6
271 815
271 822
271 546
271 856
273 591
273 950
312 953
312 897
313 975
313 806
313 926
313 953
359 950
359 979
359 865
524 767
524 973
524 827
638 950
638 992
638 827
638 533
641 835
641 956
649 891
649 979
649 978
654 815
654 822
654 966
654 856
654 670
679 982
679 934
679 993
679 780
679 940
679 905
719 985
719 949
719 882
719 185
719 952
734 757
734 859
769 950
769 800
769 958
769 492
815 822
815 878
815 546
815 998
815 807
815 764
815 966
815 856
815 575
815 670
822 878
822 574
822 764
822 966
822 856
822 715
822 670
823 883
823 891
823 982
823 820
823 927
823 863
823 948
835 987
835 991
835 967
835 984
835 811
835 921
835 956
835 535
835 563
835 677
877 887
877 982
877 934
877 767
877 884
877 998
877 780
877 901
877 951
877 952
877 930
877 973
877 924
878 546
878 998
878 907
878 574
878 764
878 856
878 575
878 390
878 703
878 670
883 993
883 820
883 992
883 151
883 954
883 923
883 723
883 944
883 46
883 668
887 908
887 996
887 882
887 968
887 841
887 978
887 791
887 534
887 786
887 541
891 911
891 664
891 959
891 408
912 989
912 985
912 991
912 996
912 971
912 936
912 976
912 960
912 791
912 819
912 39
912 712
943 888
943 996
943 937
943 911
943 817
943 824
943 558
943 182
943 199
943 873
943 933
943 692
943 829
943 895
943 748
943 555
950 982
950 989
950 995
950 809
950 993
950 998
950 969
950 979
950 990
950 976
950 954
950 923
950 804
950 865
950 389
950 697
950 489
982 989
982 814
982 993
982 737
982 880
982 160
982 634
982 940
982 954
982 804
982 745
982 220
982 692
982 905
982 948
982 697
982 74
982 553
982 563
989 494
989 983
989 997
989 974
989 929
989 936
989 818
989 988
989 990
989 972
989 191
989 927
989 193
989 296
989 944
989 600
989 960
989 430
989 854
989 756
989 910
989 819
989 97
989 383
989 843
989 489
989 712
989 840
989 563
101 868
101 881
101 985
868 881
868 985
868 724
868 901
868 930
868 504
868 795
868 879
868 422
868 506
868 770
881 985
881 724
881 901
881 165
881 930
881 967
881 504
881 795
881 879
881 422
881 506
881 770
892 996
892 131
892 898
892 962
892 981
892 977
892 947
892 850
892 890
892 957
892 865
892 860
892 750
892 847
985 949
985 991
985 970
985 925
985 851
985 839
985 608
985 824
985 951
985 952
985 834
985 972
985 902
985 686
985 745
985 706
985 248
985 504
985 728
985 879
985 34
985 922
985 422
985 506
985 567
985 599
102 646
646 749
546 807
546 966
546 856
751 995
751 900
751 812
751 948
751 879
751 775
751 442
751 593
858 810
858 947
858 901
858 166
858 818
858 848
858 402
858 479
894 833
894 988
894 972
894 628
894 965
894 71
844 939
844 975
844 926
844 953
844 986
844 923
844 244
844 965
844 421
888 772
888 996
888 907
888 935
888 916
888 962
888 986
888 960
888 855
888 957
888 922
888 555
888 631
783 970
783 945
783 518
783 717
797 996
797 916
797 976
797 29
797 799
995 983
995 970
995 998
995 969
995 611
995 700
995 701
995 653
995 685
995 469
995 900
995 971
995 496
995 909
995 940
995 872
995 184
995 812
995 927
995 933
995 959
995 226
995 893
995 864
995 829
995 740
995 867
995 739
995 905
995 948
995 879
995 490
995 789
995 442
995 593
995 617
995 716
995 712
494 910
772 898
772 962
772 981
772 889
772 852
107 425
107 687
107 7
107 787
425 687
425 7
425 787
425 896
687 7
687 787
687 805
687 795
687 896
7 787
787 974
787 805
787 795
787 896
380 793
380 899
380 735
380 565
934 964
934 938
934 14
934 780
934 801
934 800
934 680
934 873
934 933
934 529
934 590
934 347
934 690
934 658
987 991
987 760
987 671
987 874
987 940
987 986
987 183
987 198
987 967
987 984
987 225
987 921
987 795
987 461
987 965
987 695
987 630
987 346
987 919
987 374
987 784
987 431
987 775
987 768
987 548
987 615
987 627
809 970
809 969
809 561
809 200
809 976
809 893
809 819
809 84
908 974
908 724
908 202
908 968
908 998
908 833
908 846
908 725
908 25
908 735
908 415
908 786
908 541
908 862
908 732
908 645
949 902
246 983
246 979
246 978
721 993
721 663
803 951
803 960
803 476
803 505
110 386
110 705
110 814
386 705
386 814
386 930
705 613
705 988
705 862
814 915
814 872
814 930
814 933
814 745
814 248
175 988
876 636
876 911
876 676
876 864
876 748
876 716
993 793
993 884
993 880
993 573
993 671
993 897
993 990
993 673
993 954
993 208
993 804
993 782
993 932
993 813
993 516
993 715
993 905
993 948
993 965
993 956
993 530
993 405
993 697
993 46
993 786
993 526
993 627
993 663
993 668
112 552
112 983
552 983
552 978
552 460
569 932
569 702
793 694
793 990
793 954
793 861
793 411
793 32
793 565
793 627
983 992
983 743
983 52
983 929
983 889
983 936
983 755
983 923
983 944
983 978
983 725
983 243
983 752
983 756
983 905
983 391
983 832
983 910
983 97
983 922
983 358
983 377
983 458
983 852
983 416
983 704
983 660
983 460
983 741
942 596
942 971
942 551
942 664
942 181
942 986
942 952
942 959
942 508
942 924
942 956
942 330
942 879
942 408
942 404
942 691
942 750
931 964
931 880
931 147
931 682
931 845
931 947
931 817
931 875
931 946
931 392
931 625
931 394
931 862
931 63
991 849
991 955
991 998
991 925
991 839
991 986
991 972
991 967
991 984
991 921
991 941
991 886
991 788
991 326
991 825
991 956
991 339
991 345
991 609
991 919
991 374
991 563
991 58
991 615
996 970
996 880
996 916
996 898
996 962
996 981
996 977
996 833
996 582
996 975
996 947
996 874
996 817
996 986
996 952
996 927
996 873
996 420
996 976
996 204
996 213
996 978
996 941
996 957
996 791
996 294
996 717
996 922
996 370
996 406
996 847
996 49
996 555
996 727
996 559
115 737
115 997
737 997
737 145
737 468
737 899
737 945
737 595
737 553
849 724
849 955
849 640
849 309
849 788
849 647
849 339
849 770
997 118
997 618
997 722
997 767
997 678
997 681
997 977
997 403
997 145
997 468
997 592
997 899
997 945
997 951
997 841
997 952
997 890
997 944
997 600
997 960
997 698
997 808
997 476
997 304
997 361
997 350
997 761
997 595
997 816
997 786
997 498
997 553
964 981
964 14
964 780
964 682
964 845
964 947
964 963
964 901
964 848
964 393
964 933
964 846
964 902
964 957
964 402
964 624
964 652
964 702
964 966
964 529
964 392
964 394
964 427
964 43
964 456
964 479
635 974
635 968
635 945
635 407
970 955
970 880
970 969
970 851
970 961
970 945
970 952
970 190
970 518
970 294
970 331
970 717
970 918
970 922
970 406
970 431
970 617
970 690
970 559
118 618
118 722
118 767
618 977
618 251
722 681
722 999
722 920
722 869
767 998
767 973
836 947
836 848
836 726
836 360
836 376
94 990
94 757
94 859
974 968
974 998
974 935
974 602
974 818
974 899
974 990
974 193
974 296
974 240
974 707
974 430
974 25
974 265
974 581
974 289
974 896
974 400
974 56
974 843
974 512
381 447
724 968
724 165
724 788
884 726
884 954
884 323
884 284
884 973
884 965
884 896
884 663
884 668
955 583
955 935
955 311
955 977
955 999
955 976
955 946
955 920
955 331
955 341
955 447
955 788
955 339
955 918
955 831
955 509
955 644
955 770
820 760
820 979
820 829
820 740
820 626
820 718
882 990
882 185
882 757
882 978
882 255
882 830
882 859
882 598
122 202
122 564
122 968
122 998
202 968
564 968
564 975
564 953
968 998
968 833
968 846
968 725
968 629
968 735
968 595
968 415
968 491
968 541
968 862
968 732
968 645
998 907
998 969
998 951
998 754
998 976
998 574
998 846
998 414
998 932
998 813
998 651
998 581
998 966
998 322
998 856
998 867
998 973
998 576
998 825
998 956
998 389
998 345
998 609
998 910
998 595
998 571
998 491
998 670
998 677
998 84
659 925
659 608
880 845
880 990
880 927
880 811
880 757
880 959
880 859
880 406
880 843
880 535
880 614
880 63
992 125
992 642
992 759
992 977
992 889
992 990
992 945
992 753
992 930
992 875
992 954
992 923
992 723
992 944
992 893
992 588
992 932
992 854
992 920
992 871
992 298
992 375
992 827
992 852
992 537
992 416
992 660
992 843
992 816
992 489
992 512
992 661
124 907
124 935
583 311
583 977
583 640
583 509
907 935
907 977
907 764
907 770
935 311
935 977
935 979
935 999
935 899
935 945
935 946
935 388
935 920
935 918
935 474
935 5
935 770
935 82
125 642
125 759
642 759
642 938
642 977
642 753
642 871
642 537
759 977
759 753
759 946
759 285
759 871
448 678
448 698
448 632
938 939
938 780
938 801
938 270
938 909
938 897
938 753
938 933
938 946
938 244
938 771
938 871
938 347
938 819
938 736
938 85
938 86
969 561
969 971
969 940
969 872
969 184
969 952
969 976
969 696
969 893
969 813
969 865
969 867
969 819
969 462
969 617
969 47
969 84
810 848
810 915
810 958
810 930
810 830
810 402
810 832
810 365
916 817
916 763
916 49
916 555
749 937
749 800
749 941
749 830
749 932
749 865
678 951
678 698
678 361
678 505
130 611
130 700
130 701
611 700
611 496
700 701
700 978
700 966
700 31
701 653
701 978
701 893
701 315
701 712
131 898
131 962
131 981
898 962
898 981
898 977
898 947
898 986
898 850
898 782
898 890
898 957
898 865
898 860
898 896
898 847
898 51
962 981
962 977
962 947
962 502
962 850
962 782
962 213
962 890
962 957
962 463
962 865
962 708
962 860
962 715
962 647
962 530
962 433
962 510
962 847
962 51
962 631
962 661
962 605
981 977
981 947
981 502
981 850
981 782
981 890
981 957
981 463
981 865
981 708
981 860
981 715
981 647
981 413
981 530
981 433
981 43
981 510
981 847
981 51
981 631
981 661
981 605
585 743
585 905
681 592
925 839
925 613
925 608
925 972
925 875
925 843
743 755
743 855
743 905
743 391
743 922
743 358
796 999
796 988
796 913
796 920
135 311
135 977
311 977
602 952
602 941
602 581
602 624
602 702
977 874
977 753
977 927
977 875
977 640
977 251
977 871
977 537
977 816
977 474
977 847
977 5
136 851
136 937
136 939
573 954
573 956
851 939
851 762
851 961
851 975
851 936
851 926
851 953
851 866
851 741
937 939
937 885
937 17
937 857
937 951
937 255
937 830
937 932
937 829
937 572
937 832
939 979
939 914
939 270
939 909
939 927
939 930
939 923
939 244
939 886
939 924
939 840
653 746
653 857
653 978
653 893
653 315
477 885
477 857
760 979
760 984
760 886
760 695
14 780
14 801
780 801
780 800
780 951
780 873
780 529
780 347
780 658
801 800
801 680
801 873
801 933
801 529
801 590
801 347
801 690
403 960
620 914
620 973
714 975
714 874
714 926
623 963
623 909
623 805
623 895
623 965
623 741
648 927
648 863
833 972
833 957
833 702
833 628
833 67
833 541
833 71
842 157
842 765
842 947
842 963
842 928
842 948
842 770
52 755
582 558
582 986
582 873
582 879
671 984
671 954
979 999
979 963
979 988
979 930
979 420
979 976
979 923
979 978
979 946
979 791
979 886
979 865
979 27
979 795
979 920
979 305
979 924
979 370
979 387
979 644
979 39
979 607
979 862
979 566
145 468
468 899
468 945
592 698
592 361
592 505
613 988
613 972
147 682
147 845
561 578
561 915
682 845
682 946
682 392
682 625
682 394
845 947
845 875
845 846
845 392
845 625
845 394
845 614
845 862
845 63
596 986
608 875
685 975
685 953
685 927
503 963
503 906
503 781
914 927
914 861
914 886
914 739
914 799
914 973
914 747
914 730
914 748
914 789
914 473
914 661
999 988
999 906
999 984
999 976
999 946
999 795
999 277
999 388
999 920
999 905
999 305
999 307
999 341
999 387
999 644
999 869
999 79
999 843
999 775
999 768
999 54
999 862
999 631
336 940
336 958
336 707
336 353
469 226
667 986
667 421
762 861
762 866
762 554
762 730
762 733
762 840
961 190
961 861
961 730
961 658
270 244
636 676
636 864
900 812
900 948
900 593
929 936
929 963
929 926
929 953
929 951
929 850
929 675
929 902
929 745
929 855
929 539
929 248
929 966
929 756
929 450
929 832
929 377
929 458
971 874
971 911
971 170
971 513
971 172
971 366
971 664
971 903
971 200
971 976
971 923
971 944
971 354
971 959
971 587
971 946
971 855
971 893
971 250
971 837
971 867
971 918
971 831
971 5
889 923
889 932
889 832
889 852
889 859
889 869
889 733
889 416
889 704
889 418
889 660
889 766
975 874
975 163
975 806
975 926
975 953
975 486
975 779
975 478
975 755
975 897
975 673
975 802
975 204
975 946
975 236
975 294
975 825
975 626
975 831
975 672
975 498
975 521
975 567
975 645
975 666
798 830
798 451
936 952
936 622
936 930
936 941
936 756
936 910
936 741
496 978
496 864
496 966
746 885
746 857
157 765
157 947
157 963
765 947
765 963
765 928
765 948
765 770
947 963
947 909
947 166
947 848
947 551
947 986
947 972
947 875
947 948
947 625
947 691
947 750
947 847
947 479
947 63
963 909
963 656
963 906
963 928
963 902
963 508
963 966
963 27
963 895
963 948
963 450
963 965
963 427
963 456
963 781
963 862
396 990
396 972
396 869
578 915
578 755
578 680
578 895
578 605
874 806
874 926
874 953
874 952
874 906
874 967
874 984
874 873
874 941
874 946
160 634
634 940
901 848
901 17
901 857
901 951
901 841
901 504
901 534
901 572
901 479
911 824
911 182
911 951
911 903
911 933
911 959
911 861
911 837
911 740
911 730
911 748
911 716
911 528
817 683
817 558
817 972
817 763
817 625
909 927
909 886
909 965
909 741
909 716
163 806
163 926
163 953
806 926
806 953
806 897
806 946
806 521
926 953
926 755
926 897
926 673
926 802
926 204
926 946
926 825
926 626
926 831
926 718
926 521
926 567
953 486
953 755
953 897
953 802
953 204
953 946
953 825
953 831
953 672
953 718
953 498
953 521
953 645
953 666
656 966
166 818
166 848
818 848
818 296
818 854
818 289
848 402
848 479
694 861
694 411
694 575
694 866
694 32
694 554
800 903
800 250
899 945
899 265
899 956
899 735
899 896
899 761
899 565
779 673
779 236
824 182
824 220
824 692
824 493
824 567
885 17
885 857
885 951
885 231
885 536
885 300
885 340
885 572
885 604
17 857
857 951
857 231
857 536
857 300
857 340
857 572
857 604
170 513
513 172
513 959
513 831
988 986
988 972
988 913
988 927
988 976
988 600
988 960
988 854
988 277
988 388
988 920
988 684
988 910
988 350
988 79
988 843
988 786
988 840
988 862
988 82
551 986
551 972
551 956
551 750
606 834
606 203
606 395
606 933
606 384
606 490
915 755
915 680
915 930
915 895
915 832
915 631
915 605
915 677
172 366
172 664
366 664
366 959
366 408
664 990
664 959
664 408
174 478
174 586
174 755
174 897
478 586
478 755
478 897
478 872
586 755
586 897
586 872
897 753
897 802
897 954
897 804
897 668
990 945
990 834
990 972
990 927
990 930
990 811
990 804
990 757
990 944
990 217
990 960
990 959
990 805
990 855
990 893
990 588
990 860
990 905
990 956
990 859
990 44
990 786
990 512
990 535
990 614
990 727
990 668
940 958
940 967
940 984
940 921
940 717
940 919
940 922
940 693
940 406
940 617
940 47
940 727
683 972
683 906
683 873
683 890
872 951
872 226
872 771
872 867
872 736
872 840
872 84
945 841
945 952
945 930
945 923
945 518
945 855
945 893
945 407
945 786
558 199
558 873
726 933
726 284
726 360
726 376
726 896
181 986
958 725
958 240
958 492
958 707
958 854
958 353
958 918
958 365
958 693
958 896
958 400
958 733
958 556
958 727
986 183
986 972
986 967
986 984
986 921
986 508
986 965
986 956
986 330
986 879
986 910
986 919
986 896
986 784
986 404
986 691
986 750
986 421
986 82
182 951
951 834
951 742
951 686
951 536
951 706
951 973
951 389
951 505
951 571
951 677
807 764
807 830
807 607
673 954
850 539
850 752
185 952
841 254
841 295
841 632
841 534
952 420
952 210
952 278
952 978
952 941
952 791
952 500
952 534
952 924
952 956
729 903
729 811
729 959
729 837
754 886
754 651
754 345
754 609
812 863
812 948
812 879
812 442
812 593
834 395
834 973
834 956
834 490
834 614
542 854
542 827
753 946
753 285
753 871
972 906
972 873
972 890
972 217
972 960
972 854
972 860
972 628
972 965
972 720
972 956
972 383
972 869
972 404
972 691
972 750
972 843
972 71
675 903
675 837
913 686
913 706
913 910
191 927
927 863
927 890
927 960
927 226
927 843
192 622
192 928
192 930
622 928
622 930
622 941
622 956
622 672
622 549
906 873
906 976
906 890
906 920
906 717
906 644
906 816
906 781
906 862
906 559
928 948
928 672
928 549
930 893
930 771
930 973
930 422
930 506
930 840
930 661
930 677
193 296
196 263
196 863
263 863
263 865
863 865
863 28
863 948
863 566
198 967
198 984
967 984
967 225
967 921
967 795
967 965
967 346
967 919
967 775
967 548
967 615
984 225
984 921
984 795
984 461
984 965
984 307
984 695
984 630
984 346
984 919
984 784
984 431
984 775
984 768
984 54
984 548
984 615
984 627
199 873
873 860
873 299
873 965
873 956
875 846
875 871
393 978
393 966
903 944
903 959
903 587
903 250
903 837
903 825
903 831
200 976
420 978
420 791
976 978
976 867
976 920
976 905
976 576
976 370
976 644
574 764
574 856
203 395
203 933
395 933
395 490
933 692
933 941
933 864
933 360
933 376
933 529
933 896
933 384
933 490
933 716
933 528
954 208
954 804
954 782
954 813
954 715
954 948
954 965
954 956
954 922
954 530
954 405
954 672
954 697
954 526
954 627
954 668
811 540
811 959
811 535
811 614
811 727
811 677
846 946
846 234
846 266
846 728
846 871
902 959
902 855
902 450
902 825
902 509
902 456
923 354
923 855
923 539
923 752
923 407
923 832
923 852
923 416
923 704
208 804
804 860
804 948
804 628
804 965
804 956
804 922
804 697
696 865
210 278
278 500
501 959
501 837
742 960
742 973
742 350
323 973
723 944
723 298
723 375
723 816
214 686
214 745
686 745
686 495
686 566
686 599
745 706
745 266
745 599
745 610
757 805
757 860
757 761
757 859
757 766
302 966
302 446
540 614
890 600
890 960
890 966
890 446
944 600
944 960
944 837
944 298
944 375
944 304
944 590
944 377
944 458
944 816
217 960
600 590
960 855
960 854
960 476
960 720
960 350
960 44
960 768
960 498
959 250
959 837
959 825
959 831
959 843
959 456
959 766
959 528
959 535
959 614
978 725
978 791
978 295
978 966
978 500
978 534
978 370
220 692
692 493
805 893
805 965
805 859
225 921
921 965
921 346
921 919
921 548
921 615
941 957
941 514
941 864
941 740
941 799
941 956
941 67
941 451
941 786
941 607
941 549
414 856
587 946
861 708
861 866
861 730
861 748
861 543
861 661
861 658
698 632
698 808
518 690
946 277
946 871
946 392
946 625
946 394
946 5
946 521
725 492
231 536
508 965
536 340
536 572
706 248
706 728
706 83
706 599
855 966
855 905
855 922
240 492
240 707
492 707
492 918
492 693
707 353
707 693
707 400
957 932
957 624
957 652
957 702
957 67
957 847
764 670
893 966
893 589
893 31
893 918
243 539
243 752
539 752
539 377
640 788
752 832
752 377
752 458
588 652
588 966
430 56
430 843
250 837
837 825
837 831
837 766
777 799
777 768
791 370
791 39
791 556
791 727
254 295
254 632
295 534
886 609
886 910
886 607
255 830
255 932
830 932
830 865
830 451
830 598
932 624
932 702
932 966
932 740
932 895
932 948
932 832
932 819
932 852
932 418
932 471
932 527
813 867
813 905
813 922
813 621
514 799
514 473
9 866
9 730
808 325
771 819
771 736
771 840
771 86
854 684
854 827
854 693
854 852
854 400
504 506
267 624
267 652
267 702
267 966
864 740
864 739
864 716
865 867
865 566
516 948
708 866
860 859
265 581
407 832
266 728
728 34
728 910
728 497
728 598
728 599
624 652
624 702
624 966
652 702
652 966
966 856
966 446
966 715
966 589
966 31
966 825
829 740
829 895
27 795
795 920
795 768
322 973
322 576
322 538
856 390
856 703
856 670
740 819
740 716
867 918
867 617
867 47
446 589
756 910
756 97
895 965
895 832
895 819
895 631
277 388
277 920
388 920
388 644
920 905
920 307
920 341
920 644
920 869
920 79
920 843
920 775
920 862
920 631
739 748
739 451
715 825
28 948
905 307
905 438
905 621
948 965
948 697
948 438
948 621
948 442
948 593
589 918
284 360
284 376
376 896
285 871
871 537
476 350
476 768
29 799
29 973
799 973
799 747
799 571
799 789
799 473
799 768
973 827
973 538
973 896
973 571
973 473
629 541
298 375
299 628
299 965
391 922
391 358
628 965
628 741
965 919
965 922
965 896
965 784
965 405
965 741
300 340
300 572
340 572
720 747
720 473
575 866
684 827
307 341
529 456
747 473
747 768
309 788
788 647
788 339
788 770
827 533
827 843
827 489
866 554
866 730
866 733
866 543
866 661
361 505
32 554
32 730
554 730
554 840
730 543
695 896
695 421
924 438
924 621
924 775
325 832
326 825
326 956
956 609
956 735
956 691
956 750
956 405
956 46
956 58
717 922
717 406
717 559
330 879
353 918
345 609
345 910
609 910
609 735
910 599
346 919
919 548
919 615
413 433
819 736
819 617
918 693
918 831
918 431
918 82
922 358
922 727
922 559
922 668
735 565
626 718
365 693
365 896
693 896
896 421
896 727
761 859
736 85
736 840
736 86
462 617
509 456
852 869
852 733
852 416
852 704
852 418
852 660
852 766
384 490
644 869
859 766
392 625
625 394
625 862
869 774
869 704
774 704
774 660
400 733
404 691
404 750
691 750
691 732
750 732
405 672
405 697
697 663
697 668
416 704
704 660
418 660
422 506
789 716
460 741
438 621
438 775
775 593
816 559
442 593
74 563
85 86
786 512
541 862
535 614
840 862
556 727
563 83
2:
178 974
178 940
974 940
3:
106 487
106 494
106 601
106 772
487 494
487 601
601 772
4:
113 332
113 942
332 942
5:
161 568
161 817
568 817
6:
12 381
12 884
12 955
381 884
884 955
7:
335 120
335 457
120 457
120 820
457 820
8:
894 900
894 655
894 781
37 900
37 746
37 655
900 655
900 543
746 655
655 543
655 781
9:
132 268
132 925
268 925
10:
769 792
769 650
769 223
769 805
138 557
138 792
557 792
557 689
557 195
557 317
792 159
792 650
792 689
792 195
792 763
792 665
792 805
792 238
792 317
159 650
159 689
650 689
650 195
650 238
689 665
689 805
689 317
195 763
223 440
223 805
440 805
238 317
11:
152 900
152 929
900 929
12:
772 790
772 936
772 879
790 154
790 669
790 798
790 936
790 738
790 879
790 645
154 669
154 798
154 936
669 798
669 936
669 738
669 879
669 645
936 879
13:
721 794
721 155
721 744
721 913
721 319
721 924
794 155
794 744
794 675
794 913
794 319
794 924
155 744
744 675
744 913
744 319
744 924
913 319
14:
991 16
991 21
16 21
15:
883 904
883 713
883 853
904 162
904 713
904 853
904 988
904 782
904 98
904 732
916 988
916 98
162 713
162 853
713 853
713 988
713 782
853 988
853 782
853 732
988 98
16:
891 487
891 167
487 167
17:
797 949
797 860
949 667
949 173
949 187
949 290
949 928
949 662
949 860
949 372
949 576
667 173
173 187
173 290
290 928
290 372
928 576
662 372
860 372
18:
826 907
826 818
826 91
826 928
826 595
826 712
826 840
826 688
907 818
907 928
907 688
818 688
91 928
928 840
928 688
595 688
712 688
840 688
19:
19 432
19 675
432 675
20:
949 209
949 696
209 696
21:
215 302
215 944
302 944
22:
850 80
850 910
230 363
230 725
230 80
363 725
363 80
363 910
80 910
23:
233 428
233 738
428 738
24:
758 917
758 321
821 828
821 579
917 820
917 961
917 813
917 854
917 711
917 321
917 647
876 731
876 710
876 828
820 961
961 731
961 710
961 828
961 241
961 643
961 957
961 813
961 854
961 711
961 321
961 441
961 579
731 710
731 828
731 957
731 258
731 808
731 441
731 579
710 828
710 875
710 957
710 774
710 441
710 579
828 875
828 957
828 808
828 774
828 441
828 579
875 579
241 45
241 643
241 957
45 957
643 957
957 711
957 441
957 579
258 808
321 647
441 579
25:
894 245
894 33
245 33
26:
696 253
696 3
253 3
27:
798 53
798 816
440 53
440 816
53 816
28:
937 802
937 76
802 76
29:
876 364
876 976
876 439
364 976
976 439
30:
909 378
909 368
909 703
378 368
368 703
31:
620 779
620 303
620 684
779 303
303 684
32:
937 249
937 385
937 547
937 320
818 385
818 320
875 249
875 385
875 547
249 385
249 547
385 547
385 320
547 320
33:
763 262
763 864
763 924
262 864
864 924
34:
264 516
264 708
516 708
35:
612 699
612 279
912 699
912 637
912 279
912 511
699 637
699 522
699 279
699 511
522 279
36:
836 800
836 785
938 838
938 568
938 785
838 900
838 568
838 800
838 785
838 720
838 333
900 785
900 333
800 785
785 720
37:
839 399
839 355
839 774
667 976
667 355
976 399
976 355
399 355
399 774
38:
971 293
971 711
293 711
39:
992 401
992 735
401 735
40:
991 913
991 978
913 978
913 544
913 550
913 773
978 544
978 550
978 918
978 773
544 550
544 918
544 773
550 918
550 773
918 773
41:
925 802
925 459
802 459
42:
484 581
484 879
581 879
43:
465 958
465 774
958 774
44:
836 483
836 807
483 807
45:
958 507
958 531
507 531
46:
928 517
928 924
517 924
47:
887 900
887 485
900 485
48:
950 942
950 659
950 603
950 639
950 709
942 639
659 639
603 639
639 709
49:
939 603
939 695
603 695
50:
616 973
616 709
973 709
51:
570 816
570 768
816 768
52:
949 671
949 665
671 665
53:
839 833
839 636
833 636
54:
969 630
969 774
630 774
55:
949 718
949 658
718 658
56:
914 895
914 666
895 666
57:
705 767
705 781
767 781
58:
987 876
987 829
876 738
876 829
738 829
59:
803 763
803 860
763 860
60:
778 820
778 918
778 761
820 761
918 761
61:
891 961
891 973
961 973
