# The communities at k=3
# from G:\Dropbox\Raghda\CNA\Final Project\other methods\CFinder-2.0.6--1448\G:\Dropbox\Raghda\CNA\Final Project\Datasets\binary_networks\LFR4\network_LFR4_Om5.dat
# at no lower link weight threshold,
# and at no upper link weight threshold.
# Links were treated as undirected.
# No time limit was set for the clique search.

0: 803 562 276 540 657 777 597 
1: 758 870 337 674 776 821 778 980 994 1000 121 128 197 237 271 273 312 313 359 524 591 6 638 641 649 654 679 719 734 769 815 822 823 835 877 878 883 887 891 912 943 950 982 989 101 868 881 892 985 102 646 546 751 858 894 844 888 783 797 995 494 772 107 425 687 7 787 380 934 987 809 908 949 246 721 803 110 386 705 814 175 876 993 112 552 569 793 983 942 931 991 996 115 737 849 997 964 635 970 118 618 722 767 836 94 974 381 724 884 955 820 882 122 202 564 968 998 659 880 992 124 583 907 935 125 642 759 448 938 969 810 916 749 678 130 611 700 701 131 898 962 981 585 681 925 743 796 135 311 602 977 136 573 851 937 939 653 477 760 839 14 780 801 403 620 714 623 648 833 842 52 582 671 979 145 468 592 613 147 561 682 845 596 608 685 503 914 999 336 469 667 762 961 151 270 636 900 929 971 889 975 798 936 496 746 157 765 947 963 396 578 502 874 160 634 901 911 817 909 163 806 926 953 656 165 166 818 848 694 486 800 899 779 824 885 17 857 170 513 988 551 606 915 172 366 664 174 478 586 755 897 990 680 940 683 872 945 558 726 181 958 986 182 951 183 807 184 673 850 185 841 952 729 754 812 834 542 753 972 675 190 913 191 927 192 622 906 928 930 193 296 763 196 263 863 198 967 984 199 873 875 802 393 903 200 420 976 574 203 395 933 204 954 811 846 902 923 208 804 696 782 210 278 501 742 323 213 723 214 686 745 757 302 540 890 944 217 600 960 354 959 978 220 692 805 225 921 226 676 941 414 587 861 698 518 946 725 231 508 536 234 236 706 855 240 492 707 957 764 893 243 539 640 752 244 463 588 430 248 25 250 837 251 777 791 254 295 632 886 255 830 932 813 514 651 9 808 771 854 504 267 402 864 865 411 516 708 860 265 407 581 266 728 624 652 702 966 829 27 795 322 856 740 867 446 756 895 277 388 920 500 739 715 28 905 948 589 461 284 360 376 285 871 476 289 29 799 973 294 450 534 629 298 375 299 391 628 965 331 300 340 572 720 575 684 304 305 576 307 341 447 529 747 309 788 31 827 866 361 315 32 554 730 390 647 538 695 630 924 325 590 832 326 825 956 717 330 879 389 353 339 34 345 609 910 346 919 347 350 413 819 918 97 533 922 358 735 505 626 365 693 896 408 831 703 761 370 736 374 462 377 509 595 565 784 458 383 852 384 490 387 537 644 859 39 530 392 625 394 571 67 869 433 774 400 733 497 56 404 691 750 405 672 697 406 79 427 415 748 416 704 418 660 421 422 506 789 43 843 431 460 718 438 621 775 44 816 442 593 510 543 451 74 85 456 46 741 617 489 781 47 471 716 473 474 847 768 479 786 49 491 493 495 498 766 5 541 51 512 555 690 521 712 526 604 527 528 535 614 607 54 840 862 553 548 549 732 631 556 727 559 563 83 661 566 770 567 605 58 71 598 599 610 615 627 63 645 670 658 663 666 668 677 86 84 82 
2: 178 974 940 
3: 106 487 494 601 772 
4: 113 332 942 
5: 161 568 817 
6: 12 381 884 955 
7: 335 120 457 820 
8: 894 37 900 746 655 543 781 
9: 132 268 925 
10: 769 138 557 792 159 650 689 195 763 665 223 440 805 238 317 
11: 152 900 929 
12: 772 790 154 669 798 936 738 879 645 
13: 721 794 155 744 675 913 319 924 
14: 991 16 21 
15: 883 904 916 162 713 853 988 782 98 732 
16: 891 487 167 
17: 797 949 667 173 187 290 928 662 860 372 576 
18: 826 907 818 91 928 595 712 840 688 
19: 19 432 675 
20: 949 209 696 
21: 215 302 944 
22: 850 230 363 725 80 910 
23: 233 428 738 
24: 758 821 917 876 820 961 731 710 828 875 241 45 643 957 813 258 808 854 711 321 647 774 441 579 
25: 894 245 33 
26: 696 253 3 
27: 798 440 53 816 
28: 937 802 76 
29: 876 364 976 439 
30: 909 378 368 703 
31: 620 779 303 684 
32: 937 818 875 249 385 547 320 
33: 763 262 864 924 
34: 264 516 708 
35: 612 912 699 637 522 279 511 
36: 836 938 838 900 568 800 785 720 333 
37: 839 667 976 399 355 774 
38: 971 293 711 
39: 992 401 735 
40: 991 913 978 544 550 918 773 
41: 925 802 459 
42: 484 581 879 
43: 465 958 774 
44: 836 483 807 
45: 958 507 531 
46: 928 517 924 
47: 887 900 485 
48: 950 942 659 603 639 709 
49: 939 603 695 
50: 616 973 709 
51: 570 816 768 
52: 949 671 665 
53: 839 833 636 
54: 969 630 774 
55: 949 718 658 
56: 914 895 666 
57: 705 767 781 
58: 987 876 738 829 
59: 803 763 860 
60: 778 820 918 761 
61: 891 961 973 
