# The graph of at k=3
# from G:\Dropbox\Raghda\CNA\Final Project\other methods\CFinder-2.0.6--1448\G:\Dropbox\Raghda\CNA\Final Project\Datasets\binary_networks\LFR4\network_LFR4_Om5.dat
# at no lower link weight threshold,
# and at no upper link weight threshold.
# Links were treated as undirected.
# No time limit was set for the clique search.

0 1 3
0 59 1
1 2 2
1 3 2
1 4 1
1 5 1
1 6 3
1 7 1
1 8 5
1 9 1
1 10 3
1 11 2
1 12 5
1 13 4
1 14 1
1 15 5
1 16 1
1 17 6
1 18 6
1 19 1
1 20 2
1 21 2
1 22 3
1 24 12
1 25 1
1 26 1
1 27 2
1 28 2
1 29 2
1 30 2
1 31 3
1 32 3
1 33 3
1 34 2
1 35 1
1 36 5
1 37 4
1 38 1
1 39 2
1 40 4
1 41 2
1 42 2
1 43 2
1 44 2
1 45 1
1 46 2
1 47 2
1 48 3
1 49 2
1 50 1
1 51 2
1 52 2
1 53 3
1 54 3
1 55 3
1 56 3
1 57 3
1 58 3
1 59 3
1 60 4
1 61 3
3 12 1
3 16 1
4 48 1
5 36 1
7 24 1
7 60 1
8 11 1
8 25 1
8 36 1
8 47 1
8 57 1
9 41 1
10 27 1
10 33 1
10 52 1
10 59 1
11 36 1
11 47 1
12 23 1
12 27 1
12 42 1
12 58 1
13 19 1
13 33 1
13 40 1
13 46 1
14 40 1
16 61 1
17 18 1
17 20 1
17 37 1
17 46 1
17 52 1
17 55 1
17 59 1
18 32 1
18 46 1
20 26 1
20 52 1
20 55 1
23 58 1
24 29 1
24 32 1
24 37 1
24 38 1
24 43 1
24 54 1
24 58 1
24 60 1
24 61 1
27 51 1
28 32 1
28 41 1
29 37 1
29 58 1
33 46 1
33 59 1
36 44 1
36 47 1
37 43 1
37 53 1
37 54 1
40 60 1
43 45 1
43 54 1
48 49 1
48 50 1
50 61 1
52 55 1
