# The cliques from G:\Dropbox\Raghda\CNA\Final Project\other methods\CFinder-2.0.6--1448\G:\Dropbox\Raghda\CNA\Final Project\Datasets\binary_networks\LFR2\networ_LFR2_Om5.dat
# at no lower link weight threshold,
# and at no upper link weight threshold.
# Links were treated as undirected.
# No time limit was set for the clique search.

0: 1 909 938 
1: 65 661 994 831 
2: 10 452 636 
3: 10 49 636 
4: 100 837 949 
5: 1000 116 995 
6: 909 101 615 887 
7: 982 102 611 
8: 982 102 891 
9: 103 767 808 
10: 104 904 942 
11: 104 942 962 
12: 909 105 893 913 
13: 35 941 889 
14: 107 944 957 977 
15: 81 992 988 
16: 108 856 886 894 
17: 109 654 703 
18: 109 654 826 
19: 11 661 994 
20: 56 569 831 
21: 110 623 780 784 
22: 904 111 707 
23: 962 111 707 
24: 997 164 981 996 
25: 994 112 914 
26: 112 832 914 
27: 113 874 878 
28: 923 883 57 993 
29: 957 977 114 975 
30: 980 989 995 115 
31: 118 932 961 
32: 960 980 995 12 
33: 995 891 12 
34: 120 414 558 
35: 923 883 47 
36: 976 122 945 971 
37: 855 123 806 866 
38: 999 124 908 955 
39: 884 125 169 
40: 884 125 642 
41: 884 125 730 
42: 884 962 169 
43: 997 126 981 996 
44: 623 780 784 127 
45: 128 406 708 
46: 129 694 792 
47: 884 962 13 
48: 962 13 375 
49: 982 130 905 984 
50: 869 131 522 
51: 635 131 522 
52: 801 133 681 852 
53: 874 878 134 901 
54: 847 135 444 
55: 847 135 614 
56: 136 816 897 991 
57: 138 599 850 
58: 949 58 915 835 
59: 516 139 900 
60: 139 900 970 
61: 962 642 14 
62: 962 14 683 
63: 949 141 807 915 
64: 142 811 941 985 
65: 143 761 797 952 
66: 990 144 729 791 
67: 976 945 971 145 
68: 734 147 828 857 
69: 823 148 959 
70: 148 910 959 
71: 149 267 517 
72: 149 349 517 
73: 869 900 15 
74: 900 15 757 
75: 150 589 979 
76: 150 920 979 
77: 962 151 572 
78: 153 240 967 988 
79: 635 154 398 
80: 985 817 155 889 
81: 867 952 156 
82: 867 156 974 
83: 157 790 842 890 
84: 826 158 549 
85: 826 158 676 
86: 997 981 996 198 
87: 955 16 912 936 
88: 992 988 926 160 
89: 907 161 506 
90: 823 959 162 
91: 163 896 899 
92: 780 784 165 
93: 894 166 93 
94: 886 894 93 
95: 961 965 167 940 
96: 990 729 791 17 
97: 920 979 170 969 
98: 855 806 866 171 
99: 585 900 173 
100: 973 78 986 
101: 78 986 943 
102: 837 949 915 175 
103: 830 77 745 
104: 891 77 745 
105: 920 969 176 
106: 920 176 931 
107: 992 967 988 177 
108: 948 968 178 
109: 832 914 974 179 
110: 992 967 988 18 
111: 180 726 892 956 
112: 850 181 189 
113: 998 182 983 987 
114: 183 40 752 
115: 850 40 752 
116: 184 873 877 
117: 703 708 185 
118: 708 185 499 
119: 992 967 988 186 
120: 994 850 187 
121: 850 187 63 
122: 850 752 63 
123: 959 188 29 
124: 959 188 778 
125: 910 959 29 
126: 985 64 925 
127: 990 873 877 192 
128: 994 914 193 
129: 994 193 252 
130: 961 965 950 194 
131: 863 195 560 712 
132: 720 196 431 686 
133: 661 994 831 197 
134: 997 981 996 199 
135: 957 977 975 20 
136: 999 955 936 200 
137: 884 962 730 201 
138: 946 859 203 464 
139: 992 967 204 762 
140: 992 926 206 
141: 826 406 207 
142: 826 207 25 
143: 873 877 208 737 
144: 896 892 956 209 
145: 998 958 983 21 
146: 857 210 511 
147: 966 211 578 934 
148: 999 955 936 212 
149: 863 712 213 
150: 863 568 213 
151: 897 991 214 
152: 979 969 216 
153: 979 931 216 
154: 873 877 737 217 
155: 989 957 218 
156: 957 977 975 218 
157: 999 955 936 219 
158: 897 968 22 
159: 948 968 22 928 
160: 220 510 542 
161: 890 222 841 
162: 964 989 995 223 
163: 907 973 224 
164: 907 224 566 
165: 948 968 928 225 
166: 545 682 226 786 
167: 909 227 695 
168: 883 228 774 
169: 761 952 229 595 
170: 781 863 23 
171: 863 974 23 
172: 671 230 512 
173: 816 897 231 
174: 720 686 232 299 
175: 999 936 233 924 
176: 965 940 950 234 
177: 900 757 235 95 
178: 900 896 95 
179: 920 979 931 236 
180: 911 998 987 237 
181: 819 238 754 
182: 992 967 24 
183: 998 24 651 
184: 948 968 26 
185: 816 897 27 646 
186: 894 710 28 
187: 978 45 845 
188: 979 969 728 79 
189: 295 659 99 
190: 869 914 3 
191: 832 914 3 
192: 976 971 930 30 
193: 863 974 31 
194: 863 560 31 
195: 979 87 670 
196: 899 892 956 32 
197: 915 835 33 666 
198: 921 882 918 34 
199: 921 882 918 46 
200: 827 879 73 
201: 961 965 950 36 
202: 986 943 37 
203: 867 371 4 
204: 900 757 54 
205: 900 379 54 
206: 787 842 38 
207: 952 380 44 
208: 952 44 634 
209: 939 987 67 
210: 816 897 39 
211: 856 894 596 7 
212: 990 676 80 
213: 949 807 803 41 
214: 921 918 89 669 
215: 894 710 42 
216: 887 913 43 
217: 893 913 43 
218: 960 980 989 50 
219: 792 556 60 
220: 792 456 60 
221: 921 882 918 97 
222: 952 724 92 
223: 952 473 92 
224: 574 477 84 
225: 478 551 5 
226: 524 551 5 
227: 998 958 987 48 
228: 867 952 70 
229: 797 952 70 
230: 693 625 91 
231: 999 908 51 
232: 992 988 926 52 
233: 743 890 872 53 
234: 883 774 82 
235: 883 534 82 
236: 997 981 996 55 
237: 819 754 709 59 
238: 932 961 965 6 
239: 932 793 6 
240: 976 971 917 90 
241: 998 983 929 68 
242: 941 985 9 
243: 941 619 9 
244: 873 877 643 62 
245: 992 967 74 
246: 801 681 852 71 
247: 874 878 901 8 
248: 966 937 916 76 
249: 986 943 796 94 
250: 856 894 83 
251: 999 908 936 86 
252: 998 958 987 96 
253: 988 987 96 
254: 304 887 695 
255: 215 976 931 
256: 1000 263 960 980 989 
257: 1000 263 997 
258: 1000 269 953 964 995 
259: 271 966 937 934 898 
260: 1000 275 980 989 995 
261: 1000 301 964 980 
262: 1000 308 989 995 
263: 282 897 598 731 
264: 257 546 873 877 
265: 860 319 959 836 
266: 319 959 793 
267: 962 375 683 
268: 992 312 967 988 926 
269: 449 262 388 
270: 994 140 879 
271: 946 859 374 587 
272: 946 374 369 
273: 267 517 581 
274: 349 517 440 
275: 349 440 903 
276: 808 935 342 986 
277: 342 986 810 
278: 992 240 967 988 
279: 168 720 958 
280: 599 850 382 
281: 850 382 752 
282: 948 968 336 928 
283: 792 389 433 
284: 792 389 555 
285: 449 353 365 
286: 879 339 768 497 
287: 339 768 691 
288: 360 786 574 
289: 999 908 955 367 
290: 449 365 388 
291: 999 908 864 309 924 
292: 720 431 686 299 
293: 992 967 988 239 
294: 976 945 971 305 906 
295: 879 241 359 
296: 879 241 532 768 
297: 879 359 679 
298: 986 359 679 
299: 855 806 866 242 
300: 838 243 602 644 
301: 914 244 250 
302: 914 244 742 
303: 832 914 250 
304: 966 934 245 868 
305: 245 395 868 
306: 909 887 246 
307: 909 893 246 390 
308: 893 662 390 
309: 879 768 247 497 
310: 768 247 358 
311: 532 768 358 
312: 874 878 901 248 759 
313: 997 981 996 249 
314: 909 913 695 251 
315: 952 595 259 
316: 952 259 439 
317: 994 854 253 
318: 854 253 501 
319: 997 981 996 254 
320: 946 613 255 297 
321: 946 255 643 
322: 946 859 613 297 
323: 948 968 895 928 256 
324: 946 859 258 587 
325: 910 959 260 639 836 
326: 945 971 261 917 
327: 994 979 264 753 
328: 979 969 264 753 
329: 886 894 265 
330: 894 710 265 
331: 819 754 266 697 709 
332: 942 946 268 
333: 946 859 268 
334: 884 904 272 
335: 884 962 683 272 
336: 978 274 541 
337: 978 274 565 
338: 978 274 951 
339: 747 276 673 
340: 489 276 673 
341: 920 979 969 277 
342: 979 974 277 
343: 787 890 278 
344: 790 890 278 
345: 856 886 279 
346: 856 279 419 
347: 718 943 355 
348: 935 943 355 
349: 992 967 988 926 280 
350: 982 922 281 844 
351: 944 957 977 372 
352: 787 841 284 
353: 985 286 870 
354: 286 870 972 
355: 590 838 288 472 
356: 944 957 977 975 289 
357: 982 984 972 290 
358: 823 860 959 291 
359: 992 967 988 292 
360: 978 293 340 
361: 978 951 340 
362: 992 974 340 
363: 896 899 956 652 294 
364: 982 984 972 296 
365: 982 296 660 
366: 905 984 840 298 
367: 984 298 564 
368: 921 302 721 882 918 
369: 969 303 627 
370: 966 934 898 868 306 
371: 856 886 307 
372: 856 710 307 
373: 801 852 310 485 
374: 801 852 310 567 
375: 969 311 621 
376: 931 311 621 
377: 999 908 955 936 313 
378: 921 882 918 314 809 
379: 896 892 956 315 
380: 956 315 424 
381: 949 915 316 835 
382: 516 900 317 
383: 900 970 317 
384: 999 908 955 912 320 
385: 873 321 789 
386: 899 892 956 322 
387: 920 969 324 
388: 920 931 324 
389: 998 983 987 325 
390: 874 878 901 326 
391: 719 327 704 
392: 966 933 327 
393: 933 327 704 
394: 957 977 975 328 
395: 932 961 965 950 330 
396: 904 331 696 
397: 962 683 331 
398: 962 331 696 
399: 966 934 916 332 711 
400: 910 959 836 333 732 
401: 635 522 334 
402: 832 914 974 742 335 
403: 887 913 337 
404: 893 913 337 
405: 654 703 338 
406: 654 826 338 
407: 414 558 344 
408: 939 958 983 345 
409: 545 682 786 346 
410: 682 346 624 
411: 700 348 750 
412: 767 858 350 
413: 943 858 350 
414: 858 350 733 
415: 991 948 351 
416: 920 777 351 
417: 920 925 351 
418: 964 980 989 995 352 
419: 847 704 354 
420: 847 354 376 
421: 847 376 648 
422: 946 859 356 
423: 946 843 356 
424: 999 955 912 357 
425: 681 852 361 573 
426: 852 567 361 
427: 976 971 930 362 
428: 971 972 362 
429: 976 971 930 917 363 
430: 941 985 889 364 
431: 941 985 364 751 
432: 734 828 857 366 706 
433: 973 368 820 
434: 942 984 369 
435: 942 946 369 
436: 941 817 370 
437: 867 952 371 
438: 877 737 373 454 
439: 693 625 377 755 
440: 957 977 975 378 
441: 938 900 379 
442: 952 380 552 
443: 999 908 955 924 381 
444: 874 878 901 384 
445: 749 527 385 543 601 
446: 932 961 950 386 
447: 899 892 956 387 
448: 935 775 392 
449: 935 986 858 392 
450: 874 878 901 759 417 
451: 990 729 791 604 
452: 990 845 604 
453: 452 636 748 
454: 452 748 513 
455: 478 551 476 
456: 478 476 526 
457: 1000 399 960 989 995 
458: 421 874 878 901 759 
459: 400 948 968 895 928 
460: 403 986 796 
461: 403 986 820 
462: 434 948 968 895 928 
463: 414 558 512 
464: 826 406 708 
465: 998 463 983 987 929 
466: 901 137 907 
467: 635 522 398 
468: 816 897 482 492 
469: 816 897 482 598 731 
470: 974 790 461 
471: 808 422 986 
472: 422 986 943 820 
473: 946 859 613 464 
474: 896 899 892 956 465 
475: 944 957 977 975 484 
476: 966 937 430 916 
477: 867 952 439 
478: 867 974 439 
479: 747 991 273 
480: 569 831 273 
481: 749 527 538 543 601 
482: 856 894 419 779 
483: 590 838 602 472 
484: 863 712 466 653 
485: 863 568 466 653 
486: 920 979 969 441 
487: 920 979 931 441 
488: 988 987 300 
489: 884 904 407 696 
490: 884 962 407 696 
491: 801 852 485 573 
492: 956 424 716 664 
493: 999 955 912 936 488 
494: 982 905 984 972 435 
495: 819 754 697 709 429 
496: 834 440 903 
497: 982 671 418 
498: 991 951 788 427 
499: 951 673 788 427 
500: 673 788 427 495 
501: 873 877 737 454 
502: 856 886 779 437 575 
503: 921 882 918 809 474 
504: 694 792 433 556 
505: 992 967 988 926 455 
506: 819 754 697 709 514 
507: 848 986 413 
508: 986 943 413 
509: 808 935 986 396 
510: 935 986 858 396 
511: 860 910 959 778 732 397 
512: 874 878 901 425 
513: 904 942 401 
514: 942 962 401 
515: 962 683 401 
516: 982 991 402 
517: 837 949 807 405 803 
518: 998 983 987 408 929 
519: 709 408 929 
520: 982 984 972 409 772 
521: 985 817 410 795 
522: 985 529 410 
523: 978 785 690 411 
524: 978 541 411 
525: 650 412 528 748 
526: 650 412 530 748 
527: 966 937 934 916 467 
528: 998 939 958 983 987 416 
529: 997 981 996 919 420 804 
530: 921 721 882 918 809 423 
531: 997 981 996 927 919 426 
532: 992 967 988 926 428 760 
533: 867 952 473 
534: 952 552 473 
535: 855 806 866 432 771 
536: 978 854 436 
537: 978 871 436 
538: 982 891 922 772 438 
539: 911 998 983 987 442 888 
540: 987 871 442 
541: 992 967 988 926 760 443 
542: 805 986 445 
543: 986 858 733 445 
544: 874 878 901 759 447 550 
545: 823 860 959 448 
546: 860 910 959 448 
547: 961 940 950 450 822 
548: 997 981 996 927 451 684 
549: 997 981 996 919 453 
550: 694 792 555 456 
551: 985 889 458 498 
552: 985 925 458 
553: 976 945 971 906 459 
554: 944 957 977 975 462 
555: 853 944 957 977 975 468 
556: 884 904 730 469 
557: 884 904 696 469 
558: 884 962 730 469 
559: 884 962 696 469 
560: 992 967 988 926 470 
561: 978 785 871 471 
562: 978 471 505 
563: 545 786 477 
564: 786 574 477 
565: 855 806 866 970 771 479 
566: 979 969 728 480 
567: 979 969 685 480 
568: 905 984 972 483 725 
569: 941 985 889 486 
570: 941 985 751 486 
571: 623 780 784 951 561 
572: 1000 536 964 980 989 995 
573: 1000 547 982 
574: 1000 557 964 980 989 995 
575: 909 887 913 531 
576: 909 893 913 531 
577: 893 913 531 662 
578: 516 900 776 
579: 516 900 507 
580: 949 522 987 
581: 997 981 996 496 677 927 
582: 990 546 873 877 
583: 546 873 877 643 
584: 990 826 549 
585: 990 549 499 
586: 907 506 566 715 
587: 907 506 566 570 
588: 900 970 507 
589: 900 757 507 
590: 990 676 499 
591: 708 676 499 
592: 994 518 533 
593: 994 518 537 
594: 752 518 533 
595: 863 560 568 
596: 894 511 951 
597: 828 857 511 706 579 
598: 857 511 951 
599: 776 510 659 
600: 510 542 659 
601: 941 985 529 
602: 985 741 529 
603: 985 529 678 
604: 816 897 991 492 
605: 816 897 492 646 
606: 991 492 591 
607: 489 673 788 
608: 489 788 622 
609: 879 768 497 925 
610: 998 939 958 987 502 881 
611: 896 899 892 956 563 716 
612: 978 769 854 501 744 
613: 978 854 541 
614: 978 871 541 
615: 957 871 541 
616: 984 844 972 564 
617: 984 870 972 564 
618: 614 925 535 
619: 614 704 535 
620: 920 925 535 
621: 994 599 850 533 
622: 850 752 533 
623: 853 944 957 977 975 494 
624: 761 952 595 552 
625: 967 926 552 
626: 694 792 555 556 
627: 743 842 890 841 521 
628: 842 890 663 521 
629: 636 528 748 
630: 636 530 748 
631: 650 530 748 513 
632: 633 788 495 
633: 941 985 446 
634: 874 905 550 
635: 797 952 724 562 
636: 797 974 562 
637: 797 724 577 562 
638: 861 650 513 
639: 941 985 889 795 498 
640: 921 721 882 918 809 520 
641: 978 854 632 845 505 
642: 978 997 475 
643: 949 807 915 825 835 490 
644: 837 949 915 825 803 491 
645: 855 803 491 
646: 654 826 493 
647: 826 755 493 
648: 949 807 915 825 803 500 
649: 921 882 918 809 503 669 
650: 754 918 503 
651: 942 946 504 
652: 946 859 613 504 
653: 946 859 587 504 
654: 997 981 996 927 919 508 
655: 992 967 988 926 515 713 
656: 967 812 515 
657: 994 851 537 
658: 994 850 537 
659: 806 537 657 
660: 850 537 657 
661: 923 883 774 746 519 
662: 923 883 608 519 
663: 997 981 996 927 523 
664: 896 899 892 956 716 525 
665: 923 883 608 534 
666: 923 735 534 
667: 734 828 857 706 540 
668: 828 857 618 540 
669: 994 914 544 
670: 832 914 974 742 544 
671: 999 908 955 864 924 548 
672: 979 969 777 553 
673: 979 969 627 705 553 
674: 998 958 983 987 929 554 
675: 909 615 887 913 
676: 909 615 893 913 
677: 834 615 887 
678: 834 615 893 
679: 830 982 611 905 984 972 
680: 585 869 900 
681: 585 900 970 
682: 585 900 757 
683: 590 838 602 644 
684: 847 614 925 
685: 847 614 704 
686: 589 979 969 728 
687: 589 979 969 617 
688: 589 969 571 
689: 962 707 642 572 
690: 962 707 730 572 
691: 661 994 569 831 
692: 856 886 894 596 779 575 
693: 932 961 965 940 950 583 
694: 969 571 685 
695: 998 939 983 987 606 881 
696: 968 983 606 
697: 966 578 934 898 736 916 
698: 960 964 980 989 995 612 
699: 907 566 715 668 
700: 907 566 570 668 
701: 867 761 952 595 
702: 935 603 733 
703: 946 935 587 
704: 946 587 793 
705: 834 581 903 
706: 978 565 870 
707: 978 565 845 
708: 978 565 802 
709: 816 897 646 598 731 
710: 909 887 913 600 
711: 909 893 913 600 
712: 920 979 969 753 610 
713: 920 979 931 753 610 
714: 979 969 728 753 610 
715: 979 931 728 753 610 
716: 801 852 567 584 
717: 849 954 567 
718: 867 724 577 
719: 867 577 634 
720: 797 577 634 
721: 682 786 574 
722: 997 981 996 927 919 616 783 
723: 957 981 616 
724: 801 681 852 573 584 
725: 801 974 573 
726: 974 742 573 
727: 811 941 985 605 582 
728: 999 908 955 912 924 588 
729: 923 883 993 608 
730: 923 993 608 609 
731: 991 966 937 916 591 
732: 966 937 934 916 689 591 
733: 861 907 963 570 
734: 907 963 570 668 
735: 734 828 857 706 579 
736: 932 965 950 818 576 815 
737: 950 933 576 
738: 941 985 817 582 
739: 941 985 751 582 
740: 941 988 582 
741: 842 890 592 
742: 999 798 864 912 936 924 593 
743: 923 993 746 609 620 
744: 923 774 746 609 620 
745: 633 994 831 
746: 1000 655 960 964 980 989 995 
747: 656 921 882 
748: 654 826 676 
749: 623 780 784 843 
750: 635 993 929 
751: 884 904 707 642 
752: 884 962 707 642 
753: 992 658 967 988 926 760 713 
754: 823 860 959 626 778 
755: 860 910 959 626 778 
756: 851 910 959 626 
757: 893 913 662 933 
758: 923 883 631 
759: 921 631 918 
760: 861 650 750 
761: 978 871 632 845 
762: 978 632 951 
763: 911 998 939 983 987 651 881 
764: 914 971 644 
765: 838 644 793 
766: 838 644 674 
767: 948 968 895 928 629 875 865 
768: 946 763 643 
769: 873 877 737 643 
770: 860 910 959 639 836 732 
771: 910 959 697 
772: 976 945 971 930 917 630 906 885 
773: 896 899 726 892 956 652 
774: 986 943 618 
775: 827 973 659 
776: 830 982 905 660 
777: 982 891 905 660 
778: 982 905 844 660 
779: 979 931 627 705 
780: 994 979 621 
781: 979 969 621 
782: 979 931 621 
783: 979 917 621 
784: 969 810 621 
785: 938 693 625 755 
786: 973 693 625 755 
787: 801 852 638 
788: 847 719 704 648 
789: 847 648 722 
790: 933 704 648 
791: 951 628 668 
792: 755 963 628 
793: 963 628 668 
794: 964 932 647 
795: 964 859 647 
796: 932 961 965 940 818 647 822 
797: 897 968 645 
798: 867 952 634 
799: 797 952 634 
800: 980 941 817 619 
801: 811 941 619 
802: 938 747 622 
803: 747 991 788 622 
804: 834 974 712 653 
805: 863 974 712 653 
806: 999 798 955 864 912 936 924 649 
807: 878 901 657 
808: 979 969 777 617 
809: 979 969 705 617 
810: 979 931 705 617 
811: 740 943 640 
812: 718 943 640 
813: 943 858 640 
814: 923 883 993 746 620 
815: 923 883 774 746 620 
816: 911 998 958 983 987 929 637 
817: 976 945 971 930 917 906 641 
818: 930 968 641 
819: 665 957 977 
820: 665 940 950 
821: 949 680 857 
822: 680 828 857 
823: 1000 692 953 960 964 980 989 995 
824: 923 883 687 
825: 997 981 996 672 927 919 764 
826: 997 981 996 672 927 684 
827: 996 672 727 
828: 990 826 676 
829: 826 708 676 
830: 948 968 698 895 928 794 875 865 
831: 997 981 996 677 927 919 804 
832: 886 981 677 
833: 909 887 913 695 
834: 909 893 913 695 
835: 978 942 690 
836: 978 785 871 690 750 
837: 978 854 690 
838: 826 693 755 
839: 862 693 755 
840: 747 673 788 
841: 842 890 872 663 770 
842: 872 810 663 
843: 811 985 691 
844: 942 966 679 
845: 986 679 820 
846: 837 949 915 825 835 666 803 
847: 962 848 696 
848: 979 969 777 670 
849: 979 969 753 670 
850: 979 969 670 705 
851: 979 931 753 670 
852: 979 931 670 705 
853: 896 899 726 892 956 664 
854: 896 899 892 956 716 664 
855: 942 966 898 916 689 
856: 966 937 934 898 916 689 
857: 997 981 996 993 927 684 
858: 997 981 996 927 756 684 
859: 948 968 895 928 794 688 875 865 
860: 920 979 969 777 685 
861: 921 721 882 918 809 669 
862: 734 857 678 
863: 989 959 678 
864: 940 950 674 
865: 907 973 951 715 668 
866: 907 715 963 668 
867: 787 890 872 841 770 675 
868: 984 841 675 
869: 743 890 872 841 770 675 
870: 974 872 841 675 
871: 853 944 957 977 975 824 814 667 
872: 944 965 667 
873: 975 820 667 
874: 1000 723 953 954 960 964 980 989 995 
875: 723 989 862 
876: 699 740 935 943 
877: 699 935 943 858 796 
878: 699 993 943 796 
879: 884 904 707 730 
880: 884 904 707 951 
881: 884 962 707 730 
882: 884 962 707 951 
883: 891 708 905 
884: 847 719 925 
885: 856 894 710 779 
886: 879 718 933 
887: 718 993 986 943 796 
888: 718 943 933 
889: 896 899 726 956 933 
890: 911 998 939 958 983 987 701 929 888 
891: 867 761 952 724 
892: 761 797 952 724 
893: 978 942 700 845 
894: 978 785 700 750 
895: 978 854 700 845 
896: 816 897 991 731 
897: 856 934 711 
898: 966 934 898 868 916 711 
899: 934 711 903 
900: 860 910 959 778 836 732 
901: 999 798 908 955 864 912 936 924 714 
902: 798 889 714 
903: 920 979 969 705 
904: 920 979 931 705 
905: 948 968 983 717 
906: 948 968 895 928 794 717 875 865 
907: 909 943 722 
908: 976 971 722 
909: 982 905 984 844 972 725 
910: 982 905 984 972 725 745 
911: 982 993 844 972 725 
912: 992 967 988 926 762 760 713 
913: 976 945 971 930 880 917 906 885 727 
914: 996 917 727 
915: 976 945 971 930 880 917 906 885 702 
916: 1000 739 947 953 954 960 964 980 989 995 
917: 853 800 944 957 977 975 766 824 814 
918: 1000 800 954 
919: 949 735 915 
920: 992 735 915 
921: 992 735 762 
922: 938 747 985 
923: 938 747 963 
924: 781 747 788 
925: 747 991 963 
926: 743 842 890 872 841 770 
927: 767 740 986 
928: 740 935 986 943 
929: 740 935 986 733 
930: 740 935 943 933 
931: 955 776 924 
932: 811 985 889 741 
933: 985 741 763 
934: 985 741 789 
935: 985 741 751 
936: 990 883 737 
937: 990 873 877 737 
938: 932 737 815 
939: 832 914 862 742 
940: 832 914 742 925 
941: 935 742 820 
942: 994 879 753 
943: 994 920 979 753 
944: 991 966 937 898 736 916 
945: 966 937 934 898 868 736 916 
946: 978 769 994 854 744 
947: 978 769 785 744 
948: 978 997 744 
949: 978 854 845 744 
950: 978 994 750 
951: 978 870 750 
952: 889 870 750 
953: 851 986 733 
954: 935 986 858 733 820 
955: 923 883 862 746 
956: 938 985 751 
957: 995 985 751 
958: 941 985 751 795 
959: 938 755 963 
960: 932 961 965 940 950 818 812 738 815 
961: 903 738 815 
962: 830 982 905 984 922 972 745 
963: 982 891 905 984 922 972 745 
964: 797 972 745 
965: 978 769 785 871 
966: 978 769 951 
967: 1000 773 902 947 953 954 960 964 980 989 995 
968: 767 808 986 
969: 767 973 986 
970: 767 973 972 
971: 767 986 858 
972: 781 999 936 
973: 781 961 940 
974: 867 761 974 
975: 761 797 974 
976: 761 974 790 
977: 938 900 757 
978: 805 900 757 
979: 911 998 939 958 782 983 987 846 929 888 
980: 961 965 775 
981: 775 966 868 
982: 990 999 763 
983: 990 763 937 
984: 999 912 763 
985: 946 859 763 
986: 823 860 959 778 836 
987: 992 967 988 926 762 963 
988: 762 906 760 
989: 923 774 810 
990: 962 920 777 
991: 979 974 777 
992: 997 981 996 927 756 919 764 758 
993: 997 981 996 927 756 919 783 758 
994: 787 842 890 872 841 770 
995: 790 842 890 872 841 770 
996: 978 997 764 
997: 997 981 996 927 919 764 804 758 
998: 830 982 905 984 922 972 772 
999: 982 891 905 984 922 972 772 
1000: 977 975 765 
1001: 941 985 765 
1002: 941 936 765 
1003: 997 981 996 927 919 804 783 758 
1004: 1000 799 902 947 953 954 960 964 980 989 995 
1005: 799 947 963 
1006: 799 986 963 
1007: 1000 801 834 
1008: 1000 801 953 
1009: 801 834 974 
1010: 806 970 936 
1011: 974 790 872 841 
1012: 976 945 971 930 833 880 917 906 885 821 
1013: 805 935 786 
1014: 928 794 943 
1015: 935 986 943 858 796 
1016: 973 986 796 
1017: 887 913 793 
1018: 913 959 793 
1019: 939 983 793 
1020: 949 915 789 
1021: 960 989 789 
1022: 915 922 789 
1023: 873 877 789 
1024: 996 991 788 
1025: 996 788 802 
1026: 811 941 985 889 795 
1027: 941 985 817 889 795 
1028: 945 984 821 
1029: 978 997 802 
1030: 997 996 802 
1031: 999 924 802 
1032: 996 924 802 
1033: 941 985 802 
1034: 941 988 802 
1035: 988 926 802 
1036: 808 848 986 
1037: 808 935 986 963 
1038: 808 993 934 
1039: 808 993 986 
1040: 998 805 983 
1041: 805 935 986 
1042: 805 940 815 
1043: 805 903 815 
1044: 837 949 807 915 825 835 803 
1045: 938 811 985 
1046: 911 998 939 958 813 983 987 846 929 888 881 839 
1047: 994 813 929 
1048: 922 986 810 
1049: 853 944 957 977 975 991 824 
1050: 932 961 991 965 940 950 812 822 
1051: 932 961 965 940 950 818 812 822 815 
1052: 961 965 843 812 
1053: 996 991 865 
1054: 991 948 928 875 865 
1055: 1000 823 860 
1056: 1000 823 980 
1057: 1000 830 982 
1058: 830 982 905 984 922 840 972 
1059: 1000 849 876 902 947 953 954 960 964 980 989 995 
1060: 1000 849 911 989 
1061: 849 947 963 
1062: 860 964 827 
1063: 827 920 979 
1064: 997 981 816 
1065: 938 985 817 
1066: 985 817 925 
1067: 837 949 915 973 825 835 
1068: 965 872 818 
1069: 975 986 943 820 
1070: 935 986 943 858 820 
1071: 935 986 943 820 963 
1072: 973 986 820 
1073: 911 998 939 958 983 987 846 929 888 829 881 839 
1074: 983 873 829 
1075: 837 915 969 
1076: 837 967 926 
1077: 1000 834 964 
1078: 960 976 836 
1079: 976 931 836 
1080: 982 990 891 984 922 840 972 
1081: 982 891 905 984 922 840 972 
1082: 982 905 984 922 844 840 972 
1083: 982 993 844 840 972 
1084: 971 993 840 972 
1085: 993 966 840 
1086: 966 868 835 
1087: 982 991 839 
1088: 997 958 839 
1089: 998 991 839 
1090: 991 965 839 
1091: 965 929 839 
1092: 853 991 875 
1093: 853 939 983 
1094: 876 953 945 
1095: 876 954 901 
1096: 909 893 913 848 
1097: 893 848 984 
1098: 977 975 848 
1099: 975 848 984 
1100: 975 848 986 
1101: 848 984 972 
1102: 960 980 851 
1103: 994 914 851 
1104: 932 851 965 
1105: 984 843 922 972 
1106: 965 872 843 
1107: 890 872 843 
1108: 993 846 943 
1109: 993 846 929 
1110: 978 871 862 845 
1111: 927 917 885 
1112: 991 948 928 963 875 
1113: 970 948 968 895 928 875 
1114: 970 912 875 
1115: 948 968 895 928 963 875 
1116: 912 924 875 
1117: 1000 860 964 
1118: 909 887 913 861 
1119: 861 945 971 930 
1120: 867 863 974 
1121: 938 970 864 
1122: 992 970 864 
1123: 999 955 970 864 912 936 
1124: 976 971 862 
1125: 914 971 862 
1126: 869 984 967 
1127: 869 984 922 972 
1128: 869 985 889 
1129: 874 948 963 
1130: 874 993 898 
1131: 909 965 872 
1132: 997 993 868 
1133: 999 970 868 916 
1134: 970 966 937 934 868 916 
1135: 993 966 937 934 898 868 916 
1136: 966 937 898 868 933 
1137: 954 989 870 
1138: 977 975 870 
1139: 975 984 870 
1140: 985 889 870 
1141: 994 879 933 
1142: 887 913 933 
1143: 967 895 963 
1144: 987 906 888 
1145: 938 982 891 984 922 
1146: 982 891 984 973 922 972 
1147: 990 995 891 
1148: 891 984 972 903 
1149: 896 940 892 
1150: 896 892 956 903 
1151: 947 953 898 
1152: 932 987 906 
1153: 981 987 906 
1154: 905 922 986 
1155: 938 900 970 
1156: 992 967 988 903 
1157: 984 967 903 
1158: 988 934 903 
1159: 993 927 903 
1160: 993 934 903 
1161: 993 972 903 
1162: 913 950 933 
1163: 914 988 974 
1164: 998 915 939 
1165: 915 973 922 
1166: 923 993 919 
1167: 960 976 919 
1168: 997 981 996 993 927 919 
1169: 942 945 971 930 917 
1170: 996 927 917 
1171: 923 993 966 
1172: 1000 953 982 
1173: 953 960 992 
1174: 960 944 957 
1175: 944 991 965 
1176: 965 920 931 
1177: 965 920 925 
1178: 980 990 922 
1179: 973 922 986 
1180: 928 943 963 
1181: 932 961 965 940 950 925 
1182: 964 932 950 
1183: 932 991 963 
1184: 976 930 931 
1185: 979 974 931 
1186: 994 956 933 
1187: 950 966 933 
1188: 990 999 936 
1189: 942 945 984 
1190: 942 971 985 
1191: 942 939 983 
1192: 948 968 983 963 
1193: 991 950 951 
1194: 991 950 966 
1195: 960 989 957 
1196: 957 975 984 
1197: 957 975 986 
1198: 989 995 959 
1199: 977 958 987 
1200: 1000 960 964 980 989 990 995 
1201: 970 968 966 
1202: 968 986 963 
1203: 976 971 985 
1204: 992 988 974 
1205: 1000 982 990 
