# The links inside the communities at k=8
# from G:\Dropbox\Raghda\CNA\Final Project\other methods\CFinder-2.0.6--1448\G:\Dropbox\Raghda\CNA\Final Project\Datasets\binary_networks\LFR3\network_LFR3_Om5.dat
# at no lower link weight threshold,
# and at no upper link weight threshold.
# Links were treated as undirected.
# No time limit was set for the clique search.

0:
796 864
796 916
796 805
796 866
796 585
796 631
796 703
864 916
864 805
864 866
864 585
864 631
864 703
916 805
916 866
916 585
916 631
916 703
805 866
805 585
805 631
805 703
866 585
866 631
866 703
585 631
585 703
631 703
1:
932 955
932 909
932 972
932 943
932 954
932 958
932 920
932 905
932 800
932 633
955 909
955 972
955 943
955 954
955 958
955 920
955 767
955 905
955 800
955 633
909 972
909 943
909 954
909 958
909 920
909 767
909 905
909 800
909 633
972 943
972 954
972 958
972 920
972 767
972 905
972 800
972 633
943 954
943 958
943 920
943 767
943 905
943 800
943 633
954 958
954 920
954 767
954 905
954 800
958 920
958 767
958 905
958 800
958 633
920 633
767 800
2:
873 893
873 930
873 653
873 876
873 787
873 851
873 863
873 815
873 723
893 930
893 653
893 876
893 787
893 851
893 863
893 815
893 723
930 653
930 876
930 787
930 851
930 863
930 815
930 723
653 876
653 787
653 851
653 863
653 815
876 787
876 851
876 863
876 815
876 723
787 851
787 863
787 815
787 723
851 863
851 815
851 723
863 815
863 723
815 723
3:
796 864
796 916
796 988
796 805
796 866
796 703
796 672
796 700
864 916
864 988
864 805
864 866
864 703
864 672
864 700
916 988
916 805
916 866
916 703
916 672
916 700
988 805
988 866
988 703
988 672
988 700
805 866
805 703
805 672
805 700
866 703
866 672
866 700
703 700
672 700
4:
963 976
963 987
963 867
963 910
963 986
963 959
963 917
963 844
963 824
963 948
963 802
963 886
976 987
976 867
976 910
976 986
976 959
976 917
976 844
976 824
976 948
976 802
976 886
987 867
987 910
987 986
987 959
987 917
987 844
987 824
987 948
987 802
987 886
867 910
867 986
867 959
867 917
867 948
867 802
867 886
910 986
910 959
910 917
910 824
910 948
910 802
910 886
986 959
986 917
986 844
986 824
986 948
986 802
986 886
959 917
959 844
959 948
959 886
917 844
917 824
917 948
917 886
844 948
844 886
824 948
948 802
948 886
