# The links inside the communities at k=7
# from G:\Dropbox\Raghda\CNA\Final Project\other methods\CFinder-2.0.6--1448\G:\Dropbox\Raghda\CNA\Final Project\Datasets\binary_networks\LFR2\networ_LFR2_Om2.dat
# at no lower link weight threshold,
# and at no upper link weight threshold.
# Links were treated as undirected.
# No time limit was set for the clique search.

0:
998 959
998 962
998 873
998 963
998 994
998 896
998 970
998 860
998 918
998 904
998 718
998 609
998 583
998 726
998 714
959 962
959 873
959 963
959 994
959 896
959 970
959 860
959 918
959 904
959 718
959 609
959 583
959 726
959 714
962 873
962 963
962 994
962 896
962 970
962 860
962 918
962 904
962 718
962 609
962 583
962 726
962 714
873 963
873 994
873 896
873 970
873 860
873 918
873 904
963 994
963 896
963 970
963 860
963 918
963 904
994 896
994 970
994 860
994 918
994 904
994 718
994 609
994 583
994 726
994 714
896 970
896 860
896 918
896 904
896 718
896 726
896 714
970 860
970 918
970 904
970 718
970 609
970 583
970 726
970 714
860 918
860 904
918 904
918 718
918 726
918 714
904 718
904 609
904 583
1:
803 983
803 986
803 993
803 985
803 928
803 900
803 853
803 968
803 808
803 864
983 986
983 993
983 985
983 809
983 928
983 900
983 853
983 798
983 666
983 759
983 968
983 636
983 808
983 864
986 993
986 985
986 809
986 928
986 900
986 853
986 798
986 666
986 759
986 968
986 636
986 808
986 864
993 985
993 809
993 928
993 900
993 853
993 798
993 666
993 759
993 968
993 636
993 808
993 864
985 809
985 928
985 900
985 853
985 798
985 666
985 759
985 968
985 636
985 808
985 864
809 928
809 900
809 853
809 798
809 968
809 808
928 900
928 853
928 798
928 666
928 759
928 968
928 636
928 808
928 864
900 853
900 798
900 666
900 759
900 968
900 808
900 864
853 798
853 968
853 808
853 864
798 968
798 864
666 968
759 968
759 864
968 636
968 808
968 864
2:
907 994
907 802
907 881
907 915
907 847
907 867
907 637
907 704
994 802
994 881
994 915
994 847
994 867
994 637
994 704
802 881
802 915
802 847
802 867
802 704
881 915
881 847
881 867
881 637
881 704
915 847
915 867
915 637
915 704
847 867
847 637
847 704
867 637
867 704
3:
952 997
952 910
952 806
952 868
952 653
952 724
952 687
997 910
997 806
997 868
997 653
997 724
997 687
910 806
910 868
910 653
910 724
910 687
806 868
806 653
806 724
806 687
868 653
868 724
868 687
653 724
724 687
4:
966 862
966 922
966 972
966 770
966 921
966 946
966 976
966 870
966 925
966 681
966 863
966 773
966 797
966 771
966 682
862 922
862 972
862 770
862 921
862 946
862 976
862 925
862 797
862 771
922 972
922 770
922 921
922 946
922 976
922 870
922 925
922 681
922 863
922 797
922 771
972 770
972 921
972 946
972 976
972 870
972 925
972 681
972 863
972 797
972 771
972 682
770 946
770 976
770 925
770 681
770 863
921 946
921 976
921 870
921 925
921 797
921 771
921 682
946 976
946 870
946 925
946 681
946 863
946 773
946 797
946 682
976 870
976 925
976 863
976 773
976 797
976 771
976 682
870 925
870 863
870 773
870 797
925 681
925 863
925 773
925 797
925 771
925 682
863 773
797 771
5:
984 919
984 763
984 964
984 991
984 975
984 988
984 838
984 956
984 965
984 980
984 857
984 851
984 830
984 818
984 649
919 964
919 991
919 988
919 980
919 851
919 892
763 964
763 988
763 838
763 956
763 965
763 980
964 991
964 975
964 988
964 838
964 956
964 965
964 980
964 851
964 830
964 818
964 892
991 975
991 988
991 838
991 956
991 965
991 980
991 857
991 851
991 830
991 818
991 892
991 649
975 988
975 838
975 956
975 980
975 857
975 851
975 830
975 818
975 892
988 838
988 956
988 965
988 980
988 857
988 851
988 830
988 818
988 892
988 649
838 965
838 980
838 818
838 892
956 965
956 980
956 830
956 818
956 892
956 649
965 980
965 818
965 649
980 857
980 851
980 818
980 892
980 649
857 851
857 830
857 892
851 830
851 892
830 892
6:
974 997
974 941
974 699
974 893
974 995
974 751
974 935
974 951
974 924
974 739
997 941
997 893
997 995
997 935
997 951
997 924
997 663
997 739
941 699
941 893
941 995
941 935
941 951
941 924
941 663
941 739
699 995
699 935
699 951
699 924
893 995
893 751
893 935
893 951
893 924
893 739
995 751
995 935
995 951
995 924
995 663
995 739
751 935
751 951
751 924
935 951
935 924
935 663
935 739
951 924
951 663
951 739
924 663
7:
1000 737
1000 779
1000 801
1000 805
1000 839
1000 861
1000 894
1000 911
1000 912
1000 917
1000 929
1000 938
1000 948
1000 960
1000 990
737 894
737 911
737 938
737 948
737 960
737 990
779 801
779 839
779 894
779 911
779 912
779 938
779 948
779 960
801 894
801 912
801 948
801 960
805 839
805 912
805 917
805 938
805 948
805 960
805 990
805 866
839 894
839 911
839 917
839 938
839 948
839 990
839 866
861 911
861 912
861 917
861 948
861 990
894 911
894 912
894 917
894 929
894 938
894 948
894 960
894 990
911 912
911 917
911 929
911 938
911 948
911 990
911 866
912 917
912 929
912 938
912 948
912 960
912 990
917 929
917 938
917 948
917 990
917 866
929 948
929 960
929 990
938 948
938 960
938 990
938 866
948 960
948 990
948 866
960 990
990 866
8:
981 957
981 765
981 992
981 977
981 950
981 940
981 814
981 945
981 722
981 874
981 725
981 764
957 765
957 992
957 977
957 950
957 940
957 762
957 814
957 945
957 725
957 764
765 992
765 977
765 950
765 940
765 722
992 977
992 950
992 940
992 762
992 814
992 945
992 722
992 874
992 725
992 764
977 950
977 940
977 762
977 814
977 945
977 722
977 874
977 725
977 764
950 940
950 722
950 874
950 725
950 764
940 762
940 814
940 945
940 722
940 874
940 725
940 764
762 814
762 945
762 874
814 945
814 874
945 874
945 764
722 874
725 764
9:
978 971
978 953
978 969
978 905
978 815
978 923
971 953
971 969
971 905
971 815
971 923
953 969
953 905
953 815
953 923
969 905
969 815
969 923
905 815
905 923
815 923
10:
978 971
978 902
978 953
978 969
978 888
978 923
971 902
971 953
971 969
971 888
971 923
902 953
902 969
902 888
902 923
953 969
953 888
953 923
969 888
969 923
888 923
