# The cliques from G:\Dropbox\Raghda\CNA\Final Project\other methods\CFinder-2.0.6--1448\G:\Dropbox\Raghda\CNA\Final Project\Datasets\binary_networks\LFR4\network_LFR4_Om5.dat
# at no lower link weight threshold,
# and at no upper link weight threshold.
# Links were treated as undirected.
# No time limit was set for the clique search.

0: 276 657 597 
1: 1000 121 679 982 
2: 1000 121 883 
3: 1000 128 237 
4: 1000 128 835 
5: 128 835 991 
6: 178 974 940 
7: 1000 197 237 
8: 1000 197 649 
9: 1000 237 6 
10: 101 868 881 985 
11: 980 102 646 
12: 106 487 494 
13: 106 487 601 
14: 106 601 772 
15: 107 425 687 7 787 
16: 110 386 705 
17: 110 386 814 
18: 778 175 988 
19: 112 552 983 
20: 113 332 942 
21: 161 568 817 
22: 997 118 618 
23: 997 118 722 
24: 997 118 767 
25: 94 990 757 859 
26: 12 381 884 
27: 12 884 955 
28: 335 120 457 
29: 120 457 820 
30: 122 202 968 
31: 122 564 968 
32: 122 968 998 
33: 908 202 968 
34: 124 907 935 
35: 992 125 642 759 
36: 130 611 700 
37: 130 700 701 
38: 37 900 655 
39: 37 746 655 
40: 892 131 898 962 981 
41: 132 268 925 
42: 135 311 977 
43: 136 851 939 
44: 136 937 939 
45: 138 557 792 
46: 934 964 14 780 
47: 934 14 780 801 
48: 983 52 755 
49: 737 997 145 468 
50: 931 147 682 845 
51: 674 883 151 
52: 152 900 929 
53: 790 154 669 798 
54: 790 154 669 936 
55: 721 794 155 744 
56: 842 157 765 947 963 
57: 792 159 650 689 
58: 991 16 21 
59: 982 160 634 
60: 904 162 713 853 
61: 975 163 806 926 953 
62: 858 947 166 848 
63: 858 166 818 848 
64: 891 487 167 
65: 937 885 17 857 
66: 901 17 857 
67: 971 513 172 
68: 971 172 366 664 
69: 949 667 173 
70: 949 173 187 
71: 949 173 290 
72: 174 478 586 755 
73: 174 478 586 897 
74: 943 911 824 182 
75: 911 182 951 
76: 987 986 183 
77: 995 969 184 
78: 719 882 185 
79: 719 185 952 
80: 826 91 928 
81: 19 432 675 
82: 970 961 190 
83: 192 622 928 
84: 192 622 930 
85: 989 974 193 296 
86: 557 792 195 
87: 792 650 195 
88: 792 195 763 
89: 987 198 967 984 
90: 943 558 199 873 
91: 809 200 976 
92: 971 200 976 
93: 606 203 395 933 
94: 996 975 204 
95: 975 926 953 204 
96: 993 954 208 804 
97: 949 209 696 
98: 952 210 278 
99: 994 214 686 745 
100: 215 302 944 
101: 990 972 217 960 
102: 982 220 692 
103: 824 220 692 
104: 769 223 805 
105: 223 440 805 
106: 987 967 984 225 921 
107: 995 469 226 
108: 995 872 226 
109: 995 927 226 
110: 230 363 725 
111: 230 363 80 
112: 850 80 910 
113: 363 80 910 
114: 885 857 231 536 
115: 233 428 738 
116: 994 846 234 
117: 975 779 236 
118: 241 45 957 
119: 894 245 33 
120: 908 974 25 
121: 696 253 3 
122: 9 866 730 
123: 979 963 27 
124: 979 27 795 
125: 863 28 948 
126: 797 29 799 
127: 29 799 973 
128: 992 723 944 298 375 
129: 700 966 31 
130: 893 966 31 
131: 793 694 32 
132: 694 32 554 
133: 32 554 730 
134: 991 849 955 788 339 
135: 994 985 728 34 
136: 989 983 756 97 
137: 912 791 39 
138: 979 791 39 
139: 833 957 67 
140: 941 957 67 
141: 974 430 56 
142: 999 988 920 79 
143: 964 981 43 
144: 990 960 44 
145: 798 53 816 
146: 440 53 816 
147: 982 74 563 
148: 938 736 85 86 
149: 883 993 46 
150: 993 956 46 
151: 969 940 47 
152: 969 867 47 
153: 996 916 49 
154: 935 977 5 
155: 935 946 5 
156: 971 946 5 
157: 898 962 981 51 
158: 999 984 54 
159: 994 706 83 
160: 994 563 83 
161: 991 956 58 
162: 894 833 972 71 
163: 931 880 845 63 
164: 931 845 947 63 
165: 938 771 736 86 
166: 937 802 76 
167: 809 969 84 
168: 998 969 84 
169: 969 872 84 
170: 935 918 82 
171: 988 986 82 
172: 337 937 939 
173: 337 939 914 
174: 1000 271 815 822 
175: 271 815 822 856 
176: 271 815 546 856 
177: 1000 273 591 
178: 1000 273 950 
179: 312 953 897 
180: 313 975 806 926 953 
181: 1000 359 950 
182: 359 950 979 865 
183: 246 983 978 
184: 246 979 978 
185: 115 737 997 
186: 955 583 311 977 
187: 955 935 311 977 
188: 336 940 958 
189: 336 958 707 353 
190: 938 939 270 244 
191: 881 724 165 
192: 876 364 976 
193: 971 170 513 
194: 971 366 664 959 
195: 366 664 408 
196: 949 290 928 
197: 949 290 372 
198: 942 181 986 
199: 989 191 927 
200: 989 974 818 296 
201: 196 263 863 
202: 263 863 865 
203: 952 278 500 
204: 884 323 973 
205: 909 378 368 
206: 909 368 703 
207: 996 962 213 
208: 302 966 446 
209: 971 923 354 
210: 620 779 303 
211: 620 303 684 
212: 792 650 238 
213: 792 238 317 
214: 557 792 689 317 
215: 974 240 707 
216: 958 240 492 707 
217: 961 241 643 957 
218: 983 243 752 
219: 243 539 752 
220: 844 939 244 
221: 994 985 706 248 
222: 994 814 248 
223: 994 929 248 
224: 937 249 385 547 
225: 875 249 385 547 
226: 971 903 959 250 837 
227: 800 903 250 
228: 618 977 251 
229: 841 254 295 
230: 841 254 632 
231: 841 295 534 
232: 978 295 534 
233: 882 255 830 
234: 937 255 830 932 
235: 731 258 808 
236: 267 624 652 702 
237: 267 624 652 966 
238: 763 262 864 
239: 264 516 708 
240: 974 899 265 
241: 974 265 581 
242: 994 846 266 728 
243: 994 745 266 
244: 998 322 973 
245: 998 322 576 
246: 322 973 538 
247: 999 988 277 388 920 
248: 999 946 277 
249: 904 988 98 
250: 916 988 98 
251: 612 699 279 
252: 912 699 279 
253: 699 522 279 
254: 884 726 284 
255: 726 284 360 
256: 726 284 376 
257: 836 726 360 
258: 726 933 360 
259: 759 753 285 871 
260: 974 818 289 
261: 949 662 372 
262: 949 860 372 
263: 996 970 294 
264: 996 975 294 
265: 873 299 965 
266: 299 628 965 
267: 970 955 331 
268: 885 857 300 340 572 
269: 885 857 536 340 572 
270: 997 944 304 
271: 979 999 305 
272: 999 984 307 
273: 999 920 905 307 
274: 999 920 307 341 
275: 955 999 920 341 
276: 849 309 788 
277: 997 678 361 
278: 997 592 361 
279: 678 361 505 
280: 592 361 505 
281: 701 653 315 
282: 721 794 744 913 319 
283: 937 385 547 320 
284: 818 385 320 
285: 758 917 321 
286: 917 961 321 
287: 917 321 647 
288: 980 808 325 
289: 980 325 832 
290: 991 326 825 
291: 991 326 956 
292: 942 986 330 879 
293: 838 900 333 
294: 958 353 918 
295: 991 998 345 609 
296: 998 754 345 609 
297: 998 345 609 910 
298: 987 967 984 921 346 919 
299: 934 938 780 801 347 
300: 997 960 476 350 
301: 988 960 350 
302: 742 960 350 
303: 839 399 355 
304: 667 976 355 
305: 976 399 355 
306: 983 743 391 922 358 
307: 810 958 365 
308: 958 365 693 896 
309: 996 976 978 370 
310: 996 978 791 370 
311: 979 976 978 370 
312: 979 978 791 370 
313: 975 806 926 953 946 521 
314: 425 687 787 896 
315: 380 793 565 
316: 380 899 735 565 
317: 386 814 930 
318: 870 381 447 
319: 448 678 698 
320: 448 698 632 
321: 477 885 857 
322: 997 403 960 
323: 737 997 468 899 945 
324: 396 990 972 
325: 396 972 869 
326: 975 478 755 
327: 975 478 897 
328: 478 586 872 
329: 964 393 966 
330: 393 978 966 
331: 996 952 420 978 791 
332: 979 420 978 791 
333: 606 834 395 490 
334: 606 395 933 490 
335: 998 414 856 
336: 962 981 463 
337: 989 974 430 843 
338: 858 810 848 402 
339: 964 848 402 
340: 793 694 411 
341: 635 945 407 
342: 945 923 407 
343: 923 407 832 
344: 890 966 446 
345: 966 446 589 
346: 935 999 388 920 
347: 999 388 920 644 
348: 987 984 461 
349: 836 726 376 
350: 726 933 376 896 
351: 803 960 476 
352: 960 476 768 
353: 971 293 711 
354: 929 963 902 450 
355: 992 401 735 
356: 870 955 447 
357: 913 978 544 550 773 
358: 978 544 550 918 773 
359: 839 399 774 
360: 878 856 390 
361: 950 998 389 
362: 998 951 389 
363: 876 976 439 
364: 981 413 433 
365: 891 664 408 
366: 942 664 408 
367: 987 991 374 
368: 969 462 617 
369: 983 929 377 
370: 983 944 377 
371: 983 752 377 
372: 929 539 377 
373: 539 752 377 
374: 983 929 458 
375: 983 944 458 
376: 983 752 458 
377: 989 972 383 
378: 606 933 384 490 
379: 979 999 387 
380: 931 964 682 845 392 
381: 931 682 845 392 625 
382: 931 682 946 392 625 
383: 931 964 682 845 394 
384: 931 682 845 625 394 
385: 931 682 946 625 394 
386: 962 981 433 
387: 974 707 400 
388: 958 707 400 
389: 958 854 400 
390: 958 400 733 
391: 942 986 404 691 750 
392: 986 972 404 691 750 
393: 993 954 965 405 
394: 993 954 956 405 
395: 993 954 405 697 
396: 954 405 672 
397: 996 970 880 406 
398: 996 970 717 406 
399: 940 717 406 
400: 964 963 427 
401: 908 968 415 
402: 983 992 889 923 852 416 
403: 983 889 923 852 416 704 
404: 889 932 852 418 
405: 889 852 418 660 
406: 844 986 421 
407: 667 986 421 
408: 986 896 421 
409: 695 896 421 
410: 868 881 985 422 506 
411: 868 881 930 422 506 
412: 987 984 431 
413: 970 918 431 
414: 552 983 460 
415: 983 460 741 
416: 905 438 621 
417: 948 438 621 
418: 924 438 621 
419: 924 438 775 
420: 961 731 710 828 957 441 579 
421: 751 995 812 948 442 593 
422: 980 798 830 451 
423: 980 941 451 
424: 980 739 451 
425: 964 963 902 456 
426: 964 529 456 
427: 902 959 456 
428: 902 509 456 
429: 925 802 459 
430: 980 932 471 
431: 914 799 973 473 
432: 914 799 747 473 
433: 514 799 473 
434: 720 747 473 
435: 935 977 474 
436: 858 947 848 479 
437: 858 901 848 479 
438: 964 947 848 479 
439: 964 901 848 479 
440: 484 581 879 
441: 465 958 774 
442: 524 767 973 
443: 524 973 827 
444: 815 878 546 856 
445: 815 546 807 
446: 815 546 966 856 
447: 989 494 910 
448: 552 983 978 
449: 503 963 906 781 
450: 995 611 496 
451: 995 496 864 
452: 496 978 966 
453: 836 483 807 
454: 962 981 502 
455: 883 904 713 853 
456: 904 713 853 988 
457: 904 713 853 782 
458: 975 953 486 
459: 971 513 959 831 
460: 942 551 986 956 750 
461: 947 551 986 972 750 
462: 551 986 972 956 750 
463: 943 817 558 
464: 582 558 873 
465: 542 854 827 
466: 501 959 837 
467: 958 507 531 
468: 811 540 614 
469: 540 657 597 
470: 783 970 945 518 
471: 970 518 690 
472: 942 986 508 
473: 963 508 965 
474: 986 508 965 
475: 885 857 951 536 
476: 769 958 492 
477: 958 725 492 
478: 958 492 707 693 
479: 958 492 918 693 
480: 929 850 539 
481: 850 539 752 
482: 923 539 752 
483: 941 514 799 
484: 868 881 985 504 506 
485: 868 881 901 504 
486: 993 516 948 
487: 952 978 500 
488: 887 841 534 
489: 887 978 534 
490: 901 841 534 
491: 952 978 534 
492: 928 517 924 
493: 934 964 780 529 
494: 934 964 933 529 
495: 934 780 801 529 
496: 934 801 933 529 
497: 762 866 554 730 
498: 762 554 840 
499: 694 866 554 
500: 638 827 533 
501: 803 951 505 
502: 678 951 505 
503: 955 583 509 
504: 995 933 490 
505: 992 642 977 871 537 
506: 993 954 530 
507: 962 981 530 
508: 994 728 497 
509: 887 900 485 
510: 962 981 510 
511: 900 655 543 
512: 861 866 730 543 
513: 950 989 489 
514: 992 827 489 
515: 968 998 491 
516: 824 692 493 
517: 994 686 495 
518: 997 960 498 
519: 975 953 498 
520: 887 908 968 541 
521: 908 968 833 541 
522: 908 968 541 862 
523: 968 629 541 
524: 912 699 511 
525: 974 990 512 
526: 992 990 512 
527: 990 786 512 
528: 943 888 996 555 
529: 888 996 916 555 
530: 993 954 526 
531: 980 932 527 
532: 911 933 528 
533: 911 959 528 
534: 835 811 535 
535: 880 990 811 959 535 614 
536: 982 737 553 
537: 737 997 553 
538: 776 987 967 984 921 919 548 
539: 622 928 549 
540: 622 941 549 
541: 958 556 727 
542: 791 556 727 
543: 996 970 717 922 559 
544: 906 717 559 
545: 906 816 559 
546: 569 932 702 
547: 997 618 977 
548: 564 975 953 
549: 583 977 640 
550: 995 611 700 
551: 585 743 905 
552: 974 602 581 
553: 602 952 941 
554: 602 624 702 
555: 993 573 954 956 
556: 620 914 973 
557: 996 582 986 
558: 996 582 873 
559: 582 986 879 
560: 562 657 597 
561: 997 681 592 
562: 997 592 698 
563: 705 613 988 
564: 925 613 972 
565: 613 988 972 
566: 809 969 561 
567: 561 578 915 
568: 942 596 986 
569: 870 925 608 
570: 985 925 608 
571: 659 925 608 
572: 925 608 875 
573: 578 915 755 
574: 578 915 680 
575: 578 915 895 
576: 578 915 605 
577: 938 838 568 
578: 904 853 732 
579: 950 603 639 
580: 939 603 695 
581: 822 878 574 764 
582: 822 878 574 856 
583: 878 998 574 856 
584: 989 997 944 600 
585: 989 988 600 
586: 997 890 600 
587: 944 600 590 
588: 971 903 587 
589: 971 587 946 
590: 992 990 588 
591: 588 652 966 
592: 974 998 581 
593: 803 657 597 
594: 657 777 597 
595: 893 966 589 
596: 893 589 918 
597: 616 973 709 
598: 937 885 857 572 
599: 901 857 572 
600: 815 878 575 
601: 694 575 866 
602: 949 928 576 
603: 998 976 576 
604: 934 801 590 
605: 570 816 768 
606: 991 998 956 609 
607: 991 886 609 
608: 754 886 609 
609: 886 609 910 
610: 956 609 735 
611: 826 595 688 
612: 737 997 595 
613: 968 998 595 
614: 998 951 973 571 
615: 799 973 571 
616: 813 905 621 
617: 821 828 579 
618: 710 828 875 579 
619: 751 995 900 812 948 593 
620: 751 775 593 
621: 995 970 969 617 
622: 995 969 940 617 
623: 995 969 867 617 
624: 969 819 617 
625: 885 857 604 
626: 880 845 614 
627: 990 834 614 
628: 980 807 607 
629: 980 941 607 
630: 979 886 607 
631: 835 991 563 
632: 982 989 563 
633: 994 686 566 
634: 979 865 566 
635: 863 865 566 
636: 994 985 567 
637: 985 824 567 
638: 975 926 567 
639: 962 981 605 
640: 826 907 818 688 
641: 826 907 928 688 
642: 826 928 840 688 
643: 826 712 688 
644: 994 728 598 
645: 882 830 598 
646: 994 985 686 745 599 
647: 994 985 745 706 599 
648: 994 985 706 728 599 
649: 994 728 910 599 
650: 994 745 610 
651: 776 987 991 967 984 921 919 615 
652: 674 1000 883 
653: 1000 638 950 
654: 638 992 827 
655: 1000 641 835 
656: 641 835 956 
657: 1000 649 891 
658: 649 979 978 
659: 1000 654 815 822 
660: 654 815 822 966 856 
661: 654 815 822 856 670 
662: 980 646 749 
663: 635 974 968 
664: 950 659 639 
665: 992 642 759 977 753 871 
666: 642 938 753 871 
667: 995 701 653 893 
668: 701 653 978 
669: 653 746 857 
670: 623 963 909 965 
671: 623 963 895 965 
672: 623 909 965 741 
673: 623 805 965 
674: 648 927 863 
675: 987 671 984 
676: 949 671 665 
677: 993 671 954 
678: 876 636 676 
679: 876 636 864 
680: 839 833 636 
681: 790 669 936 879 
682: 790 669 738 
683: 790 669 645 
684: 769 792 650 
685: 982 634 940 
686: 963 656 966 
687: 891 664 959 
688: 942 971 664 959 
689: 664 990 959 
690: 993 673 954 
691: 975 926 673 
692: 975 779 673 
693: 936 622 930 
694: 936 622 941 
695: 622 928 672 
696: 622 941 956 
697: 792 689 665 
698: 912 699 637 
699: 950 942 639 
700: 950 639 709 
701: 849 640 788 
702: 998 754 651 
703: 964 957 624 652 702 
704: 964 624 652 966 
705: 957 932 624 702 
706: 932 624 966 
707: 894 833 972 628 
708: 894 972 628 965 
709: 804 628 965 
710: 628 965 741 
711: 849 788 647 
712: 962 981 647 
713: 987 984 630 
714: 969 630 774 
715: 820 626 718 
716: 975 926 626 
717: 926 626 718 
718: 894 900 655 
719: 894 655 781 
720: 955 999 976 920 644 
721: 979 999 976 920 644 
722: 999 906 976 920 644 
723: 999 920 644 869 
724: 931 845 947 625 
725: 931 845 625 862 
726: 931 817 625 
727: 975 953 672 
728: 983 992 889 852 660 
729: 983 889 852 704 660 
730: 774 704 660 
731: 888 962 631 
732: 962 981 631 
733: 999 920 631 
734: 915 895 631 
735: 992 930 661 
736: 962 981 661 
737: 914 861 661 
738: 861 866 661 
739: 987 984 627 
740: 993 793 954 627 
741: 908 968 645 
742: 975 953 645 
743: 815 822 878 764 670 
744: 815 822 878 856 670 
745: 815 878 998 856 670 
746: 934 780 658 
747: 949 718 658 
748: 961 861 658 
749: 721 993 663 
750: 993 884 663 
751: 993 697 663 
752: 914 895 666 
753: 975 953 666 
754: 883 993 954 668 
755: 993 884 954 668 
756: 993 897 954 668 
757: 993 990 668 
758: 993 954 697 668 
759: 954 922 668 
760: 679 982 993 905 
761: 679 982 940 
762: 679 934 780 
763: 687 787 805 
764: 687 787 795 
765: 705 767 781 
766: 705 988 862 
767: 997 678 951 
768: 997 678 698 
769: 995 700 701 
770: 700 701 978 
771: 700 978 966 
772: 995 701 712 
773: 997 722 681 
774: 995 685 927 
775: 685 975 953 
776: 792 689 805 
777: 975 874 806 926 953 946 
778: 975 806 926 953 897 
779: 793 694 861 
780: 694 861 866 
781: 934 801 680 
782: 817 683 972 
783: 683 972 906 873 
784: 683 972 906 890 
785: 876 731 710 828 
786: 710 828 774 
787: 994 929 675 
788: 794 744 675 
789: 675 903 837 
790: 969 696 865 
791: 994 985 951 686 
792: 994 913 686 
793: 943 824 692 
794: 943 933 692 
795: 997 698 808 
796: 994 985 951 706 
797: 994 913 706 
798: 962 981 708 
799: 861 708 866 
800: 833 957 702 
801: 917 961 711 
802: 961 957 711 
803: 988 854 684 
804: 854 684 827 
805: 987 760 984 695 
806: 940 958 693 
807: 958 854 693 
808: 878 856 703 
809: 942 986 956 691 750 
810: 947 986 972 691 750 
811: 986 972 956 691 750 
812: 691 750 732 
813: 950 982 993 954 804 697 
814: 982 993 954 804 948 697 
815: 889 852 869 704 
816: 869 774 704 
817: 892 996 898 962 981 977 847 
818: 892 996 898 962 981 947 847 
819: 892 996 898 962 981 957 847 
820: 934 801 690 
821: 994 951 677 
822: 835 811 677 
823: 998 951 677 
824: 915 930 677 
825: 776 987 991 986 967 984 921 919 
826: 776 987 986 967 984 921 965 919 
827: 719 985 949 
828: 719 985 952 
829: 734 757 859 
830: 721 794 744 924 
831: 722 999 920 869 
832: 868 881 724 
833: 908 724 968 
834: 849 724 788 
835: 714 975 874 926 
836: 842 765 947 963 948 
837: 842 765 963 928 948 
838: 842 765 770 
839: 731 828 808 
840: 884 726 896 
841: 729 903 959 837 
842: 729 811 959 
843: 951 742 973 
844: 883 992 723 944 
845: 992 723 944 816 
846: 908 968 725 
847: 983 978 725 
848: 876 738 829 
849: 995 864 740 716 
850: 995 829 740 
851: 820 829 740 
852: 911 740 716 
853: 941 864 740 
854: 932 740 819 
855: 995 864 739 
856: 914 739 748 
857: 822 966 715 
858: 993 954 715 
859: 962 981 715 
860: 966 715 825 
861: 838 785 720 
862: 972 960 720 
863: 849 955 788 770 
864: 914 861 730 
865: 762 861 866 730 
866: 961 861 730 
867: 911 861 730 
868: 783 970 717 
869: 940 717 922 
870: 908 968 735 
871: 899 956 735 
872: 938 771 819 736 
873: 872 771 736 840 
874: 762 866 733 
875: 889 852 733 
876: 926 953 718 
877: 983 936 741 
878: 851 936 741 
879: 995 909 716 
880: 995 933 864 716 
881: 995 789 716 
882: 876 911 716 
883: 876 864 716 
884: 911 933 716 
885: 912 989 712 
886: 908 968 732 
887: 996 791 727 
888: 996 922 727 
889: 990 811 727 
890: 940 958 727 
891: 940 922 727 
892: 958 896 727 
893: 758 998 932 
894: 980 769 800 
895: 1000 769 950 
896: 769 792 805 
897: 751 995 812 879 
898: 877 767 998 973 
899: 759 753 946 871 
900: 980 749 937 830 932 
901: 980 749 800 
902: 980 749 941 
903: 980 749 830 865 
904: 983 743 755 
905: 983 743 905 
906: 743 855 905 
907: 743 855 922 
908: 820 760 979 
909: 760 979 886 
910: 851 762 866 
911: 746 885 857 
912: 975 926 953 755 
913: 938 897 753 
914: 938 753 946 871 
915: 803 763 860 
916: 916 817 763 
917: 763 864 924 
918: 994 814 745 
919: 994 929 745 
920: 982 814 745 
921: 882 990 757 859 
922: 880 990 757 859 
923: 990 757 805 859 
924: 990 757 860 859 
925: 757 761 859 
926: 757 859 766 
927: 815 807 764 
928: 878 907 764 
929: 983 923 752 832 
930: 989 983 929 936 756 
931: 989 983 936 756 910 
932: 799 747 768 
933: 778 820 761 
934: 778 918 761 
935: 997 899 761 
936: 892 947 750 
937: 943 911 748 
938: 876 911 748 
939: 914 861 748 
940: 911 861 748 
941: 987 984 795 768 
942: 999 984 795 768 
943: 777 799 768 
944: 889 852 766 
945: 889 859 766 
946: 959 837 766 
947: 868 881 770 
948: 955 935 770 
949: 907 935 770 
950: 778 888 986 
951: 778 988 986 910 
952: 778 988 786 
953: 888 772 962 
954: 772 898 962 981 
955: 772 790 936 879 
956: 772 889 852 
957: 787 974 896 
958: 877 934 780 
959: 877 780 951 
960: 934 780 801 800 
961: 934 780 801 873 
962: 836 800 785 
963: 938 838 785 
964: 838 900 785 
965: 838 800 785 
966: 993 954 782 
967: 898 962 981 782 
968: 930 771 840 
969: 987 986 984 965 784 
970: 987 967 984 775 
971: 999 984 775 
972: 999 920 775 
973: 980 941 786 
974: 887 908 786 
975: 993 990 786 
976: 997 945 786 
977: 990 945 786 
978: 1000 815 822 878 
979: 815 998 966 856 
980: 797 949 860 
981: 797 996 916 
982: 797 996 976 
983: 870 809 969 
984: 950 809 969 976 
985: 809 970 969 
986: 809 969 893 
987: 809 969 819 
988: 994 814 872 
989: 994 814 933 
990: 814 915 930 
991: 993 793 990 
992: 980 810 830 
993: 980 810 832 
994: 810 915 930 
995: 810 915 832 
996: 796 999 988 920 
997: 796 988 913 
998: 821 934 801 
999: 934 938 801 933 
1000: 980 800 903 
1001: 980 807 830 
1002: 812 863 948 
1003: 975 926 953 897 802 
1004: 950 993 990 804 
1005: 993 897 954 804 
1006: 993 990 804 956 
1007: 993 954 804 948 965 
1008: 993 954 804 956 
1009: 990 804 860 
1010: 954 804 965 922 
1011: 990 805 893 
1012: 887 996 978 791 
1013: 912 996 791 
1014: 917 961 813 
1015: 993 954 813 
1016: 993 813 905 
1017: 998 969 813 867 
1018: 954 813 922 
1019: 868 881 795 
1020: 881 967 795 
1021: 987 967 984 795 
1022: 979 999 795 920 
1023: 914 799 789 
1024: 997 977 816 
1025: 997 944 816 
1026: 992 977 816 
1027: 821 877 934 
1028: 821 943 996 
1029: 821 943 895 
1030: 821 974 899 
1031: 821 939 923 
1032: 1000 823 883 
1033: 1000 823 891 
1034: 1000 823 982 
1035: 823 883 820 
1036: 823 982 948 
1037: 823 927 863 
1038: 823 863 948 
1039: 892 898 962 981 850 
1040: 892 898 962 981 890 
1041: 892 898 962 981 865 
1042: 892 898 962 981 860 
1043: 917 820 961 
1044: 943 996 817 
1045: 996 916 817 
1046: 989 818 854 
1047: 980 882 830 
1048: 943 937 829 
1049: 943 829 895 
1050: 987 876 829 
1051: 992 854 827 
1052: 992 827 843 
1053: 991 998 825 
1054: 998 966 825 
1055: 975 926 953 825 
1056: 903 959 837 825 
1057: 902 959 825 
1058: 987 940 967 984 921 919 
1059: 912 989 819 
1060: 932 895 819 
1061: 835 987 991 967 984 921 
1062: 835 991 956 
1063: 844 939 923 
1064: 844 975 926 953 
1065: 844 986 965 
1066: 836 947 848 
1067: 985 991 925 839 
1068: 996 833 957 
1069: 997 945 841 
1070: 985 951 834 
1071: 990 834 956 
1072: 951 834 973 
1073: 971 911 903 959 837 
1074: 971 903 944 837 
1075: 971 903 959 837 831 
1076: 980 937 932 832 
1077: 983 929 832 
1078: 983 889 923 832 
1079: 889 932 832 
1080: 915 895 832 
1081: 932 895 832 
1082: 955 918 831 
1083: 971 918 831 
1084: 975 926 953 831 
1085: 989 988 972 843 
1086: 989 988 927 843 
1087: 880 927 843 
1088: 880 959 843 
1089: 992 920 843 
1090: 925 972 843 
1091: 999 988 920 843 
1092: 989 988 840 
1093: 939 930 840 
1094: 988 840 862 
1095: 985 970 851 
1096: 970 851 961 
1097: 851 975 926 953 
1098: 931 964 845 947 
1099: 931 845 947 875 
1100: 964 845 846 
1101: 845 875 846 
1102: 937 885 857 951 
1103: 901 857 951 
1104: 908 968 998 846 
1105: 875 846 871 
1106: 846 946 871 
1107: 888 960 855 
1108: 888 855 922 
1109: 929 902 855 
1110: 929 855 966 
1111: 971 923 855 
1112: 990 945 855 
1113: 990 960 855 
1114: 990 855 905 
1115: 945 923 855 
1116: 917 961 854 
1117: 989 988 972 960 854 
1118: 992 854 852 
1119: 992 889 932 852 
1120: 870 1000 887 
1121: 870 991 955 
1122: 870 991 925 
1123: 870 969 940 
1124: 870 948 965 
1125: 868 881 985 879 
1126: 994 872 951 
1127: 995 969 872 867 
1128: 943 996 873 
1129: 996 874 873 
1130: 874 906 873 
1131: 972 873 860 
1132: 972 873 965 
1133: 972 873 956 
1134: 933 941 864 
1135: 950 969 865 
1136: 969 865 867 
1137: 990 972 860 
1138: 995 998 969 867 
1139: 995 969 971 867 
1140: 998 969 976 867 
1141: 969 971 976 867 
1142: 971 867 918 
1143: 992 977 875 871 
1144: 979 999 988 920 862 
1145: 979 963 862 
1146: 999 906 920 862 
1147: 963 906 862 
1148: 1000 877 887 
1149: 1000 877 982 
1150: 877 884 973 
1151: 877 998 951 973 
1152: 877 901 951 
1153: 877 952 924 
1154: 877 930 973 
1155: 878 998 907 
1156: 883 992 954 
1157: 883 992 923 
1158: 993 884 954 965 
1159: 884 973 896 
1160: 884 965 896 
1161: 887 882 978 
1162: 982 993 880 
1163: 993 880 990 
1164: 996 880 927 
1165: 880 990 927 
1166: 996 898 947 986 
1167: 898 986 896 
1168: 987 874 967 984 
1169: 996 977 874 
1170: 996 975 874 
1171: 996 874 952 941 
1172: 971 874 946 
1173: 997 890 960 
1174: 972 890 960 
1175: 927 890 960 
1176: 891 961 973 
1177: 891 911 959 
1178: 894 988 972 
1179: 888 996 962 957 
1180: 888 996 986 
1181: 888 996 922 
1182: 888 907 935 
1183: 995 969 971 893 
1184: 992 990 945 930 893 
1185: 971 893 918 
1186: 939 979 886 
1187: 939 914 886 
1188: 939 909 886 
1189: 974 935 899 
1190: 974 899 896 
1191: 935 899 945 
1192: 985 949 902 
1193: 986 965 896 
1194: 908 974 968 998 
1195: 907 935 977 
1196: 995 909 927 
1197: 938 939 909 
1198: 939 909 927 
1199: 947 963 909 
1200: 994 913 910 
1201: 991 913 978 
1202: 988 913 910 
1203: 995 983 905 
1204: 993 990 905 
1205: 999 976 920 905 
1206: 989 988 910 
1207: 1000 912 989 
1208: 912 989 936 
1209: 912 989 960 
1210: 912 985 991 
1211: 912 996 976 
1212: 912 971 976 
1213: 939 914 927 
1214: 943 911 933 
1215: 970 955 918 
1216: 955 935 918 
1217: 929 926 953 
1218: 955 935 999 920 
1219: 935 979 999 920 
1220: 979 999 988 976 920 
1221: 942 952 924 
1222: 939 979 924 
1223: 985 991 925 972 
1224: 989 988 927 960 
1225: 989 990 927 960 
1226: 996 977 927 
1227: 950 979 923 
1228: 992 945 923 
1229: 939 979 923 
1230: 985 970 922 
1231: 994 929 951 
1232: 929 963 966 
1233: 997 945 952 
1234: 970 945 952 
1235: 939 979 930 
1236: 993 932 948 
1237: 998 932 966 
1238: 955 935 999 946 
1239: 935 979 999 946 
1240: 936 952 941 
1241: 942 952 956 
1242: 991 941 956 
1243: 996 941 957 
1244: 952 941 956 
1245: 989 983 944 
1246: 989 997 944 960 
1247: 989 990 944 960 
1248: 983 992 944 
1249: 992 990 944 
1250: 964 981 947 
1251: 964 947 963 
1252: 963 948 965 
1253: 1000 950 982 989 
1254: 950 989 990 
1255: 950 995 998 969 
1256: 950 998 969 976 
1257: 950 979 976 
1258: 985 970 952 
1259: 996 970 952 
1260: 970 969 952 
1261: 989 990 972 960 
1262: 995 971 959 
1263: 964 981 957 
1264: 991 986 972 956 
1265: 990 972 956 
1266: 964 963 966 
1267: 986 972 965 
1268: 989 974 990 
1269: 988 986 972 
