# The links from G:\Dropbox\Raghda\CNA\Final Project\other methods\CFinder-2.0.6--1448\G:\Dropbox\Raghda\CNA\Final Project\Datasets\binary_networks\LFR4\network_LFR4_Om5.dat
# at no lower link weight threshold,
# and at no upper link weight threshold.
# Links were treated as undirected.
# No time limit was set for the clique search.
# (mutual links and self-links were removed)

1 379
1 484
1 758
1 870
10 337
10 674
10 776
10 821
100 778
100 917
100 980
100 994
1000 111
1000 121
1000 128
1000 177
1000 178
1000 197
1000 237
1000 252
1000 269
1000 271
1000 273
1000 312
1000 313
1000 349
1000 359
1000 41
1000 449
1000 465
1000 466
1000 481
1000 524
1000 525
1000 591
1000 6
1000 612
1000 638
1000 641
1000 649
1000 654
1000 674
1000 679
1000 719
1000 734
1000 769
1000 815
1000 822
1000 823
1000 835
1000 870
1000 877
1000 878
1000 883
1000 887
1000 891
1000 912
1000 943
1000 95
1000 950
1000 982
1000 989
101 868
101 881
101 892
101 985
102 488
102 646
102 980
102 994
103 546
103 751
103 858
103 894
103 904
104 844
104 888
104 980
104 994
105 335
105 783
105 797
105 995
106 487
106 494
106 601
106 772
107 425
107 687
107 7
107 787
108 380
108 580
108 934
108 987
109 809
109 835
109 908
109 949
11 216
11 246
11 721
11 803
11 826
110 13
110 386
110 705
110 814
111 1000
111 175
111 876
111 993
112 552
112 569
112 793
112 983
113 332
113 342
113 942
113 985
114 931
114 991
114 993
114 996
115 314
115 641
115 737
115 849
115 997
116 161
116 719
116 878
116 964
117 453
117 635
117 894
117 970
118 618
118 722
118 767
118 997
119 140
119 836
119 94
119 974
12 381
12 724
12 884
12 955
120 335
120 457
120 820
120 882
121 1000
121 679
121 883
121 982
122 202
122 564
122 968
122 998
123 659
123 826
123 880
123 992
124 224
124 583
124 907
124 935
125 291
125 642
125 759
125 992
126 448
126 482
126 938
126 969
127 466
127 810
127 916
127 964
128 1000
128 237
128 835
128 991
129 344
129 455
129 749
129 783
13 110
13 137
13 678
13 783
130 37
130 611
130 700
130 701
131 892
131 898
131 962
131 981
132 268
132 585
132 681
132 925
133 188
133 743
133 796
133 991
134 826
134 887
134 916
134 985
135 311
135 602
135 701
135 977
136 573
136 851
136 937
136 939
137 13
137 653
137 790
137 849
138 38
138 477
138 557
138 792
139 760
139 839
139 962
139 995
14 780
14 801
14 934
14 964
140 119
140 403
140 620
140 714
141 177
141 790
141 838
141 898
142 623
142 687
142 822
142 894
142 964
143 648
143 833
143 842
143 934
143 989
144 52
144 582
144 671
144 979
145 468
145 562
145 737
145 997
146 592
146 613
146 794
146 931
147 561
147 682
147 845
147 931
148 596
148 608
148 685
148 877
149 503
149 914
149 989
149 999
15 189
15 336
15 469
15 667
150 22
150 488
150 762
150 961
151 270
151 674
151 877
151 883
152 636
152 900
152 929
152 971
153 814
153 889
153 908
153 975
154 669
154 790
154 798
154 936
155 721
155 744
155 794
155 936
156 496
156 701
156 746
156 876
157 765
157 842
157 947
157 963
158 396
158 483
158 578
158 583
159 502
159 650
159 689
159 792
16 21
16 573
16 874
16 991
160 634
160 901
160 911
160 982
161 116
161 568
161 817
161 909
162 276
162 713
162 853
162 904
163 806
163 926
163 953
163 975
164 259
164 324
164 656
164 734
165 724
165 881
165 953
165 961
165 994
166 818
166 848
166 858
166 947
167 245
167 487
167 694
167 891
168 364
168 486
168 800
168 899
169 779
169 824
169 885
169 887
17 857
17 885
17 901
17 937
170 513
170 731
170 971
170 975
170 988
171 551
171 594
171 606
171 915
172 366
172 513
172 664
172 971
173 187
173 290
173 667
173 949
174 478
174 586
174 755
174 897
175 111
175 778
175 935
175 988
176 282
176 818
176 917
176 990
177 1000
177 141
177 885
177 917
178 1000
178 680
178 940
178 974
179 683
179 710
179 872
179 945
18 558
18 726
18 962
18 999
180 523
180 824
180 904
180 968
180 983
181 828
181 942
181 958
181 986
181 992
182 824
182 911
182 943
182 951
183 807
183 839
183 986
183 987
184 673
184 850
184 969
184 995
185 719
185 841
185 882
185 952
186 729
186 754
186 812
186 980
187 173
187 834
187 91
187 949
188 133
188 542
188 753
188 972
189 15
189 286
189 842
189 999
19 382
19 432
19 569
19 675
190 888
190 913
190 961
190 970
191 611
191 927
191 989
191 994
191 999
192 622
192 906
192 928
192 930
193 296
193 403
193 974
193 989
194 205
194 348
194 378
194 987
195 557
195 650
195 763
195 792
196 263
196 863
196 904
196 985
196 999
197 1000
197 237
197 649
197 945
198 891
198 967
198 984
198 987
199 558
199 873
199 875
199 943
2 603
2 678
2 802
2 981
20 393
20 662
20 903
20 975
200 420
200 809
200 971
200 976
201 23
201 574
201 982
201 990
202 122
202 908
202 925
202 968
203 395
203 585
203 606
203 933
204 926
204 953
204 975
204 996
205 194
205 612
205 665
205 877
206 656
206 785
206 931
206 954
207 811
207 846
207 902
207 923
208 603
208 804
208 954
208 993
209 65
209 696
209 839
209 949
21 16
21 782
21 952
21 991
210 278
210 501
210 742
210 952
211 323
211 483
211 503
211 699
212 268
212 368
212 574
212 754
213 507
213 723
213 783
213 962
213 996
214 686
214 745
214 757
214 994
215 302
215 540
215 890
215 944
216 11
216 475
216 723
216 915
217 600
217 960
217 972
217 990
218 396
218 545
218 637
218 641
219 354
219 850
219 959
219 972
22 150
22 578
22 59
22 978
220 692
220 824
220 851
220 982
221 378
221 683
221 858
221 912
221 978
222 483
222 762
222 934
222 959
223 440
223 769
223 798
223 805
224 124
224 783
224 796
224 968
225 921
225 967
225 984
225 987
226 469
226 872
226 927
226 995
227 378
227 676
227 839
227 941
228 414
228 587
228 699
228 861
229 698
229 980
229 981
229 986
23 201
23 518
23 639
23 8
23 946
230 275
230 363
230 725
230 80
231 508
231 536
231 857
231 885
232 544
232 657
232 914
232 969
232 999
233 303
233 312
233 428
233 738
234 573
234 846
234 93
234 994
235 55
235 622
235 903
235 947
236 779
236 943
236 975
236 990
237 1000
237 128
237 197
237 6
238 317
238 465
238 650
238 66
238 792
239 706
239 751
239 841
239 916
239 934
239 946
24 428
24 680
24 779
24 855
240 492
240 707
240 802
240 958
240 974
241 45
241 481
241 643
241 957
241 961
242 638
242 764
242 823
242 893
242 902
243 488
243 539
243 640
243 752
243 983
244 270
244 674
244 844
244 938
244 939
245 167
245 33
245 463
245 633
245 894
246 11
246 588
246 978
246 979
246 983
247 430
247 449
247 760
247 855
247 930
248 706
248 814
248 929
248 985
248 994
249 382
249 385
249 547
249 875
249 937
25 78
25 790
25 908
25 974
250 800
250 837
250 903
250 959
250 971
251 618
251 777
251 936
251 971
251 977
252 1000
252 729
252 791
252 917
252 971
253 282
253 3
253 443
253 696
253 823
254 295
254 306
254 632
254 841
254 886
255 830
255 882
255 932
255 937
255 941
256 634
256 813
256 849
256 903
256 942
257 514
257 651
257 81
257 9
257 968
258 557
258 634
258 657
258 731
258 808
259 164
259 771
259 854
259 916
259 983
26 558
26 949
26 980
26 997
260 504
260 650
260 842
260 960
260 977
260 995
261 267
261 402
261 620
261 888
261 981
262 475
262 763
262 864
262 891
262 954
263 196
263 283
263 836
263 863
263 865
264 411
264 516
264 57
264 708
264 860
265 407
265 560
265 581
265 899
265 974
266 600
266 728
266 745
266 846
266 994
267 261
267 624
267 652
267 702
267 966
268 132
268 212
268 343
268 50
268 925
269 1000
269 771
269 829
269 925
269 931
27 30
27 795
27 963
27 979
270 151
270 244
270 322
270 938
270 939
271 1000
271 546
271 815
271 822
271 856
272 740
272 742
272 867
272 904
272 970
273 1000
273 522
273 584
273 591
273 950
274 446
274 651
274 856
274 884
274 917
275 230
275 756
275 895
275 958
275 968
276 162
276 597
276 657
277 388
277 920
277 946
277 988
277 999
278 210
278 500
278 739
278 952
278 98
279 522
279 612
279 699
279 715
279 912
28 328
28 863
28 905
28 948
280 915
280 960
280 963
280 981
280 999
281 335
281 589
281 767
281 834
281 976
282 176
282 253
282 40
282 461
282 569
283 263
283 648
283 846
283 911
283 999
284 360
284 376
284 726
284 884
284 976
285 525
285 753
285 759
285 871
285 89
286 189
286 616
286 848
286 902
286 915
287 476
287 700
287 728
287 858
287 951
288 500
288 518
288 845
288 867
288 902
289 743
289 818
289 909
289 974
289 997
29 577
29 797
29 799
29 973
290 173
290 372
290 772
290 928
290 949
291 125
291 888
291 936
291 977
291 994
292 432
292 783
292 914
292 985
292 989
293 561
293 632
293 711
293 812
293 968
293 971
294 450
294 643
294 970
294 975
294 996
295 254
295 488
295 534
295 841
295 978
296 193
296 629
296 818
296 974
296 989
297 592
297 848
297 904
297 978
297 981
298 375
298 426
298 723
298 944
298 992
299 391
299 628
299 651
299 873
299 965
3 253
3 436
3 696
3 933
30 27
30 331
30 519
30 985
300 340
300 572
300 611
300 857
300 885
301 401
301 720
301 797
301 802
301 891
302 215
302 446
302 944
302 966
302 977
303 233
303 575
303 620
303 684
303 779
304 849
304 882
304 934
304 944
304 997
305 517
305 531
305 884
305 979
305 999
306 254
306 576
306 965
306 968
306 973
307 341
307 905
307 920
307 984
307 999
308 447
308 529
308 623
308 747
308 998
309 519
309 616
309 788
309 849
309 992
31 700
31 729
31 893
31 966
310 827
310 866
310 960
310 979
310 993
311 135
311 583
311 935
311 955
311 977
312 1000
312 233
312 643
312 897
312 953
313 1000
313 806
313 926
313 953
313 975
314 115
314 361
314 72
314 887
314 951
315 611
315 653
315 701
315 966
315 986
316 550
316 759
316 783
316 826
316 889
317 238
317 423
317 557
317 689
317 792
318 399
318 858
318 886
318 944
318 987
319 721
319 723
319 744
319 794
319 913
32 554
32 694
32 730
32 793
320 385
320 390
320 547
320 818
320 937
321 647
321 684
321 758
321 917
321 961
322 270
322 538
322 576
322 973
322 998
323 211
323 55
323 695
323 884
323 973
324 164
324 630
324 924
324 977
324 991
325 590
325 650
325 808
325 832
325 980
326 698
326 754
326 825
326 956
326 991
327 586
327 899
327 943
327 978
327 989
328 28
328 371
328 569
328 572
328 717
329 503
329 552
329 623
329 822
329 939
33 245
33 334
33 894
33 909
330 419
330 577
330 879
330 942
330 986
331 30
331 570
331 890
331 955
331 970
332 113
332 894
332 913
332 942
332 961
333 389
333 762
333 836
333 838
333 900
334 33
334 749
334 915
334 960
334 998
335 105
335 120
335 281
335 357
335 457
336 15
336 353
336 707
336 940
336 958
337 10
337 708
337 914
337 937
337 939
338 738
338 814
338 925
338 971
338 980
339 788
339 849
339 955
339 991
34 671
34 728
34 985
34 994
340 300
340 536
340 572
340 857
340 885
341 307
341 920
341 947
341 955
341 999
342 113
342 643
342 719
342 772
342 913
343 268
343 782
343 886
343 994
343 997
344 129
344 685
344 791
344 825
344 988
345 609
345 754
345 910
345 991
345 998
346 919
346 921
346 967
346 984
346 987
347 780
347 795
347 801
347 934
347 938
348 194
348 639
348 737
348 803
348 981
349 1000
349 439
349 709
349 812
349 868
349 984
35 634
35 744
35 928
35 999
350 476
350 742
350 960
350 988
350 997
351 413
351 953
351 972
351 996
351 999
352 742
352 744
352 931
352 945
352 974
352 994
353 336
353 707
353 819
353 918
353 958
354 219
354 525
354 923
354 97
354 971
355 399
355 533
355 667
355 839
355 976
356 594
356 636
356 709
356 907
356 922
357 335
357 694
357 747
357 954
357 987
358 391
358 743
358 922
358 958
358 983
359 1000
359 735
359 865
359 950
359 979
36 574
36 601
36 752
36 773
36 988
360 284
360 726
360 836
360 933
360 940
361 314
361 505
361 592
361 678
361 997
362 747
362 857
362 960
362 987
362 993
362 994
363 230
363 393
363 725
363 80
363 910
364 168
364 626
364 876
364 956
364 976
365 618
365 693
365 810
365 896
365 958
366 172
366 408
366 664
366 959
366 971
367 831
367 874
367 885
367 889
367 925
368 212
368 378
368 703
368 88
368 909
369 737
369 761
369 783
369 871
369 978
37 130
37 655
37 746
37 900
370 791
370 976
370 978
370 979
370 996
371 328
371 570
371 722
371 890
371 970
372 290
372 662
372 860
372 882
372 949
373 736
373 931
373 949
373 973
373 995
374 462
374 842
374 916
374 987
374 991
374 995
375 298
375 723
375 944
375 992
376 284
376 726
376 836
376 883
376 896
376 933
377 539
377 752
377 907
377 929
377 944
377 983
378 194
378 221
378 227
378 368
378 603
378 909
379 1
379 509
379 595
379 779
379 855
379 974
38 138
38 586
38 773
38 807
38 975
380 108
380 565
380 576
380 735
380 793
380 899
381 12
381 447
381 65
381 784
381 870
381 884
382 19
382 249
382 458
382 857
382 948
382 955
383 836
383 838
383 842
383 852
383 972
383 989
384 490
384 585
384 606
384 659
384 933
384 991
385 249
385 320
385 547
385 818
385 875
385 937
386 110
386 508
386 705
386 796
386 814
386 930
387 411
387 486
387 515
387 537
387 979
387 999
388 277
388 644
388 920
388 935
388 988
388 999
389 333
389 483
389 859
389 950
389 951
389 998
39 791
39 912
39 913
39 979
390 320
390 687
390 856
390 878
390 976
390 982
391 299
391 358
391 530
391 743
391 922
391 983
392 625
392 682
392 845
392 931
392 946
392 964
393 20
393 363
393 525
393 964
393 966
393 978
394 625
394 682
394 845
394 931
394 946
394 964
395 203
395 490
395 571
395 606
395 834
395 933
396 158
396 218
396 67
396 869
396 972
396 990
397 499
397 601
397 692
397 841
397 968
397 981
398 409
398 42
398 426
398 433
398 577
398 823
399 318
399 355
399 774
399 839
399 974
399 976
4 765
4 852
4 864
4 878
4 934
40 282
40 440
40 871
40 902
400 707
400 733
400 854
400 916
400 958
400 974
401 301
401 468
401 497
401 735
401 897
401 992
402 261
402 810
402 848
402 858
402 964
402 965
403 140
403 193
403 56
403 960
403 980
403 997
404 440
404 691
404 750
404 942
404 972
404 986
405 672
405 697
405 954
405 956
405 965
405 993
406 717
406 79
406 880
406 940
406 970
406 996
407 265
407 635
407 832
407 923
407 945
407 988
408 366
408 664
408 831
408 891
408 936
408 942
409 398
409 57
409 850
409 915
409 939
409 958
41 1000
41 889
41 902
41 936
410 757
410 838
410 881
410 915
410 944
410 994
411 264
411 387
411 694
411 793
411 943
411 988
412 525
412 817
412 877
412 903
412 949
412 957
413 351
413 423
413 427
413 433
413 619
413 981
414 228
414 428
414 856
414 857
414 982
414 998
415 748
415 908
415 909
415 949
415 968
415 980
416 704
416 852
416 889
416 923
416 983
416 992
417 629
417 762
417 942
417 948
417 989
417 999
418 635
418 660
418 686
418 852
418 889
418 932
419 330
419 895
419 966
419 981
419 993
419 995
42 398
42 490
42 785
42 858
420 200
420 791
420 952
420 978
420 979
420 996
421 629
421 667
421 695
421 844
421 896
421 986
422 506
422 868
422 874
422 881
422 930
422 985
423 317
423 413
423 726
423 765
423 917
423 946
424 439
424 754
424 764
424 917
424 922
424 953
425 107
425 499
425 687
425 7
425 787
425 896
426 298
426 398
426 429
426 518
426 912
426 968
427 413
427 429
427 752
427 826
427 963
427 964
428 233
428 24
428 414
428 738
428 784
428 974
429 426
429 427
429 665
429 777
429 789
429 998
43 565
43 958
43 964
43 981
430 247
430 56
430 571
430 843
430 974
430 989
431 842
431 881
431 918
431 970
431 984
431 987
432 19
432 292
432 613
432 662
432 675
432 962
433 398
433 413
433 783
433 869
433 962
433 981
434 460
434 500
434 629
434 859
434 916
434 949
435 48
435 619
435 734
435 846
435 881
435 925
436 3
436 664
436 830
436 909
436 952
436 968
437 638
437 718
437 752
437 916
437 984
437 993
438 59
438 621
438 775
438 905
438 924
438 948
439 349
439 424
439 626
439 876
439 973
439 976
44 779
44 794
44 960
44 990
440 223
440 40
440 404
440 53
440 805
440 816
441 579
441 710
441 731
441 828
441 957
441 961
442 485
442 593
442 751
442 812
442 948
442 995
443 253
443 510
443 520
443 808
443 904
443 925
444 543
444 652
444 789
444 925
444 934
444 974
445 616
445 721
445 788
445 965
445 970
445 982
446 274
446 302
446 589
446 869
446 890
446 966
447 308
447 381
447 499
447 733
447 870
447 955
448 126
448 632
448 678
448 698
448 73
448 803
449 1000
449 247
449 542
449 594
449 867
449 96
45 241
45 891
45 894
45 957
450 294
450 482
450 515
450 902
450 929
450 963
451 739
451 74
451 798
451 830
451 941
451 980
452 601
452 764
452 893
452 917
452 987
452 999
453 117
453 497
453 784
453 904
453 927
453 931
454 59
454 795
454 85
454 871
454 949
454 993
455 129
455 729
455 942
455 963
455 968
455 993
456 509
456 529
456 902
456 959
456 963
456 964
457 120
457 335
457 561
457 643
457 820
457 93
458 382
458 587
458 752
458 929
458 944
458 983
459 691
459 714
459 798
459 802
459 925
459 999
46 883
46 956
46 983
46 993
460 434
460 475
460 552
460 684
460 741
460 983
461 282
461 544
461 748
461 974
461 984
461 987
462 374
462 617
462 678
462 838
462 958
462 969
463 245
463 756
463 773
463 962
463 979
463 981
464 597
464 639
464 643
464 842
464 856
464 924
465 1000
465 238
465 774
465 790
465 881
465 958
465 994
466 1000
466 127
466 514
466 522
466 789
466 992
467 489
467 524
467 542
467 594
467 843
467 990
468 145
468 401
468 737
468 899
468 945
468 997
469 15
469 226
469 480
469 648
469 781
469 995
47 867
47 924
47 940
47 969
470 475
470 545
470 895
470 903
470 905
470 92
471 716
471 849
471 932
471 980
471 982
471 994
472 499
472 520
472 656
472 872
472 907
472 985
473 514
473 720
473 747
473 799
473 914
473 973
474 570
474 803
474 923
474 935
474 959
474 977
475 216
475 262
475 460
475 470
475 565
475 847
476 287
476 350
476 768
476 803
476 960
476 997
477 138
477 681
477 845
477 857
477 885
477 980
478 174
478 586
478 755
478 872
478 897
478 975
479 848
479 858
479 890
479 901
479 947
479 964
48 435
48 635
48 803
48 894
480 469
480 499
480 917
480 970
480 980
480 989
481 1000
481 241
481 486
481 676
481 794
481 848
482 126
482 450
482 635
482 683
482 915
482 944
482 975
483 158
483 211
483 222
483 389
483 807
483 836
483 863
484 1
484 581
484 786
484 792
484 828
484 878
484 879
485 442
485 800
485 861
485 887
485 900
485 940
485 997
486 168
486 387
486 481
486 746
486 900
486 953
486 975
487 106
487 167
487 494
487 601
487 802
487 891
487 894
488 102
488 150
488 243
488 295
488 794
488 895
488 987
489 467
489 557
489 789
489 827
489 950
489 989
489 992
49 575
49 738
49 916
49 996
490 384
490 395
490 42
490 606
490 834
490 933
490 995
491 611
491 919
491 949
491 968
491 993
491 997
491 998
492 240
492 693
492 707
492 725
492 769
492 918
492 958
493 692
493 719
493 765
493 824
493 905
493 953
493 989
494 106
494 487
494 793
494 910
494 958
494 989
494 999
495 686
495 787
495 797
495 829
495 928
495 930
495 994
496 156
496 611
496 831
496 864
496 966
496 978
496 995
497 401
497 453
497 682
497 728
497 973
497 994
497 996
498 773
498 852
498 904
498 953
498 960
498 975
498 997
499 397
499 425
499 447
499 472
499 480
499 766
499 95
5 935
5 946
5 971
5 977
50 268
50 843
50 875
50 991
500 278
500 288
500 434
500 785
500 935
500 952
500 978
501 210
501 633
501 638
501 837
501 959
501 973
501 999
502 159
502 61
502 691
502 73
502 931
502 962
502 981
503 149
503 211
503 329
503 517
503 781
503 906
503 963
504 260
504 506
504 868
504 881
504 901
504 978
504 985
505 361
505 592
505 678
505 761
505 803
505 931
505 951
506 422
506 504
506 868
506 881
506 923
506 930
506 985
507 213
507 531
507 541
507 674
507 74
507 958
507 985
508 231
508 386
508 785
508 942
508 963
508 965
508 986
509 379
509 456
509 583
509 637
509 759
509 902
509 955
51 644
51 898
51 962
51 981
510 443
510 743
510 866
510 900
510 940
510 962
510 981
511 560
511 662
511 699
511 837
511 867
511 885
511 912
512 580
512 786
512 886
512 974
512 990
512 992
512 999
513 170
513 172
513 831
513 847
513 886
513 959
513 971
514 257
514 466
514 473
514 799
514 838
514 861
514 941
515 387
515 450
515 744
515 903
515 941
515 960
515 966
516 264
516 555
516 562
516 708
516 948
516 993
516 994
517 305
517 503
517 707
517 871
517 924
517 928
517 972
518 23
518 288
518 426
518 690
518 783
518 945
518 970
519 30
519 309
519 633
519 841
519 912
519 929
519 987
52 144
52 738
52 755
52 983
520 443
520 472
520 648
520 812
520 882
520 943
520 958
521 806
521 926
521 946
521 953
521 975
522 273
522 279
522 466
522 699
522 704
522 928
522 939
523 180
523 560
523 628
523 78
523 908
523 977
523 994
524 1000
524 467
524 531
524 767
524 827
524 863
524 973
525 1000
525 285
525 354
525 393
525 412
525 712
525 944
526 604
526 787
526 871
526 907
526 954
526 969
526 993
527 593
527 796
527 932
527 934
527 976
527 980
527 982
528 562
528 911
528 933
528 949
528 959
528 960
528 980
529 308
529 456
529 780
529 801
529 933
529 934
529 964
53 440
53 608
53 798
53 816
530 391
530 917
530 952
530 954
530 962
530 981
530 993
531 305
531 507
531 524
531 537
531 904
531 911
531 958
532 717
532 723
532 864
532 881
532 923
532 969
532 991
533 355
533 638
533 648
533 827
533 939
533 969
533 999
534 295
534 823
534 841
534 887
534 901
534 952
534 978
535 568
535 614
535 811
535 835
535 880
535 959
535 990
536 231
536 340
536 572
536 584
536 857
536 885
536 951
537 387
537 531
537 607
537 642
537 871
537 977
537 992
538 322
538 639
538 714
538 723
538 791
538 902
538 973
539 243
539 377
539 752
539 850
539 923
539 929
539 98
54 751
54 840
54 984
54 999
540 215
540 597
540 614
540 657
540 811
540 884
540 982
541 507
541 629
541 833
541 862
541 887
541 908
541 968
542 188
542 449
542 467
542 636
542 827
542 854
542 915
543 444
543 553
543 655
543 730
543 861
543 866
543 900
544 232
544 461
544 550
544 773
544 913
544 918
544 978
545 218
545 470
545 565
545 747
545 851
545 925
545 950
546 103
546 271
546 807
546 815
546 856
546 878
546 966
547 249
547 320
547 385
547 613
547 875
547 921
547 937
548 776
548 919
548 921
548 936
548 967
548 984
548 987
549 616
549 622
549 734
549 835
549 906
549 928
549 941
55 235
55 323
55 732
55 956
550 316
550 544
550 773
550 913
550 918
550 978
551 171
551 750
551 942
551 947
551 956
551 972
551 986
552 112
552 329
552 460
552 619
552 866
552 978
552 983
553 543
553 631
553 694
553 737
553 957
553 982
553 997
554 32
554 694
554 730
554 762
554 840
554 866
554 942
555 516
555 619
555 681
555 888
555 916
555 943
555 996
556 727
556 791
556 890
556 916
556 958
556 982
556 985
557 138
557 195
557 258
557 317
557 489
557 689
557 792
558 18
558 199
558 26
558 582
558 817
558 873
558 943
559 717
559 816
559 844
559 906
559 922
559 970
559 996
56 403
56 430
56 854
56 974
560 265
560 511
560 523
560 606
560 748
560 759
560 821
561 147
561 293
561 457
561 578
561 809
561 915
561 969
561 983
562 145
562 516
562 528
562 597
562 657
562 778
562 785
562 868
563 74
563 83
563 835
563 977
563 982
563 989
563 991
563 994
564 122
564 787
564 838
564 904
564 918
564 953
564 968
564 975
565 380
565 43
565 475
565 545
565 661
565 735
565 793
565 899
566 686
566 756
566 770
566 807
566 863
566 865
566 979
566 994
567 824
567 867
567 926
567 957
567 975
567 985
567 993
567 994
568 161
568 535
568 676
568 817
568 838
568 927
568 938
568 964
569 112
569 19
569 282
569 328
569 690
569 702
569 932
569 943
57 264
57 409
57 980
57 997
570 331
570 371
570 474
570 758
570 768
570 796
570 816
570 882
571 395
571 430
571 589
571 736
571 799
571 951
571 973
571 998
572 300
572 328
572 340
572 536
572 857
572 885
572 901
572 937
573 136
573 16
573 234
573 911
573 954
573 956
573 984
573 993
574 201
574 212
574 36
574 764
574 822
574 856
574 878
574 998
575 303
575 49
575 594
575 694
575 773
575 815
575 866
575 878
576 306
576 322
576 380
576 916
576 928
576 949
576 976
576 998
577 29
577 330
577 398
577 596
577 630
577 747
577 798
577 907
578 158
578 22
578 561
578 605
578 680
578 755
578 895
578 915
579 441
579 710
579 731
579 821
579 828
579 875
579 957
579 961
58 719
58 938
58 956
58 991
580 108
580 512
580 616
580 676
580 71
580 771
580 797
580 90
581 265
581 484
581 602
581 832
581 879
581 945
581 974
581 998
582 144
582 558
582 736
582 873
582 879
582 955
582 986
582 996
583 124
583 158
583 311
583 509
583 640
583 886
583 955
583 977
584 273
584 536
584 633
584 690
584 769
584 771
584 903
584 999
585 132
585 203
585 384
585 743
585 784
585 828
585 859
585 905
586 174
586 327
586 38
586 478
586 755
586 872
586 885
586 897
587 228
587 458
587 785
587 812
587 903
587 946
587 966
587 971
588 246
588 652
588 861
588 904
588 941
588 966
588 990
588 992
589 281
589 446
589 571
589 893
589 918
589 944
589 966
589 977
59 22
59 438
59 454
59 960
590 325
590 600
590 749
590 801
590 809
590 863
590 934
590 944
591 1000
591 273
591 703
591 777
591 787
591 979
591 986
591 997
592 146
592 297
592 361
592 505
592 681
592 698
592 869
592 997
593 442
593 527
593 751
593 775
593 812
593 900
593 948
593 995
594 171
594 356
594 449
594 467
594 575
594 692
594 816
594 951
595 379
595 688
595 737
595 826
595 954
595 968
595 997
595 998
596 148
596 577
596 726
596 942
596 964
596 978
596 986
596 997
597 276
597 464
597 540
597 562
597 657
597 777
597 803
597 88
598 654
598 726
598 728
598 830
598 837
598 882
598 973
598 994
599 686
599 706
599 712
599 728
599 745
599 910
599 985
599 994
6 1000
6 237
6 66
6 997
60 610
60 634
60 64
60 748
600 217
600 266
600 590
600 890
600 944
600 988
600 989
600 997
601 106
601 36
601 397
601 452
601 487
601 649
601 772
601 973
602 135
602 581
602 624
602 702
602 941
602 952
602 973
602 974
603 2
603 208
603 378
603 639
603 695
603 845
603 939
603 950
604 526
604 754
604 837
604 857
604 885
604 887
604 956
604 957
605 578
605 687
605 915
605 916
605 931
605 962
605 978
605 981
606 171
606 203
606 384
606 395
606 490
606 560
606 834
606 933
607 537
607 807
607 886
607 906
607 941
607 960
607 979
607 980
608 148
608 53
608 659
608 681
608 870
608 875
608 925
608 985
609 345
609 735
609 754
609 886
609 910
609 956
609 991
609 998
61 502
61 799
61 860
61 959
610 60
610 646
610 745
610 859
610 879
610 891
610 993
610 994
611 130
611 191
611 300
611 315
611 491
611 496
611 700
611 995
612 1000
612 205
612 279
612 699
612 741
612 848
612 958
612 971
613 146
613 432
613 547
613 705
613 925
613 972
613 973
613 988
614 535
614 540
614 811
614 834
614 845
614 880
614 959
614 990
615 776
615 900
615 919
615 921
615 967
615 984
615 987
615 991
616 286
616 309
616 445
616 549
616 580
616 709
616 936
616 973
617 462
617 785
617 819
617 867
617 940
617 969
617 970
617 995
618 118
618 251
618 365
618 868
618 900
618 977
618 997
618 999
619 413
619 435
619 552
619 555
619 766
619 812
619 927
619 952
62 621
62 716
62 721
62 907
620 140
620 261
620 303
620 684
620 779
620 914
620 973
620 974
621 438
621 62
621 733
621 798
621 813
621 905
621 924
621 948
622 192
622 235
622 549
622 672
622 928
622 930
622 936
622 941
622 956
623 142
623 308
623 329
623 741
623 805
623 895
623 909
623 963
623 965
624 267
624 602
624 652
624 702
624 911
624 932
624 957
624 964
624 966
625 392
625 394
625 682
625 817
625 845
625 862
625 931
625 946
625 947
626 364
626 439
626 718
626 820
626 868
626 925
626 926
626 960
626 975
627 70
627 725
627 793
627 858
627 925
627 954
627 984
627 987
627 993
628 299
628 523
628 741
628 797
628 804
628 833
628 894
628 965
628 972
629 296
629 417
629 421
629 434
629 541
629 698
629 849
629 965
629 968
63 845
63 880
63 931
63 947
630 324
630 577
630 771
630 774
630 933
630 945
630 969
630 984
630 987
631 553
631 651
631 888
631 895
631 915
631 920
631 962
631 981
631 999
632 254
632 293
632 448
632 698
632 841
632 937
632 959
632 969
632 983
633 245
633 501
633 519
633 584
633 682
633 705
633 88
633 891
633 969
634 160
634 256
634 258
634 35
634 60
634 834
634 914
634 940
634 982
635 117
635 407
635 418
635 48
635 482
635 770
635 945
635 968
635 974
636 152
636 356
636 542
636 665
636 676
636 833
636 839
636 864
636 876
637 218
637 509
637 655
637 699
637 738
637 855
637 912
637 943
637 982
638 1000
638 242
638 437
638 501
638 533
638 827
638 863
638 950
638 992
639 23
639 348
639 464
639 538
639 603
639 659
639 709
639 942
639 950
64 60
64 732
64 858
64 897
640 243
640 583
640 788
640 849
640 866
640 873
640 952
640 961
640 977
641 1000
641 115
641 218
641 835
641 848
641 956
641 959
641 976
641 980
642 125
642 537
642 753
642 759
642 871
642 938
642 950
642 977
642 992
643 241
643 294
643 312
643 342
643 457
643 464
643 957
643 961
643 985
644 388
644 51
644 869
644 906
644 920
644 955
644 976
644 979
644 999
645 660
645 669
645 790
645 828
645 908
645 910
645 953
645 968
645 975
646 102
646 610
646 709
646 749
646 775
646 787
646 823
646 907
646 980
647 321
647 788
647 849
647 904
647 917
647 935
647 936
647 962
647 981
648 143
648 283
648 469
648 520
648 533
648 863
648 895
648 927
648 959
649 1000
649 197
649 601
649 754
649 891
649 904
649 956
649 978
649 979
65 209
65 381
65 938
65 984
650 159
650 195
650 238
650 260
650 325
650 689
650 769
650 792
650 893
651 257
651 274
651 299
651 631
651 754
651 762
651 771
651 841
651 998
652 267
652 444
652 588
652 624
652 702
652 887
652 957
652 964
652 966
653 137
653 315
653 701
653 746
653 831
653 857
653 893
653 978
653 995
654 1000
654 598
654 670
654 784
654 815
654 822
654 856
654 908
654 966
655 37
655 543
655 637
655 673
655 708
655 746
655 781
655 894
655 900
656 164
656 206
656 472
656 823
656 824
656 864
656 888
656 963
656 966
657 232
657 258
657 276
657 540
657 562
657 597
657 777
657 803
657 976
658 660
658 714
658 718
658 780
658 861
658 934
658 939
658 949
658 961
659 123
659 384
659 608
659 639
659 910
659 917
659 925
659 927
659 950
66 238
66 6
66 805
66 984
660 418
660 645
660 658
660 704
660 774
660 852
660 889
660 983
660 992
661 565
661 796
661 861
661 866
661 914
661 930
661 962
661 981
661 992
662 20
662 372
662 432
662 511
662 810
662 917
662 922
662 949
662 994
663 689
663 697
663 721
663 832
663 884
663 902
663 961
663 966
663 993
664 172
664 366
664 408
664 436
664 891
664 942
664 959
664 971
664 990
665 205
665 429
665 636
665 671
665 689
665 792
665 886
665 905
665 949
666 744
666 855
666 863
666 895
666 914
666 917
666 920
666 953
666 975
667 15
667 173
667 355
667 421
667 842
667 904
667 949
667 976
667 986
668 697
668 699
668 883
668 884
668 897
668 922
668 954
668 990
668 993
669 154
669 645
669 738
669 790
669 798
669 879
669 92
669 936
669 957
67 396
67 833
67 941
67 957
670 654
670 734
670 764
670 815
670 822
670 856
670 878
670 979
670 998
671 144
671 34
671 665
671 684
671 949
671 954
671 984
671 987
671 993
672 405
672 622
672 753
672 836
672 928
672 953
672 954
672 960
672 975
673 184
673 655
673 779
673 829
673 864
673 926
673 954
673 975
673 993
674 10
674 1000
674 151
674 244
674 507
674 851
674 883
674 924
674 937
675 19
675 432
675 744
675 751
675 794
675 837
675 903
675 917
675 929
675 994
676 227
676 481
676 568
676 580
676 636
676 720
676 739
676 865
676 876
676 943
677 811
677 822
677 835
677 915
677 930
677 951
677 980
677 994
677 998
677 999
678 13
678 2
678 361
678 448
678 462
678 505
678 698
678 759
678 951
678 997
679 1000
679 121
679 780
679 902
679 905
679 934
679 940
679 966
679 982
679 993
68 790
68 817
68 885
68 999
680 178
680 24
680 578
680 801
680 809
680 899
680 915
680 923
680 934
680 998
681 132
681 477
681 555
681 592
681 608
681 689
681 722
681 856
681 895
681 997
682 147
682 392
682 394
682 497
682 625
682 633
682 845
682 931
682 946
682 964
683 179
683 221
683 482
683 794
683 817
683 873
683 890
683 906
683 953
683 972
684 303
684 321
684 460
684 620
684 671
684 827
684 854
684 948
684 950
684 988
685 148
685 344
685 741
685 830
685 912
685 927
685 953
685 961
685 975
685 995
686 214
686 418
686 495
686 566
686 599
686 745
686 913
686 951
686 985
686 994
687 107
687 142
687 390
687 425
687 605
687 7
687 787
687 795
687 805
687 896
688 595
688 712
688 790
688 818
688 826
688 840
688 907
688 928
689 159
689 317
689 557
689 650
689 663
689 665
689 681
689 69
689 792
689 805
69 689
69 747
69 871
69 876
690 518
690 569
690 584
690 801
690 88
690 899
690 917
690 934
690 970
690 978
691 404
691 459
691 502
691 732
691 750
691 942
691 947
691 956
691 972
691 986
692 220
692 397
692 493
692 594
692 824
692 893
692 907
692 933
692 943
692 982
693 365
693 492
693 707
693 819
693 854
693 896
693 906
693 918
693 940
693 958
694 167
694 32
694 357
694 411
694 553
694 554
694 575
694 793
694 861
694 866
695 323
695 421
695 603
695 760
695 838
695 896
695 939
695 984
695 987
695 997
696 209
696 253
696 3
696 811
696 834
696 851
696 865
696 929
696 949
696 969
697 405
697 663
697 668
697 804
697 859
697 948
697 950
697 954
697 982
697 993
698 229
698 326
698 448
698 592
698 629
698 632
698 678
698 703
698 808
698 997
699 211
699 228
699 279
699 511
699 522
699 612
699 637
699 668
699 89
699 912
7 107
7 425
7 687
7 787
70 627
70 702
70 900
70 915
700 130
700 287
700 31
700 611
700 701
700 831
700 930
700 966
700 978
700 995
701 130
701 135
701 156
701 315
701 653
701 700
701 712
701 893
701 978
701 995
702 267
702 569
702 602
702 624
702 652
702 70
702 833
702 932
702 957
702 964
703 368
703 591
703 698
703 856
703 858
703 869
703 878
703 909
703 936
703 996
704 416
704 522
704 660
704 774
704 852
704 869
704 889
704 923
704 963
704 983
705 110
705 386
705 613
705 633
705 767
705 781
705 782
705 862
705 87
705 988
706 239
706 248
706 599
706 728
706 745
706 83
706 913
706 951
706 985
706 994
707 240
707 336
707 353
707 400
707 492
707 517
707 693
707 788
707 958
707 974
708 264
708 337
708 516
708 655
708 763
708 861
708 866
708 962
708 979
708 981
709 349
709 356
709 616
709 639
709 646
709 712
709 824
709 950
709 973
709 996
71 580
71 833
71 894
71 972
710 179
710 441
710 579
710 731
710 774
710 828
710 875
710 876
710 957
710 961
711 293
711 761
711 842
711 869
711 917
711 927
711 936
711 957
711 961
711 971
712 525
712 599
712 688
712 701
712 709
712 826
712 912
712 925
712 963
712 989
712 995
713 162
713 782
713 853
713 883
713 904
713 961
713 988
714 140
714 459
714 538
714 658
714 781
714 782
714 816
714 874
714 903
714 926
714 975
715 279
715 730
715 822
715 825
715 945
715 954
715 962
715 966
715 981
715 987
715 993
716 471
716 62
716 740
716 789
716 825
716 864
716 876
716 909
716 911
716 933
716 995
717 328
717 406
717 532
717 559
717 760
717 783
717 906
717 922
717 940
717 970
717 996
718 437
718 626
718 658
718 777
718 820
718 863
718 926
718 949
718 953
718 974
718 977
719 1000
719 116
719 185
719 342
719 493
719 58
719 882
719 949
719 952
719 968
719 985
72 314
72 773
72 784
72 994
720 301
720 473
720 676
720 747
720 785
720 827
720 834
720 838
720 960
720 966
720 972
721 11
721 155
721 319
721 445
721 62
721 663
721 744
721 794
721 913
721 924
721 993
722 118
722 371
722 681
722 778
722 869
722 920
722 922
722 932
722 961
722 997
722 999
723 213
723 216
723 298
723 319
723 375
723 532
723 538
723 816
723 883
723 944
723 992
724 12
724 165
724 788
724 830
724 849
724 868
724 870
724 881
724 908
724 968
724 979
725 230
725 363
725 492
725 627
725 827
725 908
725 914
725 958
725 968
725 978
725 983
726 18
726 284
726 360
726 376
726 423
726 596
726 598
726 836
726 884
726 896
726 933
727 556
727 791
727 799
727 811
727 886
727 896
727 922
727 940
727 958
727 990
727 996
728 266
728 287
728 34
728 497
728 598
728 599
728 706
728 846
728 910
728 985
728 994
729 186
729 252
729 31
729 455
729 811
729 837
729 903
729 940
729 959
729 970
729 978
73 448
73 502
73 869
73 997
730 32
730 543
730 554
730 715
730 762
730 861
730 866
730 9
730 911
730 914
730 961
731 170
731 258
731 441
731 579
731 710
731 808
731 828
731 876
731 957
731 961
731 972
732 55
732 64
732 691
732 750
732 803
732 853
732 899
732 904
732 908
732 968
732 976
733 400
733 447
733 621
733 762
733 784
733 811
733 852
733 863
733 866
733 889
733 958
734 1000
734 164
734 435
734 549
734 670
734 757
734 859
734 863
734 901
734 918
734 922
735 359
735 380
735 401
735 565
735 609
735 760
735 899
735 908
735 956
735 968
735 992
736 373
736 571
736 582
736 771
736 819
736 840
736 85
736 86
736 872
736 938
736 941
737 115
737 145
737 348
737 369
737 468
737 553
737 595
737 899
737 945
737 982
737 997
738 233
738 338
738 428
738 49
738 52
738 637
738 669
738 770
738 790
738 829
738 876
739 278
739 451
739 676
739 748
739 802
739 827
739 864
739 870
739 914
739 980
739 995
74 451
74 507
74 563
74 982
740 272
740 716
740 819
740 820
740 829
740 864
740 911
740 932
740 941
740 995
740 997
741 460
741 612
741 623
741 628
741 685
741 758
741 851
741 909
741 936
741 965
741 983
742 210
742 272
742 350
742 352
742 829
742 909
742 951
742 960
742 968
742 973
742 984
743 133
743 289
743 358
743 391
743 510
743 585
743 755
743 855
743 905
743 922
743 983
743 998
744 155
744 319
744 35
744 352
744 515
744 666
744 675
744 721
744 794
744 913
744 924
744 992
745 214
745 266
745 599
745 610
745 686
745 706
745 814
745 929
745 965
745 982
745 985
745 994
746 156
746 37
746 486
746 653
746 655
746 766
746 819
746 829
746 857
746 885
746 958
746 998
747 308
747 357
747 362
747 473
747 545
747 577
747 69
747 720
747 768
747 786
747 799
747 914
748 415
748 461
748 560
748 60
748 739
748 861
748 876
748 905
748 911
748 914
748 922
748 943
749 129
749 334
749 590
749 646
749 800
749 830
749 865
749 932
749 937
749 941
749 967
749 980
75 779
75 839
75 870
75 970
750 404
750 551
750 691
750 732
750 892
750 942
750 947
750 951
750 956
750 972
750 986
750 99
751 103
751 239
751 442
751 54
751 593
751 675
751 775
751 812
751 879
751 900
751 948
751 995
752 243
752 36
752 377
752 427
752 437
752 458
752 539
752 832
752 850
752 923
752 956
752 983
753 188
753 285
753 642
753 672
753 759
753 871
753 878
753 897
753 938
753 946
753 977
753 992
754 186
754 212
754 326
754 345
754 424
754 604
754 609
754 649
754 651
754 886
754 935
754 998
755 174
755 478
755 52
755 578
755 586
755 743
755 915
755 926
755 953
755 963
755 975
755 983
756 275
756 463
756 566
756 88
756 894
756 90
756 910
756 929
756 936
756 97
756 983
756 989
757 214
757 410
757 734
757 761
757 766
757 805
757 859
757 860
757 880
757 882
757 94
757 990
758 1
758 321
758 570
758 741
758 764
758 778
758 779
758 844
758 917
758 932
758 955
758 998
759 125
759 285
759 316
759 509
759 560
759 642
759 678
759 753
759 871
759 946
759 977
759 992
76 802
76 909
76 937
76 941
760 139
760 247
760 695
760 717
760 735
760 820
760 841
760 872
760 886
760 979
760 984
760 987
761 369
761 505
761 711
761 757
761 778
761 820
761 834
761 859
761 864
761 899
761 918
761 997
762 150
762 222
762 333
762 417
762 554
762 651
762 730
762 733
762 840
762 851
762 861
762 866
763 195
763 262
763 708
763 777
763 792
763 803
763 817
763 860
763 864
763 916
763 924
763 948
764 242
764 424
764 452
764 574
764 670
764 758
764 807
764 815
764 822
764 843
764 878
764 907
765 157
765 4
765 423
765 493
765 770
765 811
765 842
765 928
765 947
765 948
765 963
766 499
766 619
766 746
766 757
766 837
766 852
766 859
766 889
766 894
766 899
766 959
766 96
767 118
767 281
767 524
767 705
767 781
767 833
767 848
767 877
767 973
767 990
767 997
767 998
768 476
768 570
768 747
768 777
768 795
768 799
768 816
768 959
768 960
768 984
768 987
768 999
769 1000
769 223
769 492
769 584
769 650
769 773
769 792
769 800
769 805
769 950
769 958
769 980
77 777
77 793
77 935
77 976
770 566
770 635
770 738
770 765
770 788
770 842
770 849
770 868
770 881
770 907
770 935
770 955
771 259
771 269
771 580
771 584
771 630
771 651
771 736
771 819
771 840
771 86
771 872
771 930
771 938
772 106
772 290
772 342
772 601
772 790
772 852
772 879
772 888
772 889
772 898
772 936
772 962
772 981
773 36
773 38
773 463
773 498
773 544
773 550
773 575
773 72
773 769
773 88
773 913
773 918
773 978
774 399
774 465
774 630
774 660
774 704
774 710
774 779
774 797
774 828
774 839
774 869
774 958
774 969
775 438
775 593
775 646
775 751
775 777
775 789
775 920
775 924
775 967
775 981
775 984
775 987
775 999
776 10
776 548
776 615
776 919
776 921
776 965
776 967
776 984
776 986
776 987
776 991
777 251
777 429
777 591
777 597
777 657
777 718
777 763
777 768
777 77
777 775
777 799
777 896
777 907
778 100
778 175
778 562
778 722
778 758
778 761
778 786
778 820
778 888
778 910
778 918
778 986
778 988
779 169
779 236
779 24
779 303
779 379
779 44
779 620
779 673
779 75
779 758
779 774
779 836
779 975
78 25
78 523
78 862
78 998
780 14
780 347
780 529
780 658
780 679
780 800
780 801
780 873
780 877
780 934
780 938
780 951
780 964
781 469
781 503
781 655
781 705
781 714
781 767
781 837
781 872
781 894
781 906
781 913
781 963
781 982
782 21
782 343
782 705
782 713
782 714
782 853
782 898
782 904
782 954
782 962
782 968
782 981
782 993
783 105
783 129
783 13
783 213
783 224
783 292
783 316
783 369
783 433
783 518
783 717
783 945
783 970
784 381
784 428
784 453
784 585
784 654
784 72
784 733
784 878
784 955
784 965
784 984
784 986
784 987
785 206
785 42
785 500
785 508
785 562
785 587
785 617
785 720
785 800
785 836
785 838
785 900
785 938
786 484
786 512
786 747
786 778
786 887
786 908
786 941
786 945
786 980
786 988
786 990
786 993
786 997
787 107
787 425
787 495
787 526
787 564
787 591
787 646
787 687
787 7
787 795
787 805
787 896
787 974
788 309
788 339
788 445
788 640
788 647
788 707
788 724
788 770
788 849
788 955
788 991
789 429
789 444
789 466
789 489
789 716
789 775
789 796
789 799
789 800
789 81
789 897
789 914
789 928
789 995
79 406
79 920
79 988
79 999
790 137
790 141
790 154
790 25
790 465
790 645
790 669
790 68
790 688
790 738
790 772
790 798
790 879
790 936
791 252
791 344
791 370
791 39
791 420
791 538
791 556
791 727
791 887
791 912
791 952
791 978
791 979
791 996
792 138
792 159
792 195
792 238
792 317
792 484
792 557
792 650
792 665
792 689
792 763
792 769
792 805
792 862
793 112
793 32
793 380
793 411
793 494
793 565
793 627
793 694
793 77
793 861
793 954
793 969
793 990
793 993
794 146
794 155
794 319
794 44
794 481
794 488
794 675
794 683
794 721
794 744
794 819
794 913
794 924
794 93
795 27
795 347
795 454
795 687
795 768
795 787
795 868
795 881
795 920
795 967
795 979
795 984
795 987
795 999
796 133
796 224
796 386
796 527
796 570
796 661
796 789
796 798
796 913
796 920
796 924
796 970
796 988
796 999
797 105
797 29
797 301
797 495
797 580
797 628
797 774
797 799
797 860
797 896
797 916
797 949
797 976
797 996
798 154
798 223
798 451
798 459
798 53
798 577
798 621
798 669
798 790
798 796
798 816
798 830
798 931
798 980
799 29
799 473
799 514
799 571
799 61
799 727
799 747
799 768
799 777
799 789
799 797
799 914
799 941
799 973
8 23
8 838
8 916
8 949
80 230
80 363
80 850
80 910
800 168
800 250
800 485
800 749
800 769
800 780
800 785
800 789
800 801
800 836
800 838
800 903
800 934
800 980
801 14
801 347
801 529
801 590
801 680
801 690
801 780
801 800
801 821
801 873
801 933
801 934
801 938
801 961
802 2
802 240
802 301
802 459
802 487
802 739
802 76
802 897
802 925
802 926
802 937
802 953
802 975
802 982
803 11
803 348
803 448
803 474
803 476
803 48
803 505
803 597
803 657
803 732
803 763
803 860
803 951
803 960
804 208
804 628
804 697
804 860
804 897
804 922
804 948
804 950
804 954
804 956
804 965
804 982
804 990
804 993
805 223
805 440
805 623
805 66
805 687
805 689
805 757
805 769
805 787
805 792
805 859
805 893
805 965
805 990
806 163
806 313
806 521
806 874
806 897
806 926
806 946
806 953
806 957
806 975
807 183
807 38
807 483
807 546
807 566
807 607
807 764
807 815
807 830
807 836
807 849
807 911
807 980
807 983
808 258
808 325
808 443
808 698
808 731
808 828
808 840
808 844
808 851
808 913
808 980
808 99
808 995
808 997
809 109
809 200
809 561
809 590
809 680
809 819
809 84
809 870
809 873
809 893
809 950
809 969
809 970
809 976
81 257
81 789
81 849
81 949
810 127
810 365
810 402
810 662
810 830
810 832
810 848
810 858
810 883
810 915
810 930
810 958
810 980
810 982
811 207
811 535
811 540
811 614
811 677
811 696
811 727
811 729
811 733
811 765
811 835
811 880
811 959
811 990
812 186
812 293
812 349
812 442
812 520
812 587
812 593
812 619
812 751
812 863
812 879
812 900
812 948
812 995
813 256
813 621
813 867
813 905
813 916
813 917
813 922
813 943
813 954
813 961
813 969
813 980
813 993
813 998
814 110
814 153
814 248
814 338
814 386
814 745
814 872
814 909
814 915
814 930
814 933
814 970
814 982
814 994
815 1000
815 271
815 546
815 575
815 654
815 670
815 764
815 807
815 822
815 856
815 878
815 939
815 966
815 998
816 440
816 53
816 559
816 570
816 594
816 714
816 723
816 768
816 798
816 906
816 944
816 977
816 992
816 997
817 161
817 412
817 558
817 568
817 625
817 68
817 683
817 763
817 916
817 931
817 934
817 943
817 951
817 972
817 996
818 166
818 176
818 289
818 296
818 320
818 385
818 688
818 823
818 826
818 848
818 854
818 858
818 907
818 974
818 989
819 353
819 617
819 693
819 736
819 740
819 746
819 771
819 794
819 809
819 895
819 912
819 932
819 938
819 969
819 989
82 918
82 935
82 986
82 988
820 120
820 457
820 626
820 718
820 740
820 760
820 761
820 778
820 823
820 829
820 883
820 917
820 952
820 961
820 979
821 10
821 560
821 579
821 801
821 828
821 841
821 877
821 895
821 899
821 923
821 934
821 939
821 943
821 974
821 996
822 1000
822 142
822 271
822 329
822 574
822 654
822 670
822 677
822 715
822 764
822 815
822 856
822 875
822 878
822 966
823 1000
823 242
823 253
823 398
823 534
823 646
823 656
823 818
823 820
823 863
823 883
823 891
823 927
823 948
823 982
824 169
824 180
824 182
824 220
824 493
824 567
824 656
824 692
824 709
824 844
824 850
824 872
824 911
824 943
824 985
825 326
825 344
825 715
825 716
825 837
825 841
825 902
825 903
825 926
825 953
825 959
825 966
825 975
825 991
825 998
826 11
826 123
826 134
826 316
826 427
826 595
826 688
826 712
826 818
826 840
826 907
826 91
826 927
826 928
826 937
827 310
827 489
827 524
827 533
827 542
827 638
827 684
827 720
827 725
827 739
827 843
827 854
827 973
827 987
827 992
828 181
828 441
828 484
828 579
828 585
828 645
828 710
828 731
828 774
828 808
828 821
828 875
828 876
828 957
828 961
829 269
829 495
829 673
829 738
829 740
829 742
829 746
829 820
829 876
829 891
829 895
829 937
829 943
829 987
829 995
83 563
83 706
83 994
83 999
830 255
830 436
830 451
830 598
830 685
830 724
830 749
830 798
830 807
830 810
830 865
830 882
830 932
830 937
830 980
831 367
831 408
831 496
831 513
831 653
831 700
831 837
831 903
831 918
831 926
831 953
831 955
831 959
831 971
831 975
831 987
832 325
832 407
832 581
832 663
832 752
832 810
832 889
832 895
832 915
832 923
832 929
832 932
832 937
832 938
832 980
832 983
833 143
833 541
833 628
833 636
833 67
833 702
833 71
833 767
833 839
833 894
833 908
833 924
833 957
833 968
833 972
833 996
834 187
834 281
834 395
834 490
834 606
834 614
834 634
834 696
834 720
834 761
834 943
834 951
834 956
834 973
834 985
834 990
835 1000
835 109
835 128
835 535
835 549
835 563
835 641
835 677
835 811
835 921
835 956
835 967
835 973
835 984
835 987
835 991
836 119
836 263
836 333
836 360
836 376
836 383
836 483
836 672
836 726
836 779
836 785
836 800
836 807
836 848
836 947
836 99
837 250
837 501
837 511
837 598
837 604
837 675
837 729
837 766
837 781
837 825
837 831
837 903
837 911
837 944
837 959
837 971
838 141
838 333
838 383
838 410
838 462
838 514
838 564
838 568
838 695
838 720
838 785
838 8
838 800
838 900
838 938
838 963
839 139
839 183
839 209
839 227
839 355
839 399
839 636
839 75
839 774
839 833
839 860
839 882
839 925
839 985
839 989
839 991
84 809
84 872
84 969
84 998
840 54
840 554
840 688
840 736
840 762
840 771
840 808
840 826
840 862
840 872
840 926
840 928
840 930
840 939
840 988
840 989
841 185
841 239
841 254
841 295
841 397
841 519
841 534
841 632
841 651
841 760
841 821
841 825
841 887
841 901
841 945
841 997
842 143
842 157
842 189
842 260
842 374
842 383
842 431
842 464
842 667
842 711
842 765
842 770
842 928
842 947
842 948
842 963
843 430
843 467
843 50
843 764
843 827
843 880
843 920
843 925
843 927
843 959
843 972
843 974
843 988
843 989
843 992
843 999
844 104
844 244
844 421
844 559
844 758
844 808
844 824
844 856
844 923
844 926
844 939
844 953
844 965
844 975
844 982
844 986
845 147
845 288
845 392
845 394
845 477
845 603
845 614
845 625
845 63
845 682
845 846
845 862
845 875
845 880
845 931
845 947
845 964
846 207
846 234
846 266
846 283
846 435
846 728
846 845
846 871
846 875
846 908
846 942
846 946
846 964
846 968
846 982
846 994
846 998
847 475
847 513
847 892
847 898
847 947
847 957
847 962
847 977
847 981
847 996
848 166
848 286
848 297
848 402
848 479
848 481
848 612
848 641
848 767
848 810
848 818
848 836
848 858
848 901
848 928
848 947
848 964
849 115
849 137
849 256
849 304
849 309
849 339
849 471
849 629
849 640
849 647
849 724
849 770
849 788
849 807
849 81
849 955
849 991
85 454
85 736
85 86
85 938
850 184
850 219
850 409
850 539
850 752
850 80
850 824
850 867
850 884
850 89
850 892
850 898
850 910
850 929
850 962
850 970
850 981
851 136
851 220
851 545
851 674
851 696
851 741
851 762
851 808
851 866
851 926
851 936
851 939
851 953
851 961
851 970
851 975
851 985
852 383
852 4
852 416
852 418
852 498
852 660
852 704
852 733
852 766
852 772
852 854
852 869
852 889
852 923
852 932
852 983
852 992
853 162
853 713
853 732
853 782
853 883
853 897
853 904
853 988
854 259
854 400
854 542
854 56
854 684
854 693
854 818
854 827
854 852
854 917
854 958
854 960
854 961
854 972
854 988
854 989
854 992
855 24
855 247
855 379
855 637
855 666
855 743
855 888
855 902
855 905
855 922
855 923
855 929
855 945
855 960
855 966
855 971
855 990
856 271
856 274
856 390
856 414
856 464
856 546
856 574
856 654
856 670
856 681
856 703
856 815
856 822
856 844
856 878
856 966
856 998
857 17
857 231
857 300
857 340
857 362
857 382
857 414
857 477
857 536
857 572
857 604
857 653
857 746
857 885
857 901
857 937
857 951
858 103
858 166
858 221
858 287
858 318
858 402
858 42
858 479
858 627
858 64
858 703
858 810
858 818
858 848
858 901
858 922
858 947
859 389
859 434
859 585
859 610
859 697
859 734
859 757
859 761
859 766
859 805
859 860
859 880
859 882
859 889
859 91
859 94
859 990
86 736
86 771
86 85
86 938
860 264
860 372
860 61
860 757
860 763
860 797
860 803
860 804
860 839
860 859
860 873
860 892
860 898
860 949
860 962
860 972
860 981
860 990
861 228
861 485
861 514
861 543
861 588
861 658
861 661
861 694
861 708
861 730
861 748
861 762
861 793
861 866
861 911
861 914
861 926
861 961
862 541
862 625
862 705
862 78
862 792
862 840
862 845
862 899
862 906
862 908
862 920
862 931
862 962
862 963
862 968
862 979
862 988
862 999
863 196
863 263
863 28
863 483
863 524
863 566
863 590
863 638
863 648
863 666
863 718
863 733
863 734
863 812
863 823
863 865
863 927
863 948
864 262
864 4
864 496
864 532
864 636
864 656
864 673
864 716
864 739
864 740
864 761
864 763
864 876
864 924
864 933
864 937
864 941
864 995
865 263
865 359
865 566
865 676
865 696
865 749
865 830
865 863
865 867
865 892
865 898
865 950
865 962
865 969
865 979
865 980
865 981
865 984
866 310
866 510
866 543
866 552
866 554
866 575
866 640
866 661
866 694
866 708
866 730
866 733
866 762
866 851
866 861
866 876
866 9
866 967
867 272
867 288
867 449
867 47
867 511
867 567
867 617
867 813
867 850
867 865
867 872
867 901
867 918
867 969
867 971
867 976
867 995
867 998
868 101
868 349
868 422
868 504
868 506
868 562
868 618
868 626
868 724
868 770
868 795
868 879
868 881
868 901
868 919
868 930
868 985
868 989
869 396
869 433
869 446
869 592
869 644
869 703
869 704
869 711
869 722
869 73
869 774
869 852
869 889
869 893
869 920
869 944
869 972
869 999
87 705
87 915
87 952
87 975
870 1
870 1000
870 381
870 447
870 608
870 724
870 739
870 75
870 809
870 887
870 925
870 929
870 940
870 948
870 955
870 965
870 969
870 991
871 285
871 369
871 40
871 454
871 517
871 526
871 537
871 642
871 69
871 753
871 759
871 846
871 875
871 910
871 938
871 946
871 977
871 992
872 179
872 226
872 472
872 478
872 586
872 736
872 760
872 771
872 781
872 814
872 824
872 84
872 840
872 867
872 951
872 969
872 994
872 995
873 199
873 299
873 558
873 582
873 640
873 683
873 780
873 801
873 809
873 860
873 874
873 906
873 934
873 943
873 956
873 965
873 972
873 996
874 16
874 367
874 422
874 714
874 806
874 873
874 906
874 926
874 941
874 946
874 952
874 953
874 967
874 971
874 975
874 977
874 984
874 987
874 996
875 199
875 249
875 385
875 50
875 547
875 579
875 608
875 710
875 822
875 828
875 845
875 846
875 871
875 912
875 925
875 931
875 947
875 977
875 992
876 111
876 156
876 364
876 439
876 636
876 676
876 69
876 710
876 716
876 731
876 738
876 748
876 828
876 829
876 864
876 866
876 911
876 976
876 987
877 1000
877 148
877 151
877 205
877 412
877 767
877 780
877 821
877 884
877 887
877 901
877 924
877 930
877 934
877 951
877 952
877 973
877 982
877 998
878 1000
878 116
878 390
878 4
878 484
878 546
878 574
878 575
878 670
878 703
878 753
878 764
878 784
878 815
878 822
878 856
878 907
878 96
878 998
879 330
879 484
879 581
879 582
879 610
879 669
879 751
879 772
879 790
879 812
879 868
879 881
879 935
879 936
879 942
879 976
879 985
879 986
879 995
88 368
88 597
88 633
88 690
88 756
88 773
880 123
880 406
880 535
880 614
880 63
880 757
880 811
880 843
880 845
880 859
880 906
880 927
880 931
880 959
880 970
880 982
880 990
880 993
880 996
881 101
881 165
881 410
881 422
881 431
881 435
881 465
881 504
881 506
881 532
881 724
881 770
881 795
881 868
881 879
881 901
881 930
881 967
881 985
882 120
882 185
882 255
882 304
882 372
882 520
882 570
882 598
882 719
882 757
882 830
882 839
882 859
882 887
882 901
882 946
882 978
882 980
882 990
883 1000
883 121
883 151
883 376
883 46
883 668
883 674
883 713
883 723
883 810
883 820
883 823
883 853
883 904
883 923
883 944
883 954
883 992
883 993
884 12
884 274
884 284
884 305
884 323
884 381
884 540
884 663
884 668
884 726
884 850
884 877
884 896
884 954
884 955
884 965
884 971
884 973
884 993
885 169
885 17
885 177
885 231
885 300
885 340
885 367
885 477
885 511
885 536
885 572
885 586
885 604
885 68
885 746
885 857
885 937
885 940
885 951
886 254
886 318
886 343
886 512
886 513
886 583
886 607
886 609
886 665
886 727
886 754
886 760
886 909
886 910
886 914
886 939
886 961
886 979
886 982
886 991
887 1000
887 134
887 169
887 314
887 485
887 534
887 541
887 604
887 652
887 786
887 791
887 841
887 870
887 877
887 882
887 900
887 908
887 968
887 978
887 996
888 104
888 190
888 261
888 291
888 555
888 631
888 656
888 772
888 778
888 855
888 907
888 916
888 922
888 935
888 943
888 957
888 960
888 962
888 986
888 996
889 153
889 316
889 367
889 41
889 416
889 418
889 660
889 704
889 733
889 766
889 772
889 832
889 852
889 859
889 869
889 907
889 923
889 932
889 983
889 992
89 285
89 699
89 850
89 963
890 215
890 331
890 371
890 446
890 479
890 556
890 600
890 683
890 892
890 898
890 906
890 927
890 960
890 962
890 966
890 971
890 972
890 981
890 997
891 1000
891 167
891 198
891 262
891 301
891 408
891 45
891 487
891 610
891 633
891 649
891 664
891 823
891 829
891 911
891 924
891 941
891 959
891 961
891 973
892 101
892 131
892 750
892 847
892 850
892 860
892 865
892 890
892 898
892 947
892 957
892 962
892 977
892 981
892 996
893 242
893 31
893 452
893 589
893 650
893 653
893 692
893 701
893 805
893 809
893 869
893 918
893 930
893 945
893 966
893 969
893 971
893 990
893 992
893 995
894 103
894 117
894 142
894 245
894 33
894 332
894 45
894 48
894 487
894 628
894 655
894 71
894 756
894 766
894 781
894 833
894 900
894 965
894 972
894 988
895 275
895 419
895 470
895 488
895 578
895 623
895 631
895 648
895 666
895 681
895 819
895 821
895 829
895 832
895 914
895 915
895 916
895 932
895 943
895 963
895 965
896 365
896 376
896 421
896 425
896 687
896 693
896 695
896 726
896 727
896 777
896 787
896 797
896 884
896 898
896 899
896 933
896 958
896 965
896 973
896 974
896 986
897 174
897 312
897 401
897 478
897 586
897 64
897 668
897 753
897 789
897 802
897 804
897 806
897 853
897 926
897 938
897 953
897 954
897 975
897 976
897 989
897 993
898 131
898 141
898 51
898 772
898 782
898 847
898 850
898 860
898 865
898 890
898 892
898 896
898 947
898 957
898 962
898 977
898 981
898 986
898 996
899 168
899 265
899 327
899 380
899 468
899 565
899 680
899 690
899 732
899 735
899 737
899 761
899 766
899 821
899 862
899 896
899 935
899 945
899 956
899 974
899 997
9 257
9 730
9 866
9 945
90 580
90 756
90 987
90 990
900 152
900 333
900 37
900 485
900 486
900 510
900 543
900 593
900 615
900 618
900 655
900 70
900 751
900 785
900 812
900 838
900 887
900 894
900 929
900 948
900 995
901 160
901 17
901 479
901 504
901 534
901 572
901 734
901 841
901 848
901 857
901 858
901 867
901 868
901 877
901 881
901 882
901 908
901 914
901 95
901 951
901 964
902 207
902 242
902 286
902 288
902 40
902 41
902 450
902 456
902 509
902 538
902 663
902 679
902 825
902 855
902 929
902 944
902 949
902 959
902 963
902 964
902 985
903 20
903 235
903 250
903 256
903 412
903 470
903 515
903 584
903 587
903 675
903 714
903 729
903 800
903 825
903 831
903 837
903 911
903 921
903 944
903 959
903 971
903 980
904 103
904 162
904 180
904 196
904 272
904 297
904 443
904 453
904 498
904 531
904 564
904 588
904 647
904 649
904 667
904 713
904 732
904 782
904 853
904 883
904 98
904 988
905 28
905 307
905 438
905 470
905 493
905 585
905 621
905 665
905 679
905 743
905 748
905 813
905 855
905 920
905 931
905 976
905 982
905 983
905 990
905 993
905 995
905 999
906 192
906 503
906 549
906 559
906 607
906 644
906 683
906 693
906 717
906 781
906 816
906 862
906 873
906 874
906 880
906 890
906 920
906 963
906 972
906 973
906 976
906 999
907 124
907 356
907 377
907 472
907 526
907 577
907 62
907 646
907 688
907 692
907 764
907 770
907 777
907 818
907 826
907 878
907 888
907 889
907 928
907 935
907 977
907 998
908 109
908 153
908 202
908 25
908 415
908 523
908 541
908 645
908 654
908 724
908 725
908 732
908 735
908 786
908 833
908 846
908 862
908 887
908 901
908 968
908 974
908 998
909 161
909 289
909 33
909 368
909 378
909 415
909 436
909 623
909 703
909 716
909 741
909 742
909 76
909 814
909 886
909 927
909 938
909 939
909 947
909 963
909 965
909 995
91 187
91 826
91 859
91 928
910 345
910 363
910 494
910 599
910 609
910 645
910 659
910 728
910 756
910 778
910 80
910 850
910 871
910 886
910 913
910 936
910 983
910 986
910 988
910 989
910 994
910 998
911 160
911 182
911 283
911 528
911 531
911 573
911 624
911 716
911 730
911 740
911 748
911 807
911 824
911 837
911 861
911 876
911 891
911 903
911 933
911 943
911 951
911 959
911 971
912 1000
912 221
912 279
912 39
912 426
912 511
912 519
912 637
912 685
912 699
912 712
912 791
912 819
912 875
912 935
912 936
912 960
912 971
912 976
912 985
912 989
912 991
912 996
913 190
913 319
913 332
913 342
913 39
913 544
913 550
913 686
913 706
913 721
913 744
913 773
913 781
913 794
913 796
913 808
913 910
913 957
913 978
913 988
913 991
913 994
914 149
914 232
914 292
914 337
914 473
914 620
914 634
914 661
914 666
914 725
914 730
914 739
914 747
914 748
914 789
914 799
914 861
914 886
914 895
914 901
914 927
914 939
914 973
915 171
915 216
915 280
915 286
915 334
915 409
915 410
915 482
915 542
915 561
915 578
915 605
915 631
915 677
915 680
915 70
915 755
915 810
915 814
915 832
915 87
915 895
915 930
916 127
916 134
916 239
916 259
916 374
916 400
916 434
916 437
916 49
916 555
916 556
916 576
916 605
916 763
916 797
916 8
916 813
916 817
916 888
916 895
916 98
916 988
916 996
917 100
917 176
917 177
917 252
917 274
917 321
917 423
917 424
917 452
917 480
917 530
917 647
917 659
917 662
917 666
917 675
917 690
917 711
917 758
917 813
917 820
917 854
917 961
918 353
918 431
918 492
918 544
918 550
918 564
918 589
918 693
918 734
918 761
918 773
918 778
918 82
918 831
918 867
918 893
918 935
918 949
918 955
918 958
918 970
918 971
918 978
919 346
919 491
919 548
919 615
919 776
919 868
919 921
919 938
919 940
919 965
919 967
919 984
919 986
919 987
919 991
92 470
92 669
92 974
92 994
920 277
920 307
920 341
920 388
920 631
920 644
920 666
920 722
920 775
920 79
920 795
920 796
920 843
920 862
920 869
920 905
920 906
920 935
920 955
920 976
920 979
920 988
920 992
920 999
921 225
921 346
921 547
921 548
921 615
921 776
921 835
921 903
921 919
921 940
921 965
921 967
921 984
921 986
921 987
921 991
922 356
922 358
922 391
922 424
922 559
922 662
922 668
922 717
922 722
922 727
922 734
922 743
922 748
922 804
922 813
922 855
922 858
922 888
922 940
922 954
922 965
922 970
922 983
922 985
922 996
923 207
923 354
923 407
923 416
923 474
923 506
923 532
923 539
923 680
923 704
923 752
923 821
923 832
923 844
923 852
923 855
923 883
923 889
923 939
923 945
923 950
923 971
923 979
923 983
923 992
924 324
924 438
924 464
924 47
924 517
924 621
924 674
924 721
924 744
924 763
924 775
924 794
924 796
924 833
924 864
924 877
924 891
924 928
924 939
924 942
924 943
924 95
924 952
924 979
925 132
925 202
925 268
925 269
925 338
925 367
925 435
925 443
925 444
925 459
925 545
925 608
925 613
925 626
925 627
925 659
925 712
925 802
925 839
925 843
925 870
925 875
925 972
925 985
925 991
926 163
926 204
926 313
926 521
926 567
926 626
926 673
926 714
926 718
926 755
926 802
926 806
926 825
926 831
926 840
926 844
926 851
926 861
926 874
926 897
926 929
926 946
926 953
926 975
927 191
927 226
927 453
927 568
927 619
927 648
927 659
927 685
927 711
927 823
927 826
927 843
927 863
927 880
927 890
927 909
927 914
927 939
927 960
927 977
927 988
927 989
927 990
927 995
927 996
928 192
928 290
928 35
928 495
928 517
928 522
928 549
928 576
928 622
928 672
928 688
928 765
928 789
928 826
928 840
928 842
928 848
928 907
928 91
928 924
928 946
928 948
928 949
928 963
928 973
929 152
929 248
929 377
929 450
929 458
929 519
929 539
929 675
929 696
929 745
929 756
929 832
929 850
929 855
929 870
929 900
929 902
929 926
929 936
929 951
929 953
929 963
929 966
929 983
929 989
929 994
93 234
93 457
93 794
93 962
93 963
93 992
930 192
930 247
930 386
930 422
930 495
930 506
930 622
930 661
930 677
930 700
930 771
930 810
930 814
930 840
930 868
930 877
930 881
930 893
930 915
930 936
930 939
930 945
930 973
930 979
930 990
930 992
931 114
931 146
931 147
931 206
931 269
931 352
931 373
931 392
931 394
931 453
931 502
931 505
931 605
931 625
931 63
931 682
931 798
931 817
931 845
931 862
931 875
931 880
931 905
931 946
931 947
931 964
932 255
932 418
932 471
932 527
932 569
932 624
932 702
932 722
932 740
932 749
932 758
932 819
932 830
932 832
932 852
932 889
932 895
932 937
932 948
932 957
932 966
932 980
932 986
932 992
932 993
932 998
933 203
933 3
933 360
933 376
933 384
933 395
933 490
933 528
933 529
933 606
933 630
933 692
933 716
933 726
933 801
933 814
933 864
933 896
933 911
933 934
933 938
933 941
933 943
933 964
933 994
933 995
934 108
934 14
934 143
934 222
934 239
934 304
934 347
934 4
934 444
934 527
934 529
934 590
934 658
934 679
934 680
934 690
934 780
934 800
934 801
934 817
934 821
934 873
934 877
934 933
934 938
934 964
934 969
935 124
935 175
935 311
935 388
935 474
935 5
935 500
935 647
935 754
935 77
935 770
935 82
935 879
935 888
935 899
935 907
935 912
935 918
935 920
935 945
935 946
935 955
935 973
935 974
935 977
935 979
935 999
936 154
936 155
936 251
936 291
936 408
936 41
936 548
936 616
936 622
936 647
936 669
936 703
936 711
936 741
936 756
936 772
936 790
936 851
936 879
936 910
936 912
936 929
936 930
936 941
936 952
936 983
936 989
937 136
937 17
937 249
937 255
937 320
937 337
937 385
937 547
937 572
937 632
937 674
937 749
937 76
937 802
937 826
937 829
937 830
937 832
937 857
937 864
937 885
937 932
937 939
937 943
937 951
937 977
937 980
938 126
938 244
938 270
938 347
938 568
938 58
938 642
938 65
938 736
938 753
938 771
938 780
938 785
938 801
938 819
938 832
938 838
938 85
938 86
938 871
938 897
938 909
938 919
938 933
938 934
938 939
938 946
939 136
939 244
939 270
939 329
939 337
939 409
939 522
939 533
939 603
939 658
939 695
939 815
939 821
939 840
939 844
939 851
939 886
939 909
939 914
939 923
939 924
939 927
939 930
939 937
939 938
939 955
939 979
94 119
94 757
94 859
94 990
940 178
940 336
940 360
940 406
940 47
940 485
940 510
940 617
940 634
940 679
940 693
940 717
940 727
940 729
940 870
940 885
940 919
940 921
940 922
940 958
940 967
940 969
940 974
940 982
940 984
940 987
940 995
941 227
941 255
941 451
941 514
941 515
941 549
941 588
941 602
941 607
941 622
941 67
941 736
941 740
941 749
941 76
941 786
941 799
941 864
941 874
941 891
941 933
941 936
941 952
941 956
941 957
941 980
941 991
941 996
942 113
942 181
942 256
942 330
942 332
942 404
942 408
942 417
942 455
942 508
942 551
942 554
942 596
942 639
942 664
942 691
942 750
942 846
942 879
942 924
942 950
942 952
942 956
942 959
942 971
942 977
942 980
942 986
943 1000
943 182
943 199
943 236
943 327
943 411
943 520
943 555
943 558
943 569
943 637
943 676
943 692
943 748
943 813
943 817
943 821
943 824
943 829
943 834
943 873
943 888
943 895
943 911
943 924
943 933
943 937
943 948
943 996
944 215
944 298
944 302
944 304
944 318
944 375
944 377
944 410
944 458
944 482
944 525
944 589
944 590
944 600
944 723
944 816
944 837
944 869
944 883
944 902
944 903
944 955
944 960
944 971
944 983
944 989
944 990
944 992
944 997
945 179
945 197
945 352
945 407
945 468
945 518
945 581
945 630
945 635
945 715
945 737
945 783
945 786
945 841
945 855
945 893
945 899
945 9
945 923
945 930
945 935
945 952
945 970
945 990
945 992
945 997
946 23
946 239
946 277
946 392
946 394
946 423
946 5
946 521
946 587
946 625
946 682
946 753
946 759
946 806
946 846
946 871
946 874
946 882
946 926
946 928
946 931
946 935
946 938
946 953
946 955
946 971
946 975
946 979
946 999
947 157
947 166
947 235
947 341
947 479
947 551
947 625
947 63
947 691
947 750
947 765
947 836
947 842
947 845
947 847
947 848
947 858
947 875
947 892
947 898
947 909
947 931
947 948
947 962
947 963
947 964
947 972
947 981
947 986
947 996
948 28
948 382
948 417
948 438
948 442
948 516
948 593
948 621
948 684
948 697
948 751
948 763
948 765
948 804
948 812
948 823
948 842
948 863
948 870
948 900
948 928
948 932
948 943
948 947
948 954
948 963
948 965
948 982
948 993
948 995
949 109
949 173
949 187
949 209
949 26
949 290
949 372
949 373
949 412
949 415
949 434
949 454
949 491
949 528
949 576
949 658
949 662
949 665
949 667
949 671
949 696
949 718
949 719
949 797
949 8
949 81
949 860
949 902
949 918
949 928
949 985
95 1000
95 499
95 901
95 924
950 1000
950 273
950 359
950 389
950 489
950 545
950 603
950 638
950 639
950 642
950 659
950 684
950 697
950 709
950 769
950 804
950 809
950 865
950 923
950 942
950 954
950 964
950 969
950 976
950 979
950 982
950 989
950 990
950 993
950 995
950 998
951 182
951 287
951 314
951 389
951 505
951 536
951 571
951 594
951 677
951 678
951 686
951 706
951 742
951 750
951 780
951 803
951 817
951 834
951 857
951 872
951 877
951 885
951 901
951 911
951 929
951 937
951 973
951 985
951 994
951 997
951 998
952 185
952 21
952 210
952 278
952 420
952 436
952 500
952 530
952 534
952 602
952 619
952 640
952 719
952 791
952 820
952 87
952 874
952 877
952 924
952 936
952 941
952 942
952 945
952 956
952 958
952 969
952 970
952 978
952 985
952 996
952 997
953 163
953 165
953 204
953 312
953 313
953 351
953 424
953 486
953 493
953 498
953 521
953 564
953 645
953 666
953 672
953 683
953 685
953 718
953 755
953 802
953 806
953 825
953 831
953 844
953 851
953 874
953 897
953 926
953 929
953 946
953 975
954 206
954 208
954 262
954 357
954 405
954 526
954 530
954 573
954 595
954 627
954 668
954 671
954 672
954 673
954 697
954 715
954 782
954 793
954 804
954 813
954 883
954 884
954 897
954 922
954 948
954 950
954 956
954 965
954 982
954 992
954 993
955 12
955 311
955 331
955 339
955 341
955 382
955 447
955 509
955 582
955 583
955 644
955 758
955 770
955 784
955 788
955 831
955 849
955 870
955 884
955 918
955 920
955 935
955 939
955 944
955 946
955 970
955 976
955 977
955 991
955 999
956 326
956 364
956 405
956 46
956 55
956 551
956 573
956 58
956 604
956 609
956 622
956 641
956 649
956 691
956 735
956 750
956 752
956 804
956 834
956 835
956 873
956 899
956 941
956 942
956 952
956 954
956 961
956 972
956 986
956 990
956 991
956 993
956 998
957 241
957 412
957 441
957 45
957 553
957 567
957 579
957 604
957 624
957 643
957 652
957 669
957 67
957 702
957 710
957 711
957 731
957 806
957 828
957 833
957 847
957 888
957 892
957 898
957 913
957 932
957 941
957 961
957 962
957 964
957 979
957 981
957 996
958 181
958 240
958 275
958 336
958 353
958 358
958 365
958 400
958 409
958 43
958 462
958 465
958 492
958 494
958 507
958 520
958 531
958 556
958 612
958 693
958 707
958 725
958 727
958 733
958 746
958 769
958 774
958 810
958 854
958 896
958 918
958 940
958 952
959 219
959 222
959 250
959 366
959 456
959 474
959 501
959 513
959 528
959 535
959 61
959 614
959 632
959 641
959 648
959 664
959 729
959 766
959 768
959 811
959 825
959 831
959 837
959 843
959 880
959 891
959 902
959 903
959 911
959 942
959 971
959 990
959 995
96 449
96 766
96 878
96 997
960 217
960 260
960 280
960 310
960 334
960 350
960 362
960 403
960 44
960 476
960 498
960 515
960 528
960 59
960 607
960 626
960 672
960 720
960 742
960 768
960 803
960 854
960 855
960 888
960 890
960 912
960 927
960 944
960 972
960 988
960 989
960 990
960 997
961 150
961 165
961 190
961 241
961 321
961 332
961 441
961 579
961 640
961 643
961 658
961 663
961 685
961 710
961 711
961 713
961 722
961 730
961 731
961 801
961 813
961 820
961 828
961 851
961 854
961 861
961 886
961 891
961 917
961 956
961 957
961 970
961 973
961 976
962 131
962 139
962 18
962 213
962 432
962 433
962 463
962 502
962 51
962 510
962 530
962 605
962 631
962 647
962 661
962 708
962 715
962 772
962 782
962 847
962 850
962 860
962 862
962 865
962 888
962 890
962 892
962 898
962 93
962 947
962 957
962 977
962 981
962 996
963 157
963 27
963 280
963 427
963 450
963 455
963 456
963 503
963 508
963 623
963 656
963 704
963 712
963 755
963 765
963 781
963 838
963 842
963 862
963 89
963 895
963 902
963 906
963 909
963 928
963 929
963 93
963 947
963 948
963 964
963 965
963 966
963 971
963 979
964 116
964 127
964 14
964 142
964 392
964 393
964 394
964 402
964 427
964 43
964 456
964 479
964 529
964 568
964 596
964 624
964 652
964 682
964 702
964 780
964 845
964 846
964 848
964 901
964 902
964 931
964 933
964 934
964 947
964 950
964 957
964 963
964 966
964 981
965 299
965 306
965 402
965 405
965 445
965 508
965 623
965 628
965 629
965 741
965 745
965 776
965 784
965 804
965 805
965 844
965 870
965 873
965 884
965 894
965 895
965 896
965 909
965 919
965 921
965 922
965 948
965 954
965 963
965 967
965 972
965 984
965 986
965 987
965 993
966 267
966 302
966 31
966 315
966 393
966 419
966 446
966 496
966 515
966 546
966 587
966 588
966 589
966 624
966 652
966 654
966 656
966 663
966 679
966 700
966 715
966 720
966 815
966 822
966 825
966 855
966 856
966 890
966 893
966 929
966 932
966 963
966 964
966 978
966 998
967 198
967 225
967 346
967 548
967 615
967 749
967 775
967 776
967 795
967 835
967 866
967 874
967 881
967 919
967 921
967 940
967 965
967 984
967 986
967 987
967 991
968 122
968 180
968 202
968 224
968 257
968 275
968 293
968 306
968 397
968 415
968 426
968 436
968 455
968 491
968 541
968 564
968 595
968 629
968 635
968 645
968 719
968 724
968 725
968 732
968 735
968 742
968 782
968 833
968 846
968 862
968 887
968 908
968 974
968 99
968 998
969 126
969 184
969 232
969 462
969 47
969 526
969 532
969 533
969 561
969 617
969 630
969 632
969 633
969 696
969 774
969 793
969 809
969 813
969 819
969 84
969 865
969 867
969 870
969 872
969 893
969 934
969 940
969 950
969 952
969 970
969 971
969 976
969 986
969 995
969 998
97 354
97 756
97 983
97 989
970 117
970 190
970 272
970 294
970 331
970 371
970 406
970 431
970 445
970 480
970 518
970 559
970 617
970 690
970 717
970 729
970 75
970 783
970 796
970 809
970 814
970 850
970 851
970 880
970 918
970 922
970 945
970 952
970 955
970 961
970 969
970 985
970 995
970 996
971 152
971 170
971 172
971 200
971 250
971 251
971 252
971 293
971 338
971 354
971 366
971 5
971 513
971 587
971 612
971 664
971 711
971 831
971 837
971 855
971 867
971 874
971 884
971 890
971 893
971 903
971 911
971 912
971 918
971 923
971 942
971 944
971 946
971 959
971 963
971 969
971 976
971 995
972 188
972 217
972 219
972 351
972 383
972 396
972 404
972 517
972 551
972 613
972 628
972 683
972 691
972 71
972 720
972 731
972 750
972 817
972 833
972 843
972 854
972 860
972 869
972 873
972 890
972 894
972 906
972 925
972 947
972 956
972 960
972 965
972 985
972 986
972 988
972 989
972 990
972 991
973 29
973 306
973 322
973 323
973 373
973 439
973 473
973 497
973 501
973 524
973 538
973 571
973 598
973 601
973 602
973 613
973 616
973 620
973 709
973 742
973 767
973 799
973 827
973 834
973 835
973 877
973 884
973 891
973 896
973 906
973 914
973 928
973 930
973 935
973 951
973 961
973 989
973 998
974 119
974 178
974 193
974 240
974 25
974 265
974 289
974 296
974 352
974 379
974 399
974 400
974 428
974 430
974 444
974 461
974 512
974 56
974 581
974 602
974 620
974 635
974 707
974 718
974 787
974 818
974 821
974 843
974 896
974 899
974 908
974 92
974 935
974 940
974 968
974 989
974 990
974 998
975 153
975 163
975 170
975 20
975 204
975 236
975 294
975 313
975 38
975 478
975 482
975 486
975 498
975 521
975 564
975 567
975 626
975 645
975 666
975 672
975 673
975 685
975 714
975 755
975 779
975 802
975 806
975 825
975 831
975 844
975 851
975 87
975 874
975 897
975 926
975 946
975 953
975 996
976 200
976 281
976 284
976 355
976 364
976 370
976 390
976 399
976 439
976 527
976 576
976 641
976 644
976 657
976 667
976 732
976 77
976 797
976 809
976 867
976 876
976 879
976 897
976 905
976 906
976 912
976 920
976 950
976 955
976 961
976 969
976 971
976 978
976 979
976 988
976 996
976 998
976 999
977 135
977 251
977 260
977 291
977 302
977 311
977 324
977 474
977 5
977 523
977 537
977 563
977 583
977 589
977 618
977 640
977 642
977 718
977 753
977 759
977 816
977 847
977 871
977 874
977 875
977 892
977 898
977 907
977 927
977 935
977 937
977 942
977 955
977 962
977 981
977 992
977 996
977 997
978 22
978 221
978 246
978 295
978 297
978 327
978 369
978 370
978 393
978 420
978 496
978 500
978 504
978 534
978 544
978 550
978 552
978 596
978 605
978 649
978 653
978 690
978 700
978 701
978 725
978 729
978 773
978 791
978 882
978 887
978 913
978 918
978 952
978 966
978 976
978 979
978 983
978 991
978 996
979 144
979 246
979 27
979 305
979 310
979 359
979 370
979 387
979 39
979 420
979 463
979 566
979 591
979 607
979 644
979 649
979 670
979 708
979 724
979 760
979 791
979 795
979 820
979 862
979 865
979 886
979 920
979 923
979 924
979 930
979 935
979 939
979 946
979 950
979 957
979 963
979 976
979 978
979 988
979 999
98 278
98 539
98 904
98 916
98 988
980 100
980 102
980 104
980 186
980 229
980 26
980 325
980 338
980 403
980 415
980 451
980 471
980 477
980 480
980 527
980 528
980 57
980 607
980 641
980 646
980 677
980 739
980 749
980 769
980 786
980 798
980 800
980 807
980 808
980 810
980 813
980 830
980 832
980 865
980 882
980 903
980 932
980 937
980 941
980 942
981 131
981 2
981 229
981 261
981 280
981 297
981 348
981 397
981 413
981 419
981 43
981 433
981 463
981 502
981 51
981 510
981 530
981 605
981 631
981 647
981 661
981 708
981 715
981 772
981 775
981 782
981 847
981 850
981 860
981 865
981 890
981 892
981 898
981 947
981 957
981 962
981 964
981 977
981 994
981 996
982 1000
982 121
982 160
982 201
982 220
982 390
982 414
982 445
982 471
982 527
982 540
982 553
982 556
982 563
982 634
982 637
982 679
982 692
982 697
982 737
982 74
982 745
982 781
982 802
982 804
982 810
982 814
982 823
982 844
982 846
982 877
982 880
982 886
982 905
982 940
982 948
982 950
982 954
982 989
982 993
983 112
983 180
983 243
983 246
983 259
983 358
983 377
983 391
983 416
983 458
983 46
983 460
983 52
983 552
983 561
983 632
983 660
983 704
983 725
983 741
983 743
983 752
983 755
983 756
983 807
983 832
983 852
983 889
983 905
983 910
983 922
983 923
983 929
983 936
983 944
983 97
983 978
983 989
983 992
983 995
984 198
984 225
984 307
984 346
984 349
984 431
984 437
984 461
984 54
984 548
984 573
984 615
984 627
984 630
984 65
984 66
984 671
984 695
984 742
984 760
984 768
984 775
984 776
984 784
984 795
984 835
984 865
984 874
984 919
984 921
984 940
984 965
984 967
984 986
984 987
984 991
984 999
985 101
985 113
985 134
985 196
985 248
985 292
985 30
985 34
985 422
985 472
985 504
985 506
985 507
985 556
985 567
985 599
985 608
985 643
985 686
985 706
985 719
985 728
985 745
985 824
985 834
985 839
985 851
985 868
985 879
985 881
985 902
985 912
985 922
985 925
985 949
985 951
985 952
985 970
985 972
985 991
985 994
986 181
986 183
986 229
986 315
986 330
986 404
986 421
986 508
986 551
986 582
986 591
986 596
986 667
986 691
986 750
986 776
986 778
986 784
986 82
986 844
986 879
986 888
986 896
986 898
986 910
986 919
986 921
986 932
986 942
986 947
986 956
986 965
986 967
986 969
986 972
986 984
986 987
986 988
986 991
986 996
987 108
987 183
987 194
987 198
987 225
987 318
987 346
987 357
987 362
987 374
987 431
987 452
987 461
987 488
987 519
987 548
987 615
987 627
987 630
987 671
987 695
987 715
987 760
987 768
987 775
987 776
987 784
987 795
987 827
987 829
987 831
987 835
987 874
987 876
987 90
987 919
987 921
987 940
987 965
987 967
987 984
987 986
987 991
988 170
988 175
988 277
988 344
988 350
988 36
988 388
988 407
988 411
988 600
988 613
988 684
988 705
988 713
988 778
988 786
988 79
988 796
988 82
988 840
988 843
988 853
988 854
988 862
988 894
988 904
988 910
988 913
988 916
988 920
988 927
988 960
988 972
988 976
988 979
988 98
988 986
988 989
988 999
989 1000
989 143
989 149
989 191
989 193
989 292
989 296
989 327
989 383
989 417
989 430
989 480
989 489
989 493
989 494
989 563
989 600
989 712
989 756
989 818
989 819
989 839
989 840
989 843
989 854
989 868
989 897
989 910
989 912
989 927
989 929
989 936
989 944
989 950
989 960
989 97
989 972
989 973
989 974
989 982
989 983
989 988
989 990
989 997
99 750
99 808
99 836
99 968
990 176
990 201
990 217
990 236
990 396
990 44
990 467
990 512
990 535
990 588
990 614
990 664
990 668
990 727
990 757
990 767
990 786
990 793
990 804
990 805
990 811
990 834
990 855
990 859
990 860
990 880
990 882
990 893
990 90
990 905
990 927
990 930
990 94
990 944
990 945
990 950
990 956
990 959
990 960
990 972
990 974
990 989
990 992
990 993
991 114
991 128
991 133
991 16
991 21
991 324
991 326
991 339
991 345
991 374
991 384
991 50
991 532
991 563
991 58
991 609
991 615
991 776
991 788
991 825
991 835
991 839
991 849
991 870
991 886
991 912
991 913
991 919
991 921
991 925
991 941
991 955
991 956
991 967
991 972
991 978
991 984
991 985
991 986
991 987
991 998
992 123
992 125
992 181
992 298
992 309
992 375
992 401
992 416
992 466
992 489
992 512
992 537
992 588
992 638
992 642
992 660
992 661
992 723
992 735
992 744
992 753
992 759
992 816
992 827
992 843
992 852
992 854
992 871
992 875
992 883
992 889
992 893
992 920
992 923
992 93
992 930
992 932
992 944
992 945
992 954
992 977
992 983
992 990
993 111
993 114
993 208
993 310
993 362
993 405
993 419
993 437
993 454
993 455
993 46
993 491
993 516
993 526
993 530
993 567
993 573
993 610
993 627
993 663
993 668
993 671
993 673
993 679
993 697
993 715
993 721
993 782
993 786
993 793
993 804
993 813
993 880
993 883
993 884
993 897
993 905
993 932
993 948
993 950
993 954
993 956
993 965
993 982
993 990
994 100
994 102
994 104
994 165
994 191
994 214
994 234
994 248
994 266
994 291
994 34
994 343
994 352
994 362
994 410
994 465
994 471
994 495
994 497
994 516
994 523
994 563
994 566
994 567
994 598
994 599
994 610
994 662
994 675
994 677
994 686
994 706
994 72
994 728
994 745
994 814
994 83
994 846
994 872
994 910
994 913
994 92
994 929
994 933
994 951
994 981
994 985
995 105
995 139
995 184
995 226
995 260
995 373
995 374
995 419
995 442
995 469
995 490
995 496
995 593
995 611
995 617
995 653
995 685
995 700
995 701
995 712
995 716
995 739
995 740
995 751
995 789
995 808
995 812
995 829
995 864
995 867
995 872
995 879
995 893
995 900
995 905
995 909
995 927
995 933
995 940
995 948
995 950
995 959
995 969
995 970
995 971
995 983
995 998
996 114
996 204
996 213
996 294
996 351
996 370
996 406
996 420
996 49
996 497
996 555
996 559
996 582
996 703
996 709
996 717
996 727
996 791
996 797
996 817
996 821
996 833
996 847
996 873
996 874
996 880
996 887
996 888
996 892
996 898
996 912
996 916
996 922
996 927
996 941
996 943
996 947
996 952
996 957
996 962
996 970
996 975
996 976
996 977
996 978
996 981
996 986
997 115
997 118
997 145
997 26
997 289
997 304
997 343
997 350
997 361
997 403
997 468
997 476
997 485
997 491
997 498
997 553
997 57
997 591
997 592
997 595
997 596
997 6
997 600
997 618
997 678
997 681
997 695
997 698
997 722
997 73
997 737
997 740
997 761
997 767
997 786
997 808
997 816
997 841
997 890
997 899
997 944
997 945
997 951
997 952
997 96
997 960
997 977
997 989
998 122
998 308
998 322
998 334
998 345
998 389
998 414
998 429
998 491
998 571
998 574
998 576
998 581
998 595
998 609
998 651
998 670
998 677
998 680
998 743
998 746
998 754
998 758
998 767
998 78
998 813
998 815
998 825
998 84
998 846
998 856
998 867
998 877
998 878
998 907
998 908
998 910
998 932
998 950
998 951
998 956
998 966
998 968
998 969
998 973
998 974
998 976
998 991
998 995
999 149
999 18
999 189
999 191
999 196
999 232
999 277
999 280
999 283
999 305
999 307
999 341
999 35
999 351
999 387
999 388
999 417
999 452
999 459
999 494
999 501
999 512
999 533
999 54
999 584
999 618
999 631
999 644
999 677
999 68
999 722
999 768
999 775
999 79
999 795
999 796
999 83
999 843
999 862
999 869
999 905
999 906
999 920
999 935
999 946
999 955
999 976
999 979
999 984
999 988
