# The links inside the communities at k=4
# from G:\Dropbox\Raghda\CNA\Final Project\other methods\CFinder-2.0.6--1448\G:\Dropbox\Raghda\CNA\Final Project\Datasets\binary_networks\LFR3\network_LFR3_Om2.dat
# at no lower link weight threshold,
# and at no upper link weight threshold.
# Links were treated as undirected.
# No time limit was set for the clique search.

0:
10 886
10 966
10 982
886 966
886 982
886 995
886 827
886 873
886 680
886 185
886 900
886 854
886 890
886 925
886 869
886 914
886 340
886 757
886 802
886 650
966 982
966 995
966 827
966 873
966 570
966 900
966 854
966 586
966 251
966 890
966 509
966 925
966 271
966 298
966 606
966 869
966 914
966 340
966 622
966 907
966 434
966 847
966 813
966 494
966 650
982 607
982 995
982 141
982 873
982 570
982 680
982 185
982 900
982 854
982 229
982 251
982 890
982 925
982 298
982 869
982 551
982 914
982 651
982 622
982 907
982 422
982 434
982 813
982 494
982 757
982 50
982 802
982 650
982 95
607 995
607 900
607 650
995 827
995 141
995 548
995 873
995 570
995 680
995 900
995 854
995 229
995 586
995 251
995 890
995 509
995 27
995 925
995 271
995 298
995 606
995 551
995 914
995 340
995 651
995 622
995 907
995 422
995 434
995 813
995 494
995 757
995 802
995 650
995 95
827 548
827 570
827 925
827 914
827 847
827 813
827 802
141 873
548 925
548 847
873 900
873 854
873 869
873 914
873 651
873 907
873 847
873 813
873 757
570 914
570 907
570 650
680 854
680 914
680 907
680 813
185 900
900 890
900 914
900 340
900 651
900 907
900 422
900 847
900 813
900 650
854 229
854 509
854 27
854 925
854 622
854 907
854 802
586 890
586 925
586 914
251 890
890 509
890 925
890 606
890 869
890 914
890 907
890 847
890 813
890 50
890 802
509 847
27 925
925 271
925 606
925 869
925 914
925 622
925 907
925 847
925 813
925 494
925 757
298 606
298 869
606 914
606 622
606 757
869 914
869 907
869 757
869 802
551 802
914 622
914 434
914 757
914 50
651 907
907 434
907 847
907 813
907 757
907 50
907 802
847 813
847 650
813 494
757 802
802 95
1:
1000 238
1000 261
1000 266
1000 276
1000 300
1000 363
1000 389
1000 411
1000 459
1000 475
1000 493
1000 499
1000 513
1000 537
1000 541
1000 59
1000 634
1000 662
1000 663
1000 666
1000 668
1000 761
1000 763
1000 786
1000 789
1000 811
1000 815
1000 838
1000 842
1000 86
1000 895
1000 937
1000 973
238 276
238 842
238 973
261 363
261 815
261 838
266 663
266 937
266 973
276 973
300 662
300 842
363 838
389 842
389 895
389 973
411 666
411 973
459 838
459 895
459 937
475 763
475 895
475 973
475 685
493 838
493 86
493 895
493 937
493 973
499 789
499 973
513 761
513 786
513 811
513 937
513 973
513 635
537 541
537 815
537 842
537 937
541 666
541 937
541 973
59 895
59 973
634 763
634 789
634 842
634 895
634 937
634 973
634 524
662 761
662 811
662 815
662 838
662 842
662 895
663 666
663 789
663 895
663 937
663 973
666 842
666 937
666 973
668 761
668 973
761 811
761 815
761 838
761 86
761 973
761 635
763 838
763 895
763 685
786 789
786 815
786 895
786 937
786 973
786 635
789 815
789 842
789 973
789 524
811 895
815 838
815 842
815 937
838 895
838 973
842 973
86 973
895 937
895 973
895 685
937 973
973 635
973 524
2:
105 430
105 944
105 946
105 964
430 944
430 946
430 964
430 656
944 946
944 964
944 656
946 656
964 656
3:
106 799
106 835
106 916
106 928
799 835
799 916
799 928
799 798
799 852
799 479
799 580
799 549
799 80
835 916
835 928
835 798
835 820
835 215
835 438
835 852
835 275
835 549
835 660
916 928
916 16
916 798
916 820
916 233
916 852
916 275
916 283
916 556
916 479
916 580
916 596
916 549
916 660
928 16
928 798
928 820
928 215
928 438
928 233
928 852
928 275
928 283
928 556
928 479
928 580
928 596
928 549
928 660
928 80
16 798
16 820
798 820
798 852
798 275
798 596
798 549
798 80
820 215
820 233
820 275
820 479
820 596
820 549
820 660
820 80
215 438
852 283
852 556
852 596
283 556
479 580
479 596
596 549
4:
961 553
961 865
961 993
961 969
961 978
961 866
961 932
961 875
961 917
961 942
961 949
961 841
961 879
961 837
961 575
961 667
961 905
961 699
961 306
961 920
961 369
961 843
961 831
961 524
961 731
961 690
553 865
553 917
553 879
553 831
722 993
722 932
722 875
722 942
722 949
722 879
722 920
865 993
865 117
865 969
865 917
865 837
865 905
865 539
865 699
865 369
865 481
865 690
993 117
993 969
993 978
993 866
993 932
993 875
993 917
993 942
993 949
993 564
993 879
993 605
993 575
993 905
993 539
993 745
993 245
993 585
993 699
993 306
993 587
993 920
993 361
993 369
993 378
993 453
993 729
993 843
993 422
993 431
993 458
993 481
993 506
993 731
993 690
117 969
969 866
969 932
969 875
969 917
969 942
969 949
969 879
969 837
969 605
969 905
969 745
969 306
969 920
969 361
969 378
969 453
969 729
969 408
969 843
969 831
969 506
969 524
969 690
978 932
978 875
978 917
978 949
978 837
978 920
978 729
978 843
978 458
978 481
978 731
866 932
866 942
866 949
866 564
866 879
866 837
866 920
866 408
866 843
866 506
866 690
932 125
932 875
932 917
932 942
932 837
932 575
932 245
932 587
932 920
932 378
932 729
932 843
932 831
932 481
932 690
125 917
125 942
875 949
875 564
875 605
875 905
875 585
875 920
875 361
875 843
875 431
917 942
917 949
917 564
917 879
917 905
917 585
917 920
917 453
917 408
917 843
917 458
917 731
917 690
942 879
942 605
942 667
942 905
942 245
942 920
942 361
942 369
942 729
942 408
942 843
942 422
942 831
942 431
942 481
942 731
949 564
949 841
949 837
949 905
949 587
949 920
949 729
949 843
949 831
949 431
949 458
949 524
949 731
841 667
841 831
879 667
879 905
879 745
879 699
879 920
879 831
879 506
837 905
837 699
837 587
837 831
837 731
605 920
575 905
575 729
575 731
667 905
667 831
905 539
905 585
905 699
905 920
905 453
905 481
539 699
585 843
585 690
699 920
587 831
587 431
920 408
920 843
920 422
920 431
378 453
378 729
729 843
729 831
843 731
731 690
5:
120 864
120 927
120 947
120 991
864 927
864 947
864 991
864 968
864 979
864 904
864 919
864 999
864 687
864 682
864 325
864 770
864 538
864 808
927 947
927 991
927 968
927 979
927 962
927 901
927 904
927 197
927 919
927 999
927 860
927 770
927 803
927 368
927 624
927 514
927 724
927 676
927 788
927 552
927 808
947 991
947 968
947 962
947 901
947 190
947 904
947 919
947 999
947 574
947 687
947 682
947 803
947 480
947 624
947 508
947 514
947 676
947 788
947 808
991 658
991 968
991 979
991 962
991 901
991 190
991 904
991 919
991 999
991 200
991 860
991 574
991 316
991 687
991 32
991 323
991 682
991 325
991 770
991 803
991 368
991 375
991 480
991 624
991 508
991 514
991 724
991 676
991 788
991 53
991 538
991 648
991 70
991 808
658 968
658 962
658 901
658 919
658 624
968 979
968 962
968 151
968 901
968 904
968 919
968 999
968 860
968 687
968 32
968 682
968 770
968 803
968 368
968 375
968 624
968 508
968 514
968 53
968 538
968 648
968 808
979 962
979 151
979 901
979 190
979 904
979 919
979 999
979 200
979 860
979 316
979 687
979 682
979 770
979 803
979 368
979 375
979 480
979 624
979 508
979 514
979 724
979 676
979 788
979 538
979 70
979 808
962 151
962 901
962 904
962 919
962 200
962 860
962 574
962 316
962 687
962 323
962 325
962 770
962 803
962 375
962 480
962 724
962 788
962 53
962 648
962 808
151 901
901 904
901 919
901 999
901 770
901 803
901 375
901 724
901 676
901 808
190 904
904 197
904 919
904 999
904 32
904 323
904 325
904 770
904 624
904 724
904 808
197 919
197 999
919 999
919 687
919 682
919 508
919 724
919 788
919 552
919 70
919 808
999 687
999 682
999 770
999 803
999 508
999 724
999 676
999 53
999 538
999 552
999 808
860 676
860 808
316 687
682 676
770 70
803 480
803 514
803 724
803 808
480 624
514 724
538 648
6:
124 751
124 829
124 898
124 908
751 829
751 898
751 908
751 561
751 804
751 765
751 633
751 37
751 456
751 614
829 898
829 908
829 270
829 804
829 290
829 675
829 765
829 633
829 48
829 614
829 511
898 908
898 270
898 561
898 804
898 290
898 675
898 765
898 305
898 633
898 37
898 456
898 48
898 495
898 614
898 511
908 270
908 561
908 804
908 556
908 290
908 675
908 765
908 305
908 633
908 37
908 456
908 48
908 495
908 614
908 511
270 561
270 804
561 804
561 675
561 614
804 675
804 765
804 48
804 495
804 614
804 511
556 675
556 765
290 675
290 765
675 765
675 633
765 305
765 633
765 614
305 633
633 614
495 614
7:
128 277
128 933
128 972
277 933
277 972
933 972
8:
646 797
646 915
646 952
646 948
129 797
129 915
129 952
589 952
589 948
589 496
589 166
589 588
797 915
797 952
797 948
797 193
797 657
797 288
797 317
797 588
915 952
915 470
915 948
915 809
915 858
915 332
915 657
915 234
915 288
915 574
915 317
915 402
915 405
915 588
915 90
952 470
952 948
952 147
952 496
952 809
952 166
952 858
952 332
952 619
952 657
952 234
952 848
952 317
952 346
952 420
952 402
952 405
952 588
952 684
952 90
470 809
470 619
948 147
948 496
948 809
948 166
948 858
948 619
948 193
948 657
948 234
948 848
948 288
948 574
948 317
948 346
948 402
948 405
948 588
948 90
147 496
147 809
809 619
809 848
809 288
809 405
809 684
166 858
858 619
858 848
858 420
858 684
332 657
619 234
619 684
193 657
848 402
848 90
288 574
317 346
420 684
402 405
405 588
9:
988 773
988 859
988 880
988 195
988 845
988 199
988 604
988 202
988 601
988 822
988 351
988 641
988 362
988 444
988 583
773 133
773 830
773 859
773 880
773 845
773 604
773 822
773 362
773 384
773 583
133 830
133 859
133 880
830 859
830 880
830 195
830 845
830 601
830 822
830 351
830 641
830 384
830 444
830 583
830 6
859 880
859 845
859 604
859 601
859 221
859 822
859 641
859 384
859 444
859 6
880 195
880 845
880 199
880 604
880 601
880 822
880 351
880 641
880 362
880 384
880 444
880 583
880 6
195 845
845 199
845 604
845 202
845 601
845 221
845 822
845 641
845 384
845 583
199 604
604 822
202 601
601 6
221 822
822 641
822 444
822 583
351 641
641 583
10:
629 986
629 978
629 876
629 782
918 986
918 876
918 931
918 996
918 874
918 911
918 730
918 926
918 659
918 862
918 863
918 881
918 401
918 440
918 443
918 695
918 648
918 584
986 978
986 876
986 931
986 985
986 625
986 996
986 686
986 874
986 911
986 730
986 926
986 250
986 899
986 659
986 862
986 863
986 881
986 807
986 392
986 400
986 443
986 782
986 626
986 485
986 695
986 510
986 767
986 584
986 703
986 642
986 655
986 8
978 931
978 996
978 874
978 911
978 899
978 863
978 881
978 807
978 392
978 782
978 626
978 655
978 9
136 876
136 931
136 985
876 931
876 985
876 625
876 996
876 874
876 863
876 881
876 782
876 626
876 510
876 767
876 642
876 81
931 985
931 996
931 730
931 899
931 862
931 440
931 418
931 443
931 782
931 626
931 485
931 695
931 510
931 584
931 703
931 642
931 81
985 625
985 996
985 874
985 911
985 207
985 730
985 250
985 899
985 659
985 862
985 863
985 328
985 881
985 807
985 392
985 400
985 401
985 440
985 443
985 782
985 485
985 767
985 584
985 824
985 609
985 703
985 655
985 8
985 81
625 996
625 911
625 730
625 400
625 485
996 686
996 874
996 911
996 207
996 926
996 250
996 899
996 659
996 862
996 863
996 328
996 881
996 807
996 392
996 400
996 401
996 440
996 418
996 443
996 782
996 626
996 485
996 510
996 648
996 767
996 584
996 824
996 703
996 642
996 655
996 9
996 8
996 81
686 874
686 862
686 863
686 400
686 703
874 911
874 250
874 881
874 648
874 767
874 584
874 824
874 703
911 207
911 730
911 926
911 899
911 862
911 863
911 881
911 401
911 418
911 767
911 642
207 730
730 863
730 767
730 703
926 899
926 328
926 881
926 401
926 626
926 642
926 655
250 899
899 659
899 863
899 328
899 881
899 418
899 695
899 767
899 584
899 824
899 703
899 655
659 863
659 392
659 655
862 863
862 881
862 392
862 782
862 626
862 510
862 824
862 609
863 807
863 767
328 881
881 418
881 782
881 767
881 824
881 9
401 440
443 782
782 485
626 703
695 510
695 642
648 824
767 8
584 824
824 609
824 655
11:
921 935
921 693
921 567
921 150
921 749
921 758
921 412
921 669
921 536
921 265
921 364
921 64
921 423
921 760
921 426
921 92
921 534
935 693
935 567
935 150
935 749
935 758
935 412
935 669
935 536
935 265
935 360
935 364
935 64
935 423
935 760
935 426
935 92
935 534
693 567
693 758
693 412
693 669
693 364
693 760
693 534
567 749
567 669
567 360
567 760
150 749
150 758
749 758
749 536
749 265
749 364
749 760
749 534
758 536
758 760
758 426
758 534
412 669
669 265
669 360
669 760
669 534
536 265
536 760
64 92
423 760
760 426
760 534
426 92
12:
944 946
944 964
944 664
944 671
944 592
944 269
944 800
944 505
946 664
946 704
946 592
946 656
946 269
946 800
946 473
946 714
946 484
946 505
946 774
946 569
964 664
964 154
964 671
964 704
964 592
964 656
964 410
964 269
964 800
964 338
964 473
964 714
964 484
964 505
964 774
664 800
664 714
664 569
154 671
154 704
671 704
671 410
671 800
671 338
671 484
704 800
704 714
704 484
704 774
592 269
592 505
592 774
656 473
656 774
410 484
269 800
800 338
800 714
800 484
800 774
800 569
473 505
473 774
505 774
774 569
13:
990 994
990 902
990 161
990 558
990 174
990 502
990 178
990 833
990 970
990 181
990 379
990 747
990 196
990 203
990 821
990 205
990 753
990 208
990 848
990 723
990 347
990 314
990 343
990 653
990 356
990 36
990 366
990 371
990 390
990 394
990 503
990 395
990 785
990 428
990 471
990 637
990 766
990 79
990 84
994 902
994 161
994 558
994 174
994 413
994 502
994 178
994 833
994 970
994 181
994 379
994 747
994 196
994 203
994 821
994 205
994 753
994 208
994 848
994 723
994 314
994 416
994 343
994 345
994 653
994 356
994 36
994 366
994 371
994 390
994 394
994 503
994 395
994 785
994 428
994 637
994 766
994 79
994 84
902 970
902 747
902 821
902 500
902 723
902 314
902 416
902 345
902 36
902 394
902 395
902 785
902 428
902 471
902 637
902 84
161 558
558 970
558 821
558 848
558 785
174 502
413 833
413 970
413 753
502 970
502 345
178 833
178 970
833 970
833 747
833 203
833 500
833 347
833 314
833 653
833 785
833 766
970 379
970 196
970 821
970 500
970 753
970 848
970 723
970 314
970 343
970 345
970 653
970 356
970 36
970 366
970 390
970 394
970 503
970 785
970 428
970 637
970 766
970 84
181 379
181 747
379 723
747 196
747 848
747 723
747 503
747 785
203 821
821 753
821 208
821 723
821 416
821 371
821 395
821 766
205 753
500 416
500 785
753 356
753 371
753 390
753 79
848 366
848 390
723 395
723 785
347 653
416 785
653 366
653 395
653 428
394 503
503 785
503 637
785 637
471 637
637 766
14:
744 806
744 953
744 777
744 736
744 807
744 796
744 771
744 688
162 31
162 717
162 806
162 953
31 806
31 953
31 736
717 806
717 953
717 858
717 828
717 807
717 796
717 572
717 771
717 688
806 953
806 777
806 482
806 257
806 828
806 736
806 796
806 771
953 858
953 777
953 472
953 482
953 257
953 828
953 736
953 807
953 796
953 572
953 771
953 688
953 71
858 777
858 736
858 807
858 796
777 482
777 828
777 736
777 572
777 771
777 688
777 71
472 796
472 771
482 736
257 828
828 736
828 807
828 796
828 572
828 771
828 688
736 771
736 688
807 688
796 572
796 771
796 688
771 71
688 71
15:
825 980
825 967
825 631
825 700
975 980
975 888
975 943
975 967
975 754
975 887
975 373
975 951
975 818
975 812
975 877
975 725
975 971
975 871
975 231
975 643
975 696
975 718
975 309
975 385
975 788
975 609
975 700
980 810
980 967
980 754
980 887
980 945
980 951
980 818
980 812
980 877
980 725
980 971
980 231
980 643
980 718
980 414
980 631
980 532
980 67
980 700
810 887
810 945
810 951
810 818
810 971
810 871
810 532
888 943
888 967
888 951
888 877
888 971
888 791
888 788
888 700
943 967
943 754
943 887
943 951
943 877
943 971
943 871
943 522
943 385
943 788
943 700
967 945
967 373
967 951
967 877
967 725
967 971
967 871
967 194
967 643
967 385
967 414
967 631
967 425
967 791
967 700
754 951
754 812
754 877
754 971
754 67
887 818
887 971
887 791
945 951
945 818
945 971
945 871
945 643
945 532
373 971
951 877
951 871
951 194
951 643
951 718
951 309
951 522
951 791
951 532
951 700
818 877
818 971
818 871
818 791
818 700
812 971
812 67
877 725
877 971
877 871
877 231
877 718
877 522
725 871
971 871
971 643
971 696
971 710
971 414
971 425
971 791
971 788
971 609
971 700
871 309
871 609
194 643
696 788
710 425
710 791
414 631
425 791
16:
839 997
839 960
839 884
839 976
839 740
839 924
839 816
839 938
839 778
906 997
906 851
906 989
906 769
906 960
906 884
906 936
906 987
906 618
906 976
906 909
906 805
906 740
906 938
906 441
906 476
906 756
997 851
997 417
997 989
997 944
997 769
997 960
997 545
997 884
997 179
997 759
997 627
997 936
997 954
997 987
997 618
997 882
997 976
997 21
997 591
997 909
997 805
997 623
997 740
997 320
997 885
997 924
997 329
997 816
997 938
997 613
997 756
997 778
851 989
851 929
851 950
851 987
851 727
851 976
851 940
851 805
851 885
417 989
417 987
417 976
989 944
989 929
989 950
989 960
989 545
989 884
989 179
989 759
989 936
989 954
989 987
989 727
989 976
989 591
989 836
989 805
989 447
989 623
989 885
989 924
989 329
989 893
989 816
989 938
989 719
989 441
989 766
989 595
989 639
989 756
944 950
944 987
944 976
944 940
944 805
944 893
944 639
769 987
769 976
769 591
769 909
769 924
769 756
929 960
929 670
929 759
929 627
929 936
929 954
929 987
929 976
929 909
929 885
929 924
929 893
929 938
929 719
929 597
929 766
929 639
929 778
950 960
950 670
950 884
950 936
950 987
950 909
950 940
950 938
950 778
960 670
960 627
960 936
960 987
960 882
960 976
960 909
960 836
960 623
960 885
960 597
960 613
960 639
960 756
960 778
670 884
670 987
670 976
670 909
670 816
545 885
545 893
884 954
884 987
884 976
884 940
884 885
884 924
884 938
884 552
884 756
884 778
179 759
759 924
759 816
759 639
342 954
342 987
342 976
627 936
627 882
627 719
936 987
936 618
936 976
936 21
936 591
936 909
936 836
936 940
936 447
936 924
936 938
936 719
936 597
936 441
954 987
954 618
954 882
954 976
954 591
954 909
954 940
954 805
954 320
954 893
954 816
954 441
954 552
954 613
954 756
987 618
987 727
987 976
987 909
987 836
987 940
987 924
987 893
987 816
987 938
987 403
987 441
987 476
987 766
987 552
987 595
987 639
987 756
618 976
727 940
727 805
727 924
727 938
882 976
882 940
882 740
882 320
882 924
882 893
882 938
976 909
976 940
976 805
976 885
976 924
976 893
976 938
976 719
976 476
976 766
976 613
976 756
976 778
21 591
21 909
591 924
909 805
909 885
909 893
909 816
836 940
836 447
836 893
836 938
836 403
836 595
940 805
940 924
940 816
940 938
940 719
940 613
940 756
940 778
805 623
623 938
740 938
320 885
320 924
885 924
885 329
885 893
885 719
885 613
885 639
885 778
924 893
924 816
924 756
329 893
893 938
893 403
893 719
893 778
816 938
938 766
938 595
938 613
17:
590 912
590 598
590 712
590 711
912 188
912 598
912 712
912 711
912 272
188 598
188 712
598 712
712 711
712 272
711 272
18:
849 811
849 857
849 998
849 984
849 977
849 878
849 832
849 926
849 965
849 889
849 391
849 720
849 630
668 998
668 984
668 965
811 998
811 984
811 878
811 965
792 984
792 977
792 922
792 923
792 965
792 855
792 451
857 998
857 903
857 608
857 867
857 922
857 896
857 923
857 965
857 889
857 516
857 540
870 984
870 977
870 707
870 923
870 965
870 840
870 855
870 393
870 498
998 563
998 903
998 984
998 608
998 977
998 832
998 218
998 867
998 922
998 237
998 896
998 926
998 852
998 923
998 965
998 284
998 726
998 741
998 357
998 840
998 889
998 855
998 383
998 391
998 516
998 654
998 540
998 451
998 728
998 490
998 498
998 535
998 720
998 569
998 630
563 984
563 922
563 741
563 889
563 383
903 984
903 977
903 878
903 218
903 922
903 237
903 896
903 926
903 726
903 654
903 406
903 490
984 878
984 218
984 867
984 896
984 926
984 852
984 248
984 923
984 965
984 726
984 741
984 357
984 889
984 855
984 516
984 654
984 406
984 540
984 661
984 728
984 504
984 535
984 720
608 922
608 923
977 878
977 922
977 237
977 896
977 926
977 707
977 923
977 726
977 741
977 840
977 889
977 855
977 383
977 391
977 654
977 451
977 498
977 504
977 535
977 720
977 630
878 926
878 965
878 840
878 855
878 504
878 720
832 922
832 728
832 630
218 867
867 922
867 852
867 965
867 726
867 741
867 889
867 516
867 504
867 535
867 630
922 248
922 923
922 965
922 889
922 728
922 490
922 720
237 896
896 926
896 923
896 741
896 889
896 855
896 383
896 516
896 406
896 661
896 490
926 965
926 855
926 728
852 965
852 726
852 855
248 707
248 923
248 965
707 923
707 965
707 728
707 535
923 965
923 284
923 357
923 889
923 855
923 451
923 728
923 490
923 535
923 720
965 284
965 741
965 357
965 840
965 855
965 393
965 540
965 728
965 504
965 720
965 630
726 889
741 498
741 720
357 840
840 889
840 855
840 383
840 451
840 728
840 498
840 504
889 855
889 383
889 490
889 569
855 393
855 654
855 569
406 661
535 720
19:
999 220
999 738
999 872
999 910
999 29
999 746
999 303
999 819
999 636
999 319
999 674
999 348
999 377
999 461
999 467
999 708
999 468
999 566
999 617
999 689
999 61
220 738
220 872
220 910
738 872
738 910
738 819
738 636
738 319
738 674
738 461
738 708
872 910
872 29
872 746
872 303
872 819
872 348
872 377
872 461
872 708
872 468
872 566
872 617
872 689
872 61
910 29
910 746
910 819
910 636
910 319
910 674
910 348
910 377
910 461
910 467
910 708
910 468
910 566
910 617
910 61
29 746
746 819
746 636
746 674
746 348
746 708
746 468
746 617
303 819
819 636
819 674
819 461
819 467
819 617
819 689
636 674
636 708
636 617
319 674
674 468
674 617
461 467
467 708
708 617
708 689
708 61
566 617
20:
856 981
856 861
856 972
856 790
856 958
856 955
856 913
856 550
856 868
981 861
981 933
981 972
981 790
981 958
981 448
981 735
981 883
981 955
981 632
981 673
981 222
981 913
981 784
981 550
981 716
981 801
981 307
981 436
981 452
981 602
861 933
861 958
861 883
861 956
861 673
861 913
861 716
861 279
861 868
933 972
933 958
933 883
933 673
933 913
933 716
933 259
933 715
933 486
933 868
933 436
933 452
933 530
933 599
972 790
972 814
972 958
972 448
972 735
972 883
972 956
972 955
972 550
972 715
972 826
972 486
972 307
972 868
972 424
972 452
972 530
972 602
972 74
790 868
814 958
814 956
814 826
814 602
814 74
958 448
958 883
958 956
958 673
958 222
958 913
958 784
958 259
958 279
958 715
958 826
958 486
958 868
958 424
958 530
958 599
448 715
735 955
735 801
735 602
883 222
883 913
883 259
883 715
883 307
883 424
883 599
956 632
956 913
956 784
956 424
956 602
956 74
955 801
955 307
632 913
632 784
913 784
913 550
913 279
913 424
913 436
826 868
486 868
868 424
21:
981 955
981 227
981 784
955 227
955 784
227 784
22:
404 941
404 963
404 959
941 992
941 963
941 959
941 718
941 781
941 577
941 678
941 713
783 894
783 963
783 959
783 235
783 934
783 478
783 678
894 750
894 963
894 959
894 235
894 795
894 743
894 466
894 478
894 678
894 603
992 492
992 750
992 692
992 594
992 963
992 647
992 959
992 718
992 934
992 652
992 665
992 795
992 344
992 355
992 396
992 743
992 787
992 554
992 466
992 469
992 577
992 478
992 578
992 678
992 706
992 713
992 603
992 611
992 87
992 98
492 963
492 934
492 781
492 578
750 963
750 934
750 665
750 795
750 396
750 787
750 578
692 647
692 959
692 934
692 795
692 706
692 98
594 959
594 787
963 959
963 235
963 718
963 934
963 781
963 273
963 652
963 665
963 795
963 355
963 743
963 466
963 469
963 478
963 578
963 678
963 713
963 603
963 611
647 959
647 934
647 355
647 554
959 235
959 718
959 273
959 652
959 665
959 743
959 787
959 466
959 478
959 678
959 706
959 713
959 603
959 611
934 781
934 652
934 665
934 795
934 344
934 355
934 743
934 554
934 466
934 678
934 706
934 603
934 611
934 87
934 98
781 713
273 652
273 665
652 795
652 787
652 706
665 787
665 469
665 706
795 344
795 706
795 611
396 743
396 787
743 787
743 469
743 478
743 713
787 554
787 578
787 713
554 578
577 678
578 713
706 603
603 611
611 87
23:
983 891
983 5
983 679
891 5
891 679
5 679
24:
957 780
957 701
957 644
957 950
957 945
957 846
957 768
957 853
957 860
957 762
957 640
957 742
957 507
780 974
780 701
780 950
780 762
780 742
974 701
974 950
974 945
974 846
974 768
974 853
974 762
974 640
974 293
974 72
974 301
974 460
974 382
974 435
974 742
974 507
701 950
644 945
644 846
644 853
644 860
950 846
950 768
950 742
950 507
945 846
945 853
945 382
846 768
846 853
846 762
846 640
846 382
846 435
768 640
768 742
853 860
853 762
853 293
853 382
853 742
762 293
762 72
762 301
762 460
762 742
640 742
293 72
301 460
460 742
382 435
742 507
25:
988 721
988 930
988 302
988 705
988 732
988 941
988 775
988 409
988 236
988 737
988 88
988 324
988 335
988 528
721 930
721 732
721 941
721 737
721 324
930 302
930 705
930 941
930 775
930 409
930 236
930 645
930 781
930 737
930 88
930 324
930 335
930 353
930 528
302 737
705 775
705 781
705 353
732 941
732 737
732 324
941 775
941 236
941 645
941 781
941 737
941 88
941 335
775 409
775 236
775 781
775 737
775 335
775 353
775 528
645 335
781 737
26:
590 677
590 912
590 429
677 691
677 912
677 557
677 240
677 793
677 429
677 600
691 912
691 793
691 600
912 557
912 711
912 240
912 793
912 4
912 429
912 600
557 711
557 793
557 4
557 600
711 600
240 793
793 4
793 429
27:
897 252
897 531
897 555
897 834
897 850
897 264
897 292
897 672
897 512
897 593
897 388
897 454
897 75
897 562
252 531
252 555
252 834
252 850
531 555
531 834
531 850
555 834
555 850
555 512
555 388
834 850
834 264
834 672
834 512
834 593
834 388
834 454
834 75
834 562
850 264
850 292
850 672
850 512
850 593
850 388
850 454
850 562
264 292
292 672
672 562
593 388
593 454
593 562
388 454
75 562
28:
983 939
983 752
983 612
983 93
939 752
939 612
939 93
752 93
612 93
29:
262 474
262 912
262 712
474 912
474 712
912 712
30:
582 983
582 891
582 615
582 733
582 739
983 891
983 939
983 615
983 698
983 764
983 289
983 733
983 739
983 313
983 449
891 615
891 764
891 733
939 832
939 698
939 764
939 733
939 739
939 313
939 449
832 698
832 733
698 733
698 739
698 313
764 733
289 733
289 739
733 739
313 449
31:
983 823
983 334
983 697
892 823
892 334
892 697
823 334
823 697
334 697
32:
953 525
953 828
953 341
953 638
525 828
525 341
525 638
828 638
341 638
33:
983 939
983 515
983 386
939 515
939 386
515 386
34:
487 983
487 739
487 542
983 621
983 752
983 739
983 697
983 542
892 752
892 697
892 542
621 752
621 739
621 542
752 697
752 542
739 542
697 542
35:
980 951
980 497
980 710
943 951
943 497
943 710
951 497
951 710
497 710
36:
983 581
983 515
983 565
581 515
581 565
515 565
37:
955 716
955 826
955 794
716 826
716 794
826 794
38:
956 955
956 784
956 794
955 784
955 794
784 794
