# The links inside the communities at k=10
# from G:\Dropbox\Raghda\CNA\Final Project\other methods\CFinder-2.0.6--1448\G:\Dropbox\Raghda\CNA\Final Project\Datasets\binary_networks\LFR1\networ_LFR1_Om2.dat
# at no lower link weight threshold,
# and at no upper link weight threshold.
# Links were treated as undirected.
# No time limit was set for the clique search.

0:
922 974
922 979
922 991
922 997
922 947
922 962
922 964
922 969
922 982
922 944
922 934
922 882
670 974
670 979
670 991
670 947
670 962
670 964
670 969
670 944
670 934
974 979
974 991
974 997
974 947
974 962
974 964
974 969
974 982
974 944
974 860
974 934
974 875
974 734
974 882
974 759
974 778
974 814
974 832
979 991
979 997
979 947
979 962
979 964
979 969
979 982
979 944
979 860
979 934
979 875
979 734
979 882
979 759
979 778
979 814
979 832
991 997
991 947
991 962
991 964
991 969
991 982
991 944
991 860
991 934
991 875
991 734
991 882
991 759
991 778
991 814
991 832
997 947
997 962
997 964
997 969
997 982
997 944
997 860
997 934
997 875
997 734
997 882
997 759
997 778
997 814
997 832
947 962
947 964
947 969
947 982
947 944
947 860
947 934
947 875
947 734
947 882
947 759
947 778
947 814
947 832
962 964
962 969
962 982
962 944
962 860
962 934
962 875
962 734
962 882
962 759
962 778
962 814
962 832
964 969
964 982
964 944
964 860
964 934
964 875
964 734
964 882
964 759
964 778
964 814
964 832
969 982
969 944
969 860
969 934
969 875
969 734
969 882
969 759
969 778
969 814
969 832
982 944
982 860
982 934
982 875
982 882
982 759
982 778
982 814
982 832
944 860
944 934
944 875
944 734
944 882
944 759
944 778
944 814
944 832
860 934
860 875
860 734
860 882
860 759
860 778
860 814
860 832
934 875
934 734
934 882
934 759
934 778
934 814
934 832
875 882
875 814
875 832
882 778
882 814
882 832
1:
843 946
843 993
843 995
843 996
843 975
843 980
843 950
843 923
843 865
843 847
843 892
843 878
843 870
946 993
946 995
946 996
946 975
946 980
946 950
946 923
946 865
946 719
946 847
946 892
946 878
946 803
946 659
946 664
946 689
946 870
993 995
993 996
993 975
993 980
993 950
993 923
993 865
993 719
993 847
993 892
993 878
993 803
993 659
993 664
993 689
993 870
995 996
995 975
995 980
995 950
995 923
995 865
995 719
995 847
995 892
995 878
995 803
995 659
995 664
995 689
995 870
996 975
996 980
996 950
996 923
996 865
996 719
996 847
996 892
996 878
996 803
996 659
996 664
996 689
996 870
975 980
975 950
975 923
975 865
975 847
975 892
975 878
975 803
975 870
980 950
980 923
980 865
980 719
980 847
980 892
980 878
980 803
980 659
980 664
980 689
980 870
950 923
950 865
950 719
950 847
950 892
950 878
950 803
950 659
950 664
950 689
950 870
923 865
923 719
923 847
923 892
923 878
923 803
923 659
923 664
923 689
923 870
865 847
865 892
865 878
865 803
865 870
719 892
719 878
847 892
847 878
847 803
847 870
892 878
892 803
892 659
892 664
892 689
892 870
878 803
878 659
878 664
878 689
878 870
803 870
2:
842 958
842 961
842 965
842 900
842 881
842 976
842 806
842 736
842 754
958 961
958 965
958 900
958 881
958 976
958 806
958 736
958 754
961 965
961 900
961 881
961 976
961 806
961 736
961 754
965 900
965 881
965 976
965 806
965 736
965 754
900 881
900 976
900 806
900 736
900 754
881 976
881 806
881 736
881 754
976 806
976 736
976 754
806 736
806 754
736 754
3:
911 929
911 971
911 994
911 966
911 818
911 819
911 916
911 915
911 926
911 777
911 914
911 817
911 712
929 971
929 994
929 966
929 818
929 819
929 916
929 915
929 926
929 777
929 914
929 817
929 712
971 994
971 966
971 818
971 819
971 916
971 915
971 926
971 777
971 914
971 817
971 712
994 966
994 818
994 819
994 916
994 915
994 926
994 777
994 914
994 817
994 712
966 819
966 916
966 915
966 926
966 777
966 817
966 712
818 819
818 916
818 915
818 926
818 914
818 817
819 916
819 915
819 926
819 777
819 914
819 817
916 915
916 926
916 777
916 914
916 817
916 712
915 926
915 777
915 914
915 817
915 712
926 777
926 914
926 817
926 712
777 914
777 817
817 712
4:
913 986
913 984
913 888
913 987
913 990
913 937
913 867
913 917
913 904
913 954
913 959
913 943
913 893
913 871
913 948
913 859
913 749
986 984
986 987
986 990
986 937
986 867
986 904
986 954
986 959
986 893
986 871
986 948
986 810
986 859
984 888
984 987
984 990
984 937
984 867
984 917
984 904
984 954
984 959
984 871
984 948
984 810
984 859
984 749
984 741
888 987
888 990
888 937
888 917
888 904
888 954
888 959
888 943
888 871
888 948
888 859
987 990
987 937
987 867
987 917
987 904
987 954
987 959
987 943
987 893
987 871
987 948
987 810
987 859
987 749
987 741
990 937
990 867
990 917
990 904
990 954
990 959
990 943
990 893
990 871
990 948
990 810
990 859
990 749
990 741
937 867
937 917
937 904
937 954
937 959
937 943
937 893
937 871
937 948
937 810
937 859
937 749
937 741
867 917
867 904
867 959
867 948
867 810
867 859
867 741
917 904
917 959
917 943
917 948
917 810
917 859
917 741
904 954
904 959
904 893
904 871
904 948
904 859
904 749
904 741
954 959
954 943
954 893
954 871
954 948
954 810
954 859
954 749
959 943
959 893
959 871
959 948
959 810
959 859
959 749
959 741
943 948
943 859
893 948
871 948
871 810
871 859
948 810
948 859
948 749
948 741
810 741
5:
1000 776
1000 830
1000 848
1000 858
1000 876
1000 886
1000 897
1000 902
1000 903
1000 922
1000 930
1000 932
1000 968
1000 970
776 830
776 848
776 858
776 886
776 897
776 902
776 903
776 930
776 932
776 968
776 970
830 848
830 858
830 886
830 897
830 902
830 903
830 930
830 932
830 968
830 970
848 858
848 886
848 897
848 902
848 903
848 922
848 930
848 932
848 968
848 970
858 886
858 897
858 902
858 903
858 922
858 930
858 932
858 968
858 970
876 886
876 897
876 902
876 903
876 930
876 932
876 968
876 970
886 897
886 902
886 903
886 922
886 930
886 932
886 968
886 970
897 902
897 903
897 922
897 930
897 932
897 968
897 970
902 903
902 922
902 930
902 932
902 968
902 970
903 922
903 930
903 932
903 968
903 970
922 930
922 932
922 968
922 970
930 932
930 968
930 970
932 968
932 970
968 970
6:
978 952
978 938
978 941
978 899
978 895
978 898
978 914
978 779
978 764
952 938
952 941
952 899
952 895
952 898
952 914
952 779
952 764
938 941
938 899
938 895
938 898
938 914
938 779
938 764
941 899
941 895
941 898
941 914
941 779
941 764
899 895
899 898
899 914
899 779
899 764
895 898
895 914
895 779
895 764
898 914
898 779
898 764
914 779
914 764
779 764
