# The cliques from G:\Dropbox\Raghda\CNA\Final Project\other methods\CFinder-2.0.6--1448\G:\Dropbox\Raghda\CNA\Final Project\Datasets\binary_networks\LFR1\networ_LFR1_Om2.dat
# at no lower link weight threshold,
# and at no upper link weight threshold.
# Links were treated as undirected.
# No time limit was set for the clique search.

0: 981 999 104 
1: 1 706 949 967 
2: 10 955 981 983 999 
3: 1000 105 968 970 
4: 1000 140 902 903 930 
5: 1000 16 237 
6: 1000 173 174 
7: 1000 173 376 704 
8: 1000 174 237 
9: 102 763 835 
10: 102 763 924 
11: 102 877 924 
12: 103 709 951 957 
13: 106 815 906 942 960 
14: 107 201 593 
15: 107 335 578 
16: 107 578 593 
17: 201 593 7 
18: 201 539 7 
19: 108 700 936 
20: 108 740 989 
21: 108 936 989 
22: 109 688 862 896 
23: 109 855 862 896 
24: 11 842 958 961 965 
25: 957 110 756 940 963 
26: 906 942 960 111 802 
27: 855 862 896 112 725 
28: 113 641 791 863 
29: 114 18 678 
30: 18 678 769 413 
31: 902 930 968 115 
32: 116 864 977 
33: 958 961 965 117 
34: 118 241 874 
35: 118 505 874 
36: 118 680 874 
37: 967 119 789 925 
38: 763 924 12 857 
39: 924 12 703 857 
40: 855 862 896 725 120 
41: 981 983 953 121 956 
42: 122 813 894 918 928 
43: 123 624 716 972 
44: 124 946 993 995 996 
45: 573 403 125 
46: 530 75 524 
47: 126 846 889 908 920 
48: 978 127 952 
49: 127 644 808 
50: 128 728 752 820 868 
51: 129 911 929 971 
52: 13 386 447 514 
53: 677 273 130 668 
54: 130 290 668 
55: 889 920 131 711 
56: 889 131 887 
57: 132 974 979 991 
58: 942 960 802 133 
59: 942 960 133 772 
60: 700 977 134 
61: 977 134 233 
62: 977 134 538 
63: 992 977 233 
64: 977 233 685 
65: 978 135 798 938 941 
66: 951 957 940 136 849 
67: 137 696 884 935 
68: 138 390 905 997 
69: 138 604 905 997 
70: 139 314 35 
71: 387 14 434 
72: 14 324 434 
73: 141 799 844 921 
74: 992 142 834 988 
75: 924 143 807 
76: 855 144 570 
77: 905 997 145 691 816 
78: 978 952 938 146 899 
79: 147 329 630 766 975 
80: 991 148 947 962 
81: 942 960 972 149 
82: 15 422 845 851 
83: 989 45 943 
84: 978 798 150 672 
85: 978 798 150 895 
86: 816 151 729 731 
87: 151 361 731 
88: 992 988 153 
89: 957 940 153 
90: 154 592 760 822 
91: 154 744 760 822 
92: 906 942 960 155 
93: 766 975 226 516 
94: 957 963 156 861 
95: 957 156 841 
96: 985 157 224 
97: 985 157 642 650 
98: 985 224 633 
99: 578 593 158 318 
100: 578 158 318 539 
101: 920 159 732 
102: 974 159 964 
103: 573 160 284 
104: 244 161 243 
105: 253 447 204 
106: 728 820 868 162 
107: 820 868 162 623 
108: 992 740 989 163 931 
109: 918 928 164 901 
110: 946 993 995 996 165 
111: 906 942 960 166 891 
112: 921 167 919 945 
113: 949 967 925 168 
114: 877 924 169 
115: 924 169 692 750 
116: 874 17 212 
117: 874 17 348 909 
118: 874 212 502 770 
119: 979 991 962 964 170 
120: 978 952 941 171 
121: 172 721 910 939 
122: 808 76 790 
123: 951 963 849 176 
124: 951 963 176 737 
125: 177 256 637 724 
126: 177 310 637 724 
127: 678 178 31 
128: 678 178 418 
129: 678 31 532 
130: 844 988 945 179 
131: 978 952 938 185 
132: 180 726 742 805 
133: 180 726 742 998 
134: 530 181 524 
135: 573 181 524 
136: 921 988 945 182 
137: 968 970 183 
138: 918 928 183 
139: 974 991 964 184 969 
140: 993 995 996 980 186 
141: 187 449 481 
142: 942 960 189 661 
143: 942 960 189 771 
144: 993 995 980 19 
145: 896 190 581 
146: 896 190 755 
147: 195 762 797 801 
148: 986 191 228 735 
149: 986 191 652 735 
150: 986 228 735 590 
151: 999 192 883 927 
152: 946 993 995 996 193 
153: 845 851 194 773 
154: 851 194 5 
155: 851 5 833 615 
156: 955 981 983 999 196 
157: 984 197 888 987 990 
158: 198 825 966 
159: 971 966 199 
160: 971 199 818 
161: 910 939 2 856 907 
162: 940 963 887 20 
163: 940 887 841 20 
164: 998 200 374 
165: 998 200 509 
166: 335 539 7 
167: 855 862 896 570 202 
168: 637 724 203 559 
169: 724 203 299 
170: 936 977 931 205 
171: 936 977 823 205 
172: 876 998 206 
173: 998 206 520 
174: 812 720 207 
175: 208 399 829 
176: 208 653 829 
177: 902 932 968 970 209 
178: 677 720 21 
179: 720 21 548 
180: 985 210 517 625 
181: 985 210 625 633 
182: 983 999 211 793 
183: 983 999 211 839 
184: 845 851 213 596 
185: 845 851 213 821 
186: 939 907 214 885 973 
187: 992 834 988 215 717 
188: 995 996 980 216 950 
189: 578 593 217 
190: 578 539 217 
191: 955 983 218 
192: 983 883 218 
193: 987 990 219 867 917 
194: 680 874 909 22 
195: 874 909 22 410 
196: 825 966 220 
197: 966 220 790 
198: 951 756 940 221 
199: 729 222 781 
200: 844 921 919 945 223 
201: 820 868 225 658 
202: 820 868 225 673 
203: 992 936 977 931 227 
204: 957 963 229 695 
205: 963 229 484 
206: 978 938 941 895 23 
207: 960 972 771 230 
208: 906 960 231 
209: 989 977 231 
210: 974 991 947 964 232 
211: 978 895 235 898 
212: 913 984 990 24 954 
213: 241 874 348 4 
214: 241 874 4 497 
215: 769 29 655 
216: 769 29 532 
217: 245 29 655 
218: 889 920 732 39 
219: 920 246 39 
220: 874 909 26 
221: 874 497 26 
222: 644 808 27 
223: 808 825 27 
224: 451 86 71 
225: 999 956 41 
226: 795 278 41 
227: 478 982 28 
228: 796 982 28 
229: 688 862 54 
230: 766 975 288 96 
231: 851 773 821 34 
232: 984 987 990 3 
233: 703 857 30 
234: 857 750 30 
235: 957 963 849 32 
236: 993 995 996 33 
237: 921 945 811 36 
238: 905 997 368 6 
239: 905 997 758 6 
240: 802 891 838 37 
241: 600 809 74 
242: 716 972 584 40 
243: 906 942 960 891 38 
244: 908 920 765 59 
245: 908 920 406 59 
246: 993 995 996 980 42 
247: 422 845 851 73 
248: 422 845 757 73 
249: 920 866 43 
250: 920 43 698 
251: 643 746 437 55 
252: 643 746 55 564 
253: 544 746 67 
254: 746 437 67 
255: 746 67 564 
256: 903 930 968 970 44 
257: 981 999 441 46 
258: 677 668 93 
259: 677 448 93 
260: 451 449 71 
261: 979 991 962 969 47 
262: 989 690 943 62 
263: 979 991 969 48 
264: 857 850 483 50 
265: 611 850 50 
266: 993 995 996 49 
267: 896 755 648 51 
268: 986 652 735 836 52 
269: 842 958 961 965 53 
270: 544 746 98 
271: 643 746 564 98 
272: 637 724 559 58 
273: 978 952 941 899 56 
274: 966 562 65 
275: 966 681 65 
276: 966 569 65 
277: 897 932 968 970 57 
278: 978 952 941 92 
279: 989 690 943 68 
280: 909 910 79 
281: 910 591 79 
282: 910 79 95 
283: 921 988 945 60 
284: 604 905 997 87 
285: 905 997 632 87 
286: 894 918 928 901 61 
287: 989 747 943 613 80 
288: 993 995 996 980 63 
289: 936 864 64 
290: 993 996 66 
291: 905 997 66 
292: 999 953 727 8 
293: 999 683 8 
294: 740 977 69 
295: 936 977 739 69 
296: 981 983 999 956 70 
297: 992 834 988 717 83 
298: 935 998 880 787 72 
299: 988 945 827 99 
300: 742 805 90 
301: 742 998 933 90 
302: 889 920 866 840 77 
303: 921 919 945 811 78 
304: 837 910 939 95 
305: 813 918 928 901 89 
306: 981 983 999 953 82 
307: 949 967 994 890 84 
308: 884 935 85 
309: 967 933 879 94 
310: 967 890 879 94 
311: 910 939 907 88 
312: 939 907 885 88 
313: 894 918 928 901 9 
314: 974 979 991 962 91 
315: 921 988 919 945 97 
316: 1000 237 453 
317: 1000 237 495 
318: 1000 307 382 412 
319: 1000 307 412 459 
320: 1000 307 416 
321: 1000 354 416 495 704 
322: 1000 376 453 606 704 
323: 1000 382 432 704 
324: 573 279 284 
325: 573 279 524 
326: 279 993 284 
327: 303 887 861 
328: 303 849 861 
329: 335 578 539 
330: 363 769 655 475 
331: 363 769 532 
332: 253 447 514 
333: 677 273 668 411 
334: 292 752 820 868 
335: 292 752 868 583 
336: 386 447 514 541 
337: 812 290 668 720 
338: 390 905 997 385 
339: 390 905 997 632 
340: 967 925 320 994 890 
341: 329 630 766 975 288 
342: 361 731 781 265 
343: 361 731 781 357 
344: 949 967 994 243 
345: 644 336 599 
346: 256 637 724 431 
347: 256 724 380 431 
348: 310 637 724 559 
349: 342 796 982 
350: 342 828 982 
351: 744 822 283 800 804 
352: 805 374 873 
353: 998 374 873 
354: 724 299 380 431 
355: 825 300 714 748 
356: 955 999 350 
357: 942 960 350 
358: 876 998 352 933 
359: 998 352 873 
360: 993 995 996 980 236 
361: 799 921 988 919 945 238 
362: 989 931 239 872 
363: 931 973 239 872 
364: 641 791 240 679 
365: 641 240 582 679 
366: 992 988 242 
367: 939 907 885 242 
368: 678 418 245 
369: 908 920 866 246 
370: 908 920 246 765 
371: 989 247 705 747 
372: 978 941 247 
373: 993 995 996 980 248 
374: 984 990 249 959 
375: 905 997 249 
376: 985 935 998 250 
377: 868 673 250 
378: 894 918 928 901 251 
379: 958 965 252 
380: 995 996 252 
381: 992 989 977 872 254 
382: 742 805 255 384 
383: 742 805 255 873 
384: 742 998 255 384 
385: 742 998 255 873 
386: 876 742 805 384 
387: 876 742 998 384 
388: 724 559 380 
389: 257 478 605 828 982 
390: 257 605 796 982 
391: 936 977 931 258 
392: 977 931 258 738 
393: 845 851 773 821 259 
394: 845 773 821 259 757 
395: 897 930 968 970 260 
396: 958 961 965 261 900 
397: 981 956 883 262 
398: 951 957 940 963 263 
399: 951 957 940 841 263 
400: 979 991 964 264 944 
401: 731 781 265 663 
402: 974 991 962 964 969 266 
403: 951 963 267 657 
404: 993 996 267 
405: 762 797 268 674 788 
406: 813 894 918 928 901 269 
407: 270 426 544 746 
408: 270 426 643 746 
409: 270 463 643 746 
410: 935 998 271 671 853 
411: 935 998 271 794 853 
412: 958 961 965 900 272 881 
413: 942 960 274 838 
414: 960 274 838 852 
415: 742 805 275 
416: 742 998 275 933 
417: 805 275 461 
418: 998 275 461 933 
419: 967 276 792 
420: 935 853 276 
421: 992 834 988 717 277 529 
422: 795 278 833 
423: 278 768 833 
424: 973 872 311 739 
425: 855 896 280 
426: 896 280 648 
427: 641 791 377 
428: 641 377 398 
429: 949 967 925 994 281 
430: 919 945 282 811 827 
431: 780 825 285 
432: 825 285 681 
433: 728 820 868 673 286 
434: 820 868 623 286 
435: 835 287 587 
436: 877 924 287 
437: 924 287 587 
438: 995 996 980 289 923 
439: 993 995 996 980 291 
440: 940 293 302 
441: 731 781 663 293 
442: 951 957 940 695 302 
443: 911 971 818 294 767 
444: 984 987 990 937 959 295 
445: 993 995 996 980 296 
446: 675 297 507 
447: 675 297 809 
448: 297 507 600 
449: 297 600 809 
450: 605 796 982 298 
451: 605 828 982 298 
452: 955 981 983 999 927 301 
453: 905 997 304 346 
454: 905 997 304 368 
455: 905 997 304 758 
456: 905 997 691 346 645 
457: 978 952 938 941 895 305 
458: 706 949 967 925 306 
459: 949 967 925 994 306 
460: 993 995 996 980 950 308 
461: 974 979 991 947 964 309 
462: 816 729 731 781 312 
463: 729 731 781 663 312 
464: 624 716 972 313 584 603 
465: 769 418 315 344 
466: 769 656 315 344 
467: 769 656 655 344 
468: 797 801 788 316 697 912 
469: 910 939 856 973 317 
470: 939 856 885 973 317 
471: 992 834 988 529 319 
472: 992 834 988 319 396 
473: 979 991 947 964 321 
474: 951 963 861 322 
475: 951 841 322 
476: 877 924 323 702 
477: 924 692 750 323 
478: 924 750 323 702 
479: 845 773 821 757 325 
480: 728 820 868 673 326 
481: 728 820 868 326 622 
482: 630 766 975 516 327 
483: 766 975 516 327 477 
484: 958 965 328 
485: 592 804 328 560 
486: 992 834 988 717 529 330 
487: 992 834 988 717 331 
488: 992 834 988 396 331 
489: 986 987 954 332 
490: 942 960 891 838 333 
491: 815 942 960 891 334 
492: 815 960 891 852 334 
493: 512 337 783 
494: 977 931 337 783 
495: 796 338 687 
496: 949 967 994 339 710 879 
497: 630 766 975 340 
498: 766 975 477 340 
499: 845 773 821 757 341 602 
500: 978 952 941 899 343 
501: 936 864 977 931 345 
502: 936 977 823 345 
503: 911 929 971 347 819 916 
504: 989 705 349 943 
505: 958 965 349 
506: 762 797 801 697 351 
507: 989 690 705 747 943 353 
508: 978 952 823 355 
509: 978 952 898 355 
510: 946 993 995 996 950 356 
511: 729 731 781 663 357 
512: 912 358 489 667 
513: 912 358 537 667 
514: 527 912 537 359 
515: 912 359 535 
516: 744 822 800 804 360 
517: 744 822 800 360 550 
518: 795 362 523 
519: 795 362 607 
520: 768 362 523 
521: 768 362 607 
522: 696 884 935 364 
523: 884 935 880 364 
524: 675 399 829 365 
525: 675 829 809 365 
526: 829 809 365 601 
527: 968 970 366 
528: 998 873 366 
529: 998 933 366 
530: 716 972 584 603 367 
531: 716 972 367 394 
532: 971 994 767 916 369 915 
533: 894 918 928 901 370 
534: 903 932 968 970 371 
535: 974 979 991 962 969 372 
536: 829 601 373 753 
537: 998 873 375 
538: 998 933 375 435 
539: 979 991 969 944 378 
540: 975 944 378 
541: 984 987 990 937 917 379 
542: 781 663 381 577 
543: 999 953 383 
544: 977 739 383 
545: 905 997 758 385 
546: 844 921 919 945 388 
547: 862 896 755 389 
548: 896 755 389 534 
549: 955 999 953 956 391 
550: 675 829 809 393 
551: 680 874 429 
552: 874 410 429 
553: 905 997 429 
554: 912 667 415 421 
555: 912 667 415 551 
556: 1000 412 459 606 
557: 1000 432 459 606 
558: 1000 432 495 704 
559: 1000 432 606 704 
560: 530 403 524 
561: 573 403 524 
562: 422 845 851 821 
563: 422 845 821 757 
564: 951 957 963 473 831 
565: 678 769 418 
566: 769 656 413 655 475 
567: 399 829 600 
568: 799 921 988 919 455 827 
569: 911 971 994 407 767 926 
570: 874 410 471 
571: 951 963 887 484 
572: 951 963 484 831 
573: 951 963 484 521 
574: 947 478 982 
575: 426 643 746 437 
576: 463 643 746 528 
577: 677 668 720 411 
578: 668 720 548 411 
579: 726 805 461 
580: 726 998 461 933 
581: 805 873 461 
582: 998 873 461 
583: 722 457 496 
584: 795 687 450 
585: 796 687 450 
586: 955 981 999 927 419 
587: 981 999 883 927 419 
588: 624 716 972 394 
589: 876 805 435 
590: 876 998 933 435 
591: 998 509 933 435 
592: 641 863 679 398 568 
593: 582 679 414 568 462 
594: 816 729 731 464 
595: 816 729 636 464 
596: 889 920 392 840 
597: 889 392 840 854 
598: 920 392 840 976 
599: 392 840 854 976 
600: 958 961 965 900 976 395 
601: 835 703 397 
602: 877 924 397 
603: 924 703 807 397 
604: 911 929 971 916 915 400 926 
605: 894 918 928 901 401 701 
606: 979 997 402 
607: 905 997 758 645 402 
608: 905 997 758 632 402 
609: 813 894 918 928 901 404 
610: 929 971 915 926 405 777 
611: 846 908 920 866 406 
612: 910 939 856 907 408 
613: 910 939 907 408 639 
614: 939 856 907 885 408 
615: 813 894 918 928 901 701 409 
616: 680 874 770 471 
617: 874 502 770 471 
618: 863 582 679 568 462 
619: 527 912 537 667 421 
620: 912 667 535 421 
621: 813 894 918 928 901 467 
622: 706 949 967 417 745 
623: 949 967 994 417 745 
624: 886 897 903 930 968 970 420 
625: 846 889 908 854 423 
626: 846 908 854 976 423 
627: 760 822 800 804 424 
628: 822 800 424 470 
629: 744 822 694 800 470 
630: 800 470 522 
631: 924 857 807 425 850 
632: 924 807 702 425 
633: 924 425 611 850 
634: 643 746 437 528 
635: 984 987 990 954 427 871 948 
636: 842 958 961 965 900 428 
637: 986 735 590 430 
638: 986 735 430 836 
639: 752 820 868 623 658 433 
640: 820 868 623 622 433 
641: 951 957 940 963 849 436 
642: 957 940 541 436 
643: 986 735 590 438 
644: 955 981 999 953 956 439 
645: 999 953 956 439 634 
646: 902 930 932 968 970 440 
647: 955 981 999 927 793 441 
648: 801 674 788 697 912 442 
649: 984 987 917 959 443 
650: 984 959 443 665 
651: 987 917 959 943 443 
652: 762 797 801 674 788 912 444 
653: 813 894 918 928 901 701 445 
654: 989 690 705 747 943 446 
655: 986 652 735 543 836 452 
656: 958 961 965 900 881 976 454 
657: 949 925 933 879 456 
658: 949 925 890 879 456 
659: 958 961 965 900 881 458 
660: 984 987 990 904 954 460 
661: 992 864 977 465 
662: 992 977 872 465 
663: 700 864 977 465 
664: 700 977 872 465 
665: 978 938 941 899 895 898 466 
666: 958 961 965 468 
667: 766 975 516 468 
668: 877 799 988 919 945 469 
669: 696 935 998 472 787 
670: 935 998 671 880 472 
671: 935 998 880 472 787 
672: 911 971 916 915 926 474 
673: 974 979 991 962 969 944 476 
674: 929 971 994 915 926 479 
675: 958 961 965 900 881 976 480 
676: 946 993 995 996 950 482 
677: 924 857 850 483 
678: 924 692 483 
679: 958 961 965 485 
680: 911 929 971 485 
681: 984 987 990 867 948 486 
682: 722 487 621 693 
683: 795 487 621 693 
684: 813 894 918 928 901 701 589 
685: 1000 504 902 903 932 968 970 
686: 949 967 518 925 
687: 1000 518 932 970 
688: 1000 546 903 930 932 968 970 
689: 936 512 823 
690: 936 512 973 783 
691: 505 874 909 502 
692: 505 874 909 566 
693: 505 874 497 
694: 936 864 977 538 931 
695: 936 864 538 931 973 
696: 936 977 538 823 
697: 978 952 938 941 510 895 898 
698: 527 912 537 667 551 
699: 955 981 983 999 515 824 
700: 983 999 515 640 
701: 808 556 825 748 569 
702: 644 808 509 
703: 644 509 562 
704: 991 962 969 520 
705: 991 726 520 
706: 726 998 520 
707: 812 668 720 548 
708: 985 642 650 517 625 588 
709: 874 909 502 770 
710: 986 652 735 543 590 
711: 780 966 491 748 
712: 966 491 562 
713: 680 874 497 
714: 685 511 768 
715: 511 796 687 
716: 983 999 506 
717: 935 998 506 853 880 
718: 544 746 528 
719: 644 966 562 
720: 678 769 532 
721: 769 656 532 
722: 675 829 507 488 
723: 829 507 600 
724: 829 507 753 493 
725: 829 507 488 493 
726: 992 740 989 977 931 501 
727: 992 936 989 977 931 501 
728: 592 760 822 694 800 804 560 
729: 912 489 667 535 551 
730: 744 760 822 694 800 550 
731: 744 760 822 800 550 513 
732: 795 833 523 621 
733: 795 523 621 693 
734: 768 833 523 
735: 768 523 693 
736: 992 936 977 931 519 
737: 992 936 931 973 519 
738: 992 977 931 738 519 
739: 992 834 988 577 
740: 729 781 663 577 
741: 974 979 991 947 964 969 533 
742: 855 896 725 534 733 
743: 855 896 581 534 733 
744: 855 896 755 534 733 
745: 744 760 822 800 804 513 
746: 643 746 528 564 
747: 722 607 496 
748: 809 496 488 
749: 918 928 901 522 
750: 760 800 804 522 
751: 951 957 963 849 861 521 
752: 675 829 809 488 
753: 829 809 601 488 
754: 829 809 488 493 
755: 653 829 809 493 
756: 946 993 995 996 980 950 490 
757: 752 820 868 658 492 
758: 820 868 622 492 
759: 946 993 995 996 980 950 494 892 
760: 985 998 676 498 
761: 984 987 948 498 
762: 908 732 866 840 499 
763: 908 866 840 854 499 
764: 908 765 840 854 499 
765: 855 862 896 725 500 733 
766: 855 862 896 500 508 733 
767: 688 862 896 508 733 
768: 855 862 896 581 508 733 
769: 844 988 919 945 811 827 503 
770: 675 809 525 
771: 653 809 525 
772: 809 601 525 
773: 601 753 525 
774: 906 942 960 891 838 526 
775: 906 960 891 838 852 526 
776: 813 894 918 928 901 701 531 
777: 974 979 991 947 962 969 536 
778: 981 983 999 953 956 824 540 784 
779: 913 888 990 917 948 542 
780: 913 888 990 542 786 
781: 958 961 965 900 881 976 545 
782: 756 940 963 547 723 
783: 756 940 841 547 723 
784: 940 963 831 547 723 
785: 940 841 831 547 723 
786: 908 920 840 976 549 
787: 908 920 976 869 549 
788: 908 840 854 976 549 
789: 908 854 976 869 549 
790: 884 869 549 
791: 936 989 977 931 739 552 
792: 989 977 931 552 620 
793: 974 979 991 947 962 964 969 553 
794: 984 990 917 959 554 
795: 971 916 926 554 
796: 763 924 750 702 555 761 
797: 763 924 750 850 555 761 
798: 924 807 702 555 761 
799: 924 807 850 555 761 
800: 929 971 966 819 557 
801: 929 971 818 819 557 914 
802: 846 889 908 866 854 558 
803: 846 908 866 854 976 558 
804: 889 908 887 866 854 558 
805: 908 887 866 854 976 558 
806: 955 983 999 953 561 
807: 955 983 953 619 561 
808: 983 999 953 883 561 
809: 983 999 953 640 561 
810: 978 952 938 941 899 898 914 563 
811: 921 919 945 565 
812: 605 796 982 565 
813: 605 828 982 565 
814: 1000 594 886 897 930 932 968 970 
815: 576 685 768 693 
816: 576 722 768 693 
817: 576 722 687 
818: 604 905 997 691 758 645 
819: 855 862 896 570 755 
820: 862 896 570 755 648 
821: 862 896 581 648 733 
822: 894 918 928 901 596 
823: 845 596 757 
824: 641 863 582 679 568 
825: 835 857 587 850 761 
826: 924 857 807 587 850 761 
827: 924 807 692 587 761 
828: 728 752 868 658 583 
829: 728 752 868 673 583 
830: 728 868 583 622 
831: 829 600 809 
832: 829 600 567 
833: 624 716 972 636 603 
834: 644 966 599 
835: 825 966 681 714 599 
836: 845 851 773 821 602 
837: 851 773 821 602 615 
838: 773 821 757 602 615 
839: 722 768 607 693 
840: 795 833 607 
841: 795 607 693 
842: 768 833 607 
843: 978 952 798 938 898 614 
844: 978 952 938 898 614 914 
845: 978 798 938 672 898 614 
846: 641 791 863 679 568 
847: 835 703 857 610 850 
848: 835 857 610 850 761 
849: 924 703 857 807 610 850 
850: 924 857 807 610 850 761 
851: 837 910 856 973 591 751 
852: 837 856 885 973 591 
853: 763 835 611 850 
854: 763 924 611 850 
855: 835 703 611 850 
856: 924 703 611 850 
857: 846 908 920 866 840 976 574 
858: 846 908 866 840 854 976 574 
859: 949 967 789 890 879 597 
860: 949 967 789 890 597 774 
861: 949 967 890 879 597 682 
862: 726 805 567 
863: 726 998 567 
864: 851 773 821 833 615 
865: 773 821 757 833 615 
866: 989 705 747 943 566 
867: 680 874 909 566 
868: 985 642 650 625 633 588 775 
869: 808 825 966 714 748 569 
870: 978 952 798 938 899 895 898 571 
871: 978 952 938 899 895 898 571 779 
872: 842 958 961 965 900 881 976 572 
873: 837 721 910 939 973 782 575 
874: 837 721 939 885 973 782 575 
875: 837 910 939 907 973 782 575 
876: 837 939 907 885 973 782 575 
877: 909 910 939 856 579 
878: 910 939 856 973 579 751 
879: 939 856 579 586 751 
880: 837 721 939 885 586 
881: 837 721 939 586 751 
882: 837 939 856 907 885 586 
883: 837 939 856 907 586 751 
884: 946 993 995 996 980 950 923 580 
885: 984 888 987 990 954 959 948 585 
886: 981 983 999 953 927 839 595 
887: 983 999 953 927 640 595 
888: 949 967 789 925 994 879 598 
889: 949 967 789 925 994 774 598 
890: 929 971 926 609 626 
891: 845 851 821 609 
892: 842 958 961 965 900 881 976 608 
893: 962 939 612 
894: 910 939 856 907 751 612 
895: 910 939 907 639 612 
896: 939 856 907 612 638 
897: 939 907 639 612 638 
898: 925 890 879 613 
899: 1000 616 886 897 903 930 932 968 970 
900: 644 808 966 748 
901: 630 975 944 
902: 956 650 775 
903: 999 956 883 927 653 
904: 951 957 756 940 963 861 657 
905: 951 957 940 963 849 861 657 831 
906: 688 862 896 648 733 
907: 862 896 755 648 733 
908: 815 906 942 960 972 891 617 
909: 815 906 960 972 891 852 617 
910: 906 942 960 802 972 891 617 
911: 906 960 802 972 891 852 617 
912: 905 997 691 816 758 645 
913: 905 997 691 816 758 632 
914: 997 632 882 
915: 910 939 907 782 639 826 
916: 939 907 639 638 826 
917: 983 999 953 956 927 640 
918: 983 999 953 956 927 839 634 699 
919: 971 994 966 916 915 926 777 635 817 
920: 722 687 621 
921: 795 833 687 621 
922: 796 687 621 
923: 796 621 693 
924: 955 981 983 953 956 793 619 
925: 981 983 953 956 793 619 784 
926: 978 952 938 941 899 895 898 629 779 
927: 989 864 977 931 620 
928: 989 977 931 872 620 
929: 864 977 931 783 620 
930: 864 931 973 783 620 
931: 977 931 872 783 620 
932: 931 973 872 783 620 
933: 929 971 994 966 916 915 926 626 
934: 929 971 994 767 916 915 926 626 
935: 909 939 856 907 885 638 
936: 939 856 907 885 973 638 
937: 939 907 885 973 638 826 
938: 951 957 963 695 618 
939: 957 747 618 
940: 989 690 705 747 943 618 
941: 842 958 961 965 900 881 976 627 806 
942: 913 888 987 990 904 959 628 859 
943: 913 888 987 990 959 943 628 859 
944: 987 990 959 628 810 
945: 815 906 942 960 838 631 
946: 815 906 960 838 852 631 
947: 906 942 960 802 838 631 
948: 906 942 960 772 838 631 
949: 906 960 802 838 852 631 
950: 906 960 772 838 852 631 
951: 985 884 935 998 794 853 880 646 
952: 985 884 935 998 853 880 707 646 
953: 929 971 994 966 916 915 926 647 712 
954: 978 952 938 941 895 898 779 649 
955: 978 952 938 941 898 662 649 
956: 984 888 987 990 937 954 871 948 651 
957: 949 967 789 925 994 879 654 715 
958: 949 967 925 994 933 879 654 715 
959: 949 967 925 879 682 654 715 
960: 670 974 979 991 947 962 964 969 944 934 
961: 688 862 896 725 733 
962: 677 812 668 720 
963: 680 874 909 770 
964: 978 798 938 941 899 672 898 
965: 978 938 941 899 672 898 764 
966: 763 924 692 750 761 
967: 815 906 942 960 972 891 661 
968: 815 906 960 972 891 661 852 
969: 906 942 960 802 972 891 661 
970: 906 960 802 972 891 661 852 
971: 728 752 820 868 658 
972: 728 752 820 868 673 
973: 700 864 977 931 685 
974: 999 863 679 
975: 762 797 801 674 788 697 912 
976: 985 884 935 998 671 853 880 
977: 985 935 998 671 853 880 676 
978: 808 825 966 681 714 748 
979: 808 966 790 681 714 
980: 799 844 921 988 919 945 811 827 660 
981: 799 844 921 988 919 945 827 660 686 
982: 978 952 798 938 941 899 898 662 
983: 978 952 938 941 899 898 662 764 
984: 985 696 935 998 676 
985: 985 935 998 853 880 676 730 
986: 985 884 935 998 794 880 669 787 
987: 985 884 935 998 794 880 669 730 
988: 985 884 935 998 869 669 787 
989: 985 884 935 998 869 669 730 
990: 986 984 990 937 954 959 871 665 
991: 986 984 990 937 954 959 665 786 
992: 949 967 925 792 890 879 682 
993: 949 967 925 890 879 682 715 
994: 921 919 945 770 827 686 
995: 946 993 995 996 980 950 923 892 878 659 
996: 946 993 995 996 980 950 923 892 878 664 
997: 815 906 942 960 972 891 838 666 
998: 815 906 960 972 891 838 852 666 
999: 906 942 960 972 772 891 838 666 
1000: 906 960 972 772 891 838 852 666 
1001: 955 981 983 999 956 927 839 683 
1002: 955 981 983 999 956 839 683 718 
1003: 955 981 983 999 953 927 824 684 
1004: 981 983 999 953 812 684 
1005: 981 983 999 953 927 824 784 684 
1006: 946 993 995 996 980 950 923 892 878 689 
1007: 842 958 961 965 900 881 976 806 736 754 
1008: 706 949 967 925 933 745 
1009: 706 949 967 925 890 745 
1010: 709 951 957 963 849 831 
1011: 709 951 957 963 737 831 
1012: 709 951 957 963 790 
1013: 709 951 957 963 695 
1014: 709 951 957 841 737 831 
1015: 709 790 714 
1016: 700 936 864 977 931 783 
1017: 700 936 977 931 872 783 
1018: 855 725 996 
1019: 889 908 920 711 732 866 840 
1020: 889 908 920 711 765 840 
1021: 889 908 711 866 840 854 
1022: 889 908 711 765 840 854 
1023: 908 920 711 866 840 976 
1024: 908 711 866 840 854 976 
1025: 985 696 884 935 998 787 
1026: 837 721 910 939 973 782 751 
1027: 876 726 742 805 
1028: 876 726 742 998 933 
1029: 744 760 822 694 800 804 
1030: 951 957 940 963 861 695 
1031: 951 940 963 887 861 695 
1032: 762 797 801 828 788 697 912 
1033: 763 835 750 702 761 
1034: 949 967 925 994 792 890 710 879 
1035: 949 967 925 994 792 890 710 774 
1036: 949 967 925 994 890 710 879 745 
1037: 946 993 995 996 980 950 923 719 892 878 
1038: 955 981 983 999 953 927 727 824 
1039: 981 983 999 953 927 727 824 784 
1040: 889 908 920 765 698 
1041: 889 908 920 869 698 
1042: 889 908 887 854 698 
1043: 889 908 765 854 698 
1044: 889 908 854 869 698 
1045: 908 920 976 869 698 
1046: 908 887 854 976 698 
1047: 908 854 976 869 698 
1048: 935 869 698 
1049: 985 884 935 998 853 880 893 707 
1050: 985 884 935 998 853 880 707 730 
1051: 985 884 935 998 853 869 707 730 
1052: 957 756 940 963 723 708 
1053: 957 756 940 841 723 708 
1054: 957 940 963 849 831 723 
1055: 957 940 963 849 723 708 
1056: 957 940 963 737 831 723 
1057: 957 940 963 737 723 708 
1058: 957 940 841 737 831 723 
1059: 957 940 841 737 723 708 
1060: 955 981 983 999 953 956 927 839 699 
1061: 981 983 999 953 956 883 927 699 
1062: 911 929 971 994 966 916 915 926 817 712 
1063: 949 967 789 925 994 890 879 715 
1064: 994 966 715 
1065: 955 981 983 999 863 956 839 718 
1066: 955 981 983 999 956 839 824 718 
1067: 981 983 999 863 956 883 718 
1068: 951 957 756 940 963 861 708 
1069: 951 957 756 940 841 708 
1070: 951 957 940 963 849 861 708 
1071: 951 957 940 963 861 737 708 
1072: 951 957 940 841 737 708 
1073: 984 987 990 937 917 904 948 859 713 
1074: 984 987 990 937 904 954 948 859 713 
1075: 984 987 990 937 904 954 948 713 749 
1076: 992 740 989 977 931 872 738 
1077: 846 889 908 920 732 866 840 
1078: 889 908 887 732 866 
1079: 951 957 940 963 861 737 831 
1080: 951 957 940 841 737 831 
1081: 931 742 873 
1082: 992 989 864 977 931 873 738 
1083: 992 989 977 931 872 873 738 
1084: 864 977 931 738 783 
1085: 977 931 872 738 783 
1086: 780 825 966 748 
1087: 992 936 989 977 931 872 739 
1088: 992 936 931 973 872 739 
1089: 897 902 930 932 970 743 
1090: 762 797 801 828 788 912 743 
1091: 949 967 925 994 933 879 745 
1092: 855 862 896 755 733 
1093: 974 979 991 997 947 962 964 969 944 860 934 734 
1094: 985 884 935 998 794 853 880 730 
1095: 913 984 987 990 937 904 954 959 948 749 
1096: 913 987 990 937 954 959 943 948 749 
1097: 984 987 990 937 867 917 904 959 948 741 
1098: 984 987 990 937 867 917 959 948 810 741 
1099: 984 987 990 937 904 954 959 948 741 
1100: 984 987 990 937 954 959 948 810 741 
1101: 1000 776 830 848 858 886 897 902 903 930 932 968 970 
1102: 763 835 857 750 850 761 
1103: 763 924 857 750 850 761 
1104: 906 942 960 972 772 891 771 838 
1105: 906 960 972 772 891 771 838 852 
1106: 815 906 942 960 972 891 771 838 
1107: 815 906 960 972 891 771 838 852 
1108: 906 942 960 802 972 891 771 838 
1109: 906 960 802 972 891 771 838 852 
1110: 845 851 773 821 833 
1111: 845 773 821 757 833 
1112: 921 919 945 770 811 827 
1113: 846 889 908 920 765 840 
1114: 846 889 908 765 840 854 
1115: 911 929 971 994 818 767 916 915 926 
1116: 958 961 965 900 881 753 
1117: 949 967 789 925 994 792 890 774 
1118: 949 967 925 994 933 792 774 
1119: 837 910 939 856 907 973 751 
1120: 837 910 939 907 973 782 751 
1121: 978 952 938 941 899 895 898 914 779 764 
1122: 978 952 938 941 899 823 764 
1123: 974 979 991 997 947 962 964 969 982 944 860 934 759 
1124: 997 923 759 
1125: 1000 780 886 902 932 968 970 
1126: 936 989 791 977 872 
1127: 936 791 977 872 783 
1128: 936 791 973 872 783 
1129: 949 967 789 925 994 792 890 879 
1130: 978 952 798 938 941 899 895 898 
1131: 955 981 983 999 953 956 927 793 
1132: 981 983 999 953 956 883 927 793 784 
1133: 951 957 940 963 861 790 
1134: 951 940 963 887 861 790 
1135: 837 909 910 939 907 782 
1136: 837 909 939 907 885 782 
1137: 910 939 907 973 782 826 
1138: 939 907 885 973 782 826 
1139: 985 884 935 998 794 853 880 893 787 
1140: 986 794 893 
1141: 949 967 925 994 933 792 879 
1142: 936 864 931 973 783 
1143: 936 931 973 872 783 
1144: 911 929 971 994 966 819 916 915 926 777 817 
1145: 911 929 971 994 819 916 915 926 777 914 
1146: 993 995 996 980 950 923 785 
1147: 987 990 867 917 959 785 
1148: 987 990 954 959 871 785 
1149: 985 884 935 998 853 869 787 
1150: 981 983 999 953 956 927 824 784 
1151: 913 986 984 987 990 937 867 959 786 
1152: 913 986 984 987 990 937 954 959 786 
1153: 913 984 888 987 990 937 954 959 786 
1154: 955 981 983 999 956 775 
1155: 981 983 999 956 883 775 
1156: 974 979 991 997 947 962 964 969 982 944 860 934 882 778 
1157: 843 946 993 995 996 975 980 950 923 865 847 892 878 870 
1158: 1000 848 858 886 897 902 903 922 930 932 968 970 
1159: 981 983 999 953 956 812 839 
1160: 877 799 844 921 988 919 945 811 827 
1161: 986 984 987 990 954 959 948 836 
1162: 984 987 990 917 959 948 836 
1163: 946 993 995 996 975 980 950 923 865 847 892 878 803 870 
1164: 986 984 987 990 937 867 959 948 810 
1165: 986 984 987 990 937 954 959 871 948 810 
1166: 911 929 971 994 818 819 916 915 926 817 
1167: 974 979 991 997 947 962 964 969 982 944 860 934 875 882 814 
1168: 949 991 832 
1169: 974 979 991 997 947 962 964 969 982 944 860 934 875 882 832 
1170: 837 909 910 939 856 907 
1171: 837 909 939 856 907 885 
1172: 837 939 856 907 885 973 
1173: 992 936 977 823 
1174: 911 929 971 994 818 819 916 915 926 914 
1175: 938 994 818 914 
1176: 955 981 983 999 953 956 927 839 824 
1177: 993 995 996 980 950 923 892 826 
1178: 910 892 826 
1179: 973 950 826 
1180: 846 889 908 920 869 
1181: 846 889 908 866 840 854 
1182: 846 889 908 854 869 
1183: 846 908 920 976 869 
1184: 846 908 854 976 869 
1185: 951 940 887 841 
1186: 955 981 983 999 953 863 956 927 839 
1187: 877 924 857 850 
1188: 937 853 893 
1189: 981 983 999 953 863 956 883 927 
1190: 992 936 989 864 977 931 873 
1191: 992 936 864 931 973 873 
1192: 913 986 984 987 990 937 867 904 959 948 859 
1193: 913 984 987 990 937 867 917 904 959 948 859 
1194: 913 986 984 987 990 937 904 954 959 871 948 859 
1195: 913 984 888 987 990 937 904 954 959 871 948 859 
1196: 913 984 888 987 990 937 917 904 959 948 859 
1197: 913 888 987 990 937 917 959 943 948 859 
1198: 913 888 987 990 937 954 959 943 948 859 
1199: 986 909 859 
1200: 922 974 979 991 997 947 962 964 969 982 944 934 882 
1201: 957 969 882 
1202: 1000 876 886 897 902 903 930 932 968 970 
1203: 886 970 987 
1204: 992 936 989 977 931 872 873 
1205: 992 936 931 973 872 873 
1206: 998 872 873 
1207: 938 895 994 914 
1208: 913 986 987 990 937 904 954 959 893 948 
1209: 913 987 990 937 917 904 959 893 948 
1210: 952 964 934 
1211: 997 975 923 
1212: 997 975 944 
1213: 992 936 988 
1214: 970 987 943 
1215: 947 998 982 
