# The communities at k=4
# from G:\Dropbox\Raghda\CNA\Final Project\other methods\CFinder-2.0.6--1448\G:\Dropbox\Raghda\CNA\Final Project\Datasets\binary_networks\LFR5\network_LFR5_Om2.dat
# at no lower link weight threshold,
# and at no upper link weight threshold.
# Links were treated as undirected.
# No time limit was set for the clique search.

0: 1000 234 261 52 525 614 709 787 791 806 849 890 899 906 917 925 952 968 986 988 984 783 727 967 770 960 991 919 824 633 962 500 565 582 24 970 329 641 527 517 830 554 755 69 
1: 106 810 893 977 737 911 639 431 443 94 
2: 112 864 980 996 158 958 649 413 843 848 317 892 321 334 797 
3: 531 922 116 845 974 979 813 169 995 223 947 953 676 827 457 543 757 342 588 
4: 118 414 811 984 809 479 833 591 671 
5: 709 874 924 901 983 13 972 887 611 18 739 280 754 933 409 729 550 447 794 657 505 
6: 835 951 903 865 526 130 823 976 736 512 376 449 
7: 891 982 945 957 856 868 930 144 817 826 994 995 926 900 248 748 442 588 768 767 
8: 982 909 825 888 161 789 588 
9: 886 981 941 170 741 637 519 776 542 498 616 
10: 171 587 719 959 
11: 935 987 889 724 744 863 207 838 969 279 405 751 
12: 759 720 879 994 942 948 878 926 208 875 638 34 406 684 461 518 755 
13: 990 976 749 934 322 217 659 
14: 951 805 989 976 975 907 537 63 872 54 560 574 
15: 913 986 775 847 956 999 882 583 946 995 822 225 969 249 869 916 391 339 790 774 73 
16: 908 605 911 928 231 716 831 324 628 650 683 774 777 
17: 656 937 779 915 934 235 256 315 627 423 474 793 669 
18: 944 985 688 885 603 239 350 
19: 884 877 961 878 241 520 585 
20: 968 955 769 697 45 
21: 719 959 646 660 453 7 
22: 997 996 820 920 950 962 704 760 965 795 596 880 750 821 416 800 522 557 673 561 696 62 
23: 336 879 599 938 958 582 939 713 722 746 670 
24: 989 866 846 701 270 653 639 301 814 388 
25: 902 850 931 250 712 827 
26: 802 890 906 974 881 954 846 838 273 832 631 686 689 
27: 651 979 304 462 
28: 853 844 644 785 734 296 852 438 620 723 579 664 
29: 913 680 589 998 695 298 450 507 
30: 957 894 735 313 
31: 943 968 936 824 842 963 612 753 318 892 949 435 
32: 990 559 934 357 
33: 815 973 945 809 897 371 708 597 645 
34: 973 985 981 371 
35: 858 923 998 918 621 377 
36: 964 993 730 781 742 971 859 766 641 385 433 424 706 800 473 731 662 
37: 467 990 976 408 
38: 935 929 724 418 883 747 762 410 794 509 
39: 973 981 733 860 992 857 705 816 895 765 412 493 698 768 
40: 968 985 885 955 867 975 850 914 702 420 
41: 640 756 920 818 421 608 793 
42: 791 978 946 436 
43: 787 752 966 717 441 
44: 966 871 910 854 578 998 778 898 804 918 535 842 873 803 446 
45: 786 997 839 454 
46: 978 946 969 475 
47: 960 867 678 761 765 483 
48: 828 511 967 699 
49: 993 860 961 896 992 861 921 581 547 940 
50: 912 862 956 999 580 690 897 931 722 916 746 745 568 940 707 830 
51: 806 840 974 784 870 834 629 598 666 
52: 714 687 604 692 831 521 
53: 874 987 619 863 
54: 711 837 904 772 927 594 
55: 857 904 953 606 
56: 977 978 946 947 816 665 808 949 681 693 700 
57: 858 914 918 679 
58: 877 758 848 642 
59: 932 828 699 803 
60: 849 905 798 851 959 782 963 801 694 685 
61: 855 972 721 780 728 
62: 891 909 792 764 762 
