# The links inside the communities at k=4
# from G:\Dropbox\Raghda\CNA\Final Project\other methods\CFinder-2.0.6--1448\G:\Dropbox\Raghda\CNA\Final Project\Datasets\binary_networks\LFR5\network_LFR5_Om2.dat
# at no lower link weight threshold,
# and at no upper link weight threshold.
# Links were treated as undirected.
# No time limit was set for the clique search.

0:
1000 234
1000 261
1000 52
1000 525
1000 614
1000 709
1000 787
1000 791
1000 806
1000 849
1000 890
1000 899
1000 906
1000 917
1000 925
1000 952
1000 968
1000 988
234 952
234 968
261 917
261 952
261 988
52 899
52 988
525 899
525 917
525 988
525 824
614 899
614 906
614 988
709 899
709 988
787 806
787 917
787 925
787 988
791 906
791 917
791 988
791 824
806 917
806 952
806 988
849 890
849 899
849 917
849 952
849 988
890 917
890 925
890 952
890 968
890 988
890 962
899 906
899 917
899 952
899 968
899 988
899 824
899 633
906 917
906 925
906 952
906 988
906 970
917 925
917 952
917 968
917 988
917 824
917 633
917 970
925 952
925 968
925 988
925 984
925 967
925 770
925 960
925 991
925 919
925 970
925 830
952 968
952 984
952 967
952 770
952 960
952 991
952 919
952 500
952 970
952 517
952 755
968 988
968 824
968 633
968 962
986 984
986 967
986 970
988 824
988 962
984 783
984 967
984 770
984 960
984 991
984 919
984 500
984 970
984 527
984 830
783 967
783 770
783 991
783 970
727 967
727 991
727 919
727 500
727 970
727 554
727 755
967 960
967 991
967 919
967 970
967 641
967 517
967 830
770 991
770 919
770 970
770 641
960 991
960 919
960 582
960 24
960 970
960 554
991 919
991 500
991 565
991 582
991 970
991 329
991 641
991 527
991 830
991 554
991 755
991 69
919 565
919 24
919 970
919 329
919 641
919 830
919 69
824 962
500 970
565 970
582 970
24 970
970 329
970 527
970 517
970 554
970 755
970 69
1:
106 810
106 893
106 977
810 893
810 977
810 737
810 911
810 639
810 431
810 443
810 94
893 977
893 737
893 911
893 639
893 431
893 443
893 94
977 737
977 911
977 639
977 431
977 443
977 94
737 911
911 639
911 431
911 443
2:
112 864
112 980
112 996
864 980
864 996
864 958
864 413
864 843
864 848
864 317
864 892
864 321
864 797
980 996
980 158
980 958
980 649
980 413
980 843
980 848
980 317
980 892
980 321
980 797
996 158
996 958
996 649
996 413
996 843
996 848
996 317
996 892
996 321
996 334
996 797
158 958
958 649
958 843
958 848
958 317
958 892
958 334
958 797
843 848
843 892
848 892
892 334
3:
531 922
531 979
531 995
922 116
922 845
922 974
922 979
922 813
922 169
922 995
922 947
922 953
922 827
922 457
922 543
922 757
922 342
922 588
116 845
116 974
845 974
845 979
845 995
845 947
845 953
845 676
845 457
845 543
845 757
845 342
974 979
974 813
974 169
974 995
974 947
974 953
974 827
974 543
974 757
979 813
979 995
979 947
979 953
979 676
979 827
979 457
979 543
979 757
979 588
813 995
813 953
169 995
995 223
995 947
995 953
995 676
995 827
995 457
995 757
995 588
223 947
223 953
947 953
947 827
953 827
953 543
953 342
4:
118 414
118 811
118 984
414 811
414 984
414 833
811 984
811 833
811 671
984 833
984 591
984 671
809 479
809 833
809 591
809 671
479 833
479 591
833 591
833 671
591 671
5:
709 924
709 901
709 983
874 924
874 901
874 983
874 972
874 887
874 933
924 901
924 983
924 13
924 972
924 887
924 280
924 754
924 409
924 729
924 550
924 794
924 505
901 983
901 972
901 887
901 18
901 739
901 754
901 933
901 550
901 447
901 657
901 505
983 13
983 972
983 887
983 18
983 739
983 280
983 754
983 933
983 409
983 729
983 550
983 447
983 794
983 657
983 505
13 972
972 611
972 754
972 933
972 729
972 550
972 794
887 754
887 933
887 409
887 447
887 794
887 505
611 754
611 933
18 739
739 933
280 754
280 933
754 933
754 657
933 409
933 729
933 550
933 794
933 505
6:
835 951
835 903
835 865
835 823
835 976
835 512
835 376
835 449
951 903
951 526
951 823
951 976
951 736
951 512
951 449
903 865
903 130
903 823
903 976
903 736
865 823
865 976
865 512
526 823
526 976
130 823
130 976
823 976
823 376
976 736
976 512
976 376
976 449
7:
891 957
891 868
891 900
982 945
982 957
982 868
982 817
982 994
982 995
982 926
982 900
982 248
982 748
982 442
982 588
982 767
945 957
945 856
945 930
945 817
945 994
945 748
945 442
945 767
957 856
957 868
957 994
957 995
957 926
957 900
957 768
957 767
856 930
856 994
856 926
856 900
856 768
856 767
868 994
868 900
868 768
868 767
930 817
930 826
930 994
930 900
930 248
144 817
144 826
144 994
817 826
817 994
826 994
994 995
994 926
994 900
994 248
994 748
994 442
994 588
995 588
900 248
900 748
900 442
900 768
8:
982 909
982 825
982 888
982 161
982 789
982 588
909 825
909 888
909 161
909 789
909 588
825 888
825 789
825 588
888 789
161 789
9:
886 981
886 941
886 170
886 741
886 637
886 519
886 776
886 542
886 498
886 616
981 941
981 741
981 637
981 519
981 776
981 542
981 498
981 616
941 170
941 741
941 637
941 519
941 542
941 498
170 741
741 519
637 542
637 616
776 616
10:
171 587
171 719
171 959
587 719
587 959
719 959
11:
935 987
935 889
935 863
935 838
935 969
935 405
987 889
987 724
987 744
987 863
987 207
987 838
987 969
987 279
987 405
987 751
889 724
889 744
889 863
889 969
889 279
889 751
724 969
744 969
863 207
863 838
863 969
863 405
863 751
207 838
838 969
969 279
969 751
12:
759 994
759 942
759 948
759 878
759 926
759 875
759 406
720 994
720 948
720 875
879 994
879 942
879 948
879 926
879 875
879 638
994 942
994 948
994 878
994 926
994 875
994 638
994 34
994 406
994 461
994 518
994 755
942 948
942 878
942 926
942 208
942 875
942 518
942 755
948 878
948 926
948 208
948 875
948 638
948 34
948 406
948 684
948 461
948 518
948 755
878 875
878 518
926 875
926 34
926 684
926 518
208 875
875 406
875 684
875 461
875 755
13:
990 976
990 749
990 934
990 322
990 217
990 659
976 749
976 934
976 322
976 217
976 659
749 322
934 322
934 217
934 659
14:
951 805
951 989
951 976
951 975
951 907
951 537
951 872
951 560
951 574
805 989
805 975
805 907
989 976
989 975
989 907
989 537
989 63
989 872
989 54
989 560
989 574
976 907
976 560
975 907
975 537
975 63
975 872
975 54
975 560
975 574
907 537
907 63
907 872
907 54
907 560
907 574
872 560
872 574
15:
913 986
913 999
913 946
913 995
913 969
913 869
913 916
913 790
986 775
986 847
986 956
986 882
986 583
986 995
986 822
986 225
986 969
986 249
986 869
986 916
986 391
986 339
986 790
986 774
986 73
775 956
775 822
847 882
847 822
847 969
847 916
847 790
956 882
956 583
956 995
956 822
956 969
956 774
999 995
999 916
882 995
882 822
882 969
882 249
882 869
882 916
882 339
882 790
882 774
882 73
583 995
946 995
946 969
995 822
995 225
995 969
995 249
995 869
995 916
995 391
995 339
995 790
995 73
822 969
822 869
822 916
822 790
225 969
969 391
969 339
869 790
916 790
916 774
16:
908 605
908 911
908 928
908 716
908 831
908 324
908 628
908 650
908 683
908 774
908 777
605 911
605 928
605 231
605 716
605 774
911 928
911 324
911 683
911 777
928 231
928 716
928 831
928 324
928 628
928 650
928 683
928 774
928 777
231 716
716 628
716 650
716 683
716 777
831 628
831 683
831 774
628 683
17:
656 937
656 779
656 915
656 235
656 423
937 779
937 915
937 934
937 235
937 256
937 315
937 627
937 423
937 474
937 793
937 669
779 915
779 793
915 934
915 235
915 256
915 315
915 627
915 423
915 474
915 793
915 669
934 256
934 315
934 423
934 474
934 793
934 669
315 627
18:
944 985
944 688
944 885
944 603
944 239
985 688
985 885
985 603
985 239
985 350
688 885
688 350
885 603
885 239
885 350
19:
884 877
884 961
884 878
884 241
884 520
884 585
877 961
877 878
877 520
877 585
961 241
961 520
961 585
878 520
241 520
20:
968 955
968 769
968 697
968 45
955 769
955 697
955 45
769 697
769 45
21:
719 959
719 646
719 660
719 453
719 7
959 646
959 660
959 453
959 7
646 660
646 453
453 7
22:
997 820
997 950
997 962
997 760
997 965
997 795
997 750
997 821
997 416
997 800
997 673
997 561
997 696
996 820
996 920
996 950
996 962
996 704
996 965
996 795
996 596
996 880
996 750
996 821
996 416
996 800
996 522
996 557
820 920
820 950
820 962
820 965
820 596
820 821
820 416
820 557
820 561
920 821
950 965
950 596
950 880
950 750
950 821
950 416
950 800
950 522
950 557
950 673
950 696
962 704
962 760
962 965
962 795
962 596
962 880
962 750
962 821
962 522
962 557
962 673
962 696
962 62
704 880
704 750
704 821
704 696
760 965
760 673
965 795
965 880
965 750
965 800
965 673
965 561
965 696
965 62
795 522
795 673
795 62
880 750
880 696
821 800
821 522
821 696
23:
336 938
336 958
336 939
879 938
879 958
879 939
879 713
599 938
599 958
599 939
938 958
938 582
938 939
938 713
938 722
938 746
938 670
958 939
958 713
958 722
958 746
958 670
582 939
582 670
939 713
939 746
939 670
713 670
722 670
24:
989 866
989 846
989 701
989 270
989 653
989 639
989 301
989 814
989 388
866 846
866 701
866 270
866 653
866 639
866 301
866 814
866 388
846 270
846 639
846 814
846 388
701 270
701 653
701 301
701 814
653 388
25:
902 850
902 931
902 250
902 712
902 827
850 931
850 827
931 250
931 827
250 712
250 827
712 827
26:
802 890
802 881
802 954
802 838
802 832
802 689
890 881
890 832
906 974
906 881
906 954
906 846
906 838
906 832
974 954
974 832
881 954
881 846
881 838
881 832
881 631
881 686
881 689
954 846
954 838
954 273
954 832
954 631
954 686
954 689
838 273
838 832
273 832
832 686
631 689
27:
651 979
651 304
651 462
979 304
979 462
304 462
28:
853 844
853 644
853 785
853 734
853 296
853 852
853 438
853 620
853 723
853 579
853 664
844 644
844 785
844 734
844 296
844 852
844 438
844 620
844 723
844 579
844 664
644 785
644 734
644 852
644 664
785 734
785 852
785 723
785 579
785 664
734 852
734 723
734 579
734 664
296 852
852 438
852 620
852 723
852 579
852 664
438 723
723 579
723 664
29:
913 680
913 589
913 998
913 695
913 298
913 450
913 507
680 998
680 695
589 998
589 695
998 695
998 298
998 450
998 507
695 298
695 450
695 507
30:
957 894
957 735
957 313
894 735
894 313
735 313
31:
943 936
943 824
943 842
943 963
943 612
943 753
943 318
943 949
968 824
968 753
968 949
936 824
936 842
936 963
936 612
936 753
936 318
936 892
936 949
936 435
824 963
824 753
824 949
842 963
842 612
842 892
842 949
963 612
963 753
963 892
963 949
963 435
612 753
753 892
753 949
753 435
318 892
318 949
892 949
949 435
32:
990 559
990 934
990 357
559 934
559 357
934 357
33:
815 973
815 945
815 897
815 708
815 645
973 945
973 809
973 897
973 371
973 708
973 597
973 645
945 809
945 897
945 371
945 708
945 645
809 897
809 708
809 597
897 371
897 597
897 645
34:
973 985
973 981
973 371
985 981
985 371
981 371
35:
858 923
858 998
858 918
858 621
858 377
923 998
923 918
923 621
923 377
998 918
918 621
621 377
36:
964 993
964 730
964 781
964 742
964 971
964 859
964 766
964 641
964 385
964 433
964 424
964 706
964 800
964 731
964 662
993 730
993 781
993 742
993 971
993 859
993 766
993 433
993 424
993 800
993 473
993 731
993 662
730 781
730 971
730 859
730 473
730 662
781 742
781 971
781 859
781 766
781 385
781 473
781 662
742 971
971 859
971 766
971 641
971 385
971 433
971 424
971 706
971 800
971 473
971 731
971 662
859 641
859 433
859 424
859 706
859 800
859 731
859 662
37:
467 990
467 976
467 408
990 976
990 408
976 408
38:
935 929
935 418
935 883
935 747
935 762
935 410
935 794
929 724
929 418
929 883
929 747
929 762
929 410
929 794
929 509
724 883
724 747
418 883
418 747
883 747
883 762
883 410
883 794
883 509
747 762
747 509
39:
973 981
973 733
973 860
973 992
973 857
973 816
973 895
973 412
973 698
973 768
981 860
981 992
981 857
981 895
981 412
981 698
981 768
733 992
733 895
733 765
860 992
860 857
860 705
860 895
860 698
860 768
992 857
992 705
992 816
992 895
992 765
992 412
992 493
992 698
992 768
857 816
705 895
705 698
816 895
895 765
895 412
895 493
895 698
493 698
40:
968 985
968 885
968 955
968 914
968 702
985 885
985 955
985 867
985 850
985 914
985 702
985 420
885 955
885 867
885 975
885 914
955 867
955 975
955 850
955 914
955 420
867 420
975 914
850 420
914 702
41:
640 756
640 920
640 818
640 421
640 793
756 920
756 818
756 421
756 608
756 793
920 818
920 421
920 608
920 793
818 421
818 608
818 793
42:
791 978
791 946
791 436
978 946
978 436
946 436
43:
787 966
787 717
787 441
752 966
752 717
752 441
966 717
966 441
717 441
44:
966 871
966 910
966 778
966 898
966 804
966 918
966 535
966 446
871 910
871 998
871 778
871 898
871 918
871 535
871 842
871 873
871 803
910 854
910 778
910 898
910 804
910 918
910 842
910 446
854 998
854 898
854 842
578 998
578 898
578 873
998 778
998 898
998 918
998 842
998 873
998 803
778 804
778 842
898 918
898 842
898 873
898 803
918 535
918 803
918 446
873 803
45:
786 997
786 839
786 454
997 839
997 454
839 454
46:
978 946
978 969
978 475
946 969
946 475
969 475
47:
960 867
960 678
960 761
960 765
960 483
867 678
867 761
867 765
867 483
678 765
761 765
765 483
48:
828 511
828 967
828 699
511 967
511 699
967 699
49:
993 961
993 896
993 992
993 921
993 581
993 940
860 961
860 896
860 992
961 896
961 992
961 861
961 921
961 581
961 940
896 992
896 921
896 581
896 940
992 861
992 921
992 581
992 547
992 940
861 921
921 581
921 547
921 940
547 940
50:
912 862
912 999
912 897
912 916
912 568
912 940
862 956
862 999
862 690
862 931
862 916
862 568
862 940
862 707
862 830
956 999
956 580
956 690
956 722
956 745
956 940
956 830
999 580
999 690
999 897
999 931
999 722
999 916
999 746
999 745
999 568
999 940
999 707
999 830
580 745
690 830
897 916
897 746
897 940
931 568
722 940
916 745
916 830
746 940
745 830
568 940
940 707
51:
806 974
806 784
806 870
806 834
806 666
840 974
840 784
840 870
840 834
840 629
974 784
974 870
974 834
974 629
974 598
974 666
784 870
784 834
784 629
784 598
784 666
870 834
870 629
870 598
870 666
834 629
834 598
834 666
629 666
52:
714 687
714 604
714 692
714 831
714 521
687 604
687 692
687 831
687 521
604 692
604 831
692 831
831 521
53:
874 987
874 619
874 863
987 619
987 863
619 863
54:
711 837
711 772
711 927
837 904
837 772
837 927
837 594
904 772
904 927
904 594
772 927
927 594
55:
857 904
857 953
857 606
904 953
904 606
953 606
56:
977 978
977 946
977 947
977 816
977 665
977 808
977 949
977 681
977 693
977 700
978 946
978 947
978 816
978 808
978 949
978 681
978 693
978 700
946 808
946 693
946 700
947 665
947 949
947 681
816 949
665 681
949 700
57:
858 914
858 918
858 679
914 918
914 679
918 679
58:
877 758
877 848
877 642
758 848
758 642
848 642
59:
932 828
932 699
932 803
828 699
828 803
699 803
60:
849 905
849 798
849 851
849 782
849 963
905 851
905 959
905 782
905 963
905 801
905 694
905 685
798 851
798 963
851 959
851 782
851 963
851 801
851 694
851 685
959 782
959 963
959 801
959 694
959 685
782 963
782 685
801 694
801 685
61:
855 721
855 780
855 728
972 721
972 780
972 728
721 780
721 728
780 728
62:
891 909
891 792
891 764
891 762
909 764
909 762
792 764
792 762
764 762
