# The contained cliques in the communities at k=4
# from G:\Dropbox\Raghda\CNA\Final Project\other methods\CFinder-2.0.6--1448\G:\Dropbox\Raghda\CNA\Final Project\Datasets\binary_networks\LFR5\network_LFR5_Om2.dat
# at no lower link weight threshold,
# and at no upper link weight threshold.
# Links were treated as undirected.
# No time limit was set for the clique search.

0: 7 1273 1291 202 1074 1140 1222 1223 1224 1274 1289 1292 1303 1304 1305 203 559 1073 1076 1225 1290 9 560 685 882 1178 1077 810 1179 1275 1007 1316 188 252 581 585 634 840 957 1008 1061 1081 1218 582 671 958 672 720 839 1334 150 661 
1: 17 197 394 502 827 959 
2: 23 321 326 412 1133 1232 76 815 339 
3: 27 612 1044 1226 341 435 1171 1206 563 787 832 88 138 
4: 31 405 867 767 768 414 
5: 41 619 992 1030 1120 1253 620 653 884 1031 1032 1254 1255 654 977 993 1033 1122 1256 431 510 1123 430 1121 104 278 868 277 715 
6: 42 1163 1164 369 512 569 603 983 604 
7: 57 1169 1167 1166 1243 499 1035 1329 500 234 1036 1267 235 1247 1245 1054 1242 1244 1055 1266 1058 1056 1057 1317 1333 789 
8: 81 1094 788 
9: 90 615 555 624 793 794 
10: 92 
11: 123 1205 456 1072 1251 275 975 981 
12: 124 1005 1006 1064 1264 459 526 662 663 961 157 929 831 
13: 133 218 846 217 
14: 139 181 418 679 684 1141 678 
15: 142 279 340 1181 1312 194 236 1128 1129 1180 1125 1126 1127 1313 1051 1050 701 1004 1314 
16: 146 690 689 691 761 865 982 329 941 1134 762 1052 
17: 147 478 798 479 245 316 536 880 1067 317 1066 
18: 149 693 716 349 
19: 151 594 595 775 
20: 170 930 
21: 171 517 837 
22: 186 873 1105 871 872 944 1027 1153 942 1026 1114 1151 943 946 945 1115 1152 897 1154 895 896 668 894 1160 666 667 1119 1158 1118 1028 1157 1029 947 1159 674 724 673 468 723 467 1156 680 
23: 206 706 854 902 997 721 855 
24: 212 213 378 829 1190 308 808 888 379 
25: 238 239 1207 
26: 264 1139 1204 937 948 1138 740 1216 1228 
27: 273 
28: 298 438 750 786 807 875 
29: 301 448 655 692 885 
30: 315 
31: 322 323 1038 1208 1040 1215 493 742 741 1039 
32: 357 
33: 364 862 1142 932 934 752 
34: 365 
35: 371 728 1233 
36: 375 796 970 1024 477 480 534 838 936 1002 1116 
37: 396 
38: 421 444 657 976 1034 1124 
39: 464 940 962 1053 1185 1237 503 899 964 1184 
40: 470 471 1261 1260 913 1262 
41: 474 702 766 
42: 494 
43: 497 498 
44: 507 1258 597 1085 1147 1209 1086 1087 1088 1210 1148 1212 696 1211 
45: 520 
46: 537 
47: 545 819 1042 
48: 557 
49: 631 1295 748 1240 1250 
50: 637 638 938 1235 1236 1301 1219 1300 889 1001 999 698 988 995 
51: 659 763 764 877 
52: 664 733 
53: 694 
54: 747 1023 898 
55: 792 
56: 830 907 1326 918 1186 917 916 1143 
57: 836 
58: 859 
59: 903 
60: 920 923 924 1096 1095 1090 
61: 965 967 
62: 1016 1017 
