# The graph of at k=4
# from G:\Dropbox\Raghda\CNA\Final Project\other methods\CFinder-2.0.6--1448\G:\Dropbox\Raghda\CNA\Final Project\Datasets\binary_networks\LFR5\network_LFR5_Om2.dat
# at no lower link weight threshold,
# and at no upper link weight threshold.
# Links were treated as undirected.
# No time limit was set for the clique search.

0 4 1
0 5 1
0 12 1
0 15 1
0 20 1
0 22 1
0 23 1
0 26 2
0 31 2
0 36 1
0 40 1
0 42 1
0 43 1
0 47 1
0 48 1
0 50 1
0 51 1
0 60 1
1 16 1
1 24 1
1 56 1
2 22 1
2 23 1
2 31 1
2 58 1
3 7 2
3 8 1
3 15 1
3 25 1
3 26 1
3 27 1
3 51 1
3 55 1
3 56 1
4 33 1
5 38 1
5 53 1
5 61 1
6 13 1
6 14 2
6 37 1
7 8 2
7 12 2
7 15 1
7 30 1
7 33 1
7 39 1
7 62 1
8 62 1
9 34 1
9 39 1
10 21 2
10 60 1
11 15 1
11 26 1
11 38 2
11 46 1
11 53 2
12 19 1
12 23 1
13 14 1
13 17 1
13 32 2
13 37 2
14 24 1
14 37 1
14 40 1
15 16 1
15 29 1
15 42 1
15 46 2
15 50 3
15 56 1
16 52 1
17 32 1
17 41 1
18 34 1
18 40 2
19 49 1
19 58 1
20 31 1
20 40 2
21 60 1
22 36 1
22 41 1
22 45 1
23 50 2
24 26 1
25 40 1
25 50 1
26 51 1
29 35 1
29 44 1
31 40 1
31 44 1
31 56 1
31 60 1
32 37 1
33 34 2
33 39 1
33 50 1
34 39 2
34 40 1
35 44 2
35 57 2
36 49 1
38 62 1
39 47 1
39 49 2
39 55 1
39 56 1
40 47 1
40 57 1
42 46 2
42 56 2
43 44 1
44 57 1
44 59 1
46 56 2
48 59 2
49 50 1
54 55 1
