# The links inside the communities at k=7
# from G:\Dropbox\Raghda\CNA\Final Project\other methods\CFinder-2.0.6--1448\G:\Dropbox\Raghda\CNA\Final Project\Datasets\binary_networks\LFR2\networ_LFR2_Om6.dat
# at no lower link weight threshold,
# and at no upper link weight threshold.
# Links were treated as undirected.
# No time limit was set for the clique search.

0:
1000 608
1000 641
1000 694
1000 727
1000 814
1000 830
1000 837
1000 944
1000 990
1000 993
608 814
608 830
608 944
608 990
608 993
641 814
641 830
641 837
641 944
641 990
641 993
694 814
694 830
694 837
694 944
694 990
694 993
727 814
727 830
727 837
727 944
727 990
727 993
814 830
814 837
814 944
814 990
814 993
830 837
830 944
830 990
830 993
837 944
837 990
837 993
944 990
944 993
990 993
1:
914 955
914 918
914 850
914 897
914 838
914 818
914 678
914 578
955 918
955 850
955 897
955 838
955 818
955 678
955 578
918 850
918 897
918 838
918 818
918 678
918 578
850 897
850 838
850 818
850 578
897 838
897 818
897 678
838 818
838 678
838 578
818 678
818 578
2:
674 988
674 978
674 996
674 954
674 926
674 870
988 978
988 996
988 847
988 954
988 926
988 905
988 844
988 789
988 870
988 664
988 854
988 623
988 811
978 996
978 847
978 954
978 926
978 905
978 844
978 789
978 870
978 664
978 854
978 623
978 811
996 847
996 954
996 926
996 905
996 844
996 789
996 870
996 664
996 854
996 623
996 811
847 954
847 926
847 905
847 844
847 789
847 870
847 854
847 811
954 926
954 905
954 844
954 789
954 870
954 664
954 854
954 623
954 811
926 905
926 844
926 789
926 870
926 664
926 854
926 811
905 844
905 789
905 870
905 854
905 623
905 811
844 789
844 870
844 854
789 870
870 854
870 623
870 811
664 854
854 811
3:
925 980
925 983
925 635
925 964
925 973
925 738
925 956
925 744
925 894
925 785
925 701
925 741
980 983
980 635
980 964
980 973
980 738
980 956
980 744
980 894
980 785
980 701
980 741
983 635
983 964
983 973
983 738
983 956
983 744
983 894
983 785
983 701
983 741
635 964
635 973
635 956
964 973
964 738
964 956
964 744
964 894
964 785
964 701
964 741
973 738
973 956
973 744
973 894
973 785
973 701
973 741
738 956
738 894
738 785
956 744
956 894
956 785
956 701
956 741
744 894
894 785
894 701
894 741
785 741
4:
999 984
999 832
999 735
999 681
999 957
999 746
984 832
984 735
984 681
984 957
984 746
832 735
832 681
832 957
832 746
735 681
735 957
735 746
681 957
681 746
957 746
5:
864 917
864 927
864 987
864 998
864 778
864 799
864 721
864 656
864 807
864 669
917 927
917 987
917 998
917 778
917 799
917 721
917 656
917 807
917 669
927 987
927 998
927 778
927 799
927 721
927 807
927 669
987 998
987 778
987 799
987 721
987 656
987 807
987 669
998 778
998 799
998 721
998 656
998 807
998 669
778 799
778 721
778 656
778 807
799 721
799 656
799 807
721 807
807 669
6:
898 995
898 967
898 910
898 931
898 859
898 639
995 967
995 910
995 931
995 859
995 639
967 910
967 931
967 859
967 639
910 931
910 859
910 639
931 859
931 639
859 639
7:
907 920
907 965
907 938
907 781
907 742
907 834
907 667
920 965
920 938
920 781
920 742
920 834
920 667
965 938
965 781
965 742
965 834
965 667
938 781
938 742
938 834
938 667
781 742
781 834
781 667
742 834
742 667
834 667
8:
970 909
970 959
970 899
970 842
970 822
970 757
909 959
909 899
909 842
909 822
909 757
959 899
959 842
959 822
959 757
899 842
899 822
899 757
842 822
842 757
822 757
9:
932 913
932 974
932 906
932 768
932 754
932 697
913 974
913 906
913 768
913 754
913 697
974 906
974 768
974 754
974 697
906 768
906 754
906 697
768 754
768 697
754 697
10:
999 984
999 992
999 832
999 735
999 888
999 957
984 992
984 832
984 735
984 888
984 957
992 832
992 735
992 888
992 957
832 735
832 888
832 957
735 888
735 957
888 957
11:
976 962
976 941
976 817
976 874
976 953
976 736
976 800
962 941
962 817
962 874
962 953
962 736
962 800
941 817
941 874
941 953
941 736
941 800
817 874
817 953
817 736
817 800
874 953
874 736
874 800
953 736
953 800
736 800
