# The communities at k=5
# from G:\Dropbox\Raghda\CNA\Final Project\other methods\CFinder-2.0.6--1448\G:\Dropbox\Raghda\CNA\Final Project\Datasets\binary_networks\LFR6\network_LFR6_Om4.dat
# at no lower link weight threshold,
# and at no upper link weight threshold.
# Links were treated as undirected.
# No time limit was set for the clique search.

0: 998 929 974 977 972 854 943 158 803 940 875 240 550 317 872 321 378 578 582 
1: 954 585 981 794 927 949 953 536 249 826 960 37 722 580 
2: 1000 284 721 902 907 
3: 656 898 292 780 833 
4: 991 961 935 941 962 865 948 345 
5: 980 916 809 906 909 895 828 354 
6: 791 844 996 592 999 432 816 987 882 950 915 973 696 798 632 603 
7: 749 997 938 469 837 
8: 959 982 942 910 843 899 967 672 789 528 835 613 825 847 497 521 638 
9: 1000 541 695 804 839 853 861 961 986 968 987 815 
10: 974 981 505 785 923 948 654 
11: 916 984 897 951 912 985 965 764 799 987 886 522 823 973 930 515 889 
12: 979 964 866 988 556 
13: 980 762 741 503 626 698 
14: 749 997 938 967 571 
15: 605 861 986 987 817 
16: 957 883 814 787 824 593 877 586 
17: 934 991 954 918 660 842 973 800 
18: 933 926 807 692 797 
19: 993 994 969 936 832 967 874 716 
20: 952 876 841 913 727 
21: 979 866 988 971 920 781 
22: 852 975 955 806 925 
23: 994 958 969 965 874 
