# The links inside the communities at k=6
# from G:\Dropbox\Raghda\CNA\Final Project\other methods\CFinder-2.0.6--1448\G:\Dropbox\Raghda\CNA\Final Project\Datasets\binary_networks\LFR2\networ_LFR2_Om5.dat
# at no lower link weight threshold,
# and at no upper link weight threshold.
# Links were treated as undirected.
# No time limit was set for the clique search.

0:
860 910
860 959
860 778
860 639
860 836
860 732
860 397
910 959
910 778
910 639
910 836
910 732
910 397
959 778
959 639
959 836
959 732
959 397
778 836
778 732
778 397
639 836
639 732
836 732
732 397
1:
911 998
911 939
911 958
911 782
911 813
911 983
911 987
911 701
911 846
911 651
911 929
911 442
911 888
911 829
911 881
911 839
911 637
998 939
998 958
998 782
998 813
998 983
998 987
998 606
998 701
998 846
998 651
998 502
998 929
998 416
998 442
998 888
998 829
998 881
998 554
998 839
998 637
939 958
939 782
939 813
939 983
939 987
939 606
939 701
939 846
939 651
939 502
939 929
939 416
939 888
939 829
939 881
939 839
958 782
958 813
958 983
958 987
958 701
958 846
958 502
958 929
958 416
958 888
958 829
958 881
958 554
958 839
958 637
782 983
782 987
782 846
782 929
782 888
813 983
813 987
813 846
813 929
813 888
813 881
813 839
983 987
983 606
983 701
983 846
983 651
983 929
983 416
983 442
983 888
983 829
983 881
983 554
983 839
983 637
987 606
987 701
987 846
987 651
987 502
987 929
987 416
987 442
987 888
987 829
987 881
987 554
987 839
987 637
606 881
701 929
701 888
846 929
846 888
846 829
846 881
846 839
651 881
502 881
929 888
929 829
929 881
929 554
929 839
929 637
442 888
888 829
888 881
888 839
829 881
829 839
881 839
2:
997 981
997 996
997 672
997 496
997 993
997 677
997 927
997 756
997 919
997 616
997 764
997 420
997 804
997 426
997 451
997 684
997 508
997 783
997 758
981 996
981 672
981 496
981 993
981 677
981 927
981 756
981 919
981 616
981 764
981 420
981 804
981 426
981 451
981 684
981 508
981 783
981 758
996 672
996 496
996 993
996 677
996 927
996 756
996 919
996 616
996 764
996 420
996 804
996 426
996 451
996 684
996 508
996 783
996 758
672 927
672 919
672 764
672 684
496 677
496 927
993 927
993 919
993 684
677 927
677 919
677 804
927 756
927 919
927 616
927 764
927 804
927 426
927 451
927 684
927 508
927 783
927 758
756 919
756 764
756 684
756 783
756 758
919 616
919 764
919 420
919 804
919 426
919 508
919 783
919 758
616 783
764 804
764 758
420 804
804 783
804 758
451 684
783 758
3:
921 721
921 882
921 918
921 809
921 423
921 520
921 503
921 669
721 882
721 918
721 809
721 423
721 520
721 669
882 918
882 809
882 423
882 520
882 503
882 669
918 809
918 423
918 520
918 503
918 669
809 423
809 520
809 503
809 669
503 669
4:
992 658
992 967
992 988
992 926
992 762
992 963
992 428
992 760
992 443
992 515
992 713
658 967
658 988
658 926
658 760
658 713
967 988
967 926
967 762
967 963
967 428
967 760
967 443
967 515
967 713
988 926
988 762
988 963
988 428
988 760
988 443
988 515
988 713
926 762
926 963
926 428
926 760
926 443
926 515
926 713
762 963
762 760
762 713
428 760
760 443
760 713
515 713
5:
874 878
874 901
874 759
874 447
874 550
878 901
878 759
878 447
878 550
901 759
901 447
901 550
759 447
759 550
447 550
6:
853 800
853 944
853 957
853 977
853 975
853 991
853 766
853 824
853 494
853 814
853 468
853 667
800 944
800 957
800 977
800 975
800 766
800 824
800 814
944 957
944 977
944 975
944 991
944 766
944 824
944 494
944 814
944 468
944 667
957 977
957 975
957 991
957 766
957 824
957 494
957 814
957 468
957 667
977 975
977 991
977 766
977 824
977 494
977 814
977 468
977 667
975 991
975 766
975 824
975 494
975 814
975 468
975 667
991 824
766 824
766 814
824 814
824 667
814 667
7:
855 806
855 866
855 970
855 771
855 479
806 866
806 970
806 771
806 479
866 970
866 771
866 479
970 771
970 479
771 479
8:
1000 536
1000 557
1000 655
1000 692
1000 723
1000 739
1000 773
1000 799
1000 849
1000 876
1000 902
1000 947
1000 953
1000 954
1000 960
1000 964
1000 980
1000 989
1000 990
1000 995
536 964
536 980
536 989
536 995
557 964
557 980
557 989
557 995
655 960
655 964
655 980
655 989
655 995
692 953
692 960
692 964
692 980
692 989
692 995
723 953
723 954
723 960
723 964
723 980
723 989
723 995
739 947
739 953
739 954
739 960
739 964
739 980
739 989
739 995
773 902
773 947
773 953
773 954
773 960
773 964
773 980
773 989
773 995
799 902
799 947
799 953
799 954
799 960
799 964
799 980
799 989
799 995
849 876
849 902
849 947
849 953
849 954
849 960
849 964
849 980
849 989
849 995
876 902
876 947
876 953
876 954
876 960
876 964
876 980
876 989
876 995
902 947
902 953
902 954
902 960
902 964
902 980
902 989
902 995
947 953
947 954
947 960
947 964
947 980
947 989
947 995
953 954
953 960
953 964
953 980
953 989
953 995
954 960
954 964
954 980
954 989
954 995
960 964
960 980
960 989
960 990
960 995
960 612
964 980
964 989
964 990
964 995
964 612
980 989
980 990
980 995
980 612
989 990
989 995
989 612
990 995
995 612
9:
896 899
896 726
896 892
896 956
896 563
896 652
896 716
896 664
896 525
899 726
899 892
899 956
899 563
899 652
899 716
899 664
899 525
726 892
726 956
726 652
726 664
892 956
892 563
892 652
892 716
892 664
892 525
956 563
956 652
956 716
956 664
956 525
563 716
716 664
716 525
10:
837 949
837 807
837 915
837 973
837 825
837 835
837 666
837 803
837 491
949 807
949 915
949 973
949 825
949 835
949 666
949 803
949 490
949 491
949 500
807 915
807 825
807 835
807 803
807 490
807 500
915 973
915 825
915 835
915 666
915 803
915 490
915 491
915 500
973 825
973 835
825 835
825 666
825 803
825 490
825 491
825 500
835 666
835 803
835 490
666 803
803 491
803 500
11:
999 798
999 908
999 955
999 970
999 864
999 912
999 936
999 924
999 588
999 714
999 649
999 548
999 593
798 908
798 955
798 864
798 912
798 936
798 924
798 714
798 649
798 593
908 955
908 864
908 912
908 936
908 924
908 588
908 714
908 548
955 970
955 864
955 912
955 936
955 924
955 588
955 714
955 649
955 548
970 864
970 912
970 936
864 912
864 936
864 924
864 714
864 649
864 548
864 593
912 936
912 924
912 588
912 714
912 649
912 593
936 924
936 714
936 649
936 593
924 588
924 714
924 649
924 548
924 593
12:
830 982
830 611
830 905
830 984
830 922
830 840
830 972
830 772
830 745
982 990
982 611
982 891
982 905
982 984
982 973
982 922
982 844
982 840
982 972
982 772
982 725
982 745
990 891
990 984
990 922
990 840
990 972
611 905
611 984
611 972
891 905
891 984
891 973
891 922
891 840
891 972
891 772
891 745
905 984
905 922
905 844
905 840
905 972
905 772
905 725
905 745
984 973
984 922
984 844
984 840
984 972
984 772
984 725
984 745
973 922
973 972
922 844
922 840
922 972
922 772
922 745
844 840
844 972
844 725
840 972
972 772
972 725
972 745
725 745
13:
856 886
856 894
856 596
856 779
856 575
886 894
886 596
886 779
886 575
894 596
894 779
894 575
596 779
596 575
779 575
14:
932 961
932 991
932 965
932 940
932 950
932 583
932 818
932 925
932 812
932 738
932 647
932 822
932 576
932 815
961 991
961 965
961 940
961 950
961 583
961 818
961 925
961 812
961 738
961 647
961 822
961 815
991 965
991 940
991 950
991 812
991 822
965 940
965 950
965 583
965 818
965 925
965 812
965 738
965 647
965 822
965 576
965 815
940 950
940 583
940 818
940 925
940 812
940 738
940 647
940 822
940 815
950 583
950 818
950 925
950 812
950 738
950 822
950 576
950 815
818 812
818 738
818 647
818 822
818 576
818 815
812 738
812 822
812 815
738 815
647 822
822 815
576 815
15:
991 966
991 937
991 898
991 736
991 916
970 966
970 937
970 934
970 868
970 916
993 966
993 937
993 934
993 898
993 868
993 916
966 937
966 578
966 934
966 898
966 868
966 736
966 916
966 711
966 689
966 591
937 934
937 898
937 868
937 736
937 916
937 689
937 591
578 934
578 898
578 736
578 916
934 898
934 868
934 736
934 916
934 711
934 689
934 591
898 868
898 736
898 916
898 711
898 689
868 736
868 916
868 711
736 916
916 711
916 689
916 591
689 591
16:
970 948
970 968
970 895
970 928
970 875
948 968
948 698
948 895
948 928
948 629
948 794
948 963
948 717
948 688
948 875
948 865
968 698
968 895
968 928
968 629
968 794
968 963
968 717
968 688
968 875
968 865
698 895
698 928
698 794
698 875
698 865
895 928
895 629
895 794
895 963
895 717
895 688
895 875
895 865
928 629
928 794
928 963
928 717
928 688
928 875
928 865
629 875
629 865
794 717
794 688
794 875
794 865
963 875
717 875
717 865
688 875
688 865
875 865
17:
976 945
976 971
976 930
976 833
976 880
976 917
976 630
976 906
976 885
976 821
976 641
976 727
976 702
945 971
945 930
945 833
945 880
945 917
945 630
945 906
945 885
945 821
945 641
945 727
945 702
971 930
971 833
971 880
971 917
971 630
971 906
971 885
971 821
971 641
971 727
971 702
930 833
930 880
930 917
930 630
930 906
930 885
930 821
930 641
930 727
930 702
833 880
833 917
833 906
833 885
833 821
880 917
880 906
880 885
880 821
880 727
880 702
917 630
917 906
917 885
917 821
917 641
917 727
917 702
630 906
630 885
906 885
906 821
906 641
906 727
906 702
885 821
885 727
885 702
18:
787 842
787 890
787 872
787 841
787 770
787 675
743 842
743 890
743 872
743 841
743 770
743 675
790 842
790 890
790 872
790 841
790 770
842 890
842 872
842 841
842 770
890 872
890 841
890 770
890 675
872 841
872 770
872 675
841 770
841 675
770 675
