# The communities at k=6
# from G:\Dropbox\Raghda\CNA\Final Project\other methods\CFinder-2.0.6--1448\G:\Dropbox\Raghda\CNA\Final Project\Datasets\binary_networks\LFR2\networ_LFR2_Om5.dat
# at no lower link weight threshold,
# and at no upper link weight threshold.
# Links were treated as undirected.
# No time limit was set for the clique search.

0: 860 910 959 778 639 836 732 397 
1: 911 998 939 958 782 813 983 987 606 701 846 651 502 929 416 442 888 829 881 554 839 637 
2: 997 981 996 672 496 993 677 927 756 919 616 764 420 804 426 451 684 508 783 758 
3: 921 721 882 918 809 423 520 503 669 
4: 992 658 967 988 926 762 963 428 760 443 515 713 
5: 874 878 901 759 447 550 
6: 853 800 944 957 977 975 991 766 824 494 814 468 667 
7: 855 806 866 970 771 479 
8: 1000 536 557 655 692 723 739 773 799 849 876 902 947 953 954 960 964 980 989 990 995 612 
9: 896 899 726 892 956 563 652 716 664 525 
10: 837 949 807 915 973 825 835 666 803 490 491 500 
11: 999 798 908 955 970 864 912 936 924 588 714 649 548 593 
12: 830 982 990 611 891 905 984 973 922 844 840 972 772 725 745 
13: 856 886 894 596 779 575 
14: 932 961 991 965 940 950 583 818 925 812 738 647 822 576 815 
15: 991 970 993 966 937 578 934 898 868 736 916 711 689 591 
16: 970 948 968 698 895 928 629 794 963 717 688 875 865 
17: 976 945 971 930 833 880 917 630 906 885 821 641 727 702 
18: 787 743 790 842 890 872 841 770 675 
