# The links inside the communities at k=12
# from G:\Dropbox\Raghda\CNA\Final Project\other methods\CFinder-2.0.6--1448\G:\Dropbox\Raghda\CNA\Final Project\Datasets\binary_networks\LFR1\networ_LFR1_Om2.dat
# at no lower link weight threshold,
# and at no upper link weight threshold.
# Links were treated as undirected.
# No time limit was set for the clique search.

0:
922 974
922 979
922 991
922 997
922 947
922 962
922 964
922 969
922 982
922 944
922 934
922 882
974 979
974 991
974 997
974 947
974 962
974 964
974 969
974 982
974 944
974 860
974 934
974 875
974 734
974 882
974 759
974 778
974 814
974 832
979 991
979 997
979 947
979 962
979 964
979 969
979 982
979 944
979 860
979 934
979 875
979 734
979 882
979 759
979 778
979 814
979 832
991 997
991 947
991 962
991 964
991 969
991 982
991 944
991 860
991 934
991 875
991 734
991 882
991 759
991 778
991 814
991 832
997 947
997 962
997 964
997 969
997 982
997 944
997 860
997 934
997 875
997 734
997 882
997 759
997 778
997 814
997 832
947 962
947 964
947 969
947 982
947 944
947 860
947 934
947 875
947 734
947 882
947 759
947 778
947 814
947 832
962 964
962 969
962 982
962 944
962 860
962 934
962 875
962 734
962 882
962 759
962 778
962 814
962 832
964 969
964 982
964 944
964 860
964 934
964 875
964 734
964 882
964 759
964 778
964 814
964 832
969 982
969 944
969 860
969 934
969 875
969 734
969 882
969 759
969 778
969 814
969 832
982 944
982 860
982 934
982 875
982 882
982 759
982 778
982 814
982 832
944 860
944 934
944 875
944 734
944 882
944 759
944 778
944 814
944 832
860 934
860 875
860 734
860 882
860 759
860 778
860 814
860 832
934 875
934 734
934 882
934 759
934 778
934 814
934 832
875 882
875 814
875 832
882 778
882 814
882 832
1:
1000 776
1000 830
1000 848
1000 858
1000 886
1000 897
1000 902
1000 903
1000 922
1000 930
1000 932
1000 968
1000 970
776 830
776 848
776 858
776 886
776 897
776 902
776 903
776 930
776 932
776 968
776 970
830 848
830 858
830 886
830 897
830 902
830 903
830 930
830 932
830 968
830 970
848 858
848 886
848 897
848 902
848 903
848 922
848 930
848 932
848 968
848 970
858 886
858 897
858 902
858 903
858 922
858 930
858 932
858 968
858 970
886 897
886 902
886 903
886 922
886 930
886 932
886 968
886 970
897 902
897 903
897 922
897 930
897 932
897 968
897 970
902 903
902 922
902 930
902 932
902 968
902 970
903 922
903 930
903 932
903 968
903 970
922 930
922 932
922 968
922 970
930 932
930 968
930 970
932 968
932 970
968 970
2:
843 946
843 993
843 995
843 996
843 975
843 980
843 950
843 923
843 865
843 847
843 892
843 878
843 870
946 993
946 995
946 996
946 975
946 980
946 950
946 923
946 865
946 847
946 892
946 878
946 803
946 870
993 995
993 996
993 975
993 980
993 950
993 923
993 865
993 847
993 892
993 878
993 803
993 870
995 996
995 975
995 980
995 950
995 923
995 865
995 847
995 892
995 878
995 803
995 870
996 975
996 980
996 950
996 923
996 865
996 847
996 892
996 878
996 803
996 870
975 980
975 950
975 923
975 865
975 847
975 892
975 878
975 803
975 870
980 950
980 923
980 865
980 847
980 892
980 878
980 803
980 870
950 923
950 865
950 847
950 892
950 878
950 803
950 870
923 865
923 847
923 892
923 878
923 803
923 870
865 847
865 892
865 878
865 803
865 870
847 892
847 878
847 803
847 870
892 878
892 803
892 870
878 803
878 870
803 870
3:
913 986
913 984
913 888
913 987
913 990
913 937
913 904
913 954
913 959
913 871
913 948
913 859
986 984
986 987
986 990
986 937
986 904
986 954
986 959
986 871
986 948
986 859
984 888
984 987
984 990
984 937
984 904
984 954
984 959
984 871
984 948
984 859
888 987
888 990
888 937
888 904
888 954
888 959
888 871
888 948
888 859
987 990
987 937
987 904
987 954
987 959
987 871
987 948
987 859
990 937
990 904
990 954
990 959
990 871
990 948
990 859
937 904
937 954
937 959
937 871
937 948
937 859
904 954
904 959
904 871
904 948
904 859
954 959
954 871
954 948
954 859
959 871
959 948
959 859
871 948
871 859
948 859
