# The contained cliques in the communities at k=6
# from G:\Dropbox\Raghda\CNA\Final Project\other methods\CFinder-2.0.6--1448\G:\Dropbox\Raghda\CNA\Final Project\Datasets\binary_networks\LFR1\networ_LFR1_Om2.dat
# at no lower link weight threshold,
# and at no upper link weight threshold.
# Links were treated as undirected.
# No time limit was set for the clique search.

0: 361 980 981 1160 568 769 1112 994 668 
1: 402 793 960 1093 1123 1156 1167 1169 1200 461 535 673 741 777 
2: 406 609 615 621 653 684 776 605 
3: 412 656 659 675 781 872 892 941 1007 1116 600 636 
4: 421 486 
5: 444 1095 1097 1098 1099 1100 1151 1152 1153 1164 1165 1192 1193 1194 1195 1196 635 660 885 942 956 990 991 1073 1074 1075 1096 1161 1162 1197 1198 1208 1209 943 541 779 681 1147 1148 
6: 452 1001 1003 1038 1060 1131 1176 1186 886 918 1002 1061 1065 1066 1132 1150 1154 1159 1189 887 1005 1039 917 778 1004 925 924 1067 1155 699 644 647 
7: 457 697 926 954 1121 1130 665 810 870 871 955 982 983 964 965 845 843 844 1122 
8: 460 756 759 884 995 996 1006 1037 1146 1157 1163 1177 510 676 
9: 464 
10: 468 975 1032 648 652 1090 
11: 496 1034 1036 888 957 958 992 993 1035 1063 1091 1117 1118 1129 1141 889 959 861 859 860 1008 1009 
12: 499 
13: 503 1144 1145 1166 1174 604 610 672 674 919 933 934 953 1062 1115 532 569 801 
14: 507 654 940 
15: 624 814 899 1101 1158 1202 688 1125 685 646 1089 
16: 639 
17: 641 905 1070 751 904 1010 1030 1054 1068 1071 1079 1133 1011 1014 1080 1058 1072 1056 1059 1057 1052 1055 1053 1069 1031 1134 
18: 655 
19: 708 868 
20: 726 727 1076 1087 1190 1204 791 1083 1088 1082 1205 1191 
21: 728 1029 730 745 731 
22: 765 766 768 
23: 774 775 997 999 1104 1106 1108 998 1000 1105 1107 1109 908 909 911 946 967 968 970 910 969 945 949 950 947 948 
24: 796 797 1103 1102 
25: 802 803 804 1181 805 858 857 1024 1023 1077 1019 1020 1021 1022 1113 1114 
26: 818 912 913 
27: 826 850 849 
28: 851 1119 875 878 883 894 1026 1120 1170 1172 873 874 876 1135 1137 1136 1138 1171 882 935 936 937 915 
29: 869 978 
30: 951 952 976 977 985 986 987 1049 1050 1051 1094 1139 1149 988 989 1025 
31: 1016 1017 
