# The communities at k=6
# from G:\Dropbox\Raghda\CNA\Final Project\other methods\CFinder-2.0.6--1448\G:\Dropbox\Raghda\CNA\Final Project\Datasets\binary_networks\LFR1\networ_LFR1_Om2.dat
# at no lower link weight threshold,
# and at no upper link weight threshold.
# Links were treated as undirected.
# No time limit was set for the clique search.

0: 877 799 844 921 988 919 945 455 770 238 811 827 660 469 503 686 
1: 922 670 974 979 991 997 947 962 964 969 982 944 266 309 860 372 533 934 476 536 553 875 734 882 759 778 814 832 
2: 813 894 918 928 901 269 401 701 404 409 467 445 531 589 
3: 842 958 961 965 900 272 881 753 976 395 428 454 458 480 545 572 608 627 806 736 754 
4: 992 834 988 717 277 529 330 
5: 913 986 984 888 987 990 937 867 917 904 954 959 295 943 379 893 427 871 948 836 785 665 460 486 542 786 585 628 810 859 651 713 749 741 
6: 955 981 983 999 953 863 956 812 515 883 927 793 839 301 727 640 439 634 441 619 824 540 784 775 595 699 683 718 684 
7: 978 952 798 938 941 510 899 672 895 823 898 305 662 614 466 629 914 563 571 779 649 764 
8: 843 946 993 995 996 975 980 950 923 308 865 356 719 785 847 482 490 494 892 878 580 803 826 659 664 689 870 
9: 624 716 972 313 584 603 
10: 762 797 801 828 674 788 316 697 912 743 442 444 
11: 706 949 967 789 925 994 933 792 890 339 710 879 745 597 774 682 598 654 715 
12: 845 773 821 757 341 602 
13: 911 929 971 994 966 818 407 767 347 819 916 369 915 400 926 405 777 635 474 479 557 914 626 817 647 712 
14: 989 690 705 747 943 353 446 618 
15: 1000 504 546 594 616 776 780 830 848 858 876 886 897 902 903 922 930 932 968 970 743 420 440 
16: 752 820 868 623 658 433 
17: 709 951 957 756 940 963 887 849 841 861 737 790 695 657 831 436 521 723 708 
18: 986 652 735 543 836 452 
19: 985 642 650 517 625 633 588 775 
20: 992 740 936 989 864 977 931 973 872 873 738 501 739 552 
21: 592 744 760 822 694 800 804 560 550 513 
22: 855 862 896 725 581 500 508 733 
23: 815 906 942 960 802 972 772 891 661 771 838 852 617 526 631 666 
24: 763 835 924 857 750 702 850 555 761 
25: 846 889 908 920 711 887 732 866 765 840 854 976 574 558 
26: 604 905 997 691 816 758 645 632 
27: 924 703 857 807 587 610 850 761 
28: 837 909 721 910 939 856 907 885 973 782 591 639 575 579 586 751 612 638 826 
29: 808 825 966 681 714 748 569 
30: 985 696 884 935 998 671 794 853 880 676 893 869 669 787 707 646 730 
31: 700 936 864 977 931 872 783 
