# The links inside the communities at k=6
# from G:\Dropbox\Raghda\CNA\Final Project\other methods\CFinder-2.0.6--1448\G:\Dropbox\Raghda\CNA\Final Project\Datasets\binary_networks\LFR1\networ_LFR1_Om2.dat
# at no lower link weight threshold,
# and at no upper link weight threshold.
# Links were treated as undirected.
# No time limit was set for the clique search.

0:
877 799
877 844
877 921
877 988
877 919
877 945
877 811
877 827
877 469
799 844
799 921
799 988
799 919
799 945
799 455
799 238
799 811
799 827
799 660
799 469
799 686
844 921
844 988
844 919
844 945
844 811
844 827
844 660
844 503
844 686
921 988
921 919
921 945
921 455
921 770
921 238
921 811
921 827
921 660
921 686
988 919
988 945
988 455
988 238
988 811
988 827
988 660
988 469
988 503
988 686
919 945
919 455
919 770
919 238
919 811
919 827
919 660
919 469
919 503
919 686
945 770
945 238
945 811
945 827
945 660
945 469
945 503
945 686
455 827
770 811
770 827
770 686
811 827
811 660
811 503
827 660
827 503
827 686
660 686
1:
922 974
922 979
922 991
922 997
922 947
922 962
922 964
922 969
922 982
922 944
922 934
922 882
670 974
670 979
670 991
670 947
670 962
670 964
670 969
670 944
670 934
974 979
974 991
974 997
974 947
974 962
974 964
974 969
974 982
974 944
974 266
974 309
974 860
974 372
974 533
974 934
974 476
974 536
974 553
974 875
974 734
974 882
974 759
974 778
974 814
974 832
979 991
979 997
979 947
979 962
979 964
979 969
979 982
979 944
979 309
979 860
979 372
979 533
979 934
979 476
979 536
979 553
979 875
979 734
979 882
979 759
979 778
979 814
979 832
991 997
991 947
991 962
991 964
991 969
991 982
991 944
991 266
991 309
991 860
991 372
991 533
991 934
991 476
991 536
991 553
991 875
991 734
991 882
991 759
991 778
991 814
991 832
997 947
997 962
997 964
997 969
997 982
997 944
997 860
997 934
997 875
997 734
997 882
997 759
997 778
997 814
997 832
947 962
947 964
947 969
947 982
947 944
947 309
947 860
947 533
947 934
947 536
947 553
947 875
947 734
947 882
947 759
947 778
947 814
947 832
962 964
962 969
962 982
962 944
962 266
962 860
962 372
962 934
962 476
962 536
962 553
962 875
962 734
962 882
962 759
962 778
962 814
962 832
964 969
964 982
964 944
964 266
964 309
964 860
964 533
964 934
964 553
964 875
964 734
964 882
964 759
964 778
964 814
964 832
969 982
969 944
969 266
969 860
969 372
969 533
969 934
969 476
969 536
969 553
969 875
969 734
969 882
969 759
969 778
969 814
969 832
982 944
982 860
982 934
982 875
982 882
982 759
982 778
982 814
982 832
944 860
944 934
944 476
944 875
944 734
944 882
944 759
944 778
944 814
944 832
860 934
860 875
860 734
860 882
860 759
860 778
860 814
860 832
934 875
934 734
934 882
934 759
934 778
934 814
934 832
875 882
875 814
875 832
882 778
882 814
882 832
2:
813 894
813 918
813 928
813 901
813 269
813 701
813 404
813 409
813 467
813 445
813 531
813 589
894 918
894 928
894 901
894 269
894 401
894 701
894 404
894 409
894 467
894 445
894 531
894 589
918 928
918 901
918 269
918 401
918 701
918 404
918 409
918 467
918 445
918 531
918 589
928 901
928 269
928 401
928 701
928 404
928 409
928 467
928 445
928 531
928 589
901 269
901 401
901 701
901 404
901 409
901 467
901 445
901 531
901 589
401 701
701 409
701 445
701 531
701 589
3:
842 958
842 961
842 965
842 900
842 881
842 976
842 428
842 572
842 608
842 627
842 806
842 736
842 754
958 961
958 965
958 900
958 272
958 881
958 753
958 976
958 395
958 428
958 454
958 458
958 480
958 545
958 572
958 608
958 627
958 806
958 736
958 754
961 965
961 900
961 272
961 881
961 753
961 976
961 395
961 428
961 454
961 458
961 480
961 545
961 572
961 608
961 627
961 806
961 736
961 754
965 900
965 272
965 881
965 753
965 976
965 395
965 428
965 454
965 458
965 480
965 545
965 572
965 608
965 627
965 806
965 736
965 754
900 272
900 881
900 753
900 976
900 395
900 428
900 454
900 458
900 480
900 545
900 572
900 608
900 627
900 806
900 736
900 754
272 881
881 753
881 976
881 454
881 458
881 480
881 545
881 572
881 608
881 627
881 806
881 736
881 754
976 395
976 454
976 480
976 545
976 572
976 608
976 627
976 806
976 736
976 754
627 806
806 736
806 754
736 754
4:
992 834
992 988
992 717
992 277
992 529
992 330
834 988
834 717
834 277
834 529
834 330
988 717
988 277
988 529
988 330
717 277
717 529
717 330
277 529
529 330
5:
913 986
913 984
913 888
913 987
913 990
913 937
913 867
913 917
913 904
913 954
913 959
913 943
913 893
913 871
913 948
913 542
913 786
913 628
913 859
913 749
986 984
986 987
986 990
986 937
986 867
986 904
986 954
986 959
986 893
986 871
986 948
986 836
986 665
986 786
986 810
986 859
984 888
984 987
984 990
984 937
984 867
984 917
984 904
984 954
984 959
984 295
984 379
984 427
984 871
984 948
984 836
984 665
984 460
984 486
984 786
984 585
984 810
984 859
984 651
984 713
984 749
984 741
888 987
888 990
888 937
888 917
888 904
888 954
888 959
888 943
888 871
888 948
888 542
888 786
888 585
888 628
888 859
888 651
987 990
987 937
987 867
987 917
987 904
987 954
987 959
987 295
987 943
987 379
987 893
987 427
987 871
987 948
987 836
987 785
987 460
987 486
987 786
987 585
987 628
987 810
987 859
987 651
987 713
987 749
987 741
990 937
990 867
990 917
990 904
990 954
990 959
990 295
990 943
990 379
990 893
990 427
990 871
990 948
990 836
990 785
990 665
990 460
990 486
990 542
990 786
990 585
990 628
990 810
990 859
990 651
990 713
990 749
990 741
937 867
937 917
937 904
937 954
937 959
937 295
937 943
937 379
937 893
937 871
937 948
937 665
937 786
937 810
937 859
937 651
937 713
937 749
937 741
867 917
867 904
867 959
867 948
867 785
867 486
867 786
867 810
867 859
867 741
917 904
917 959
917 943
917 379
917 893
917 948
917 836
917 785
917 542
917 810
917 859
917 713
917 741
904 954
904 959
904 893
904 871
904 948
904 460
904 628
904 859
904 713
904 749
904 741
954 959
954 943
954 893
954 427
954 871
954 948
954 836
954 785
954 665
954 460
954 786
954 585
954 810
954 859
954 651
954 713
954 749
954 741
959 295
959 943
959 893
959 871
959 948
959 836
959 785
959 665
959 786
959 585
959 628
959 810
959 859
959 749
959 741
943 948
943 628
943 859
943 749
893 948
427 871
427 948
871 948
871 785
871 665
871 810
871 859
871 651
948 836
948 486
948 542
948 585
948 810
948 859
948 651
948 713
948 749
948 741
665 786
628 859
810 741
859 713
713 749
6:
955 981
955 983
955 999
955 953
955 863
955 956
955 515
955 927
955 793
955 839
955 301
955 727
955 439
955 441
955 619
955 824
955 775
955 699
955 683
955 718
955 684
981 983
981 999
981 953
981 863
981 956
981 812
981 515
981 883
981 927
981 793
981 839
981 301
981 727
981 439
981 441
981 619
981 824
981 540
981 784
981 775
981 595
981 699
981 683
981 718
981 684
983 999
983 953
983 863
983 956
983 812
983 515
983 883
983 927
983 793
983 839
983 301
983 727
983 640
983 634
983 619
983 824
983 540
983 784
983 775
983 595
983 699
983 683
983 718
983 684
999 953
999 863
999 956
999 812
999 515
999 883
999 927
999 793
999 839
999 301
999 727
999 640
999 439
999 634
999 441
999 824
999 540
999 784
999 775
999 595
999 699
999 683
999 718
999 684
953 863
953 956
953 812
953 883
953 927
953 793
953 839
953 727
953 640
953 439
953 634
953 619
953 824
953 540
953 784
953 595
953 699
953 684
863 956
863 883
863 927
863 839
863 718
956 812
956 883
956 927
956 793
956 839
956 640
956 439
956 634
956 619
956 824
956 540
956 784
956 775
956 699
956 683
956 718
812 839
812 684
515 824
883 927
883 793
883 784
883 775
883 699
883 718
927 793
927 839
927 301
927 727
927 640
927 634
927 441
927 824
927 784
927 595
927 699
927 683
927 684
793 441
793 619
793 784
839 634
839 824
839 595
839 699
839 683
839 718
727 824
727 784
640 595
634 699
619 784
824 540
824 784
824 718
824 684
540 784
784 684
683 718
7:
978 952
978 798
978 938
978 941
978 510
978 899
978 672
978 895
978 823
978 898
978 305
978 662
978 614
978 466
978 629
978 914
978 563
978 571
978 779
978 649
978 764
952 798
952 938
952 941
952 510
952 899
952 895
952 823
952 898
952 305
952 662
952 614
952 629
952 914
952 563
952 571
952 779
952 649
952 764
798 938
798 941
798 899
798 672
798 895
798 898
798 662
798 614
798 571
938 941
938 510
938 899
938 672
938 895
938 823
938 898
938 305
938 662
938 614
938 466
938 629
938 914
938 563
938 571
938 779
938 649
938 764
941 510
941 899
941 672
941 895
941 823
941 898
941 305
941 662
941 466
941 629
941 914
941 563
941 779
941 649
941 764
510 895
510 898
899 672
899 895
899 823
899 898
899 662
899 466
899 629
899 914
899 563
899 571
899 779
899 764
672 898
672 614
672 764
895 898
895 305
895 466
895 629
895 914
895 571
895 779
895 649
895 764
823 764
898 662
898 614
898 466
898 629
898 914
898 563
898 571
898 779
898 649
898 764
662 649
662 764
614 914
629 779
914 563
914 779
914 764
571 779
779 649
779 764
8:
843 946
843 993
843 995
843 996
843 975
843 980
843 950
843 923
843 865
843 847
843 892
843 878
843 870
946 993
946 995
946 996
946 975
946 980
946 950
946 923
946 865
946 356
946 719
946 847
946 482
946 490
946 494
946 892
946 878
946 580
946 803
946 659
946 664
946 689
946 870
993 995
993 996
993 975
993 980
993 950
993 923
993 308
993 865
993 356
993 719
993 785
993 847
993 482
993 490
993 494
993 892
993 878
993 580
993 803
993 826
993 659
993 664
993 689
993 870
995 996
995 975
995 980
995 950
995 923
995 308
995 865
995 356
995 719
995 785
995 847
995 482
995 490
995 494
995 892
995 878
995 580
995 803
995 826
995 659
995 664
995 689
995 870
996 975
996 980
996 950
996 923
996 308
996 865
996 356
996 719
996 785
996 847
996 482
996 490
996 494
996 892
996 878
996 580
996 803
996 826
996 659
996 664
996 689
996 870
975 980
975 950
975 923
975 865
975 847
975 892
975 878
975 803
975 870
980 950
980 923
980 308
980 865
980 719
980 785
980 847
980 490
980 494
980 892
980 878
980 580
980 803
980 826
980 659
980 664
980 689
980 870
950 923
950 308
950 865
950 356
950 719
950 785
950 847
950 482
950 490
950 494
950 892
950 878
950 580
950 803
950 826
950 659
950 664
950 689
950 870
923 865
923 719
923 785
923 847
923 892
923 878
923 580
923 803
923 826
923 659
923 664
923 689
923 870
865 847
865 892
865 878
865 803
865 870
719 892
719 878
847 892
847 878
847 803
847 870
494 892
892 878
892 803
892 826
892 659
892 664
892 689
892 870
878 803
878 659
878 664
878 689
878 870
803 870
9:
624 716
624 972
624 313
624 584
624 603
716 972
716 313
716 584
716 603
972 313
972 584
972 603
313 584
313 603
584 603
10:
762 797
762 801
762 828
762 674
762 788
762 697
762 912
762 743
762 444
797 801
797 828
797 674
797 788
797 316
797 697
797 912
797 743
797 444
801 828
801 674
801 788
801 316
801 697
801 912
801 743
801 442
801 444
828 788
828 697
828 912
828 743
674 788
674 697
674 912
674 442
674 444
788 316
788 697
788 912
788 743
788 442
788 444
316 697
316 912
697 912
697 442
912 743
912 442
912 444
11:
706 949
706 967
706 925
706 933
706 890
706 745
949 967
949 789
949 925
949 994
949 933
949 792
949 890
949 339
949 710
949 879
949 745
949 597
949 774
949 682
949 598
949 654
949 715
967 789
967 925
967 994
967 933
967 792
967 890
967 339
967 710
967 879
967 745
967 597
967 774
967 682
967 598
967 654
967 715
789 925
789 994
789 792
789 890
789 879
789 597
789 774
789 598
789 654
789 715
925 994
925 933
925 792
925 890
925 710
925 879
925 745
925 774
925 682
925 598
925 654
925 715
994 933
994 792
994 890
994 339
994 710
994 879
994 745
994 774
994 598
994 654
994 715
933 792
933 879
933 745
933 774
933 654
933 715
792 890
792 710
792 879
792 774
792 682
890 710
890 879
890 745
890 597
890 774
890 682
890 715
339 710
339 879
710 879
710 745
710 774
879 745
879 597
879 682
879 598
879 654
879 715
597 774
597 682
774 598
682 654
682 715
654 715
12:
845 773
845 821
845 757
845 341
845 602
773 821
773 757
773 341
773 602
821 757
821 341
821 602
757 341
757 602
341 602
13:
911 929
911 971
911 994
911 966
911 818
911 407
911 767
911 347
911 819
911 916
911 915
911 400
911 926
911 777
911 474
911 914
911 817
911 712
929 971
929 994
929 966
929 818
929 767
929 347
929 819
929 916
929 915
929 400
929 926
929 405
929 777
929 479
929 557
929 914
929 626
929 817
929 647
929 712
971 994
971 966
971 818
971 407
971 767
971 347
971 819
971 916
971 369
971 915
971 400
971 926
971 405
971 777
971 635
971 474
971 479
971 557
971 914
971 626
971 817
971 647
971 712
994 966
994 818
994 407
994 767
994 819
994 916
994 369
994 915
994 926
994 777
994 635
994 479
994 914
994 626
994 817
994 647
994 712
966 819
966 916
966 915
966 926
966 777
966 635
966 626
966 817
966 647
966 712
818 767
818 819
818 916
818 915
818 926
818 557
818 914
818 817
407 767
407 926
767 916
767 369
767 915
767 926
767 626
347 819
347 916
819 916
819 915
819 926
819 777
819 557
819 914
819 817
916 369
916 915
916 400
916 926
916 777
916 635
916 474
916 914
916 626
916 817
916 647
916 712
369 915
915 400
915 926
915 405
915 777
915 635
915 474
915 479
915 914
915 626
915 817
915 647
915 712
400 926
926 405
926 777
926 635
926 474
926 479
926 914
926 626
926 817
926 647
926 712
405 777
777 635
777 914
777 817
635 817
557 914
817 712
647 712
14:
989 690
989 705
989 747
989 943
989 353
989 446
989 618
690 705
690 747
690 943
690 353
690 446
690 618
705 747
705 943
705 353
705 446
705 618
747 943
747 353
747 446
747 618
943 353
943 446
943 618
15:
1000 504
1000 546
1000 594
1000 616
1000 776
1000 780
1000 830
1000 848
1000 858
1000 876
1000 886
1000 897
1000 902
1000 903
1000 922
1000 930
1000 932
1000 968
1000 970
504 902
504 903
504 932
504 968
504 970
546 903
546 930
546 932
546 968
546 970
594 886
594 897
594 930
594 932
594 968
594 970
616 886
616 897
616 903
616 930
616 932
616 968
616 970
776 830
776 848
776 858
776 886
776 897
776 902
776 903
776 930
776 932
776 968
776 970
780 886
780 902
780 932
780 968
780 970
830 848
830 858
830 886
830 897
830 902
830 903
830 930
830 932
830 968
830 970
848 858
848 886
848 897
848 902
848 903
848 922
848 930
848 932
848 968
848 970
858 886
858 897
858 902
858 903
858 922
858 930
858 932
858 968
858 970
876 886
876 897
876 902
876 903
876 930
876 932
876 968
876 970
886 897
886 902
886 903
886 922
886 930
886 932
886 968
886 970
886 420
897 902
897 903
897 922
897 930
897 932
897 968
897 970
897 743
897 420
902 903
902 922
902 930
902 932
902 968
902 970
902 743
902 440
903 922
903 930
903 932
903 968
903 970
903 420
922 930
922 932
922 968
922 970
930 932
930 968
930 970
930 743
930 420
930 440
932 968
932 970
932 743
932 440
968 970
968 420
968 440
970 743
970 420
970 440
16:
752 820
752 868
752 623
752 658
752 433
820 868
820 623
820 658
820 433
868 623
868 658
868 433
623 658
623 433
658 433
17:
709 951
709 957
709 963
709 849
709 841
709 737
709 831
951 957
951 756
951 940
951 963
951 887
951 849
951 841
951 861
951 737
951 790
951 695
951 657
951 831
951 436
951 521
951 708
957 756
957 940
957 963
957 849
957 841
957 861
957 737
957 790
957 695
957 657
957 831
957 436
957 521
957 723
957 708
756 940
756 963
756 841
756 861
756 657
756 723
756 708
940 963
940 887
940 849
940 841
940 861
940 737
940 790
940 695
940 657
940 831
940 436
940 723
940 708
963 887
963 849
963 861
963 737
963 790
963 695
963 657
963 831
963 436
963 521
963 723
963 708
887 861
887 790
887 695
849 861
849 657
849 831
849 436
849 521
849 723
849 708
841 737
841 831
841 723
841 708
861 737
861 790
861 695
861 657
861 831
861 521
861 708
737 831
737 723
737 708
657 831
831 723
723 708
18:
986 652
986 735
986 543
986 836
986 452
652 735
652 543
652 836
652 452
735 543
735 836
735 452
543 836
543 452
836 452
19:
985 642
985 650
985 517
985 625
985 633
985 588
985 775
642 650
642 517
642 625
642 633
642 588
642 775
650 517
650 625
650 633
650 588
650 775
517 625
517 588
625 633
625 588
625 775
633 588
633 775
588 775
20:
992 740
992 936
992 989
992 864
992 977
992 931
992 973
992 872
992 873
992 738
992 501
992 739
740 989
740 977
740 931
740 872
740 738
740 501
936 989
936 864
936 977
936 931
936 973
936 872
936 873
936 501
936 739
936 552
989 864
989 977
989 931
989 872
989 873
989 738
989 501
989 739
989 552
864 977
864 931
864 973
864 873
864 738
977 931
977 872
977 873
977 738
977 501
977 739
977 552
931 973
931 872
931 873
931 738
931 501
931 739
931 552
973 872
973 873
973 739
872 873
872 738
872 739
873 738
739 552
21:
592 760
592 822
592 694
592 800
592 804
592 560
744 760
744 822
744 694
744 800
744 804
744 550
744 513
760 822
760 694
760 800
760 804
760 560
760 550
760 513
822 694
822 800
822 804
822 560
822 550
822 513
694 800
694 804
694 560
694 550
800 804
800 560
800 550
800 513
804 560
804 513
550 513
22:
855 862
855 896
855 725
855 581
855 500
855 508
855 733
862 896
862 725
862 581
862 500
862 508
862 733
896 725
896 581
896 500
896 508
896 733
725 500
725 733
581 508
581 733
500 508
500 733
508 733
23:
815 906
815 942
815 960
815 972
815 891
815 661
815 771
815 838
815 852
815 617
815 631
815 666
906 942
906 960
906 802
906 972
906 772
906 891
906 661
906 771
906 838
906 852
906 617
906 526
906 631
906 666
942 960
942 802
942 972
942 772
942 891
942 661
942 771
942 838
942 617
942 526
942 631
942 666
960 802
960 972
960 772
960 891
960 661
960 771
960 838
960 852
960 617
960 526
960 631
960 666
802 972
802 891
802 661
802 771
802 838
802 852
802 617
802 631
972 772
972 891
972 661
972 771
972 838
972 852
972 617
972 666
772 891
772 771
772 838
772 852
772 631
772 666
891 661
891 771
891 838
891 852
891 617
891 526
891 666
661 852
771 838
771 852
838 852
838 526
838 631
838 666
852 617
852 526
852 631
852 666
24:
763 835
763 924
763 857
763 750
763 702
763 850
763 555
763 761
835 857
835 750
835 850
835 761
924 857
924 750
924 702
924 850
924 555
924 761
857 750
857 850
857 761
750 702
750 850
750 555
750 761
702 555
702 761
850 555
850 761
555 761
25:
846 889
846 908
846 920
846 732
846 866
846 765
846 840
846 854
846 976
846 574
846 558
889 908
889 920
889 711
889 887
889 732
889 866
889 765
889 840
889 854
889 558
908 920
908 711
908 887
908 732
908 866
908 765
908 840
908 854
908 976
908 574
908 558
920 711
920 732
920 866
920 765
920 840
920 976
920 574
711 732
711 866
711 765
711 840
711 854
711 976
887 866
887 854
887 976
887 558
732 866
732 840
866 840
866 854
866 976
866 574
866 558
765 840
765 854
840 854
840 976
840 574
854 976
854 574
854 558
976 574
976 558
26:
604 905
604 997
604 691
604 758
604 645
905 997
905 691
905 816
905 758
905 645
905 632
997 691
997 816
997 758
997 645
997 632
691 816
691 758
691 645
691 632
816 758
816 645
816 632
758 645
758 632
27:
924 703
924 857
924 807
924 587
924 610
924 850
924 761
703 857
703 807
703 610
703 850
857 807
857 587
857 610
857 850
857 761
807 587
807 610
807 850
807 761
587 850
587 761
610 850
610 761
850 761
28:
837 909
837 721
837 910
837 939
837 856
837 907
837 885
837 973
837 782
837 591
837 575
837 586
837 751
909 910
909 939
909 856
909 907
909 885
909 782
909 638
721 910
721 939
721 885
721 973
721 782
721 575
721 751
910 939
910 856
910 907
910 973
910 782
910 591
910 639
910 575
910 579
910 751
910 612
910 826
939 856
939 907
939 885
939 973
939 782
939 639
939 575
939 579
939 586
939 751
939 612
939 638
939 826
856 907
856 885
856 973
856 591
856 579
856 586
856 751
856 612
856 638
907 885
907 973
907 782
907 639
907 575
907 586
907 751
907 612
907 638
907 826
885 973
885 782
885 575
885 586
885 638
885 826
973 782
973 591
973 575
973 579
973 751
973 638
973 826
782 639
782 575
782 751
782 826
591 751
639 826
579 751
586 751
751 612
638 826
29:
808 825
808 966
808 681
808 714
808 748
808 569
825 966
825 681
825 714
825 748
825 569
966 681
966 714
966 748
966 569
681 714
681 748
714 748
714 569
748 569
30:
985 696
985 884
985 935
985 998
985 671
985 794
985 853
985 880
985 676
985 893
985 869
985 669
985 787
985 707
985 646
985 730
696 884
696 935
696 998
696 787
884 935
884 998
884 671
884 794
884 853
884 880
884 893
884 869
884 669
884 787
884 707
884 646
884 730
935 998
935 671
935 794
935 853
935 880
935 676
935 893
935 869
935 669
935 787
935 707
935 646
935 730
998 671
998 794
998 853
998 880
998 676
998 893
998 869
998 669
998 787
998 707
998 646
998 730
671 853
671 880
671 676
794 853
794 880
794 893
794 669
794 787
794 646
794 730
853 880
853 676
853 893
853 869
853 787
853 707
853 646
853 730
880 676
880 893
880 669
880 787
880 707
880 646
880 730
676 730
893 787
893 707
869 669
869 787
869 707
869 730
669 787
669 730
707 646
707 730
31:
700 936
700 864
700 977
700 931
700 872
700 783
936 864
936 977
936 931
936 872
936 783
864 977
864 931
864 783
977 931
977 872
977 783
931 872
931 783
872 783
