# The cliques from G:\Dropbox\Raghda\CNA\Final Project\other methods\CFinder-2.0.6--1448\G:\Dropbox\Raghda\CNA\Final Project\Datasets\binary_networks\LFR1\networ_LFR1_Om5.dat
# at no lower link weight threshold,
# and at no upper link weight threshold.
# Links were treated as undirected.
# No time limit was set for the clique search.

0: 884 895 70 
1: 1 883 960 970 980 
2: 10 631 871 998 
3: 100 824 876 938 983 
4: 1000 12 221 629 
5: 1000 127 275 562 
6: 127 562 451 
7: 1000 183 227 
8: 1000 183 275 
9: 1000 57 972 
10: 101 638 916 953 
11: 102 860 918 923 964 
12: 103 161 795 
13: 103 597 741 
14: 103 741 795 
15: 161 795 684 
16: 938 983 104 803 927 
17: 105 386 979 993 
18: 105 965 979 993 
19: 106 297 936 947 
20: 106 482 936 947 
21: 938 983 927 107 851 
22: 108 729 957 986 
23: 109 151 808 844 
24: 109 671 808 844 
25: 151 808 844 679 
26: 11 806 812 827 834 
27: 110 902 915 954 961 
28: 111 456 855 925 
29: 111 855 912 925 
30: 112 952 959 981 988 
31: 6 644 784 
32: 6 784 204 
33: 114 585 849 904 
34: 200 588 387 
35: 200 588 573 
36: 984 989 115 240 
37: 984 115 990 
38: 855 925 116 
39: 925 116 787 
40: 912 925 117 703 
41: 912 925 117 774 
42: 871 998 118 672 
43: 871 118 657 672 
44: 119 536 900 
45: 119 841 878 900 
46: 120 378 718 746 757 
47: 806 827 834 121 
48: 122 223 379 
49: 123 266 932 
50: 123 601 932 
51: 993 124 867 881 
52: 124 454 867 881 
53: 125 933 985 991 
54: 936 947 852 126 
55: 128 237 310 973 
56: 128 324 973 
57: 129 460 633 720 802 
58: 960 970 980 13 861 
59: 130 612 727 750 
60: 932 131 745 763 907 
61: 795 133 170 684 
62: 795 133 443 
63: 741 795 170 684 
64: 953 134 924 
65: 867 881 135 951 
66: 957 986 136 500 
67: 957 986 136 847 
68: 148 588 620 
69: 990 138 899 914 
70: 138 896 899 914 
71: 855 912 774 139 
72: 774 139 748 
73: 14 700 735 888 
74: 855 925 68 393 
75: 87 872 420 
76: 87 872 604 
77: 915 954 961 141 898 
78: 830 142 804 
79: 142 615 804 
80: 7 910 229 
81: 7 910 469 
82: 916 953 143 766 890 
83: 933 985 991 144 940 
84: 454 881 145 
85: 881 145 350 
86: 881 145 858 
87: 804 146 749 816 
88: 146 160 816 
89: 830 160 816 
90: 160 816 583 
91: 971 147 921 946 955 
92: 149 893 930 948 
93: 957 986 847 15 875 
94: 935 968 999 150 
95: 750 152 781 
96: 153 168 639 788 
97: 153 540 788 
98: 168 788 715 
99: 154 363 910 
100: 983 927 155 810 
101: 156 589 943 
102: 156 716 815 943 
103: 157 752 996 
104: 998 158 685 
105: 158 486 685 872 
106: 830 804 749 816 159 
107: 16 358 507 667 
108: 16 42 667 
109: 42 667 332 
110: 42 667 908 
111: 915 954 961 162 
112: 163 166 690 868 
113: 937 164 962 974 976 
114: 856 165 377 842 
115: 970 980 861 29 
116: 167 755 884 895 
117: 849 904 169 911 
118: 720 802 17 371 
119: 720 802 17 565 
120: 958 999 172 838 945 
121: 918 923 964 173 950 
122: 971 946 955 174 
123: 932 907 45 659 
124: 175 634 819 
125: 175 76 819 
126: 910 76 819 
127: 176 743 762 814 901 
128: 952 959 981 178 
129: 975 999 945 179 
130: 965 979 18 
131: 979 18 886 
132: 644 180 299 784 
133: 985 991 940 181 885 
134: 933 985 991 940 182 
135: 953 184 370 
136: 953 184 845 
137: 970 980 185 821 891 
138: 868 186 611 661 
139: 984 989 187 846 
140: 954 961 898 188 
141: 915 954 961 898 189 
142: 378 718 746 757 19 
143: 640 996 190 
144: 640 634 190 
145: 910 634 190 
146: 972 982 192 873 
147: 971 921 946 955 193 
148: 884 895 194 636 
149: 196 520 530 894 
150: 585 911 197 
151: 911 197 617 767 
152: 784 198 376 
153: 784 198 862 
154: 198 376 905 
155: 198 862 905 
156: 902 915 954 961 2 
157: 981 988 20 941 
158: 727 750 781 201 
159: 715 202 533 
160: 715 202 934 
161: 202 457 533 
162: 718 746 757 203 
163: 784 376 204 
164: 784 204 877 
165: 968 975 999 945 205 
166: 960 980 207 800 
167: 962 974 976 208 660 
168: 209 440 785 829 
169: 209 698 785 829 
170: 641 212 91 994 995 
171: 752 996 721 22 572 
172: 819 229 27 
173: 819 27 747 
174: 995 23 596 917 
175: 23 594 917 
176: 795 24 783 
177: 992 24 783 
178: 828 949 982 25 799 
179: 841 878 80 
180: 952 981 988 941 26 
181: 936 947 4 777 
182: 720 802 371 3 
183: 911 30 579 
184: 911 30 710 
185: 997 797 300 64 
186: 797 64 441 
187: 904 911 767 31 744 
188: 878 900 32 459 
189: 698 785 33 
190: 785 33 455 
191: 962 974 976 43 
192: 860 923 964 950 34 
193: 960 980 805 35 
194: 872 764 776 36 448 
195: 880 920 977 37 
196: 880 977 989 37 
197: 644 784 38 
198: 784 877 38 
199: 904 911 744 40 
200: 856 405 94 
201: 856 94 417 
202: 902 915 954 961 41 
203: 889 414 857 81 
204: 889 706 857 81 
205: 992 917 794 75 
206: 902 954 961 898 44 
207: 644 784 67 
208: 784 877 67 
209: 872 479 776 55 
210: 872 776 448 55 
211: 752 996 721 453 77 
212: 967 956 892 909 46 
213: 949 982 873 47 
214: 963 984 833 74 
215: 963 984 476 74 
216: 735 888 48 
217: 888 691 48 
218: 936 947 687 72 
219: 936 947 487 72 
220: 967 956 801 5 
221: 967 956 5 702 
222: 985 991 885 50 
223: 985 991 978 50 
224: 830 816 504 65 
225: 615 816 65 
226: 967 956 801 51 
227: 971 946 955 98 
228: 841 878 900 52 
229: 700 888 694 53 
230: 938 983 927 54 
231: 985 991 864 789 56 
232: 860 964 950 58 
233: 883 891 60 
234: 891 736 60 
235: 985 991 940 61 773 
236: 967 956 892 8 
237: 931 888 63 
238: 735 888 63 
239: 888 691 63 
240: 671 808 844 646 79 
241: 932 745 907 66 
242: 984 989 931 95 
243: 989 662 95 
244: 957 986 869 93 
245: 855 925 840 96 
246: 878 900 69 
247: 878 734 683 69 
248: 963 977 989 689 84 
249: 967 956 909 702 9 
250: 787 703 840 82 
251: 963 984 987 73 
252: 984 931 73 
253: 878 900 88 
254: 878 734 88 
255: 966 893 929 732 92 
256: 855 912 925 99 
257: 925 748 99 
258: 936 947 777 78 
259: 876 938 983 927 83 
260: 896 899 914 837 86 
261: 916 953 890 845 85 
262: 937 962 974 976 90 
263: 903 935 958 999 97 
264: 1000 221 629 792 
265: 1000 227 562 939 
266: 1000 275 360 
267: 1000 315 649 949 972 982 
268: 297 936 947 852 403 
269: 977 984 989 240 853 
270: 219 997 552 592 622 
271: 223 379 428 449 
272: 305 428 449 463 
273: 305 428 245 463 
274: 266 932 907 575 724 
275: 310 973 886 265 
276: 324 973 886 265 
277: 961 132 997 
278: 867 881 677 350 
279: 990 230 573 
280: 230 573 260 
281: 337 884 895 636 
282: 337 884 895 535 
283: 700 735 888 317 694 
284: 912 925 774 211 
285: 912 925 211 471 
286: 641 212 521 994 995 
287: 912 787 703 213 839 
288: 590 661 214 413 
289: 690 661 214 
290: 358 667 215 254 
291: 358 667 215 908 
292: 667 215 254 332 
293: 358 507 667 254 
294: 507 667 254 332 
295: 743 901 216 695 
296: 743 901 216 754 
297: 918 923 964 950 217 
298: 871 995 218 
299: 993 218 512 
300: 997 995 218 
301: 887 949 972 982 220 
302: 871 998 222 652 
303: 871 657 222 
304: 871 222 395 
305: 985 991 940 885 848 226 
306: 386 993 228 
307: 386 228 545 
308: 965 993 228 
309: 965 228 545 
310: 910 819 229 259 
311: 910 259 469 
312: 387 260 384 
313: 260 384 510 
314: 899 914 231 837 
315: 914 877 231 
316: 871 998 233 717 
317: 871 995 233 
318: 993 957 986 234 
319: 729 957 986 234 704 
320: 967 956 235 580 892 909 
321: 998 717 236 
322: 998 236 764 
323: 872 236 764 776 
324: 952 959 981 988 941 238 
325: 886 992 917 239 
326: 992 917 239 794 
327: 917 239 559 
328: 933 985 940 885 848 241 
329: 590 996 868 242 
330: 996 690 868 242 598 
331: 855 912 925 243 
332: 912 925 471 243 
333: 925 748 243 
334: 990 884 244 
335: 379 428 245 463 
336: 965 993 957 986 246 
337: 957 986 875 246 
338: 979 967 956 909 247 
339: 967 956 892 909 247 
340: 971 921 946 955 248 
341: 939 794 249 
342: 979 794 249 
343: 250 329 430 569 725 978 
344: 729 957 986 251 
345: 957 986 875 251 
346: 735 888 252 558 694 
347: 888 252 558 691 694 
348: 889 253 414 857 
349: 889 253 541 706 857 
350: 953 924 766 255 
351: 953 924 255 758 
352: 952 959 981 988 941 256 
353: 701 972 982 257 
354: 887 972 982 257 
355: 536 900 258 
356: 900 258 538 
357: 902 915 954 961 898 261 
358: 860 918 923 964 262 693 
359: 887 949 972 982 263 
360: 985 991 264 444 
361: 985 991 264 864 
362: 937 974 976 267 791 
363: 937 974 976 267 865 
364: 957 986 847 875 268 
365: 985 991 940 864 269 
366: 985 940 864 269 485 
367: 883 960 980 821 270 
368: 958 968 975 999 272 
369: 815 943 731 273 820 
370: 943 731 273 415 820 
371: 993 274 503 817 969 
372: 539 274 817 
373: 867 881 677 277 673 
374: 795 684 783 278 
375: 992 783 278 
376: 727 750 781 279 
377: 633 720 802 565 280 
378: 965 979 993 281 
379: 965 979 545 281 
380: 716 815 943 282 
381: 943 282 339 
382: 943 934 339 
383: 943 771 339 
384: 943 339 483 
385: 971 882 921 946 955 283 
386: 918 923 964 950 284 
387: 752 996 721 572 285 
388: 752 721 862 285 
389: 960 970 980 286 497 
390: 937 962 974 976 287 
391: 743 762 901 695 288 
392: 743 762 901 288 705 
393: 936 947 852 289 777 
394: 936 947 289 501 
395: 893 930 948 942 290 929 
396: 936 947 852 777 291 770 
397: 896 899 914 837 293 
398: 896 914 293 421 
399: 830 804 294 
400: 830 294 668 
401: 804 583 294 
402: 808 844 679 295 388 
403: 808 844 679 295 646 
404: 937 962 974 976 865 296 
405: 880 963 984 989 298 
406: 797 300 323 
407: 797 648 323 
408: 797 323 441 
409: 648 323 343 
410: 828 972 982 301 
411: 887 972 982 301 
412: 972 982 301 542 
413: 936 947 852 302 687 
414: 612 727 750 781 994 304 
415: 928 958 968 999 945 306 
416: 970 800 307 835 
417: 970 307 805 835 
418: 755 884 895 308 759 
419: 735 888 558 309 
420: 735 888 309 609 
421: 888 558 691 309 
422: 888 691 309 609 
423: 896 899 914 312 
424: 899 914 312 807 
425: 971 882 921 946 955 313 
426: 960 970 980 861 854 314 
427: 841 878 900 538 316 
428: 841 878 316 734 
429: 996 690 868 318 
430: 996 868 611 318 
431: 967 996 956 892 909 319 
432: 959 981 988 866 879 320 
433: 440 785 829 321 557 
434: 698 785 829 321 557 
435: 849 904 322 
436: 849 322 491 
437: 648 343 382 
438: 648 343 546 
439: 648 343 595 
440: 937 962 974 791 325 
441: 887 949 972 982 326 
442: 949 972 982 873 326 
443: 639 788 327 475 
444: 788 715 327 475 
445: 788 715 327 506 
446: 937 962 974 976 865 328 
447: 887 949 972 982 330 
448: 949 972 982 873 330 
449: 937 962 974 333 686 782 
450: 938 983 803 927 810 334 
451: 959 981 988 941 335 906 
452: 990 755 884 895 759 338 
453: 772 874 341 380 697 
454: 806 827 834 778 342 
455: 967 956 892 909 344 
456: 996 889 857 345 529 
457: 889 857 345 514 529 
458: 815 943 820 346 
459: 815 943 346 692 
460: 996 889 706 857 347 
461: 933 985 991 940 348 789 
462: 762 814 901 705 349 
463: 378 718 746 757 408 
464: 411 905 652 
465: 1000 360 870 
466: 1000 360 939 
467: 360 939 451 
468: 1000 422 435 629 792 
469: 422 792 742 
470: 1000 435 473 629 792 
471: 1000 435 629 792 944 
472: 386 979 545 
473: 456 855 925 840 
474: 456 855 839 840 
475: 456 839 840 600 
476: 379 428 449 463 
477: 454 867 881 677 
478: 562 939 451 
479: 460 633 720 802 565 913 
480: 597 443 591 
481: 795 443 591 783 
482: 443 992 783 
483: 419 588 620 387 
484: 419 588 620 573 
485: 419 387 384 
486: 965 363 910 747 
487: 944 368 819 
488: 368 819 747 
489: 358 507 667 908 
490: 856 377 842 768 
491: 377 842 577 768 
492: 633 720 802 371 
493: 916 953 924 370 758 
494: 924 370 682 
495: 828 949 972 982 873 436 
496: 644 784 376 
497: 540 788 457 
498: 788 457 475 
499: 440 785 829 557 584 
500: 590 996 868 413 
501: 590 868 661 413 
502: 996 868 611 413 
503: 868 611 661 413 
504: 997 934 552 592 622 
505: 631 871 995 395 
506: 871 672 995 395 
507: 979 438 917 
508: 979 438 432 
509: 438 917 605 
510: 828 949 972 982 433 
511: 949 972 982 433 786 
512: 889 414 857 409 
513: 944 910 469 
514: 965 910 469 747 
515: 990 384 510 
516: 933 985 991 444 655 
517: 943 731 771 415 820 
518: 943 415 709 
519: 990 914 421 
520: 896 914 969 421 
521: 808 844 679 388 637 
522: 936 947 852 770 403 
523: 965 910 747 399 
524: 910 819 747 399 
525: 911 994 392 
526: 911 579 392 
527: 911 710 392 
528: 536 900 459 
529: 536 459 683 
530: 841 878 900 459 
531: 841 878 459 683 
532: 540 788 715 466 506 
533: 639 788 466 
534: 797 441 546 
535: 797 441 595 
536: 807 441 595 
537: 951 785 829 455 
538: 785 829 455 584 494 
539: 997 797 648 382 
540: 797 382 709 
541: 797 382 859 
542: 967 956 892 353 801 
543: 889 541 857 409 
544: 889 857 409 554 
545: 971 882 921 946 955 354 836 
546: 971 882 921 946 955 355 
547: 860 918 923 964 950 356 
548: 841 900 357 761 
549: 841 734 357 683 
550: 985 991 940 848 864 359 
551: 985 991 940 359 489 
552: 998 764 448 
553: 957 986 869 847 704 361 
554: 657 672 717 362 
555: 657 717 362 599 
556: 652 717 362 
557: 752 996 721 572 453 
558: 993 867 881 673 364 566 
559: 867 881 677 673 364 566 
560: 912 925 703 365 
561: 912 703 839 365 
562: 925 748 365 
563: 748 839 365 
564: 970 969 366 
565: 997 951 837 366 
566: 997 914 837 366 
567: 951 837 969 366 
568: 914 837 969 366 
569: 880 920 984 853 367 
570: 920 984 367 369 
571: 920 963 984 369 
572: 963 984 989 369 
573: 880 963 977 984 989 372 
574: 977 984 990 372 
575: 860 923 964 863 950 373 
576: 936 947 852 770 687 374 
577: 936 947 770 374 445 
578: 936 947 777 770 445 
579: 995 917 383 
580: 960 970 980 861 891 385 
581: 960 970 980 821 891 385 
582: 966 948 942 929 732 389 
583: 880 920 963 977 390 
584: 880 963 977 989 390 
585: 935 958 968 975 999 945 391 
586: 855 912 925 774 393 840 
587: 920 963 977 984 394 
588: 963 977 984 989 394 
589: 607 630 917 396 
590: 965 917 396 
591: 944 849 904 397 
592: 849 904 911 744 397 
593: 904 911 710 744 397 
594: 966 948 919 942 929 926 398 
595: 965 957 986 401 
596: 957 986 875 704 401 
597: 960 970 980 805 835 402 765 
598: 750 781 994 404 
599: 781 859 404 
600: 856 842 768 405 447 
601: 856 842 768 447 567 
602: 952 959 981 988 906 406 823 
603: 917 794 407 
604: 830 804 749 816 412 
605: 830 749 816 668 412 
606: 804 749 816 583 412 
607: 997 797 648 546 416 
608: 856 842 768 417 
609: 856 842 417 418 
610: 856 768 480 417 
611: 856 842 418 582 669 
612: 856 418 753 
613: 685 872 992 764 420 
614: 685 872 764 420 488 
615: 716 943 731 771 423 
616: 943 731 423 623 
617: 943 934 423 
618: 880 977 984 853 424 
619: 977 984 853 424 688 
620: 960 970 980 800 425 
621: 960 970 980 425 769 
622: 962 974 976 865 782 426 
623: 937 962 974 976 791 427 
624: 806 812 827 834 653 778 429 
625: 903 935 958 968 975 999 431 
626: 939 794 432 
627: 979 794 432 
628: 967 956 434 
629: 928 958 968 975 999 945 437 
630: 607 917 439 
631: 995 917 439 
632: 594 917 439 
633: 917 794 439 
634: 966 930 948 780 442 796 
635: 971 882 921 946 955 446 
636: 828 949 972 982 450 
637: 887 949 972 982 450 
638: 949 972 982 542 450 
639: 902 915 954 961 898 843 458 
640: 997 995 461 527 
641: 997 461 831 
642: 995 461 470 527 
643: 993 817 470 
644: 995 817 470 813 
645: 916 953 924 890 832 462 
646: 966 893 930 948 919 926 464 
647: 830 749 816 668 465 
648: 749 816 583 465 
649: 931 907 467 613 
650: 932 745 907 467 613 
651: 937 962 974 976 686 782 468 
652: 473 792 753 
653: 482 936 947 852 770 
654: 482 936 947 852 487 
655: 536 734 683 
656: 502 772 697 
657: 957 986 869 500 875 704 
658: 741 795 525 783 978 
659: 741 525 992 783 978 
660: 795 525 591 783 978 
661: 781 522 994 
662: 486 685 872 992 764 
663: 486 872 992 604 
664: 520 530 894 859 
665: 520 530 508 859 
666: 715 533 506 
667: 872 479 776 564 
668: 479 564 680 
669: 939 943 478 
670: 990 478 820 
671: 815 943 478 820 
672: 912 925 787 471 840 
673: 912 787 471 839 840 
674: 997 951 539 
675: 997 539 817 
676: 951 539 512 
677: 539 512 817 
678: 993 951 512 
679: 993 512 503 817 
680: 960 970 980 891 477 854 835 
681: 607 917 559 
682: 965 917 559 
683: 594 917 559 
684: 996 889 541 706 857 
685: 841 878 900 538 625 
686: 878 900 538 551 625 
687: 990 588 510 
688: 588 620 510 
689: 933 985 940 864 485 711 
690: 965 957 986 869 481 
691: 957 986 869 847 875 481 
692: 993 503 817 606 
693: 960 970 980 891 497 854 
694: 970 980 497 922 
695: 936 947 501 770 687 
696: 936 947 501 770 490 
697: 701 972 982 542 
698: 698 785 829 557 584 494 
699: 585 849 911 491 
700: 849 911 491 670 
701: 911 994 491 670 
702: 639 788 934 475 
703: 788 715 934 475 
704: 788 475 708 
705: 755 884 895 992 759 535 
706: 990 820 483 
707: 815 943 820 483 
708: 815 943 483 692 
709: 889 706 857 514 554 
710: 996 889 857 529 553 
711: 952 959 981 988 879 906 543 
712: 933 985 991 940 489 711 
713: 856 768 480 669 
714: 856 480 669 534 
715: 916 953 924 766 505 
716: 916 953 924 832 505 
717: 916 953 832 505 779 
718: 889 706 857 554 553 
719: 998 685 764 488 
720: 998 488 604 
721: 872 488 604 
722: 997 995 527 606 
723: 966 930 948 919 942 929 926 472 
724: 902 915 954 961 898 843 474 
725: 963 977 984 989 476 555 
726: 963 977 984 989 476 738 
727: 920 963 977 984 853 555 
728: 963 977 984 989 853 555 
729: 804 816 495 
730: 998 764 564 
731: 998 564 680 
732: 872 764 776 564 
733: 856 842 582 669 534 
734: 842 577 582 669 534 
735: 936 947 487 490 
736: 806 812 827 834 653 778 484 493 
737: 936 947 777 770 490 
738: 952 959 981 988 866 941 492 809 
739: 990 899 914 837 496 
740: 951 896 899 837 496 
741: 896 899 914 837 496 
742: 896 761 496 
743: 966 893 930 948 942 929 498 
744: 772 697 499 
745: 961 973 556 
746: 830 804 749 816 504 
747: 830 749 816 668 504 
748: 888 609 531 
749: 952 959 981 988 941 906 509 
750: 902 915 954 961 898 843 511 
751: 979 967 956 909 801 513 
752: 967 956 909 801 513 696 
753: 937 974 976 865 515 618 
754: 937 974 976 969 515 
755: 967 956 892 909 801 516 593 
756: 963 977 984 989 853 517 
757: 963 977 984 989 833 517 
758: 977 984 990 517 
759: 952 959 981 988 879 941 906 518 
760: 971 882 921 946 955 836 519 850 
761: 996 889 706 857 553 
762: 993 867 881 673 566 523 
763: 867 881 677 673 566 523 
764: 867 881 908 523 
765: 966 930 948 919 942 926 524 
766: 960 970 980 861 854 835 526 
767: 960 970 980 854 835 526 736 
768: 897 958 968 975 999 945 528 
769: 958 968 975 999 945 528 825 
770: 997 896 899 914 837 532 
771: 896 914 877 532 
772: 896 761 532 
773: 918 923 964 863 950 693 537 811 
774: 878 734 551 
775: 902 915 954 961 898 843 544 
776: 601 932 763 907 547 
777: 601 932 907 724 547 
778: 932 763 907 659 547 
779: 932 907 724 659 547 
780: 932 907 659 613 547 
781: 990 755 884 895 636 992 759 548 
782: 944 904 549 
783: 959 994 549 
784: 904 994 744 549 
785: 904 579 549 
786: 996 690 868 550 
787: 952 959 981 988 879 906 560 
788: 993 957 986 969 561 
789: 729 957 986 869 561 
790: 957 986 869 875 969 561 
791: 932 745 763 907 575 563 
792: 932 745 907 575 724 563 
793: 932 763 907 659 563 
794: 932 907 724 659 563 
795: 1000 574 963 977 984 989 
796: 574 963 977 984 989 853 688 
797: 607 630 992 917 
798: 621 735 888 
799: 621 839 840 
800: 597 741 684 
801: 597 741 978 
802: 597 684 591 
803: 597 591 978 
804: 590 868 661 894 
805: 585 849 904 911 
806: 585 904 911 710 
807: 568 966 893 948 919 942 929 926 
808: 601 932 745 763 907 
809: 601 932 745 907 724 
810: 612 727 781 859 
811: 615 804 749 816 
812: 615 749 816 668 
813: 990 588 573 
814: 939 589 943 692 
815: 990 589 820 
816: 589 943 771 820 
817: 589 943 771 692 
818: 938 996 611 
819: 996 868 611 598 
820: 868 611 661 598 
821: 795 684 591 783 
822: 849 904 911 617 767 
823: 904 911 617 767 710 
824: 997 592 723 
825: 752 572 678 
826: 594 917 605 
827: 630 995 596 917 
828: 630 596 917 605 
829: 596 917 794 605 
830: 596 917 751 
831: 967 996 956 580 892 909 702 
832: 967 956 580 892 909 696 
833: 964 894 598 
834: 690 868 661 598 
835: 868 661 894 598 
836: 569 725 708 
837: 569 725 680 
838: 569 725 723 
839: 931 907 575 724 
840: 849 904 911 767 579 
841: 931 700 888 694 609 
842: 700 735 888 694 609 
843: 700 888 691 694 609 
844: 772 697 709 
845: 997 797 648 595 
846: 797 595 859 
847: 880 920 963 977 846 602 
848: 880 963 977 989 846 602 
849: 920 963 977 846 602 738 
850: 963 977 989 846 602 738 
851: 631 871 657 717 599 
852: 631 871 995 599 
853: 842 577 768 582 669 567 
854: 860 918 923 964 863 950 603 811 
855: 856 842 768 582 669 567 
856: 990 820 623 
857: 943 731 820 623 
858: 943 623 737 
859: 939 794 605 
860: 829 761 584 
861: 912 774 839 840 600 
862: 774 748 839 840 600 
863: 872 992 776 604 
864: 993 951 606 
865: 997 951 995 606 
866: 997 995 817 606 
867: 937 962 974 976 791 618 
868: 937 962 974 976 865 618 
869: 967 956 892 909 801 696 593 
870: 944 910 819 616 
871: 965 910 616 
872: 640 634 819 616 
873: 910 634 819 616 
874: 701 740 972 982 873 570 
875: 740 887 949 972 982 570 
876: 740 949 972 982 873 570 
877: 967 956 892 909 702 571 
878: 967 956 892 909 696 571 
879: 967 956 892 922 571 
880: 975 999 576 
881: 812 834 576 
882: 902 915 954 961 898 843 578 651 
883: 902 915 954 961 898 843 651 581 
884: 860 918 923 964 863 950 811 586 
885: 952 981 988 941 906 809 587 
886: 952 981 988 941 587 739 
887: 912 925 608 
888: 996 721 608 
889: 971 882 921 946 955 836 850 610 
890: 987 985 940 885 614 
891: 933 985 940 885 848 773 614 
892: 824 876 938 983 803 927 851 619 822 
893: 638 916 953 924 890 624 
894: 916 953 924 766 890 624 
895: 916 953 890 779 624 
896: 924 766 890 682 624 
897: 631 871 998 717 
898: 1000 649 828 949 972 982 
899: 649 828 949 972 982 799 
900: 649 949 972 982 799 786 
901: 775 638 916 953 924 890 845 
902: 640 634 819 747 
903: 640 634 894 
904: 910 634 819 747 
905: 910 634 894 
906: 987 993 762 814 901 643 705 
907: 993 743 762 814 901 643 754 705 
908: 871 998 652 717 
909: 871 905 995 652 
910: 937 987 962 974 976 628 791 
911: 937 962 974 976 660 628 
912: 937 962 974 976 628 686 
913: 671 808 844 951 679 646 637 
914: 808 844 874 646 637 
915: 951 969 637 
916: 987 985 991 940 885 655 
917: 933 985 991 940 885 848 655 773 
918: 903 928 935 958 968 975 999 945 632 
919: 965 841 878 900 625 
920: 878 900 858 625 
921: 900 625 678 
922: 902 915 954 961 898 994 843 651 
923: 971 882 921 946 955 836 826 850 645 
924: 824 876 938 983 803 927 810 822 626 
925: 824 876 938 983 927 851 810 822 627 
926: 966 893 930 948 919 942 929 926 635 
927: 726 952 959 981 988 866 642 
928: 952 959 981 988 866 818 823 642 
929: 952 959 981 988 818 823 739 642 
930: 977 984 989 846 853 647 
931: 977 984 989 846 833 738 647 
932: 989 666 647 
933: 733 977 984 989 833 688 650 
934: 963 977 984 989 853 688 650 
935: 963 977 984 989 833 688 650 
936: 990 716 820 654 
937: 716 815 943 731 771 820 654 
938: 815 943 771 692 654 
939: 671 808 844 753 
940: 871 657 672 717 
941: 871 657 737 
942: 871 998 672 717 
943: 718 746 813 
944: 741 795 684 783 
945: 685 872 992 764 776 
946: 937 944 962 974 976 660 
947: 937 962 974 976 660 865 782 
948: 964 950 665 
949: 932 907 665 
950: 962 974 665 
951: 993 867 881 951 673 
952: 830 730 668 
953: 936 947 852 777 770 687 
954: 944 962 656 
955: 982 962 656 
956: 982 656 786 
957: 953 924 656 
958: 997 899 656 
959: 937 962 974 976 865 686 782 
960: 965 841 878 734 683 
961: 775 924 890 845 832 682 
962: 987 924 890 832 682 
963: 924 766 890 845 682 
964: 932 763 807 659 
965: 998 953 924 680 
966: 985 991 680 
967: 985 924 680 
968: 944 849 904 670 
969: 849 904 911 767 670 
970: 904 911 767 994 670 
971: 904 911 767 710 670 
972: 904 709 670 
973: 954 961 666 
974: 904 911 666 
975: 889 857 666 
976: 867 881 678 
977: 933 985 678 
978: 775 916 953 924 890 845 832 658 
979: 775 916 953 890 845 832 779 658 
980: 916 953 924 766 890 845 658 
981: 733 880 977 989 662 
982: 733 977 989 833 662 
983: 880 920 963 977 662 
984: 880 963 977 989 662 
985: 920 963 977 833 662 
986: 963 977 987 989 662 
987: 963 977 989 833 662 
988: 860 918 923 964 979 863 950 663 
989: 860 918 923 964 863 950 693 811 663 
990: 952 959 981 988 866 941 906 809 664 
991: 952 959 981 988 866 941 818 809 664 
992: 887 949 972 982 799 786 674 728 
993: 949 972 982 873 799 786 674 
994: 949 972 982 922 674 728 
995: 892 922 674 
996: 870 897 903 928 935 968 975 999 945 675 
997: 966 930 948 919 942 929 926 676 
998: 966 930 948 919 942 926 796 676 
999: 966 930 948 942 929 926 699 676 
1000: 775 916 953 924 890 845 681 
1001: 775 916 953 890 845 779 681 
1002: 987 924 890 758 681 
1003: 987 890 779 681 
1004: 916 953 924 890 758 681 
1005: 1000 701 740 972 982 
1006: 701 740 972 982 873 799 
1007: 701 972 982 799 728 
1008: 726 952 959 981 988 866 879 941 906 
1009: 726 959 981 988 866 879 941 906 714 
1010: 729 957 986 869 847 704 
1011: 729 957 986 858 
1012: 855 912 925 703 840 
1013: 855 912 703 839 840 
1014: 912 925 787 703 840 
1015: 912 787 703 839 840 
1016: 700 888 691 798 
1017: 944 996 721 
1018: 932 907 730 
1019: 962 976 730 
1020: 951 698 785 829 
1021: 987 993 762 814 901 695 
1022: 993 743 762 814 901 695 
1023: 814 901 695 913 
1024: 814 901 695 798 
1025: 957 986 869 847 875 704 
1026: 904 911 767 710 744 
1027: 943 934 692 
1028: 983 993 709 
1029: 983 851 709 
1030: 916 845 708 
1031: 855 839 708 
1032: 930 929 708 
1033: 933 985 991 940 885 864 711 
1034: 933 985 991 978 864 711 
1035: 985 991 997 940 864 711 
1036: 979 967 956 909 702 
1037: 967 956 696 790 
1038: 966 893 930 948 942 929 926 699 
1039: 966 893 930 948 942 780 926 699 
1040: 966 930 948 942 929 926 699 719 
1041: 966 930 948 942 780 926 699 719 
1042: 998 965 707 
1043: 998 971 882 921 946 955 836 826 850 707 
1044: 968 999 723 
1045: 999 895 723 
1046: 997 723 773 
1047: 884 895 723 
1048: 828 949 972 982 799 728 
1049: 870 897 935 958 968 975 999 838 945 712 
1050: 870 935 958 968 975 999 838 945 825 712 
1051: 880 963 977 984 989 846 689 
1052: 963 977 984 987 989 689 
1053: 977 984 990 846 689 
1054: 984 751 689 
1055: 966 930 948 919 942 929 926 719 
1056: 966 930 948 919 942 780 926 796 719 
1057: 870 903 928 935 958 975 999 838 945 825 713 
1058: 959 981 988 866 879 941 906 823 714 
1059: 959 981 988 879 941 823 739 714 
1060: 870 897 928 958 968 975 999 838 945 722 
1061: 870 928 958 968 975 999 838 945 825 722 
1062: 1000 733 880 977 984 989 
1063: 733 880 977 984 989 846 
1064: 733 977 984 989 846 833 738 
1065: 1000 740 828 949 972 982 
1066: 1000 740 887 949 972 982 
1067: 740 828 949 972 982 873 799 
1068: 740 887 949 972 982 799 786 
1069: 740 949 972 982 873 799 786 
1070: 741 783 753 
1071: 750 781 994 760 
1072: 925 787 774 748 840 
1073: 925 748 831 
1074: 787 774 748 839 840 
1075: 755 884 895 862 759 
1076: 939 943 731 
1077: 883 960 970 980 861 891 756 769 
1078: 960 970 980 861 891 756 854 769 
1079: 960 970 980 891 756 854 736 
1080: 970 980 756 922 
1081: 983 993 754 
1082: 983 754 992 
1083: 983 754 913 
1084: 814 901 754 807 
1085: 814 901 754 913 
1086: 998 916 953 924 890 832 758 
1087: 987 924 890 832 758 
1088: 849 904 911 767 744 
1089: 904 911 767 994 744 
1090: 966 893 930 948 919 942 929 732 926 
1091: 966 893 930 948 919 942 780 732 926 
1092: 938 983 753 
1093: 957 986 742 
1094: 954 961 742 
1095: 896 899 837 742 
1096: 920 963 977 984 846 833 738 
1097: 963 977 984 989 846 833 738 
1098: 983 737 822 
1099: 964 950 737 
1100: 967 956 737 
1101: 960 970 980 821 891 854 736 
1102: 960 970 980 821 891 765 736 
1103: 960 970 980 891 854 835 736 
1104: 960 970 980 891 835 765 736 
1105: 952 959 981 988 879 941 818 823 739 
1106: 972 982 751 
1107: 966 942 751 
1108: 974 976 751 
1109: 912 925 787 774 840 
1110: 912 787 774 839 840 
1111: 855 912 774 839 840 
1112: 932 763 907 831 
1113: 998 916 953 924 766 890 845 
1114: 784 877 782 
1115: 849 894 767 
1116: 806 812 827 834 973 778 
1117: 806 827 834 908 778 
1118: 999 973 776 
1119: 973 992 776 
1120: 937 962 974 976 791 782 
1121: 962 976 877 782 
1122: 966 893 930 948 919 942 780 926 796 
1123: 968 999 761 
1124: 964 950 761 
1125: 883 960 970 980 861 891 805 835 765 
1126: 883 960 970 980 861 891 835 765 769 
1127: 883 960 970 980 821 891 805 765 
1128: 883 960 970 980 821 891 765 769 
1129: 960 970 980 861 891 854 835 769 
1130: 960 970 980 821 891 854 769 
1131: 998 916 953 890 845 832 779 
1132: 987 890 832 779 
1133: 987 865 779 
1134: 938 983 927 760 
1135: 936 947 760 
1136: 957 986 760 
1137: 981 988 994 760 
1138: 933 985 991 940 885 848 789 773 
1139: 985 991 997 940 848 789 773 
1140: 824 876 938 983 803 927 851 810 822 
1141: 824 876 938 983 803 927 851 992 822 
1142: 883 960 970 980 821 800 
1143: 883 960 970 980 800 835 
1144: 883 960 970 934 800 
1145: 883 988 800 
1146: 960 970 980 821 800 854 
1147: 960 970 980 800 854 835 
1148: 970 980 800 831 
1149: 979 992 917 794 
1150: 937 944 962 974 976 791 
1151: 937 962 974 976 791 969 
1152: 987 985 991 940 885 789 
1153: 933 985 991 940 885 848 864 789 
1154: 933 985 991 978 864 789 
1155: 985 991 997 940 848 864 789 
1156: 967 996 956 892 909 801 
1157: 979 966 948 919 942 796 
1158: 960 835 850 
1159: 981 988 790 
1160: 991 848 790 
1161: 899 914 790 793 
1162: 938 983 927 798 
1163: 923 964 798 
1164: 957 986 798 
1165: 920 977 793 
1166: 975 999 793 
1167: 977 989 793 
1168: 916 953 924 793 
1169: 896 899 914 793 
1170: 962 974 793 
1171: 812 827 834 874 
1172: 938 983 927 810 913 
1173: 910 819 813 
1174: 883 960 970 934 805 
1175: 960 970 980 861 891 854 805 835 
1176: 960 970 980 821 891 854 805 
1177: 972 982 873 807 
1178: 952 959 981 988 866 879 941 818 823 809 
1179: 952 959 981 988 941 994 818 823 
1180: 915 954 961 813 
1181: 971 946 955 813 
1182: 952 959 981 988 866 879 941 906 823 809 
1183: 939 918 964 863 950 811 
1184: 918 923 964 863 950 978 811 
1185: 824 938 983 927 877 
1186: 998 916 953 924 890 845 832 
1187: 987 986 832 
1188: 902 915 954 961 973 898 843 
1189: 952 959 981 988 941 994 906 823 
1190: 912 925 831 
1191: 974 976 865 831 
1192: 870 903 928 935 958 968 975 999 838 945 825 
1193: 876 938 983 939 851 822 
1194: 876 938 983 927 922 822 
1195: 992 978 822 
1196: 876 983 927 851 905 
1197: 851 862 905 
1198: 849 950 894 
1199: 936 947 852 859 
1200: 880 944 847 
1201: 944 957 986 869 847 875 
1202: 993 957 986 847 969 
1203: 957 986 869 847 875 934 
1204: 957 986 869 847 875 969 
1205: 870 897 903 928 935 958 968 975 999 838 945 
1206: 897 903 928 958 975 999 838 945 995 
1207: 880 920 963 977 984 846 853 
1208: 880 963 977 984 989 846 853 
1209: 990 997 899 914 837 
1210: 997 951 896 899 837 
1211: 951 896 899 837 969 
1212: 896 899 914 837 969 
1213: 896 914 908 837 969 
1214: 860 979 929 
1215: 918 923 964 979 863 950 978 
1216: 918 964 863 950 913 
1217: 920 867 858 
1218: 867 881 858 
1219: 867 997 951 
1220: 957 986 869 875 913 
1221: 883 980 861 886 
1222: 920 963 984 858 
1223: 963 984 989 858 
1224: 858 962 974 976 
1225: 991 940 885 862 
1226: 948 862 942 926 
1227: 933 985 991 973 885 864 
1228: 985 991 973 997 864 
1229: 937 987 962 974 976 865 
1230: 974 976 874 865 
1231: 928 958 999 859 
1232: 1000 870 897 903 928 935 958 968 975 999 
1233: 870 903 935 958 968 999 969 
1234: 870 935 996 
1235: 982 991 873 
1236: 935 958 968 877 
1237: 928 975 945 874 
1238: 1000 880 920 963 977 984 
1239: 1000 880 944 
1240: 1000 880 963 977 984 989 
1241: 887 949 972 982 908 
1242: 984 973 886 
1243: 979 993 886 
1244: 979 966 886 
1245: 979 886 992 917 
1246: 973 886 992 
1247: 966 893 930 886 926 
1248: 886 995 917 
1249: 998 897 903 928 958 968 975 999 945 
1250: 897 928 935 968 975 999 973 
1251: 960 970 980 931 891 
1252: 931 921 891 
1253: 918 964 950 894 
1254: 967 996 956 892 922 
1255: 975 907 922 
1256: 987 962 901 
1257: 920 963 977 905 
1258: 963 977 989 905 
1259: 952 981 988 905 941 
1260: 952 905 995 
1261: 945 994 906 
1262: 997 914 995 
1263: 998 958 921 
1264: 931 971 921 946 955 
1265: 991 921 955 
1266: 979 966 948 919 978 929 
1267: 979 966 948 919 942 929 
1268: 966 930 948 919 978 929 926 
1269: 965 979 917 
1270: 987 985 924 
1271: 938 927 996 922 
1272: 935 968 975 999 922 
1273: 935 996 922 
1274: 972 967 922 
1275: 977 984 989 931 
1276: 927 990 992 
1277: 981 933 985 
1278: 1000 937 944 
1279: 1000 937 987 
1280: 987 989 940 
1281: 979 967 942 
1282: 987 991 955 
1283: 945 994 995 
1284: 952 994 995 
1285: 979 993 951 
1286: 993 951 969 
1287: 961 973 997 
1288: 1000 963 977 984 987 989 
1289: 987 991 974 
1290: 979 992 978 
1291: 987 993 986 
