# The links inside the communities at k=9
# from G:\Dropbox\Raghda\CNA\Final Project\other methods\CFinder-2.0.6--1448\G:\Dropbox\Raghda\CNA\Final Project\Datasets\binary_networks\LFR1\networ_LFR1_Om3.dat
# at no lower link weight threshold,
# and at no upper link weight threshold.
# Links were treated as undirected.
# No time limit was set for the clique search.

0:
982 989
982 992
982 996
982 960
982 852
982 978
982 959
982 637
982 970
982 882
982 971
982 963
982 760
982 625
982 946
982 700
982 931
982 937
982 732
982 780
982 832
989 992
989 996
989 960
989 852
989 978
989 959
989 637
989 970
989 882
989 971
989 963
989 760
989 625
989 946
989 700
989 931
989 937
989 732
989 780
989 832
992 996
992 960
992 852
992 978
992 959
992 637
992 970
992 882
992 971
992 963
992 760
992 625
992 946
992 700
992 931
992 937
992 732
992 780
992 832
996 960
996 852
996 978
996 959
996 637
996 970
996 882
996 971
996 963
996 760
996 625
996 946
996 700
996 931
996 937
996 732
996 780
996 832
960 970
960 882
960 971
960 963
960 946
960 931
960 937
852 978
852 970
852 882
852 971
852 963
852 946
852 931
852 937
852 780
852 832
978 970
978 882
978 971
978 963
978 946
978 931
978 937
978 832
959 970
959 882
959 971
959 963
959 946
959 931
959 937
637 970
637 971
637 963
637 946
970 882
970 971
970 963
970 760
970 625
970 946
970 700
970 931
970 937
970 732
970 780
970 832
882 971
882 963
882 760
882 946
882 931
882 937
882 732
882 780
882 832
971 963
971 760
971 625
971 946
971 700
971 931
971 937
971 732
971 780
971 832
963 760
963 625
963 946
963 700
963 931
963 937
963 732
963 780
963 832
760 946
760 931
760 937
625 946
946 700
946 931
946 937
946 732
946 780
946 832
700 931
700 937
931 937
931 732
931 780
931 832
937 732
937 780
937 832
780 832
1:
1000 994
1000 999
1000 661
1000 792
1000 819
1000 871
1000 885
1000 909
1000 917
1000 922
1000 930
1000 938
1000 945
1000 953
1000 954
1000 956
1000 957
1000 958
1000 962
1000 974
1000 977
1000 983
994 999
994 661
994 792
994 819
994 871
994 885
994 909
994 917
994 922
994 930
994 938
994 945
994 953
994 954
994 956
994 957
994 958
994 962
994 974
994 977
994 983
999 661
999 792
999 819
999 871
999 885
999 909
999 917
999 922
999 930
999 938
999 945
999 953
999 954
999 956
999 957
999 958
999 962
999 974
999 977
999 983
661 954
661 956
661 957
661 962
661 977
661 983
792 922
792 930
792 938
792 945
792 953
792 954
792 956
792 957
792 962
792 977
792 983
819 922
819 930
819 938
819 945
819 953
819 954
819 956
819 957
819 962
819 977
819 983
871 885
871 909
871 917
871 922
871 930
871 938
871 945
871 953
871 954
871 956
871 957
871 962
871 977
871 983
885 909
885 917
885 922
885 930
885 938
885 945
885 953
885 954
885 956
885 957
885 962
885 977
885 983
909 917
909 922
909 930
909 938
909 945
909 953
909 954
909 956
909 957
909 962
909 977
909 983
917 922
917 930
917 938
917 945
917 953
917 954
917 956
917 957
917 962
917 977
917 983
922 930
922 938
922 945
922 953
922 954
922 956
922 957
922 962
922 977
922 983
930 938
930 945
930 953
930 954
930 956
930 957
930 962
930 977
930 983
938 945
938 953
938 954
938 956
938 957
938 962
938 974
938 977
938 983
945 953
945 954
945 956
945 957
945 958
945 962
945 974
945 977
945 983
953 954
953 956
953 957
953 958
953 962
953 974
953 977
953 983
954 956
954 957
954 958
954 962
954 974
954 977
954 983
956 957
956 958
956 962
956 974
956 977
956 983
957 958
957 962
957 974
957 977
957 983
958 962
958 977
958 983
962 974
962 977
962 983
974 977
974 983
977 983
2:
791 854
791 915
791 942
791 880
791 887
791 916
791 769
791 924
791 773
791 779
854 915
854 942
854 880
854 887
854 916
854 951
854 769
854 924
854 812
854 682
854 779
915 942
915 880
915 887
915 916
915 951
915 769
915 924
915 773
915 812
915 682
915 779
942 880
942 887
942 916
942 951
942 769
942 924
942 773
942 812
942 682
942 779
880 887
880 916
880 951
880 769
880 924
880 773
880 812
880 682
880 779
887 916
887 951
887 769
887 924
887 773
887 812
887 682
887 779
916 951
916 769
916 924
916 773
916 812
916 682
916 779
951 769
951 924
951 779
769 924
769 812
924 773
924 812
924 682
924 779
773 812
773 779
812 682
812 779
682 779
3:
860 967
860 975
860 856
860 965
860 991
860 939
860 928
860 935
860 839
860 895
860 986
860 936
860 889
967 975
967 961
967 856
967 965
967 991
967 939
967 928
967 935
967 851
967 913
967 839
967 959
967 895
967 986
967 936
967 844
967 889
967 656
975 961
975 856
975 965
975 991
975 939
975 928
975 935
975 851
975 913
975 839
975 959
975 895
975 936
975 844
975 889
975 656
975 829
961 965
961 939
961 935
961 913
961 936
961 889
961 829
856 965
856 991
856 939
856 928
856 935
856 851
856 913
856 839
856 959
856 844
856 889
856 829
965 991
965 939
965 928
965 935
965 851
965 913
965 839
965 959
965 895
965 986
965 936
965 844
965 889
965 656
965 829
991 939
991 935
991 851
991 913
991 895
991 986
991 936
991 844
991 889
991 829
939 928
939 935
939 851
939 913
939 839
939 959
939 895
939 986
939 936
939 844
939 889
939 829
928 935
928 851
928 913
928 839
928 959
928 895
928 986
928 936
928 844
928 889
928 656
928 829
935 851
935 913
935 839
935 959
935 895
935 986
935 936
935 844
935 889
935 656
935 829
851 839
851 895
851 986
851 936
851 889
913 839
913 895
913 986
913 936
913 844
913 889
913 656
913 829
839 986
839 936
839 889
959 936
959 844
895 986
895 936
895 844
895 889
895 829
986 936
986 889
936 844
936 889
936 656
936 829
844 829
889 656
889 829
656 829
4:
698 976
698 988
698 995
698 997
698 775
698 932
698 925
698 912
698 794
698 802
976 988
976 995
976 997
976 775
976 932
976 855
976 925
976 912
976 894
976 847
976 794
976 667
976 782
976 706
976 802
988 995
988 997
988 775
988 932
988 855
988 925
988 912
988 894
988 847
988 794
988 667
988 782
988 706
988 802
995 997
995 775
995 932
995 855
995 925
995 912
995 894
995 847
995 794
995 667
995 782
995 706
995 802
997 775
997 932
997 855
997 925
997 912
997 894
997 847
997 794
997 667
997 782
997 706
997 802
775 932
775 855
775 925
775 894
775 802
932 855
932 925
932 912
932 894
932 847
932 794
932 667
932 782
932 706
932 802
855 894
855 847
855 802
925 912
925 847
925 794
925 782
925 706
925 802
912 894
912 847
912 794
912 667
912 782
912 706
912 802
894 847
894 794
894 782
894 802
847 667
847 782
847 802
794 782
794 706
667 782
5:
968 972
968 987
968 984
968 918
968 836
968 888
968 788
968 821
968 859
968 926
968 726
972 987
972 984
972 918
972 836
972 888
972 788
972 821
972 859
972 926
972 726
987 984
987 918
987 836
987 888
987 788
987 821
987 859
987 926
987 726
984 918
984 836
984 888
984 788
984 821
984 859
984 926
984 726
918 836
918 888
918 788
918 821
918 859
918 926
918 726
836 821
836 859
836 926
888 788
888 821
888 859
888 926
888 726
788 821
788 726
821 859
821 926
821 726
859 926
859 726
6:
968 972
968 987
968 984
968 820
968 836
968 828
968 757
968 746
972 987
972 984
972 820
972 836
972 828
972 757
972 746
987 984
987 820
987 836
987 828
987 757
987 746
984 820
984 836
984 828
984 757
984 746
820 836
820 828
820 757
820 746
836 828
836 757
836 746
828 757
828 746
757 746
