# The contained cliques in the communities at k=3
# from G:\Dropbox\Raghda\CNA\Final Project\other methods\CFinder-2.0.6--1448\G:\Dropbox\Raghda\CNA\Final Project\Datasets\binary_networks\LFR5\network_LFR5_Om6.dat
# at no lower link weight threshold,
# and at no upper link weight threshold.
# Links were treated as undirected.
# No time limit was set for the clique search.

0: 0 406 
1: 1 753 491 830 490 353 
2: 2 18 159 243 244 731 787 818 925 927 929 930 931 932 928 944 189 211 873 190 191 881 92 138 488 720 833 907 940 139 140 599 600 151 150 149 346 177 347 348 5 68 4 349 795 900 794 796 133 641 131 132 77 78 642 255 694 147 327 399 695 144 145 146 961 157 158 278 423 424 425 859 862 891 916 213 660 659 610 782 783 784 921 922 85 915 917 918 759 310 333 521 760 311 334 362 520 959 413 414 496 732 960 185 378 380 411 412 965 971 186 57 379 419 737 793 851 852 281 420 870 282 83 143 757 805 142 58 284 431 751 585 756 754 755 283 429 430 432 884 384 724 879 699 906 66 903 904 905 939 628 631 908 924 7 102 272 273 321 385 386 629 673 778 797 103 315 573 316 389 569 454 570 571 33 427 538 591 593 594 178 592 179 445 369 370 371 608 648 441 780 442 306 397 398 574 576 743 514 877 945 515 517 876 516 323 222 395 444 619 635 800 878 934 951 443 589 590 620 621 845 40 176 240 241 242 408 559 634 693 835 844 846 973 239 555 633 763 804 902 937 948 556 383 557 558 580 722 361 579 581 577 578 970 258 259 260 885 261 886 262 345 54 100 568 624 669 671 672 854 864 888 894 919 99 565 21 234 235 564 566 567 612 687 698 723 761 803 831 832 834 847 962 175 388 174 205 274 674 949 543 792 791 613 170 381 816 817 899 762 703 704 118 769 117 119 721 658 719 505 223 233 312 364 417 439 518 539 654 657 736 790 802 811 872 363 801 958 969 740 741 957 271 596 738 739 6 36 530 553 562 702 808 307 809 752 839 840 291 29 69 292 450 452 453 688 501 627 689 920 493 128 492 623 130 935 936 938 46 485 777 45 44 402 545 841 547 860 314 882 742 198 728 868 914 377 726 12 113 134 341 664 727 746 747 748 861 729 495 799 963 95 231 94 875 165 166 300 700 772 828 196 874 197 701 829 964 148 941 712 942 542 713 821 301 653 820 209 319 889 770 409 357 826 28 827 636 943 23 105 210 263 265 463 532 533 583 637 22 264 486 487 586 638 106 461 462 843 313 766 842 767 645 768 923 967 968 644 646 810 895 956 373 745 789 372 374 340 339 62 744 953 954 320 322 863 525 896 527 526 466 480 528 529 776 836 838 464 465 774 775 554 202 65 97 584 798 898 387 390 337 871 336 192 193 61 405 683 955 550 164 705 910 163 39 697 706 696 785 215 356 17 355 616 617 764 786 681 678 680 9 217 391 676 677 26 679 602 630 403 404 563 855 901 909 156 253 911 892 111 400 893 946 966 32 31 575 472 30 401 218 668 219 220 544 947 824 952 710 426 709 42 183 304 71 182 70 305 410 81 254 280 279 296 376 540 64 160 161 162 541 647 228 227 229 662 531 663 482 232 807 685 686 749 779 869 733 867 734 735 866 865 10 27 184 309 358 765 771 880 359 504 691 655 788 418 221 330 848 849 96 256 257 675 625 626 856 187 456 188 455 598 618 214 670 692 415 107 299 603 950 912 289 615 913 614 475 474 476 477 560 561 20 344 601 136 509 135 15 342 438 325 73 324 435 437 436 883 393 632 195 926 440 819 933 781 470 497 24 48 250 498 499 500 587 25 890 684 730 251 773 858 421 382 588 468 14 469 13 467 690 154 597 806 652 407 446 447 972 
3: 3 267 268 459 269 813 512 812 63 510 511 513 98 814 203 750 53 204 52 815 335 360 
4: 8 
5: 11 
6: 16 89 123 897 124 125 126 
7: 19 
8: 34 
9: 35 199 206 
10: 37 38 416 
11: 41 116 
12: 43 112 
13: 47 295 548 711 153 152 484 483 549 
14: 49 
15: 50 
16: 51 
17: 55 288 287 
18: 56 114 534 535 536 537 
19: 59 
20: 60 
21: 67 
22: 72 
23: 74 
24: 75 194 
25: 76 506 507 93 
26: 79 
27: 80 
28: 82 303 551 552 
29: 84 200 
30: 86 
31: 87 331 
32: 88 
33: 90 522 523 524 122 120 121 850 649 115 270 667 666 201 
34: 91 
35: 101 
36: 104 
37: 108 857 212 
38: 109 110 308 246 247 248 
39: 127 207 595 
40: 129 
41: 137 354 
42: 141 
43: 155 
44: 167 168 
45: 169 494 502 
46: 171 
47: 172 173 352 
48: 180 181 
49: 208 
50: 216 
51: 224 225 226 
52: 230 394 
53: 236 238 237 
54: 245 609 
55: 249 351 
56: 252 478 
57: 266 
58: 275 276 277 508 605 607 622 604 606 887 
59: 285 286 639 682 
60: 290 350 714 715 716 717 718 
61: 293 479 457 458 
62: 294 
63: 297 
64: 298 
65: 302 
66: 317 318 
67: 326 
68: 328 332 
69: 329 
70: 338 
71: 343 
72: 365 
73: 366 367 368 
74: 375 
75: 392 
76: 396 
77: 422 
78: 428 
79: 433 
80: 434 
81: 448 
82: 449 
83: 451 
84: 460 853 
85: 471 
86: 473 
87: 481 
88: 489 
89: 503 
90: 519 
91: 546 
92: 572 
93: 582 
94: 611 
95: 640 
96: 643 
97: 650 
98: 651 
99: 656 
100: 661 
101: 665 
102: 707 708 822 823 825 
103: 725 
104: 758 
105: 837 
