# The communities at k=3
# from G:\Dropbox\Raghda\CNA\Final Project\other methods\CFinder-2.0.6--1448\G:\Dropbox\Raghda\CNA\Final Project\Datasets\binary_networks\LFR5\network_LFR5_Om6.dat
# at no lower link weight threshold,
# and at no upper link weight threshold.
# Links were treated as undirected.
# No time limit was set for the clique search.

0: 874 182 769 614 
1: 965 837 785 670 862 890 524 53 
2: 977 10 52 877 100 833 904 936 1000 125 336 353 484 486 488 537 555 588 595 630 647 680 744 761 770 786 793 828 847 851 853 870 891 900 917 927 929 930 931 938 949 950 952 954 988 566 734 808 982 986 102 623 805 868 959 715 839 969 105 942 973 751 886 976 866 893 874 909 920 962 901 995 861 978 679 768 774 760 898 113 889 951 967 114 650 813 947 994 687 985 990 117 999 971 414 552 639 465 843 940 997 30 812 848 888 939 122 972 702 871 993 725 857 883 908 885 129 896 911 921 992 932 666 764 834 855 133 945 602 668 135 241 944 860 987 522 903 138 902 989 139 513 933 14 724 794 980 946 141 142 50 788 928 934 619 906 620 697 146 658 832 892 897 706 961 729 153 167 596 732 965 731 156 736 750 489 631 780 983 203 925 956 924 365 168 912 958 474 998 645 674 984 170 948 173 691 820 970 966 873 385 864 914 179 638 918 963 979 409 81 955 683 974 795 817 801 879 781 698 809 319 785 996 200 797 975 766 819 542 905 21 943 915 664 981 348 657 887 758 689 703 802 960 636 223 616 830 662 777 714 558 747 895 301 923 605 919 521 24 968 755 875 776 845 632 746 25 310 550 825 627 535 789 964 796 26 261 814 899 926 263 370 264 878 267 709 752 957 607 608 730 916 270 856 836 275 459 288 610 705 277 765 726 835 284 953 356 287 804 54 568 863 290 292 840 849 894 298 663 3 838 791 302 859 478 303 390 597 800 937 829 308 719 556 460 660 862 312 757 313 530 315 472 775 316 612 826 787 798 803 991 327 635 397 462 337 338 339 71 34 340 624 659 884 343 94 737 688 890 684 352 685 358 394 361 771 363 366 807 880 372 499 378 453 816 634 383 506 413 717 501 396 854 4 400 402 655 406 743 589 578 852 748 587 694 858 594 415 430 418 941 88 516 649 571 713 441 824 727 446 99 741 615 818 451 452 603 526 47 821 479 653 708 720 707 505 574 87 512 539 629 517 520 738 881 606 823 538 646 545 822 827 547 548 563 564 570 640 910 592 613 611 718 64 65 86 735 844 678 68 754 711 74 78 850 
3: 1 569 753 977 927 976 901 882 841 857 924 769 20 434 867 561 919 776 59 800 941 467 667 77 
4: 210 386 915 
5: 106 751 872 
6: 886 118 971 911 934 240 534 583 73 
7: 176 230 671 
8: 995 158 700 
9: 990 164 454 457 423 
10: 995 903 166 922 608 
11: 958 172 562 289 
12: 995 174 262 740 
13: 952 947 902 181 846 675 809 692 291 480 717 
14: 958 187 449 759 
15: 976 401 194 
16: 925 2 785 
17: 990 701 201 533 766 
18: 866 903 815 712 209 321 825 821 823 
19: 993 225 376 
20: 722 231 278 
21: 817 328 83 
22: 953 36 524 
23: 412 46 694 
24: 739 417 440 485 
25: 976 798 884 42 424 654 98 
26: 828 961 43 
27: 799 721 439 
28: 732 915 776 710 494 45 
29: 976 536 470 609 85 
30: 529 876 598 51 
31: 544 923 836 62 
32: 665 727 58 
33: 373 693 990 903 961 998 918 183 869 219 777 238 359 771 686 60 
34: 866 922 63 
35: 1000 161 537 
36: 121 848 939 
37: 891 143 934 876 390 
38: 938 165 925 956 809 427 443 727 
39: 896 970 749 842 247 442 515 
40: 666 251 669 
41: 907 269 607 546 
42: 810 276 705 
43: 891 795 295 
44: 872 782 963 318 
45: 745 869 324 648 672 
46: 917 985 329 
47: 744 909 778 762 334 524 
48: 954 804 656 342 
49: 872 968 309 
50: 584 998 354 
51: 954 971 388 510 543 
52: 898 618 641 398 
53: 891 930 886 763 410 
54: 980 998 721 426 
55: 961 937 560 428 
56: 954 945 661 445 
57: 937 510 456 
58: 786 935 898 528 907 961 912 879 849 756 941 653 723 
59: 806 971 773 961 475 825 
60: 847 896 903 831 960 923 742 772 807 824 
61: 677 930 976 699 779 665 782 509 
62: 908 855 531 
63: 733 835 392 
64: 874 873 530 
65: 907 617 494 
66: 1000 491 637 931 
67: 973 885 508 
68: 982 998 493 532 
69: 861 562 913 
70: 959 673 550 
71: 812 784 577 
72: 808 989 527 
73: 904 643 897 790 541 
74: 716 710 554 
75: 976 621 905 
76: 898 934 619 
77: 963 836 617 
78: 978 625 941 
79: 982 905 624 
80: 956 802 624 
81: 964 941 601 
82: 952 961 547 
83: 949 767 614 
84: 753 939 879 957 
85: 959 911 666 
86: 668 937 827 
87: 793 671 844 
88: 992 669 737 
89: 999 937 652 
90: 695 733 859 
91: 988 728 709 
92: 744 813 983 
93: 930 745 911 
94: 790 743 844 
95: 950 780 824 
96: 898 922 784 
97: 969 913 783 
98: 783 790 991 
99: 837 790 775 
100: 841 960 757 
101: 817 787 991 
102: 896 897 810 958 979 875 849 
103: 906 816 941 
104: 970 875 825 
105: 935 971 852 
