# The links inside the communities at k=3
# from G:\Dropbox\Raghda\CNA\Final Project\other methods\CFinder-2.0.6--1448\G:\Dropbox\Raghda\CNA\Final Project\Datasets\binary_networks\LFR5\network_LFR5_Om6.dat
# at no lower link weight threshold,
# and at no upper link weight threshold.
# Links were treated as undirected.
# No time limit was set for the clique search.

0:
874 182
874 769
874 614
182 769
769 614
1:
965 837
965 785
965 670
965 862
965 890
965 53
837 890
837 53
785 670
670 890
862 890
862 524
890 524
2:
977 990
977 972
10 52
10 877
52 877
52 339
877 900
877 928
877 459
877 287
877 556
877 339
877 71
100 833
100 936
833 936
833 900
833 999
833 702
833 945
833 905
833 747
833 919
833 953
833 803
904 917
904 995
904 978
904 871
904 834
904 965
904 963
904 996
904 298
904 800
904 460
904 775
904 635
904 453
904 910
936 999
936 702
936 993
936 992
936 855
936 987
936 203
936 905
936 709
936 803
936 717
936 858
936 707
936 881
1000 125
1000 336
1000 353
1000 486
1000 488
1000 555
1000 588
1000 595
1000 630
1000 647
1000 744
1000 761
1000 770
1000 786
1000 793
1000 828
1000 847
1000 851
1000 853
1000 870
1000 891
1000 917
1000 927
1000 929
1000 930
1000 938
1000 949
1000 950
1000 952
1000 954
1000 988
125 853
336 770
336 828
353 929
484 945
484 905
486 828
486 988
488 588
488 595
488 853
488 954
537 953
537 941
555 950
588 647
588 770
588 853
588 950
595 770
595 853
595 954
595 911
595 960
630 988
647 770
647 853
647 950
647 911
680 751
680 883
680 933
680 998
744 988
744 750
744 884
744 611
761 828
761 995
761 947
761 994
761 934
761 167
770 853
770 949
770 952
770 954
770 979
786 949
786 920
786 993
786 987
786 984
793 853
793 954
793 908
793 906
793 996
793 910
828 920
828 994
847 853
847 971
847 924
851 927
851 938
851 982
851 868
851 993
851 928
851 943
851 915
851 845
851 953
851 804
853 870
853 949
853 911
853 968
870 734
870 999
870 906
870 965
870 852
870 451
891 952
900 942
900 973
900 920
900 940
900 932
900 945
900 903
900 956
900 996
900 287
900 556
900 634
917 930
917 949
917 950
917 920
917 995
917 999
917 932
917 983
917 958
917 955
917 703
917 298
917 3
917 563
927 962
927 978
927 848
927 794
927 946
927 956
927 958
927 981
927 968
927 597
927 757
927 313
927 396
929 949
929 969
929 990
929 999
929 122
929 972
929 666
929 980
929 946
929 955
929 996
929 284
929 953
929 863
929 308
929 418
929 821
929 65
929 844
930 938
930 983
930 605
930 3
930 798
930 890
930 578
931 966
931 819
931 714
931 916
931 863
931 941
938 954
938 985
938 714
938 605
938 578
938 824
949 920
949 999
949 972
949 932
949 946
949 961
949 594
949 881
950 952
950 839
950 909
950 995
950 971
950 812
950 993
950 834
950 860
950 794
950 958
950 474
950 645
950 758
950 968
950 705
950 446
950 99
950 548
952 839
952 962
952 971
952 414
952 956
952 918
952 542
952 981
952 899
952 835
952 953
952 505
954 986
954 805
954 959
954 944
954 979
954 960
954 714
954 854
954 406
988 843
988 156
988 736
988 750
988 958
988 691
988 970
988 864
988 348
988 960
988 777
988 612
988 337
988 340
988 624
988 884
988 737
988 603
988 646
988 545
988 822
988 611
988 754
566 914
566 826
566 383
734 901
734 999
734 992
734 974
734 791
734 479
808 993
808 168
808 958
808 916
808 804
982 947
982 997
982 974
982 943
982 610
982 991
982 822
982 564
986 969
986 861
986 994
986 885
986 135
986 944
986 934
986 924
986 873
986 996
986 960
986 746
986 800
986 337
986 378
986 816
986 854
986 406
986 748
986 718
986 711
102 623
102 805
102 959
623 805
623 959
623 141
623 979
623 394
805 959
805 942
805 861
805 979
805 895
805 838
805 394
868 985
868 855
868 928
868 780
868 966
868 263
868 370
868 787
868 88
868 615
959 861
959 141
959 729
959 631
959 979
959 974
959 895
959 627
959 394
715 962
715 946
715 542
715 835
715 505
715 574
839 860
969 920
969 978
969 985
969 122
969 972
969 883
969 885
969 764
969 944
969 933
969 50
969 996
969 953
969 290
969 859
969 363
969 748
105 942
105 973
942 973
942 976
942 893
942 142
942 788
942 979
942 895
942 730
942 829
942 556
942 688
942 352
942 655
942 516
942 571
942 824
942 629
942 640
973 893
973 679
973 142
973 788
973 906
973 998
973 802
973 829
973 688
973 352
973 516
973 649
973 571
973 824
973 629
973 827
973 640
751 883
751 998
886 813
886 989
886 658
886 998
976 893
976 650
976 997
976 797
866 994
866 999
866 887
866 964
866 894
893 889
893 951
893 967
893 997
893 911
893 698
893 627
893 964
893 957
893 894
893 991
893 366
874 522
874 923
874 478
909 687
909 552
909 940
909 911
909 968
909 878
909 634
909 720
909 606
909 548
909 74
920 994
920 932
920 996
920 662
920 363
920 807
920 64
962 985
962 465
962 997
962 848
962 987
962 946
962 892
962 983
962 958
962 966
962 918
962 963
962 974
962 698
962 627
962 835
962 356
962 472
962 823
901 947
901 985
901 990
901 999
901 939
901 892
901 983
901 726
901 635
901 451
901 86
995 947
995 812
995 668
995 167
995 596
995 965
995 365
995 984
995 970
995 955
995 923
995 632
995 25
995 550
995 298
995 446
995 606
861 993
861 631
861 983
861 981
861 899
861 991
861 854
978 871
978 989
978 933
978 965
978 998
978 963
978 975
978 758
978 802
978 714
978 968
978 829
978 372
978 517
978 910
679 992
679 906
679 852
768 817
768 310
768 926
768 660
768 862
768 718
774 955
774 887
760 883
760 911
760 834
760 933
760 830
760 968
898 989
898 998
898 607
113 889
113 951
113 967
889 951
889 967
889 971
889 924
889 319
889 875
889 814
889 264
889 850
951 967
951 924
951 966
951 319
951 830
951 875
951 814
951 264
951 775
951 826
951 818
951 881
951 850
967 133
967 945
967 924
967 319
967 875
967 964
967 814
967 264
967 775
967 818
967 881
967 850
114 650
114 947
114 994
650 947
650 994
650 946
650 797
813 921
813 658
813 727
813 708
813 754
947 997
947 668
947 983
947 781
947 943
947 703
994 997
994 939
994 885
994 602
994 944
994 946
994 934
994 731
994 912
994 955
994 974
994 797
994 887
994 758
994 856
994 836
994 327
994 807
994 748
994 738
994 538
994 570
994 678
994 711
687 906
687 965
687 968
687 880
687 852
687 881
985 465
985 857
985 50
985 892
985 966
985 795
985 859
985 937
985 315
985 472
985 316
985 798
985 659
985 400
985 824
985 818
985 526
985 86
990 117
990 999
990 971
990 939
990 972
990 921
990 992
990 955
990 558
990 726
990 308
990 991
990 727
117 999
999 972
999 945
999 902
999 14
999 724
999 980
999 897
999 203
999 974
999 905
999 919
999 964
999 270
999 863
999 418
999 441
999 451
999 539
971 939
971 921
971 924
971 981
971 747
971 521
971 899
414 981
552 940
552 966
552 634
552 4
639 989
639 984
465 526
843 946
843 619
843 970
843 863
843 506
940 966
940 864
940 830
940 826
940 634
940 4
997 946
997 731
997 489
997 974
997 698
997 21
997 943
997 664
997 627
997 964
997 991
997 684
997 358
997 880
997 823
997 538
997 564
997 570
30 925
30 838
812 522
812 923
812 446
812 99
848 911
848 918
848 974
848 757
848 366
848 743
848 87
888 873
888 996
888 771
888 615
888 68
939 602
939 987
939 928
939 955
939 996
939 915
939 887
939 919
939 261
939 926
939 451
939 538
122 972
972 933
972 980
972 955
972 636
972 964
972 953
972 863
972 308
972 418
972 821
972 646
972 65
972 844
871 857
871 933
871 963
871 795
871 829
871 517
993 987
993 794
993 631
993 925
993 924
993 958
993 645
993 974
993 24
993 968
993 845
993 916
993 804
993 838
993 829
993 313
993 991
993 397
993 415
993 713
725 764
725 139
725 933
725 706
725 657
725 765
725 452
857 925
857 795
857 937
857 741
883 764
883 241
883 139
883 933
883 706
883 924
883 290
883 452
908 873
908 996
908 746
908 459
908 287
885 135
885 944
885 795
885 996
885 840
885 854
885 406
885 748
885 711
129 921
129 992
896 925
896 953
896 838
896 941
911 558
911 968
911 916
911 991
911 366
911 74
921 992
921 658
921 521
921 267
921 709
921 752
921 568
921 727
992 906
992 146
992 832
992 974
992 801
992 981
992 919
992 535
992 926
992 752
992 568
992 34
992 807
992 858
992 713
992 479
992 653
992 547
992 613
992 754
932 998
932 996
932 662
932 776
932 275
932 363
932 807
932 854
932 64
666 980
764 933
764 706
764 873
764 781
764 765
764 452
834 983
834 474
834 223
834 830
834 875
834 277
834 635
834 890
834 816
834 592
855 832
855 905
855 370
855 858
855 88
133 945
945 956
945 924
945 905
945 981
945 919
945 964
945 957
945 765
945 894
945 791
945 597
945 818
945 563
135 944
241 933
241 924
944 924
944 984
944 873
944 385
944 795
944 996
944 840
944 816
944 854
944 406
944 748
944 711
860 968
860 548
860 844
987 892
987 965
987 984
987 170
987 948
987 966
987 887
987 802
987 616
987 288
987 859
987 798
987 991
987 338
987 372
987 854
987 415
987 430
987 941
987 713
522 923
903 925
903 996
903 838
903 634
903 589
138 902
138 989
902 989
902 998
902 966
902 789
902 270
902 863
902 530
989 998
989 984
989 948
989 879
989 996
989 200
989 975
989 923
989 968
989 663
989 530
989 910
989 735
989 78
139 933
513 928
513 796
933 706
933 781
933 657
933 636
933 859
933 452
933 646
14 724
14 794
14 980
724 980
724 946
724 81
724 825
724 829
724 684
724 441
794 980
794 864
794 705
794 396
794 818
980 946
980 897
980 81
980 955
980 825
980 890
980 684
980 880
980 441
980 824
980 818
980 646
980 718
946 918
946 863
946 684
946 594
946 574
142 788
788 688
788 352
788 516
788 571
788 629
788 640
928 620
928 780
928 963
928 955
928 915
928 796
928 926
928 370
928 953
928 556
934 887
934 678
619 970
619 809
906 965
906 674
906 895
906 852
906 827
906 910
620 796
620 284
697 963
697 775
146 832
658 798
658 708
832 535
832 34
832 858
832 547
832 613
892 859
892 315
892 472
892 316
892 798
892 659
892 400
892 824
897 818
706 657
961 709
961 881
729 974
153 596
153 965
167 365
596 965
596 963
596 955
596 827
732 796
732 284
965 365
965 984
965 948
965 970
965 968
965 937
965 343
965 94
965 372
965 852
965 415
731 738
156 736
156 750
736 750
736 958
736 864
736 340
750 958
750 691
750 970
750 612
750 754
489 983
489 277
489 991
489 47
780 787
780 88
983 474
983 918
983 223
983 830
983 277
983 826
983 991
983 635
983 890
983 47
925 998
925 879
925 895
925 968
925 845
925 838
925 991
925 589
925 741
956 981
956 796
956 953
956 303
956 390
956 597
956 937
956 757
956 880
956 881
956 823
924 916
924 765
924 854
168 958
912 979
912 974
912 981
912 856
912 840
912 390
958 313
474 635
998 879
998 996
998 200
998 975
998 923
998 776
998 878
998 607
998 663
998 694
998 827
998 910
998 735
998 711
674 852
984 170
984 948
984 966
984 385
984 887
984 802
984 616
984 849
984 937
984 991
984 338
984 634
984 854
984 415
984 430
984 713
170 948
948 966
948 887
948 991
948 338
948 415
948 430
948 78
173 820
173 970
691 545
820 970
820 849
820 597
820 937
820 343
820 94
970 809
970 632
970 937
970 343
970 499
970 506
970 858
970 603
970 720
970 520
970 881
966 974
966 819
966 943
966 789
966 610
966 953
966 356
966 863
966 659
966 634
966 4
966 941
966 818
873 996
873 765
873 615
864 634
864 396
864 646
914 535
914 878
914 826
914 383
914 858
914 720
914 611
914 678
179 638
179 918
179 963
179 979
638 918
638 979
918 981
918 87
963 979
963 714
963 926
963 835
963 775
963 372
963 827
979 664
979 301
979 926
979 730
979 856
979 840
979 302
979 859
979 826
979 803
979 827
409 895
409 54
409 852
955 887
955 703
955 26
955 312
955 826
955 418
955 824
955 563
955 678
683 800
683 775
974 975
974 766
974 943
974 627
974 964
974 957
974 610
974 894
974 791
974 358
974 807
974 655
974 587
974 713
974 564
974 570
817 660
801 919
801 926
801 862
801 613
879 845
879 707
781 703
781 312
698 627
785 887
785 738
996 975
996 895
996 746
996 275
996 290
996 663
996 460
996 363
996 453
996 854
996 818
996 451
996 910
996 735
996 68
996 711
996 78
200 975
797 836
975 802
975 957
975 663
975 451
975 910
766 358
819 714
819 916
819 863
819 462
819 941
542 835
542 574
905 747
905 717
905 501
905 707
21 943
943 991
943 822
943 564
915 556
664 926
664 570
981 899
981 953
981 292
981 303
981 390
981 597
981 937
981 880
981 713
981 881
348 960
657 765
657 452
887 738
758 968
758 845
758 991
758 738
689 964
689 894
703 26
703 312
703 757
802 824
960 337
223 830
616 288
830 826
830 991
830 635
830 890
777 884
777 737
777 545
714 462
558 991
747 899
895 838
895 363
895 852
895 741
301 968
301 302
301 859
923 878
923 478
923 361
923 446
923 611
605 578
605 824
919 926
919 953
919 685
24 968
968 916
968 302
968 829
968 991
968 396
968 844
755 878
755 720
875 635
875 816
875 592
845 838
845 991
845 397
845 589
845 741
845 707
746 275
746 459
746 287
25 550
310 660
310 862
550 606
550 548
535 34
535 858
789 964
789 957
789 937
789 499
964 957
964 608
964 726
964 894
964 791
964 413
964 402
964 655
964 587
964 512
964 539
964 823
964 844
964 678
796 284
796 953
261 926
814 850
899 292
926 660
926 862
926 685
926 754
263 370
878 730
878 361
878 720
878 611
878 735
267 709
267 752
709 881
752 653
957 608
957 894
957 791
957 413
957 402
957 655
957 512
957 539
957 844
957 678
608 726
730 361
916 991
856 327
856 748
856 570
275 459
459 287
610 991
835 505
835 574
284 953
953 941
54 852
863 941
840 803
849 937
894 791
894 413
894 402
894 655
894 512
894 539
894 823
663 910
838 991
838 397
838 589
838 741
791 807
791 413
791 655
791 512
791 539
859 826
859 803
303 390
303 597
597 937
800 775
800 854
937 499
937 400
829 684
829 655
719 708
719 754
556 339
460 453
660 862
862 718
312 757
757 743
315 472
826 678
787 615
798 890
798 708
991 338
991 430
991 564
339 71
340 624
659 400
659 86
343 94
688 516
688 571
688 629
688 640
890 684
890 880
684 718
771 615
880 852
880 823
378 816
501 707
854 748
854 711
402 655
655 539
589 741
852 881
852 827
748 711
694 827
858 881
415 430
516 629
649 571
571 629
571 640
713 570
441 824
446 99
818 563
818 735
603 720
708 754
720 611
505 574
512 539
629 640
520 881
606 548
545 822
718 711
3:
1 569
1 753
1 977
569 753
569 977
569 976
569 769
569 919
753 977
753 976
753 857
753 919
977 976
977 857
977 924
977 867
977 919
977 467
927 882
927 867
976 769
901 882
901 20
882 841
882 20
882 434
882 867
882 59
882 667
882 77
841 434
841 867
841 800
841 941
841 667
841 77
857 467
924 867
924 561
924 941
924 667
20 434
434 800
867 919
867 776
867 59
867 941
867 667
867 77
561 667
919 667
776 667
59 667
4:
210 386
210 915
386 915
5:
106 751
106 872
751 872
6:
886 118
886 971
886 934
886 240
886 583
886 73
118 971
971 911
971 934
971 240
971 534
971 73
911 934
934 73
240 534
240 583
534 583
7:
176 230
176 671
230 671
8:
995 158
995 700
158 700
9:
990 164
990 454
990 457
990 423
164 454
454 423
457 423
10:
995 166
995 922
995 608
903 166
903 922
166 922
922 608
11:
958 172
958 562
958 289
172 562
562 289
12:
995 262
995 740
174 262
174 740
262 740
13:
952 902
952 846
952 675
952 291
947 181
947 846
947 809
947 692
947 480
902 675
181 846
846 675
846 809
846 692
846 291
846 480
846 717
692 717
291 480
14:
958 187
958 449
958 759
187 449
187 759
449 759
15:
976 401
976 194
401 194
16:
925 2
925 785
2 785
17:
990 533
990 766
701 201
701 533
701 766
201 533
533 766
18:
866 815
866 712
903 815
903 712
903 321
815 712
815 209
815 321
815 825
815 821
815 823
712 209
712 321
712 825
712 821
712 823
209 321
19:
993 225
993 376
225 376
20:
722 231
722 278
231 278
21:
817 328
817 83
328 83
22:
953 36
953 524
36 524
23:
412 46
412 694
46 694
24:
739 417
739 440
739 485
417 440
417 485
25:
976 884
976 654
976 98
798 884
798 654
884 42
884 424
884 654
42 424
42 654
424 654
654 98
26:
828 961
828 43
961 43
27:
799 721
799 439
721 439
28:
732 915
732 710
915 776
915 710
915 494
915 45
776 710
710 494
710 45
29:
976 536
976 470
976 609
536 470
536 609
536 85
470 609
470 85
30:
529 876
529 598
529 51
876 598
876 51
598 51
31:
544 923
544 836
544 62
923 836
836 62
32:
665 727
665 58
727 58
33:
373 918
373 869
693 961
693 918
693 869
693 686
693 60
990 903
990 869
990 777
990 238
990 359
903 869
903 777
961 869
961 238
998 918
998 183
998 771
918 183
918 869
918 219
918 771
869 219
869 238
869 771
869 686
869 60
238 359
34:
866 922
866 63
922 63
35:
1000 161
1000 537
161 537
36:
121 848
121 939
848 939
37:
891 143
891 934
891 876
143 934
934 876
934 390
876 390
38:
938 165
938 925
165 925
165 956
925 956
925 427
956 427
956 443
956 727
809 443
809 727
427 443
443 727
39:
896 749
896 842
970 749
970 842
970 442
970 515
749 842
749 247
749 442
749 515
842 247
842 442
842 515
247 442
247 515
442 515
40:
666 251
666 669
251 669
41:
907 269
907 607
907 546
269 607
607 546
42:
810 276
810 705
276 705
43:
891 795
891 295
795 295
44:
872 782
872 963
872 318
782 318
963 318
45:
745 869
745 324
745 648
745 672
869 672
324 648
648 672
46:
917 985
917 329
985 329
47:
744 778
744 334
909 778
909 762
909 334
909 524
778 762
778 334
762 334
762 524
48:
954 656
954 342
804 656
804 342
656 342
49:
872 968
872 309
968 309
50:
584 998
584 354
998 354
51:
954 971
954 388
954 510
954 543
971 388
388 510
388 543
52:
898 618
898 641
898 398
618 641
618 398
53:
891 763
891 410
930 886
930 763
930 410
886 410
763 410
54:
980 998
980 721
980 426
998 721
721 426
55:
961 937
961 560
961 428
937 560
937 428
56:
954 945
954 661
954 445
945 661
661 445
57:
937 510
937 456
510 456
58:
786 935
786 756
935 898
935 528
935 907
935 961
935 912
935 879
935 849
935 756
935 941
935 723
898 941
528 907
528 849
528 756
528 723
907 653
907 723
961 723
912 756
912 723
879 756
756 941
756 723
941 723
653 723
59:
806 971
806 773
806 961
806 475
806 825
971 825
773 961
961 475
475 825
60:
847 831
847 960
896 831
896 960
903 831
903 960
831 960
831 923
831 742
831 772
831 807
831 824
960 923
960 742
960 772
960 807
960 824
923 772
742 772
61:
677 930
677 976
677 699
677 782
930 976
930 699
930 779
930 665
930 509
976 699
976 779
976 665
699 782
779 665
779 509
62:
908 855
908 531
855 531
63:
733 835
733 392
835 392
64:
874 873
874 530
873 530
65:
907 617
907 494
617 494
66:
1000 491
1000 637
1000 931
491 637
491 931
67:
973 885
973 508
885 508
68:
982 998
982 493
982 532
998 493
998 532
69:
861 562
861 913
562 913
70:
959 673
959 550
673 550
71:
812 784
812 577
784 577
72:
808 989
808 527
989 527
73:
904 897
904 541
643 897
643 790
643 541
897 541
790 541
74:
716 710
716 554
710 554
75:
976 621
976 905
621 905
76:
898 934
898 619
934 619
77:
963 836
963 617
836 617
78:
978 625
978 941
625 941
79:
982 905
982 624
905 624
80:
956 802
956 624
802 624
81:
964 941
964 601
941 601
82:
952 961
952 547
961 547
83:
949 767
949 614
767 614
84:
753 879
753 957
939 879
939 957
879 957
85:
959 911
959 666
911 666
86:
668 937
668 827
937 827
87:
793 671
793 844
671 844
88:
992 669
992 737
669 737
89:
999 937
999 652
937 652
90:
695 733
695 859
733 859
91:
988 728
988 709
728 709
92:
744 813
744 983
813 983
93:
930 745
930 911
745 911
94:
790 743
790 844
743 844
95:
950 780
950 824
780 824
96:
898 922
898 784
922 784
97:
969 913
969 783
913 783
98:
783 790
783 991
790 991
99:
837 790
837 775
790 775
100:
841 960
841 757
960 757
101:
817 787
817 991
787 991
102:
896 897
896 810
896 958
896 979
896 849
897 810
810 849
958 849
979 875
979 849
875 849
103:
906 816
906 941
816 941
104:
970 875
970 825
875 825
105:
935 971
935 852
971 852
