# The links inside the communities at k=5
# from G:\Dropbox\Raghda\CNA\Final Project\other methods\CFinder-2.0.6--1448\G:\Dropbox\Raghda\CNA\Final Project\Datasets\binary_networks\LFR5\network_LFR5_Om4.dat
# at no lower link weight threshold,
# and at no upper link weight threshold.
# Links were treated as undirected.
# No time limit was set for the clique search.

0:
956 995
956 990
956 968
956 971
956 943
995 990
995 881
995 968
995 971
995 972
861 963
861 990
861 968
861 971
963 304
963 990
963 968
963 971
963 972
963 618
304 990
304 968
304 971
990 881
990 968
990 971
990 972
990 873
990 943
990 618
881 971
881 972
968 971
968 972
968 873
968 943
968 618
971 972
971 873
971 943
971 618
972 943
873 618
1:
987 728
987 787
987 250
987 429
728 787
728 250
728 429
787 250
787 429
250 429
2:
965 935
965 982
965 260
965 854
935 982
935 260
935 854
982 260
982 854
260 854
3:
814 900
814 921
814 923
814 793
814 305
900 921
900 923
900 793
900 305
921 923
921 793
921 305
923 793
793 305
4:
909 972
909 943
909 919
909 313
972 943
972 919
972 313
943 919
943 313
919 313
5:
977 989
977 932
977 979
977 999
977 710
977 923
977 993
977 628
977 363
989 932
989 979
989 999
989 923
989 628
932 979
932 999
932 710
932 923
932 993
932 628
932 363
979 999
979 710
979 923
979 993
999 710
999 993
999 628
999 363
710 628
993 628
993 363
6:
829 915
829 991
829 908
829 986
829 926
829 448
915 991
915 908
915 986
915 926
915 448
991 908
991 986
991 926
991 448
908 986
908 926
986 448
7:
895 933
895 965
895 957
895 959
895 994
895 982
895 961
895 973
895 966
895 949
895 918
895 469
895 685
933 994
933 966
933 918
965 957
965 994
965 982
965 973
965 966
965 943
965 918
957 959
957 994
957 982
957 941
957 961
957 973
957 966
957 949
957 943
957 409
957 918
957 469
957 685
959 994
959 941
959 966
959 918
994 982
994 941
994 961
994 973
994 966
994 949
994 943
994 409
994 918
994 469
994 685
982 966
982 949
982 918
982 685
941 966
941 918
961 966
961 918
973 966
973 918
973 685
966 949
966 943
966 409
966 918
966 685
949 918
943 918
409 918
918 469
918 685
8:
995 881
995 790
995 414
995 507
881 790
881 414
881 507
790 414
790 507
414 507
9:
983 979
983 502
983 922
983 821
979 502
979 922
979 821
502 922
502 821
922 821
10:
999 809
999 725
999 934
999 696
809 725
809 934
809 696
725 934
725 696
934 696
11:
978 950
978 635
978 925
978 648
950 635
950 925
950 648
635 925
635 648
925 648
12:
996 964
996 663
996 848
996 620
964 663
964 848
964 620
663 848
663 620
848 620
13:
981 987
981 728
981 787
981 925
987 728
987 787
987 925
728 787
728 925
787 925
14:
953 862
953 912
953 865
953 811
862 912
862 865
862 811
912 865
912 811
865 811
15:
933 980
933 920
933 962
933 960
980 920
980 962
980 960
920 962
920 960
962 960
