# The communities at k=4
# from G:\Dropbox\Raghda\CNA\Final Project\other methods\CFinder-2.0.6--1448\G:\Dropbox\Raghda\CNA\Final Project\Datasets\binary_networks\LFR4\network_LFR4_Om5.dat
# at no lower link weight threshold,
# and at no upper link weight threshold.
# Links were treated as undirected.
# No time limit was set for the clique search.

0: 1000 121 679 982 
1: 101 868 881 985 901 930 504 879 422 506 
2: 107 425 687 7 787 896 
3: 94 882 880 990 757 805 860 859 
4: 992 125 642 759 938 977 753 875 946 285 871 537 
5: 892 888 772 996 131 898 962 981 977 947 986 850 782 890 957 865 860 847 51 
6: 934 964 938 14 780 801 800 873 933 529 347 
7: 737 997 145 468 899 945 
8: 931 964 880 147 682 845 947 875 946 392 625 394 862 63 
9: 772 790 154 669 798 936 879 
10: 721 794 155 744 913 319 924 
11: 842 157 765 947 963 928 948 
12: 792 159 650 689 
13: 883 904 162 713 853 988 782 
14: 313 844 851 714 975 874 163 806 926 953 755 897 802 204 946 825 831 521 
15: 858 964 947 901 166 818 848 479 
16: 937 885 17 857 951 231 536 300 340 572 
17: 942 971 172 366 664 959 
18: 174 478 586 755 897 
19: 943 911 824 182 
20: 989 974 818 193 296 
21: 776 835 987 991 999 874 940 986 198 967 984 225 921 795 965 346 919 784 775 768 548 615 
22: 943 558 199 873 
23: 606 834 203 395 933 384 490 
24: 883 950 982 993 884 573 897 990 954 208 804 948 965 956 922 405 697 668 
25: 994 985 951 214 686 745 706 248 728 34 910 599 
26: 989 997 988 990 972 927 944 217 600 960 854 843 
27: 883 992 723 944 298 375 816 
28: 991 849 955 788 339 770 
29: 989 983 929 936 756 910 97 
30: 722 955 935 796 979 999 988 906 976 946 795 277 388 920 905 307 341 644 869 79 843 862 
31: 938 771 819 736 85 86 
32: 894 833 972 628 965 71 
33: 1000 271 654 815 822 878 546 998 574 764 966 856 670 
34: 359 950 979 865 
35: 955 583 935 311 977 
36: 336 958 707 353 
37: 938 939 270 244 
38: 557 792 689 317 
39: 958 240 492 707 918 693 
40: 961 241 643 957 
41: 937 875 249 385 547 320 
42: 971 911 513 729 903 944 959 250 837 825 831 
43: 980 749 937 255 830 932 865 832 
44: 964 957 932 267 624 652 702 966 
45: 994 846 266 728 
46: 942 986 330 879 
47: 991 998 754 956 345 609 910 
48: 997 960 476 350 
49: 983 743 391 922 358 
50: 958 365 693 896 
51: 887 996 979 952 420 976 978 791 370 
52: 380 899 735 565 
53: 989 974 430 843 
54: 858 810 848 402 
55: 726 933 376 896 
56: 929 963 902 450 
57: 913 978 544 550 918 773 
58: 942 991 947 551 986 972 956 404 691 750 
59: 996 970 880 717 922 406 559 
60: 983 992 889 923 752 932 832 852 869 416 704 418 660 
61: 876 961 731 710 828 875 957 441 579 
62: 751 995 900 812 948 879 442 593 
63: 980 798 830 451 
64: 964 963 902 456 
65: 914 799 973 747 473 
66: 503 963 906 781 
67: 783 970 945 518 
68: 762 861 866 554 730 543 
69: 887 908 968 833 541 862 
70: 943 888 996 916 555 
71: 880 990 811 959 535 614 
72: 877 767 998 951 973 571 
73: 950 995 809 970 998 969 971 940 872 976 893 813 867 617 
74: 826 907 818 928 840 688 
75: 995 701 653 893 
76: 623 963 909 895 965 741 
77: 993 793 954 627 
78: 679 982 993 905 
79: 683 972 906 873 890 
80: 987 760 984 695 
81: 995 933 864 740 716 
82: 872 771 736 840 
83: 778 988 986 910 
84: 985 991 925 839 972 
85: 908 974 968 998 846 
86: 996 874 952 941 
87: 992 990 945 930 893 
88: 1000 950 982 989 
