# The links inside the communities at k=4
# from G:\Dropbox\Raghda\CNA\Final Project\other methods\CFinder-2.0.6--1448\G:\Dropbox\Raghda\CNA\Final Project\Datasets\binary_networks\LFR4\network_LFR4_Om5.dat
# at no lower link weight threshold,
# and at no upper link weight threshold.
# Links were treated as undirected.
# No time limit was set for the clique search.

0:
1000 121
1000 679
1000 982
121 679
121 982
679 982
1:
101 868
101 881
101 985
868 881
868 985
868 901
868 930
868 504
868 879
868 422
868 506
881 985
881 901
881 930
881 504
881 879
881 422
881 506
985 504
985 879
985 422
985 506
901 504
930 422
930 506
504 506
422 506
2:
107 425
107 687
107 7
107 787
425 687
425 7
425 787
425 896
687 7
687 787
687 896
7 787
787 896
3:
94 990
94 757
94 859
882 990
882 757
882 859
880 990
880 757
880 859
990 757
990 805
990 860
990 859
757 805
757 860
757 859
805 859
860 859
4:
992 125
992 642
992 759
992 977
992 753
992 875
992 871
992 537
125 642
125 759
642 759
642 938
642 977
642 753
642 871
642 537
759 977
759 753
759 946
759 285
759 871
938 753
938 946
938 871
977 753
977 875
977 871
977 537
753 946
753 285
753 871
875 871
946 871
285 871
871 537
5:
892 996
892 131
892 898
892 962
892 981
892 977
892 947
892 850
892 890
892 957
892 865
892 860
892 847
888 996
888 962
888 957
772 898
772 962
772 981
996 898
996 962
996 981
996 977
996 947
996 986
996 957
996 847
131 898
131 962
131 981
898 962
898 981
898 977
898 947
898 986
898 850
898 782
898 890
898 957
898 865
898 860
898 847
898 51
962 981
962 977
962 947
962 850
962 782
962 890
962 957
962 865
962 860
962 847
962 51
981 977
981 947
981 850
981 782
981 890
981 957
981 865
981 860
981 847
981 51
977 847
947 986
947 847
957 847
6:
934 964
934 938
934 14
934 780
934 801
934 800
934 873
934 933
934 529
934 347
964 14
964 780
964 933
964 529
938 780
938 801
938 933
938 347
14 780
14 801
780 801
780 800
780 873
780 529
780 347
801 800
801 873
801 933
801 529
801 347
933 529
7:
737 997
737 145
737 468
737 899
737 945
997 145
997 468
997 899
997 945
145 468
468 899
468 945
899 945
8:
931 964
931 880
931 147
931 682
931 845
931 947
931 875
931 946
931 392
931 625
931 394
931 862
931 63
964 682
964 845
964 947
964 392
964 394
880 845
880 63
147 682
147 845
682 845
682 946
682 392
682 625
682 394
845 947
845 875
845 392
845 625
845 394
845 862
845 63
947 875
947 625
947 63
946 392
946 625
946 394
392 625
625 394
625 862
9:
772 790
772 936
772 879
790 154
790 669
790 798
790 936
790 879
154 669
154 798
154 936
669 798
669 936
669 879
936 879
10:
721 794
721 155
721 744
721 913
721 319
721 924
794 155
794 744
794 913
794 319
794 924
155 744
744 913
744 319
744 924
913 319
11:
842 157
842 765
842 947
842 963
842 928
842 948
157 765
157 947
157 963
765 947
765 963
765 928
765 948
947 963
947 948
963 928
963 948
928 948
12:
792 159
792 650
792 689
159 650
159 689
650 689
13:
883 904
883 713
883 853
904 162
904 713
904 853
904 988
904 782
162 713
162 853
713 853
713 988
713 782
853 988
853 782
14:
313 975
313 806
313 926
313 953
844 975
844 926
844 953
851 975
851 926
851 953
714 975
714 874
714 926
975 874
975 163
975 806
975 926
975 953
975 755
975 897
975 802
975 204
975 946
975 825
975 831
975 521
874 806
874 926
874 953
874 946
163 806
163 926
163 953
806 926
806 953
806 897
806 946
806 521
926 953
926 755
926 897
926 802
926 204
926 946
926 825
926 831
926 521
953 755
953 897
953 802
953 204
953 946
953 825
953 831
953 521
897 802
946 521
15:
858 947
858 901
858 166
858 818
858 848
858 479
964 947
964 901
964 848
964 479
947 166
947 848
947 479
901 848
901 479
166 818
166 848
818 848
848 479
16:
937 885
937 17
937 857
937 951
937 572
885 17
885 857
885 951
885 231
885 536
885 300
885 340
885 572
17 857
857 951
857 231
857 536
857 300
857 340
857 572
951 536
231 536
536 340
536 572
300 340
300 572
340 572
17:
942 971
942 664
942 959
971 172
971 366
971 664
971 959
172 366
172 664
366 664
366 959
664 959
18:
174 478
174 586
174 755
174 897
478 586
478 755
478 897
586 755
586 897
19:
943 911
943 824
943 182
911 824
911 182
824 182
20:
989 974
989 818
989 193
989 296
974 818
974 193
974 296
818 296
193 296
21:
776 987
776 991
776 986
776 967
776 984
776 921
776 965
776 919
776 548
776 615
835 987
835 991
835 967
835 984
835 921
987 991
987 874
987 940
987 986
987 198
987 967
987 984
987 225
987 921
987 795
987 965
987 346
987 919
987 784
987 775
987 768
987 548
987 615
991 986
991 967
991 984
991 921
991 919
991 615
999 984
999 795
999 768
874 967
874 984
940 967
940 984
940 921
940 919
986 967
986 984
986 921
986 965
986 919
986 784
198 967
198 984
967 984
967 225
967 921
967 795
967 965
967 346
967 919
967 775
967 548
967 615
984 225
984 921
984 795
984 965
984 346
984 919
984 784
984 775
984 768
984 548
984 615
225 921
921 965
921 346
921 919
921 548
921 615
795 768
965 919
965 784
346 919
919 548
919 615
22:
943 558
943 199
943 873
558 199
558 873
199 873
23:
606 834
606 203
606 395
606 933
606 384
606 490
834 395
834 490
203 395
203 933
395 933
395 490
933 384
933 490
384 490
24:
883 993
883 954
883 668
950 982
950 993
950 990
950 954
950 804
950 697
982 993
982 954
982 804
982 948
982 697
993 884
993 573
993 897
993 990
993 954
993 208
993 804
993 948
993 965
993 956
993 405
993 697
993 668
884 954
884 965
884 668
573 954
573 956
897 954
897 804
897 668
990 804
990 956
954 208
954 804
954 948
954 965
954 956
954 922
954 405
954 697
954 668
208 804
804 948
804 965
804 956
804 922
804 697
948 965
948 697
965 922
965 405
956 405
405 697
697 668
25:
994 985
994 951
994 214
994 686
994 745
994 706
994 248
994 728
994 34
994 910
994 599
985 951
985 686
985 745
985 706
985 248
985 728
985 34
985 599
951 686
951 706
214 686
214 745
686 745
686 599
745 706
745 599
706 248
706 728
706 599
728 34
728 910
728 599
910 599
26:
989 997
989 988
989 990
989 972
989 927
989 944
989 600
989 960
989 854
989 843
997 944
997 600
997 960
988 972
988 927
988 960
988 854
988 843
990 972
990 927
990 944
990 217
990 960
972 217
972 960
972 854
972 843
927 960
927 843
944 600
944 960
217 960
960 854
27:
883 992
883 723
883 944
992 723
992 944
992 298
992 375
992 816
723 944
723 298
723 375
723 816
944 298
944 375
944 816
298 375
28:
991 849
991 955
991 788
991 339
849 955
849 788
849 339
849 770
955 788
955 339
955 770
788 339
788 770
29:
989 983
989 929
989 936
989 756
989 910
989 97
983 929
983 936
983 756
983 910
983 97
929 936
929 756
936 756
936 910
756 910
756 97
30:
722 999
722 920
722 869
955 935
955 999
955 976
955 946
955 920
955 341
955 644
935 979
935 999
935 946
935 388
935 920
796 999
796 988
796 920
979 999
979 988
979 976
979 946
979 795
979 920
979 644
979 862
999 988
999 906
999 976
999 946
999 795
999 277
999 388
999 920
999 905
999 307
999 341
999 644
999 869
999 79
999 843
999 862
988 976
988 277
988 388
988 920
988 79
988 843
988 862
906 976
906 920
906 644
906 862
976 920
976 905
976 644
795 920
277 388
277 920
388 920
388 644
920 905
920 307
920 341
920 644
920 869
920 79
920 843
920 862
905 307
307 341
644 869
31:
938 771
938 819
938 736
938 85
938 86
771 819
771 736
771 86
819 736
736 85
736 86
85 86
32:
894 833
894 972
894 628
894 965
894 71
833 972
833 628
833 71
972 628
972 965
972 71
628 965
33:
1000 271
1000 654
1000 815
1000 822
1000 878
271 815
271 822
271 546
271 856
654 815
654 822
654 966
654 856
654 670
815 822
815 878
815 546
815 998
815 764
815 966
815 856
815 670
822 878
822 574
822 764
822 966
822 856
822 670
878 546
878 998
878 574
878 764
878 856
878 670
546 966
546 856
998 574
998 966
998 856
998 670
574 764
574 856
764 670
966 856
856 670
34:
359 950
359 979
359 865
950 979
950 865
979 865
35:
955 583
955 935
955 311
955 977
583 311
583 977
935 311
935 977
311 977
36:
336 958
336 707
336 353
958 707
958 353
707 353
37:
938 939
938 270
938 244
939 270
939 244
270 244
38:
557 792
557 689
557 317
792 689
792 317
689 317
39:
958 240
958 492
958 707
958 918
958 693
240 492
240 707
492 707
492 918
492 693
707 693
918 693
40:
961 241
961 643
961 957
241 643
241 957
643 957
41:
937 249
937 385
937 547
937 320
875 249
875 385
875 547
249 385
249 547
385 547
385 320
547 320
42:
971 911
971 513
971 903
971 944
971 959
971 250
971 837
971 831
911 903
911 959
911 837
513 959
513 831
729 903
729 959
729 837
903 944
903 959
903 250
903 837
903 825
903 831
944 837
959 250
959 837
959 825
959 831
250 837
837 825
837 831
43:
980 749
980 937
980 830
980 932
980 865
980 832
749 937
749 830
749 932
749 865
937 255
937 830
937 932
937 832
255 830
255 932
830 932
830 865
932 832
44:
964 957
964 624
964 652
964 702
964 966
957 932
957 624
957 652
957 702
932 624
932 702
267 624
267 652
267 702
267 966
624 652
624 702
624 966
652 702
652 966
45:
994 846
994 266
994 728
846 266
846 728
266 728
46:
942 986
942 330
942 879
986 330
986 879
330 879
47:
991 998
991 956
991 345
991 609
998 754
998 956
998 345
998 609
998 910
754 345
754 609
956 609
345 609
345 910
609 910
48:
997 960
997 476
997 350
960 476
960 350
476 350
49:
983 743
983 391
983 922
983 358
743 391
743 922
743 358
391 922
391 358
922 358
50:
958 365
958 693
958 896
365 693
365 896
693 896
51:
887 996
887 978
887 791
996 952
996 420
996 976
996 978
996 791
996 370
979 420
979 976
979 978
979 791
979 370
952 420
952 978
952 791
420 978
420 791
976 978
976 370
978 791
978 370
791 370
52:
380 899
380 735
380 565
899 735
899 565
735 565
53:
989 974
989 430
989 843
974 430
974 843
430 843
54:
858 810
858 848
858 402
810 848
810 402
848 402
55:
726 933
726 376
726 896
933 376
933 896
376 896
56:
929 963
929 902
929 450
963 902
963 450
902 450
57:
913 978
913 544
913 550
913 773
978 544
978 550
978 918
978 773
544 550
544 918
544 773
550 918
550 773
918 773
58:
942 551
942 986
942 956
942 404
942 691
942 750
991 986
991 972
991 956
947 551
947 986
947 972
947 691
947 750
551 986
551 972
551 956
551 750
986 972
986 956
986 404
986 691
986 750
972 956
972 404
972 691
972 750
956 691
956 750
404 691
404 750
691 750
59:
996 970
996 880
996 717
996 922
996 406
996 559
970 880
970 717
970 922
970 406
970 559
880 406
717 922
717 406
717 559
922 559
60:
983 992
983 889
983 923
983 752
983 832
983 852
983 416
983 704
983 660
992 889
992 923
992 932
992 852
992 416
992 660
889 923
889 932
889 832
889 852
889 869
889 416
889 704
889 418
889 660
923 752
923 832
923 852
923 416
923 704
752 832
932 852
932 418
852 869
852 416
852 704
852 418
852 660
869 704
416 704
704 660
418 660
61:
876 731
876 710
876 828
961 731
961 710
961 828
961 957
961 441
961 579
731 710
731 828
731 957
731 441
731 579
710 828
710 875
710 957
710 441
710 579
828 875
828 957
828 441
828 579
875 579
957 441
957 579
441 579
62:
751 995
751 900
751 812
751 948
751 879
751 442
751 593
995 900
995 812
995 948
995 879
995 442
995 593
900 812
900 948
900 593
812 948
812 879
812 442
812 593
948 442
948 593
442 593
63:
980 798
980 830
980 451
798 830
798 451
830 451
64:
964 963
964 902
964 456
963 902
963 456
902 456
65:
914 799
914 973
914 747
914 473
799 973
799 747
799 473
973 473
747 473
66:
503 963
503 906
503 781
963 906
963 781
906 781
67:
783 970
783 945
783 518
970 945
970 518
945 518
68:
762 861
762 866
762 554
762 730
861 866
861 730
861 543
866 554
866 730
866 543
554 730
730 543
69:
887 908
887 968
887 541
908 968
908 833
908 541
908 862
968 833
968 541
968 862
833 541
541 862
70:
943 888
943 996
943 555
888 996
888 916
888 555
996 916
996 555
916 555
71:
880 990
880 811
880 959
880 535
880 614
990 811
990 959
990 535
990 614
811 959
811 535
811 614
959 535
959 614
535 614
72:
877 767
877 998
877 951
877 973
767 998
767 973
998 951
998 973
998 571
951 973
951 571
973 571
73:
950 995
950 809
950 998
950 969
950 976
995 970
995 998
995 969
995 971
995 940
995 872
995 893
995 867
995 617
809 969
809 976
970 969
970 617
998 969
998 976
998 813
998 867
969 971
969 940
969 872
969 976
969 893
969 813
969 867
969 617
971 976
971 893
971 867
940 617
872 867
976 867
813 867
867 617
74:
826 907
826 818
826 928
826 840
826 688
907 818
907 928
907 688
818 688
928 840
928 688
840 688
75:
995 701
995 653
995 893
701 653
701 893
653 893
76:
623 963
623 909
623 895
623 965
623 741
963 909
963 895
963 965
909 965
909 741
895 965
965 741
77:
993 793
993 954
993 627
793 954
793 627
954 627
78:
679 982
679 993
679 905
982 993
982 905
993 905
79:
683 972
683 906
683 873
683 890
972 906
972 873
972 890
906 873
906 890
80:
987 760
987 984
987 695
760 984
760 695
984 695
81:
995 933
995 864
995 740
995 716
933 864
933 716
864 740
864 716
740 716
82:
872 771
872 736
872 840
771 736
771 840
736 840
83:
778 988
778 986
778 910
988 986
988 910
986 910
84:
985 991
985 925
985 839
985 972
991 925
991 839
991 972
925 839
925 972
85:
908 974
908 968
908 998
908 846
974 968
974 998
968 998
968 846
998 846
86:
996 874
996 952
996 941
874 952
874 941
952 941
87:
992 990
992 945
992 930
992 893
990 945
990 930
990 893
945 930
945 893
930 893
88:
1000 950
1000 982
1000 989
950 982
950 989
982 989
