# The links inside the communities at k=7
# from G:\Dropbox\Raghda\CNA\Final Project\other methods\CFinder-2.0.6--1448\G:\Dropbox\Raghda\CNA\Final Project\Datasets\binary_networks\LFR4\network_LFR4_Om5.dat
# at no lower link weight threshold,
# and at no upper link weight threshold.
# Links were treated as undirected.
# No time limit was set for the clique search.

0:
961 731
961 710
961 828
961 957
961 441
961 579
731 710
731 828
731 957
731 441
731 579
710 828
710 957
710 441
710 579
828 957
828 441
828 579
957 441
957 579
441 579
1:
776 987
776 991
776 986
776 967
776 984
776 921
776 965
776 919
776 548
776 615
987 991
987 986
987 967
987 984
987 921
987 965
987 919
987 548
987 615
991 986
991 967
991 984
991 921
991 919
991 615
986 967
986 984
986 921
986 965
986 919
967 984
967 921
967 965
967 919
967 548
967 615
984 921
984 965
984 919
984 548
984 615
921 965
921 919
921 548
921 615
965 919
919 548
919 615
2:
892 996
892 898
892 962
892 981
892 977
892 947
892 957
892 847
996 898
996 962
996 981
996 977
996 947
996 957
996 847
898 962
898 981
898 977
898 947
898 957
898 847
962 981
962 977
962 947
962 957
962 847
981 977
981 947
981 957
981 847
977 847
947 847
957 847
