# The links from G:\Dropbox\Raghda\CNA\Final Project\other methods\CFinder-2.0.6--1448\G:\Dropbox\Raghda\CNA\Final Project\Datasets\binary_networks\LFR3\network_LFR3_Om5.dat
# at no lower link weight threshold,
# and at no upper link weight threshold.
# Links were treated as undirected.
# No time limit was set for the clique search.
# (mutual links and self-links were removed)

1 529
1 868
1 945
1 982
10 298
10 639
10 742
10 989
100 973
100 979
100 996
100 999
1000 113
1000 127
1000 168
1000 221
1000 248
1000 306
1000 31
1000 312
1000 333
1000 373
1000 378
1000 398
1000 418
1000 486
1000 520
1000 562
1000 564
1000 58
1000 589
1000 636
1000 642
1000 644
1000 648
1000 656
1000 697
1000 713
1000 730
1000 748
1000 751
1000 753
1000 775
1000 781
1000 784
1000 785
1000 819
1000 843
1000 849
1000 856
1000 857
1000 86
1000 882
1000 900
1000 914
1000 927
1000 942
1000 964
1000 966
1000 968
1000 97
1000 997
101 168
101 411
101 962
101 992
102 944
102 963
102 976
102 987
103 615
103 794
103 810
103 984
104 489
104 759
104 990
104 992
105 523
105 540
105 899
105 908
106 368
106 961
106 981
106 991
107 763
107 801
107 979
107 999
108 578
108 661
108 696
108 710
109 823
109 879
109 925
109 945
11 514
11 699
11 871
11 912
110 502
110 720
110 761
110 881
111 570
111 752
111 933
111 992
112 770
112 816
112 967
112 996
113 1000
113 38
113 486
113 964
114 606
114 933
114 990
114 992
115 796
115 864
115 865
115 916
116 605
116 801
116 973
116 999
117 226
117 873
117 893
117 930
118 366
118 913
118 918
118 971
119 188
119 957
119 993
119 995
12 44
12 446
12 791
12 987
120 496
120 699
120 837
120 921
121 364
121 749
121 949
121 978
122 455
122 887
122 965
122 995
123 342
123 508
123 747
123 971
124 329
124 46
124 852
124 953
125 550
125 794
125 861
125 984
126 768
126 867
126 910
126 986
127 1000
127 874
127 927
127 966
128 929
128 953
128 961
128 971
129 685
129 981
129 993
129 995
13 722
13 946
13 985
13 993
130 755
130 772
130 813
130 934
131 733
131 747
131 769
131 970
132 838
132 839
132 931
132 957
133 476
133 817
133 833
133 912
134 818
134 856
134 959
134 987
135 255
135 574
135 791
135 923
136 656
136 928
136 953
136 971
137 829
137 836
137 87
137 988
138 766
138 814
138 925
138 938
139 801
139 806
139 816
139 979
14 809
14 856
14 945
14 960
140 489
140 643
140 990
140 992
141 376
141 610
141 77
141 960
142 679
142 940
142 952
142 989
143 435
143 916
143 969
143 970
144 680
144 718
144 961
144 991
145 805
145 864
145 866
145 916
146 903
146 963
146 976
146 986
147 881
147 979
147 996
147 999
148 880
148 957
148 985
148 991
149 959
149 976
149 986
149 987
15 249
15 773
15 825
15 862
150 41
150 869
150 901
150 953
151 313
151 427
151 691
151 915
152 411
152 74
152 956
152 965
153 67
153 755
153 950
153 999
154 656
154 949
154 970
154 978
155 888
155 975
155 995
155 998
156 413
156 950
156 960
156 982
157 61
157 941
157 949
157 978
158 371
158 880
158 939
158 960
159 252
159 848
159 985
159 993
16 254
16 786
16 990
16 992
160 888
160 925
160 974
160 975
161 881
161 945
161 982
161 983
162 363
162 762
162 917
162 976
163 701
163 861
163 89
163 999
164 764
164 922
164 975
164 998
165 387
165 711
165 776
165 915
166 197
166 792
166 993
166 995
167 560
167 806
167 883
167 901
168 1000
168 101
168 758
168 951
169 883
169 973
169 979
169 986
17 183
17 602
17 897
17 921
170 850
170 867
170 910
170 986
171 783
171 953
171 971
171 991
172 755
172 760
172 813
172 934
173 890
173 950
173 996
173 999
174 358
174 674
174 690
174 803
175 726
175 732
175 798
175 979
176 264
176 333
176 642
176 942
177 883
177 901
177 979
177 996
178 621
178 696
178 745
178 918
179 788
179 840
179 855
179 937
18 961
18 991
18 993
18 995
180 935
180 940
180 962
180 999
181 917
181 928
181 968
181 973
182 514
182 881
182 946
182 982
183 17
183 496
183 940
183 962
184 778
184 796
184 866
184 916
185 207
185 497
185 850
185 912
186 507
186 552
186 694
186 979
187 865
187 877
187 904
187 967
188 119
188 763
188 926
188 991
189 61
189 949
189 970
189 978
19 267
19 764
19 803
19 998
190 295
190 974
190 975
190 998
191 922
191 974
191 975
191 998
192 619
192 846
192 899
192 908
193 259
193 889
193 941
193 969
194 786
194 807
194 990
194 992
195 782
195 913
195 965
195 971
196 591
196 606
196 975
196 998
197 166
197 941
197 957
197 991
198 825
198 862
198 962
198 983
199 653
199 911
199 962
199 989
2 669
2 877
2 945
2 994
20 654
20 712
20 937
20 944
200 938
200 960
200 976
200 995
201 558
201 860
201 877
201 912
202 577
202 831
202 929
202 965
203 598
203 647
203 875
203 989
204 739
204 891
204 935
204 989
205 858
205 869
205 919
205 993
206 844
206 959
206 976
206 983
207 185
207 57
207 711
207 915
208 572
208 765
208 789
208 853
209 760
209 772
209 934
209 998
21 428
21 76
21 859
21 976
210 497
210 71
210 822
210 915
211 339
211 618
211 797
211 919
212 648
212 661
212 856
212 882
213 728
213 952
213 980
213 994
214 872
214 885
214 941
214 969
215 277
215 445
215 792
215 957
216 397
216 648
216 869
216 919
217 809
217 881
217 894
217 982
218 872
218 885
218 889
218 969
219 742
219 872
219 911
219 989
22 550
22 565
22 978
22 988
220 403
220 758
220 791
220 923
221 1000
221 874
221 937
221 942
222 298
222 608
222 622
222 989
223 243
223 883
223 901
223 950
224 695
224 771
224 895
224 998
225 594
225 789
225 824
225 994
226 117
226 292
226 791
226 983
227 565
227 829
227 843
227 908
228 498
228 862
228 919
228 998
229 383
229 853
229 938
229 992
23 557
23 825
23 862
23 946
230 927
230 952
230 974
230 984
231 540
231 755
231 813
231 934
232 640
232 724
232 932
232 955
233 865
233 904
233 967
233 994
234 957
234 981
234 985
234 991
235 921
235 935
235 944
235 962
236 799
236 826
236 990
236 992
237 512
237 906
237 981
237 991
238 390
238 737
238 990
238 992
239 35
239 51
239 577
239 965
239 971
24 788
24 811
24 876
24 884
240 837
240 847
240 907
240 970
240 978
241 509
241 650
241 845
241 947
241 983
242 830
242 860
242 974
242 975
242 998
243 223
243 862
243 938
243 957
243 992
244 278
244 669
244 817
244 859
244 912
245 612
245 892
245 909
245 955
245 972
246 828
246 943
246 954
246 955
246 958
247 356
247 417
247 747
247 839
247 930
248 1000
248 797
248 876
248 885
248 993
249 15
249 557
249 651
249 924
249 983
25 586
25 634
25 909
25 954
250 331
250 726
250 88
250 945
250 946
251 457
251 787
251 857
251 882
251 997
252 159
252 880
252 961
252 985
252 995
253 500
253 857
253 902
253 985
253 995
254 16
254 851
254 863
254 873
254 930
255 135
255 507
255 758
255 791
255 923
256 318
256 538
256 875
256 916
256 941
257 870
257 910
257 929
257 990
257 994
258 851
258 863
258 869
258 893
258 930
259 193
259 607
259 870
259 885
259 889
26 798
26 939
26 952
26 982
260 562
260 807
260 981
260 984
260 994
261 566
261 961
261 981
261 991
261 995
262 565
262 852
262 928
262 953
262 977
263 810
263 920
263 943
263 954
263 955
264 176
264 41
264 649
264 715
264 966
265 596
265 824
265 899
265 944
265 984
266 645
266 722
266 906
266 926
266 991
267 19
267 830
267 974
267 975
267 998
268 410
268 627
268 707
268 860
268 906
269 918
269 986
269 992
269 995
269 996
27 648
27 934
27 993
27 999
270 688
270 797
270 841
270 858
270 919
271 606
271 729
271 737
271 977
271 990
272 777
272 896
272 898
272 956
272 977
273 615
273 665
273 810
273 827
273 984
274 369
274 704
274 867
274 948
274 986
275 679
275 719
275 848
275 946
275 953
276 552
276 930
276 945
276 970
276 985
277 215
277 545
277 705
277 961
277 993
278 244
278 795
278 871
278 912
278 980
279 350
279 880
279 904
279 981
279 995
28 805
28 981
28 985
28 995
280 564
280 691
280 795
280 912
280 915
281 630
281 792
281 985
281 991
281 995
282 366
282 543
282 783
282 944
282 953
283 503
283 755
283 772
283 934
283 946
284 536
284 767
284 793
284 920
284 971
285 957
285 961
285 981
285 985
285 995
286 694
286 777
286 896
286 898
286 937
287 497
287 549
287 557
287 833
287 871
288 828
288 909
288 920
288 943
288 954
289 448
289 687
289 741
289 881
289 982
29 716
29 920
29 955
29 972
290 443
290 708
290 758
290 791
290 923
291 680
291 848
291 928
291 953
291 971
292 226
292 541
292 678
292 923
292 983
293 553
293 564
293 935
293 962
293 989
294 447
294 918
294 928
294 953
294 956
295 190
295 771
295 909
295 974
295 998
296 877
296 904
296 951
296 967
296 980
297 785
297 790
297 923
297 984
297 987
298 10
298 222
298 553
298 739
298 952
299 90
299 910
299 959
299 986
299 987
3 386
3 934
3 970
3 975
30 623
30 934
30 969
30 986
300 494
300 729
300 974
300 975
300 998
301 451
301 834
301 897
301 952
301 989
302 628
302 880
302 985
302 993
302 995
303 424
303 638
303 736
303 817
303 982
304 610
304 803
304 894
304 977
304 982
305 767
305 778
305 905
305 972
305 999
306 1000
306 785
306 902
306 927
306 997
307 538
307 726
307 831
307 914
307 960
308 47
308 766
308 840
308 879
308 884
309 52
309 922
309 974
309 975
309 998
31 1000
31 826
31 938
31 991
310 392
310 637
310 870
310 872
310 969
311 566
311 792
311 798
311 947
311 981
312 1000
312 644
312 702
312 961
312 968
313 151
313 490
313 514
313 808
313 850
314 522
314 550
314 794
314 984
314 99
315 786
315 830
315 903
315 990
315 992
316 517
316 629
316 907
316 970
316 978
317 577
317 872
317 921
317 931
317 996
318 256
318 859
318 888
318 890
318 895
319 65
319 792
319 946
319 981
319 995
32 961
32 981
32 985
32 995
320 933
320 937
320 975
320 990
320 992
321 713
321 870
321 872
321 885
321 969
322 594
322 900
322 902
322 964
322 997
323 480
323 883
323 940
323 983
323 996
324 864
324 878
324 962
324 978
324 997
325 608
325 623
325 742
325 891
325 952
326 733
326 798
326 945
326 977
326 983
327 876
327 923
327 952
327 984
327 993
328 329
328 887
328 953
328 956
328 974
329 124
329 328
329 527
329 953
329 965
33 863
33 876
33 893
33 930
330 499
330 578
330 627
330 819
330 871
331 250
331 626
331 687
331 728
331 831
332 821
332 883
332 979
332 996
332 999
333 1000
333 176
333 849
333 944
333 968
334 797
334 841
334 858
334 902
334 919
335 453
335 626
335 699
335 88
335 894
336 763
336 769
336 859
336 997
336 998
337 781
337 863
337 900
337 964
337 966
338 658
338 694
338 808
338 845
338 896
339 211
339 797
339 80
339 841
339 919
34 70
34 820
34 872
34 984
340 479
340 578
340 817
340 850
340 912
341 444
341 491
341 506
341 600
341 840
342 123
342 356
342 583
342 747
342 769
343 888
343 895
343 922
343 975
343 998
344 727
344 823
344 855
344 925
344 984
345 634
345 868
345 945
345 982
345 983
346 433
346 698
346 888
346 974
346 998
347 441
347 547
347 756
347 765
347 789
348 845
348 896
348 898
348 947
348 983
349 619
349 688
349 725
349 899
349 908
35 239
35 757
35 848
35 929
350 279
350 957
350 985
350 991
350 993
351 846
351 948
351 963
351 986
351 987
352 494
352 778
352 932
352 943
352 972
353 673
353 888
353 938
353 975
353 998
354 766
354 840
354 875
354 925
354 954
355 480
355 816
355 861
355 979
355 999
356 247
356 342
356 508
356 709
356 747
357 777
357 798
357 845
357 898
357 977
358 174
358 391
358 740
358 809
358 945
359 609
359 729
359 771
359 830
359 974
36 491
36 812
36 816
36 861
360 629
360 907
360 949
360 970
360 978
361 765
361 804
361 870
361 872
361 969
362 757
362 794
362 810
362 820
362 984
363 162
363 683
363 701
363 973
363 979
364 121
364 613
364 732
364 907
364 949
365 847
365 931
365 970
365 978
365 985
366 118
366 282
366 782
366 913
366 965
367 466
367 810
367 820
367 984
367 988
368 106
368 820
368 852
368 927
368 934
369 274
369 791
369 984
369 985
369 999
37 600
37 727
37 814
37 855
370 470
370 522
370 693
370 820
370 984
371 158
371 413
371 809
371 939
371 947
372 828
372 892
372 909
372 943
372 972
373 1000
373 849
373 960
373 964
373 997
374 950
374 973
374 979
374 996
374 999
375 584
375 857
375 900
375 966
375 997
376 141
376 808
376 868
376 960
376 982
377 863
377 873
377 876
377 893
377 930
378 1000
378 629
378 907
378 949
378 978
379 563
379 773
379 825
379 862
379 983
38 113
38 602
38 604
38 991
380 527
380 913
380 918
380 956
380 965
381 659
381 957
381 961
381 981
381 985
382 871
382 926
382 964
382 969
382 994
383 229
383 504
383 959
383 976
383 986
384 622
384 839
384 880
384 884
384 980
385 639
385 877
385 951
385 980
385 994
386 3
386 75
386 834
386 891
386 897
387 165
387 795
387 822
387 84
387 915
388 841
388 858
388 869
388 873
388 919
389 747
389 827
389 845
389 896
389 898
39 641
39 651
39 838
39 839
390 238
390 470
390 769
390 838
390 839
391 358
391 663
391 744
391 818
391 959
392 310
392 501
392 732
392 809
392 983
393 686
393 796
393 805
393 864
393 866
393 916
394 601
394 733
394 769
394 838
394 839
394 868
395 831
395 892
395 917
395 948
395 976
395 986
396 496
396 652
396 834
396 902
396 952
396 989
397 216
397 618
397 841
397 858
397 869
397 919
398 1000
398 486
398 520
398 775
398 964
398 968
399 689
399 932
399 954
399 955
399 958
399 986
4 774
4 790
4 835
4 994
40 600
40 654
40 79
40 879
400 815
400 851
400 873
400 876
400 893
400 930
401 725
401 835
401 842
401 865
401 904
401 994
402 654
402 788
402 823
402 879
402 884
402 925
403 220
403 495
403 526
403 678
403 791
403 923
404 628
404 824
404 959
404 963
404 986
404 987
405 623
405 742
405 891
405 921
405 940
405 962
406 760
406 766
406 772
406 813
406 914
406 934
407 590
407 625
407 880
407 926
407 985
407 993
408 481
408 488
408 525
408 911
408 940
408 952
409 680
409 918
409 928
409 956
409 965
409 990
41 150
41 264
41 765
41 789
410 268
410 592
410 710
410 822
410 850
410 859
411 101
411 152
411 782
411 918
411 965
411 971
412 818
412 948
412 959
412 963
412 986
412 987
413 156
413 371
413 720
413 736
413 945
413 960
414 427
414 627
414 745
414 850
414 871
414 928
415 596
415 899
415 903
415 945
415 956
415 989
416 46
416 852
416 913
416 918
416 965
416 971
417 247
417 456
417 733
417 838
417 839
417 992
418 1000
418 562
418 805
418 927
418 964
418 997
419 505
419 550
419 615
419 733
419 984
419 988
42 602
42 832
42 921
42 962
420 720
420 803
420 831
420 881
420 945
420 982
421 734
421 763
421 812
421 950
421 996
421 999
422 433
422 534
422 865
422 951
422 967
422 980
423 683
423 762
423 846
423 867
423 976
423 986
424 303
424 448
424 596
424 726
424 831
424 939
425 563
425 651
425 773
425 825
425 862
425 925
426 716
426 800
426 955
426 958
426 972
426 997
427 151
427 414
427 711
427 752
427 795
427 912
428 21
428 695
428 834
428 844
428 923
428 979
429 610
429 78
429 836
429 933
429 990
429 992
43 770
43 973
43 985
43 996
430 541
430 708
430 758
430 791
430 807
430 923
431 448
431 62
431 72
431 736
431 960
431 982
432 462
432 474
432 641
432 774
432 891
432 999
433 346
433 422
433 729
433 854
433 974
433 998
434 625
434 961
434 985
434 987
434 991
434 993
435 143
435 806
435 816
435 970
435 979
435 999
436 588
436 851
436 863
436 873
436 893
436 930
437 490
437 736
437 853
437 935
437 967
437 996
438 554
438 711
438 916
438 985
438 987
438 997
439 780
439 847
439 907
439 949
439 970
439 978
44 12
44 624
44 965
44 971
440 626
440 881
440 924
440 939
440 945
440 960
441 347
441 461
441 756
441 789
441 826
441 853
442 957
442 972
442 981
442 991
442 993
442 995
443 290
443 623
443 667
443 739
443 944
443 989
444 341
444 491
444 766
444 875
444 910
444 938
445 215
445 500
445 512
445 957
445 981
445 993
446 12
446 614
446 797
446 841
446 869
446 919
447 294
447 719
447 887
447 928
447 965
447 971
448 289
448 424
448 431
448 831
448 945
448 960
449 617
449 844
449 917
449 976
449 986
449 987
45 773
45 796
45 825
45 862
450 71
450 899
450 908
450 943
450 951
450 987
451 301
451 690
451 692
451 940
451 952
451 997
452 610
452 64
452 674
452 927
452 945
452 960
453 335
453 828
453 909
453 920
453 954
453 955
454 864
454 916
454 966
454 969
454 978
454 999
455 122
455 887
455 929
455 956
455 962
455 965
456 417
456 508
456 733
456 769
456 838
456 839
457 251
457 702
457 956
457 966
457 968
457 997
458 591
458 609
458 671
458 698
458 809
458 975
459 842
459 847
459 951
459 967
459 980
459 994
46 124
46 416
46 929
46 956
460 466
460 505
460 794
460 820
460 946
460 984
461 441
461 571
461 847
461 907
461 970
461 978
462 432
462 861
462 897
462 950
462 979
462 999
463 48
463 639
463 790
463 951
463 967
463 994
464 468
464 497
464 761
464 819
464 889
464 969
465 758
465 761
465 814
465 916
465 978
465 998
466 367
466 460
466 615
466 810
466 820
466 984
467 828
467 905
467 932
467 958
467 966
467 972
468 464
468 804
468 885
468 889
468 941
468 969
469 640
469 905
469 913
469 920
469 932
469 972
47 308
47 827
47 840
47 855
470 370
470 390
470 63
470 733
470 769
470 839
471 477
471 806
471 883
471 973
471 979
471 996
472 561
472 802
472 895
472 974
472 975
472 998
473 490
473 497
473 511
473 696
473 871
473 912
474 432
474 605
474 642
474 861
474 996
474 999
475 779
475 891
475 951
475 956
475 960
475 986
476 133
476 710
476 745
476 795
476 799
476 915
477 471
477 593
477 950
477 973
477 996
477 999
478 600
478 766
478 811
478 840
478 875
478 938
479 340
479 795
479 822
479 833
479 912
479 947
48 463
48 728
48 980
48 994
480 323
480 355
480 793
480 901
480 996
480 999
481 408
481 541
481 891
481 911
481 935
481 989
482 887
482 890
482 918
482 929
482 944
482 971
483 484
483 706
483 878
483 885
483 941
483 969
484 483
484 659
484 872
484 889
484 941
484 969
485 903
485 933
485 936
485 937
485 990
485 992
486 1000
486 113
486 398
486 849
486 927
486 997
487 722
487 793
487 905
487 920
487 943
487 972
488 408
488 525
488 952
488 962
488 969
488 989
489 104
489 140
489 933
489 990
489 992
489 995
49 502
49 894
49 905
49 945
490 313
490 437
490 473
490 514
490 666
490 812
491 341
491 36
491 444
491 677
491 879
491 938
492 736
492 809
492 846
492 868
492 931
492 982
493 80
493 819
493 841
493 858
493 869
493 919
493 980
494 300
494 352
494 698
494 743
494 888
494 974
494 998
495 403
495 589
495 658
495 845
495 896
495 898
495 947
496 120
496 183
496 396
496 555
496 587
496 962
496 989
497 185
497 210
497 287
497 464
497 473
497 501
497 795
498 228
498 739
498 834
498 911
498 935
498 940
498 955
499 330
499 691
499 769
499 817
499 833
499 860
499 915
5 679
5 929
5 956
5 965
50 642
50 734
50 966
50 988
500 253
500 445
500 566
500 961
500 966
500 981
500 985
501 392
501 497
501 809
501 866
501 916
501 941
501 978
502 110
502 49
502 732
502 798
502 939
502 982
502 998
503 283
503 581
503 887
503 913
503 956
503 965
503 971
504 383
504 838
504 940
504 975
504 984
504 995
504 998
505 419
505 460
505 522
505 693
505 699
505 820
505 984
506 341
506 569
506 677
506 711
506 884
506 925
506 938
507 186
507 255
507 641
507 662
507 812
507 950
507 979
508 123
508 356
508 456
508 63
508 769
508 838
508 839
509 241
509 643
509 731
509 807
509 903
509 931
509 990
51 239
51 624
51 929
51 953
510 563
510 668
510 773
510 825
510 862
510 924
510 946
511 473
511 549
511 617
511 707
511 752
511 817
511 975
512 237
512 445
512 519
512 926
512 961
512 991
512 993
513 546
513 637
513 755
513 772
513 813
513 839
513 934
514 11
514 182
514 313
514 490
514 795
514 850
514 912
515 539
515 828
515 889
515 932
515 954
515 958
515 972
516 641
516 655
516 662
516 774
516 973
516 996
516 999
517 316
517 571
517 907
517 914
517 922
517 949
517 978
518 767
518 907
518 920
518 943
518 954
518 955
518 972
519 512
519 621
519 649
519 798
519 895
519 976
519 998
52 309
52 876
52 893
52 930
520 1000
520 398
520 650
520 843
520 900
520 964
520 966
521 828
521 899
521 909
521 920
521 954
521 958
521 972
522 314
522 370
522 505
522 754
522 794
522 973
522 984
523 105
523 567
523 573
523 619
523 725
523 899
523 908
524 571
524 847
524 907
524 911
524 949
524 970
524 978
525 408
525 488
525 587
525 602
525 829
525 834
525 891
526 403
526 614
526 797
526 841
526 858
526 869
526 919
527 329
527 380
527 918
527 928
527 941
527 953
527 965
528 830
528 895
528 922
528 933
528 974
528 975
528 998
529 1
529 610
529 740
529 919
529 939
529 945
529 982
53 556
53 865
53 904
53 980
530 689
530 800
530 815
530 905
530 932
530 954
530 958
531 635
531 779
531 842
531 865
531 951
531 967
531 980
532 625
532 906
532 926
532 961
532 981
532 985
532 995
533 723
533 846
533 948
533 959
533 976
533 986
533 987
534 422
534 603
534 728
534 790
534 965
534 980
534 994
535 580
535 742
535 911
535 940
535 952
535 962
535 989
536 284
536 767
536 800
536 943
536 955
536 972
536 975
537 651
537 783
537 848
537 887
537 913
537 947
537 953
538 256
538 307
538 584
538 868
538 939
538 960
538 982
539 515
539 768
539 920
539 932
539 955
539 958
539 972
54 573
54 688
54 899
54 908
540 105
540 231
540 573
540 619
540 725
540 899
540 908
541 292
541 430
541 481
541 678
541 708
541 758
541 923
542 737
542 811
542 860
542 862
542 897
542 911
542 953
543 282
543 680
543 783
543 826
543 928
543 956
543 965
544 735
544 844
544 867
544 886
544 948
544 963
544 986
545 277
545 815
545 863
545 873
545 876
545 893
545 930
546 513
546 59
546 755
546 760
546 813
546 934
546 936
547 347
547 676
547 756
547 789
547 813
547 853
547 892
548 556
548 668
548 721
548 935
548 967
548 980
548 994
549 287
549 511
549 634
549 822
549 833
549 859
549 915
55 877
55 967
55 980
55 994
550 125
550 22
550 314
550 419
550 597
550 810
550 984
551 572
551 676
551 756
551 765
551 789
551 853
551 914
552 186
552 276
552 806
552 861
552 883
552 950
552 999
553 293
553 298
553 587
553 746
553 891
553 897
553 940
554 438
554 595
554 613
554 654
554 692
554 811
554 938
555 496
555 707
555 739
555 75
555 940
555 952
555 989
556 53
556 548
556 620
556 951
556 967
556 980
556 994
557 23
557 249
557 287
557 773
557 825
557 862
557 983
558 201
558 699
558 710
558 859
558 860
558 871
558 915
559 822
559 888
559 890
559 922
559 923
559 929
559 983
56 910
56 94
56 948
56 976
560 167
560 746
560 794
560 950
560 973
560 983
560 996
561 472
561 727
561 735
561 851
561 974
561 985
561 987
562 1000
562 260
562 418
562 675
562 751
562 766
562 968
563 379
563 425
563 510
563 773
563 825
563 862
563 970
564 1000
564 280
564 293
564 958
564 959
564 960
564 986
565 22
565 227
565 262
565 780
565 907
565 970
565 978
566 261
566 311
566 500
566 598
566 961
566 991
566 995
567 523
567 573
567 688
567 725
567 892
567 899
567 908
568 613
568 717
568 907
568 924
568 949
568 970
568 978
569 506
569 595
569 712
569 837
569 879
569 925
569 938
57 207
57 711
57 795
57 871
570 111
570 74
570 786
570 836
570 903
570 990
570 992
571 461
571 517
571 524
571 629
571 646
571 847
571 978
572 208
572 551
572 676
572 756
572 789
572 853
572 958
573 523
573 54
573 540
573 567
573 688
573 725
573 899
573 908
574 135
574 634
574 689
574 708
574 758
574 791
574 923
574 983
575 866
575 899
575 908
575 916
575 923
575 956
575 994
575 997
576 626
576 674
576 732
576 740
576 798
576 881
576 947
576 960
577 202
577 239
577 317
577 709
577 887
577 913
577 956
577 971
578 108
578 330
578 340
578 627
578 666
578 701
578 860
578 912
579 728
579 750
579 866
579 904
579 951
579 967
579 980
579 994
58 1000
58 751
58 775
58 968
580 535
580 587
580 611
580 613
580 69
580 844
580 969
580 970
581 503
581 687
581 848
581 918
581 928
581 929
581 956
581 971
582 630
582 667
582 705
582 792
582 815
582 957
582 961
582 993
583 342
583 762
583 818
583 821
583 824
583 963
583 976
583 987
584 375
584 538
584 695
584 726
584 831
584 939
584 960
584 982
585 631
585 703
585 796
585 805
585 864
585 866
585 916
585 956
586 25
586 640
586 778
586 800
586 917
586 932
586 943
586 955
587 496
587 525
587 553
587 580
587 786
587 829
587 952
587 962
588 436
588 830
588 922
588 937
588 947
588 974
588 975
588 998
589 1000
589 495
589 650
589 658
589 845
589 896
589 898
589 937
59 546
59 772
59 813
59 934
590 407
590 628
590 632
590 804
590 926
590 957
590 961
590 995
591 196
591 458
591 743
591 758
591 764
591 895
591 974
591 998
592 410
592 716
592 767
592 793
592 800
592 905
592 932
592 954
593 477
593 734
593 812
593 816
593 914
593 973
593 996
593 999
594 225
594 322
594 775
594 927
594 964
594 966
594 968
594 976
595 554
595 569
595 676
595 727
595 788
595 811
595 827
595 925
596 265
596 415
596 424
596 627
596 707
596 776
596 860
596 915
597 550
597 615
597 665
597 693
597 781
597 820
597 984
597 988
598 203
598 566
598 829
598 935
598 940
598 944
598 962
598 989
599 610
599 64
599 736
599 803
599 831
599 939
599 960
599 97
6 941
6 965
6 984
6 985
60 905
60 906
60 957
60 981
600 341
600 37
600 40
600 478
600 673
600 875
600 879
600 938
601 394
601 747
601 756
601 862
601 866
601 916
601 930
601 937
602 17
602 38
602 42
602 525
602 853
602 921
602 935
602 989
603 534
603 724
603 835
603 877
603 958
603 967
603 980
603 994
604 38
604 641
604 662
604 67
604 746
604 839
604 901
604 999
605 116
605 474
605 746
605 774
605 806
605 964
605 996
605 999
606 114
606 196
606 271
606 799
606 836
606 933
606 990
606 992
607 259
607 642
607 644
607 832
607 843
607 914
607 927
607 968
608 222
608 325
608 921
608 935
608 952
608 962
608 987
608 989
609 359
609 458
609 771
609 777
609 830
609 974
609 975
609 998
61 157
61 189
61 780
61 949
610 141
610 304
610 429
610 452
610 529
610 599
610 939
610 982
611 580
611 660
611 790
611 904
611 951
611 967
611 980
611 994
612 245
612 698
612 743
612 764
612 922
612 974
612 975
612 998
613 364
613 554
613 568
613 580
613 646
613 907
613 949
613 970
614 446
614 526
614 797
614 841
614 858
614 869
614 919
614 989
615 103
615 273
615 419
615 466
615 597
615 794
615 940
615 984
616 624
616 657
616 895
616 897
616 922
616 934
616 948
616 977
617 449
617 511
617 696
617 711
617 776
617 817
617 850
617 860
618 211
618 397
618 654
618 797
618 80
618 841
618 858
618 919
619 192
619 349
619 523
619 540
619 688
619 725
619 899
619 908
62 431
62 900
62 964
62 968
620 556
620 728
620 877
620 887
620 904
620 967
620 980
620 994
621 178
621 519
621 666
621 710
621 752
621 817
621 84
621 871
622 222
622 384
622 911
622 921
622 940
622 950
622 952
622 989
623 30
623 325
623 405
623 443
623 742
623 940
623 962
623 972
624 44
624 51
624 616
624 852
624 913
624 928
624 956
624 965
625 407
625 434
625 532
625 645
625 83
625 906
625 985
625 991
626 331
626 335
626 440
626 576
626 64
626 856
626 931
626 982
627 268
627 330
627 414
627 578
627 596
627 833
627 860
627 977
628 302
628 404
628 590
628 722
628 926
628 981
628 991
628 993
629 316
629 360
629 378
629 571
629 717
629 949
629 970
629 978
63 470
63 508
63 769
63 838
630 281
630 582
630 722
630 906
630 926
630 985
630 993
630 995
631 585
631 672
631 703
631 796
631 805
631 864
631 866
631 916
632 590
632 633
632 957
632 961
632 981
632 991
632 993
632 995
633 632
633 909
633 920
633 932
633 943
633 955
633 958
633 972
634 25
634 345
634 549
634 574
634 660
634 862
634 923
634 994
635 531
635 660
635 835
635 842
635 951
635 967
635 980
635 994
636 1000
636 675
636 730
636 843
636 857
636 964
636 968
636 997
637 310
637 513
637 865
637 879
637 934
637 980
637 982
637 984
638 303
638 736
638 803
638 893
638 894
638 931
638 939
638 960
639 10
639 385
639 463
639 750
639 835
639 904
639 967
639 994
64 452
64 599
64 626
64 894
640 232
640 469
640 586
640 932
640 943
640 954
640 955
640 958
640 972
641 39
641 432
641 507
641 516
641 604
641 683
641 837
641 950
641 973
642 1000
642 176
642 474
642 50
642 607
642 781
642 882
642 988
642 997
643 140
643 509
643 786
643 799
643 821
643 836
643 933
643 990
643 992
644 1000
644 312
644 607
644 753
644 784
644 874
644 966
644 968
644 997
645 266
645 625
645 906
645 934
645 957
645 961
645 985
645 993
645 995
646 571
646 613
646 780
646 847
646 894
646 907
646 949
646 970
646 978
647 203
647 749
647 826
647 897
647 911
647 921
647 96
647 962
647 989
648 1000
648 212
648 216
648 27
648 675
648 849
648 900
648 942
648 968
649 264
649 519
649 665
649 832
649 843
649 882
649 942
649 968
649 997
65 319
65 846
65 976
65 987
650 241
650 520
650 589
650 694
650 845
650 86
650 896
650 898
650 983
651 249
651 39
651 425
651 537
651 839
651 955
651 986
651 987
651 996
652 396
652 739
652 759
652 856
652 921
652 935
652 952
652 962
652 989
653 199
653 787
653 815
653 851
653 863
653 873
653 876
653 893
653 930
654 20
654 40
654 402
654 554
654 618
654 855
654 879
654 938
654 977
655 516
655 67
655 701
655 801
655 812
655 901
655 994
655 996
655 999
656 1000
656 136
656 154
656 769
656 791
656 838
656 873
656 923
656 942
657 616
657 695
657 744
657 818
657 846
657 886
657 948
657 963
657 986
658 338
658 495
658 589
658 694
658 777
658 845
658 896
658 898
658 986
659 381
659 484
659 713
659 754
659 804
659 870
659 878
659 941
659 969
66 820
66 908
66 981
66 994
660 611
660 634
660 635
660 669
660 825
660 842
660 951
660 967
660 980
661 108
661 212
661 751
661 785
661 942
661 964
661 966
661 968
661 997
662 507
662 516
662 604
662 832
662 861
662 950
662 973
662 979
662 996
663 391
663 752
663 779
663 867
663 910
663 948
663 976
663 986
663 987
664 748
664 771
664 814
664 895
664 933
664 948
664 961
664 981
664 990
665 273
665 597
665 649
665 70
665 810
665 820
665 856
665 984
665 988
666 490
666 578
666 621
666 691
666 752
666 776
666 822
666 871
666 947
667 443
667 582
667 780
667 802
667 891
667 969
667 973
667 976
667 978
668 510
668 548
668 721
668 840
668 922
668 962
668 989
668 990
668 998
669 2
669 244
669 660
669 750
669 904
669 951
669 967
669 980
669 994
67 153
67 604
67 655
67 973
670 706
670 738
670 761
670 878
670 885
670 889
670 941
670 969
670 974
671 458
671 764
671 771
671 840
671 888
671 922
671 974
671 975
671 998
672 631
672 700
672 796
672 805
672 864
672 866
672 867
672 916
672 988
673 353
673 600
673 8
673 830
673 888
673 922
673 947
673 974
673 998
674 174
674 452
674 576
674 698
674 740
674 798
674 809
674 868
674 947
675 562
675 636
675 648
675 730
675 882
675 900
675 942
675 987
675 997
676 547
676 551
676 572
676 595
676 756
676 765
676 789
676 853
676 914
677 491
677 506
677 766
677 814
677 823
677 840
677 875
677 925
677 977
678 292
678 403
678 541
678 708
678 758
678 791
678 923
678 983
678 999
679 142
679 275
679 5
679 887
679 918
679 928
679 956
679 965
679 971
68 759
68 977
68 990
68 992
680 144
680 291
680 409
680 543
680 782
680 852
680 913
680 929
680 971
681 734
681 760
681 833
681 878
681 929
681 934
681 990
681 992
681 999
682 737
682 804
682 870
682 872
682 878
682 885
682 889
682 941
682 969
683 363
683 423
683 641
683 806
683 883
683 901
683 950
683 979
683 996
684 763
684 801
684 861
684 901
684 950
684 973
684 979
684 993
684 996
685 129
685 738
685 880
685 906
685 957
685 961
685 985
685 991
685 993
686 393
686 700
686 796
686 805
686 820
686 864
686 866
686 916
686 944
687 289
687 331
687 581
687 740
687 808
687 809
687 945
687 960
687 982
688 270
688 349
688 54
688 567
688 573
688 619
688 725
688 826
688 899
688 908
689 399
689 530
689 574
689 716
689 909
689 920
689 932
689 955
689 958
689 972
69 580
69 905
69 949
69 972
690 174
690 451
690 782
690 810
690 853
690 971
690 984
690 989
690 991
690 993
691 151
691 280
691 499
691 666
691 692
691 707
691 745
691 833
691 860
691 974
692 451
692 554
692 691
692 779
692 883
692 906
692 925
692 940
692 963
692 991
693 370
693 505
693 597
693 70
693 794
693 820
693 856
693 878
693 984
693 988
694 186
694 286
694 338
694 650
694 658
694 777
694 845
694 896
694 898
694 977
695 224
695 428
695 584
695 657
695 73
695 742
695 879
695 959
695 985
695 995
696 108
696 178
696 473
696 617
696 703
696 707
696 817
696 850
696 860
696 871
697 1000
697 702
697 705
697 730
697 784
697 832
697 882
697 927
697 942
697 997
698 346
698 458
698 494
698 612
698 674
698 743
698 922
698 974
698 975
698 998
699 11
699 120
699 335
699 505
699 558
699 799
699 921
699 978
699 984
699 992
7 732
7 894
7 960
7 982
70 34
70 665
70 693
70 984
700 672
700 686
700 703
700 796
700 805
700 864
700 866
700 916
700 988
700 995
701 163
701 363
701 578
701 655
701 763
701 801
701 812
701 883
701 973
701 999
702 312
702 457
702 697
702 832
702 874
702 942
702 964
702 966
702 973
702 997
703 585
703 631
703 696
703 700
703 796
703 805
703 864
703 866
703 916
703 988
704 274
704 779
704 900
704 910
704 917
704 936
704 948
704 959
704 976
704 986
705 277
705 582
705 697
705 880
705 902
705 926
705 957
705 981
705 993
705 995
706 483
706 670
706 738
706 761
706 804
706 885
706 889
706 941
706 969
706 984
707 268
707 511
707 555
707 596
707 691
707 696
707 745
707 871
707 915
707 937
708 290
708 430
708 541
708 574
708 678
708 758
708 791
708 923
708 983
708 998
709 356
709 577
709 838
709 858
709 869
709 956
709 958
709 973
709 974
709 979
71 210
71 450
71 860
71 912
710 108
710 410
710 476
710 558
710 621
710 859
710 912
710 915
710 947
710 981
711 165
711 207
711 427
711 438
711 506
711 57
711 617
711 745
711 822
711 915
712 20
712 569
712 811
712 814
712 875
712 884
712 925
712 936
712 938
712 942
713 1000
713 321
713 659
713 738
713 761
713 870
713 878
713 885
713 941
713 969
714 73
714 746
714 770
714 774
714 816
714 861
714 901
714 973
714 979
714 996
715 264
715 751
715 849
715 857
715 859
715 882
715 900
715 964
715 966
715 997
716 29
716 426
716 592
716 689
716 778
716 814
716 909
716 954
716 958
716 972
717 568
717 629
717 780
717 871
717 907
717 931
717 949
717 970
717 978
717 988
718 144
718 773
718 821
718 880
718 906
718 946
718 957
718 981
718 991
718 995
719 275
719 447
719 739
719 782
719 913
719 928
719 929
719 953
719 956
719 971
72 431
72 732
72 868
72 960
720 110
720 413
720 420
720 732
720 740
720 831
720 881
720 945
720 959
720 960
721 548
721 668
721 735
721 844
721 865
721 904
721 951
721 967
721 980
721 994
722 13
722 266
722 487
722 628
722 630
722 821
722 926
722 981
722 985
722 993
723 533
723 787
723 815
723 851
723 863
723 873
723 876
723 893
723 930
724 232
724 603
724 731
724 840
724 923
724 938
724 954
724 957
724 981
724 992
724 994
725 349
725 401
725 523
725 540
725 567
725 573
725 619
725 688
725 892
725 899
725 908
726 175
726 250
726 307
726 424
726 584
726 868
726 881
726 894
726 939
726 945
726 981
727 344
727 37
727 561
727 595
727 823
727 866
727 875
727 879
727 884
727 925
727 938
728 213
728 331
728 48
728 534
728 579
728 620
728 842
728 85
728 951
728 967
728 994
729 271
729 300
729 359
729 433
729 743
729 764
729 854
729 895
729 922
729 975
729 998
73 695
73 714
73 808
73 989
730 1000
730 636
730 675
730 697
730 751
730 874
730 882
730 927
730 966
730 981
730 997
731 509
731 724
731 759
731 777
731 786
731 807
731 836
731 903
731 933
731 990
731 992
732 175
732 364
732 392
732 502
732 576
732 7
732 72
732 720
732 740
732 939
732 982
733 131
733 326
733 394
733 417
733 419
733 456
733 470
733 747
733 769
733 838
733 839
734 421
734 50
734 593
734 681
734 774
734 801
734 806
734 816
734 827
734 883
734 979
735 544
735 561
735 721
735 750
735 835
735 842
735 877
735 951
735 967
735 980
735 994
736 303
736 413
736 431
736 437
736 492
736 599
736 638
736 740
736 868
736 946
736 963
737 238
737 271
737 542
737 682
737 786
737 799
737 843
737 903
737 933
737 990
737 992
738 670
738 685
738 706
738 713
738 827
738 870
738 872
738 878
738 889
738 941
738 969
739 204
739 298
739 443
739 498
739 555
739 652
739 719
739 749
739 897
739 935
739 940
739 952
74 152
74 570
74 990
74 992
740 358
740 529
740 576
740 674
740 687
740 720
740 732
740 736
740 809
740 868
740 929
740 939
741 289
741 745
741 811
741 823
741 833
741 858
741 919
741 928
741 958
741 972
741 985
741 995
742 10
742 219
742 325
742 405
742 535
742 623
742 695
742 920
742 935
742 952
742 962
742 989
743 494
743 591
743 612
743 698
743 729
743 764
743 830
743 888
743 922
743 940
743 975
743 998
744 391
744 657
744 818
744 824
744 852
744 917
744 924
744 959
744 963
744 976
744 987
744 988
745 178
745 414
745 476
745 691
745 707
745 711
745 741
745 752
745 822
745 860
745 873
745 902
746 553
746 560
746 604
746 605
746 714
746 770
746 806
746 812
746 861
746 901
746 979
746 996
747 123
747 131
747 247
747 342
747 356
747 389
747 601
747 733
747 769
747 838
747 839
747 931
748 1000
748 664
748 756
748 773
748 776
748 825
748 853
748 942
748 966
748 971
748 973
748 979
749 121
749 647
749 739
749 826
749 834
749 891
749 897
749 911
749 935
749 940
749 962
749 989
75 386
75 555
75 911
75 921
750 579
750 639
750 669
750 735
750 823
750 83
750 835
750 865
750 904
750 967
750 980
750 994
751 1000
751 562
751 58
751 661
751 715
751 730
751 775
751 781
751 874
751 927
751 968
751 982
752 111
752 427
752 511
752 621
752 663
752 666
752 745
752 776
752 819
752 915
752 937
752 947
753 1000
753 644
753 781
753 843
753 855
753 857
753 874
753 942
753 966
753 968
753 988
753 997
754 522
754 659
754 760
754 813
754 876
754 884
754 930
754 934
754 969
754 984
754 993
754 995
755 130
755 153
755 172
755 231
755 283
755 513
755 546
755 760
755 772
755 813
755 914
755 934
756 347
756 441
756 547
756 551
756 572
756 601
756 676
756 748
756 765
756 789
756 853
756 922
757 35
757 362
757 762
757 829
757 848
757 896
757 903
757 910
757 943
757 962
757 963
757 984
757 992
758 168
758 220
758 255
758 290
758 430
758 465
758 541
758 574
758 591
758 678
758 708
758 923
758 983
759 104
759 652
759 68
759 731
759 786
759 799
759 807
759 890
759 903
759 933
759 977
759 990
759 992
76 21
76 776
76 850
76 995
760 172
760 209
760 406
760 546
760 681
760 754
760 755
760 772
760 813
760 825
760 914
760 934
760 936
761 110
761 464
761 465
761 670
761 706
761 713
761 804
761 870
761 878
761 885
761 889
761 941
761 969
762 162
762 423
762 583
762 757
762 846
762 886
762 917
762 936
762 959
762 963
762 976
762 980
762 986
763 107
763 188
763 336
763 421
763 684
763 701
763 770
763 801
763 816
763 950
763 973
763 979
763 996
764 164
764 19
764 591
764 612
764 671
764 729
764 743
764 830
764 837
764 895
764 974
764 975
764 998
765 208
765 347
765 361
765 41
765 551
765 676
765 756
765 789
765 826
765 853
765 892
765 914
765 998
766 138
766 308
766 354
766 406
766 444
766 478
766 562
766 677
766 788
766 855
766 875
766 925
766 938
767 284
767 305
767 518
767 536
767 592
767 800
767 909
767 943
767 954
767 955
767 958
767 972
767 990
768 126
768 539
768 779
768 802
768 846
768 856
768 886
768 917
768 959
768 963
768 976
768 987
768 988
769 131
769 336
769 342
769 390
769 394
769 456
769 470
769 499
769 508
769 63
769 656
769 733
769 747
77 141
77 841
77 858
77 869
770 112
770 43
770 714
770 746
770 763
770 801
770 944
770 950
770 973
770 982
770 983
770 996
770 999
771 224
771 295
771 359
771 609
771 664
771 671
771 772
771 87
771 895
771 947
771 974
771 975
771 998
772 130
772 209
772 283
772 406
772 513
772 59
772 755
772 760
772 771
772 813
772 914
772 934
772 936
773 15
773 379
773 425
773 45
773 510
773 557
773 563
773 718
773 748
773 825
773 862
773 946
773 983
774 4
774 432
774 516
774 605
774 714
774 734
774 801
774 950
774 973
774 979
774 983
774 996
774 999
775 1000
775 398
775 58
775 594
775 751
775 843
775 856
775 862
775 882
775 902
775 942
775 966
775 997
776 165
776 596
776 617
776 666
776 748
776 752
776 76
776 795
776 814
776 817
776 822
776 859
776 924
777 272
777 286
777 357
777 609
777 658
777 694
777 731
777 845
777 896
777 898
777 937
777 977
777 983
778 184
778 305
778 352
778 586
778 716
778 793
778 800
778 828
778 905
778 920
778 943
778 958
778 972
779 475
779 531
779 663
779 692
779 704
779 768
779 802
779 844
779 886
779 917
779 948
779 976
779 987
78 429
78 836
78 989
78 992
780 439
780 565
780 61
780 646
780 667
780 717
780 847
780 907
780 914
780 949
780 954
780 970
780 978
780 988
781 1000
781 337
781 597
781 642
781 751
781 753
781 785
781 900
781 924
781 942
781 964
781 966
781 968
781 997
782 195
782 366
782 411
782 680
782 690
782 719
782 783
782 834
782 848
782 890
782 918
782 929
782 965
782 971
783 171
783 282
783 537
783 543
783 782
783 830
783 852
783 887
783 918
783 928
783 929
783 956
783 971
783 977
784 1000
784 644
784 697
784 849
784 857
784 874
784 882
784 927
784 937
784 939
784 964
784 966
784 968
784 997
785 1000
785 297
785 306
785 661
785 781
785 832
785 843
785 869
785 874
785 942
785 960
785 964
785 968
785 997
786 16
786 194
786 315
786 570
786 587
786 643
786 731
786 737
786 759
786 807
786 836
786 933
786 990
786 992
787 251
787 653
787 723
787 815
787 851
787 863
787 873
787 876
787 893
787 930
788 179
788 24
788 402
788 595
788 766
788 823
788 837
788 840
788 855
788 884
788 925
788 936
788 938
788 988
789 208
789 225
789 347
789 41
789 441
789 547
789 551
789 572
789 676
789 756
789 765
789 810
789 853
789 892
79 40
79 807
79 933
79 990
790 297
790 4
790 463
790 534
790 611
790 835
790 842
790 865
790 877
790 904
790 951
790 967
790 980
790 994
791 12
791 135
791 220
791 226
791 255
791 290
791 369
791 403
791 430
791 574
791 656
791 678
791 708
791 923
792 166
792 215
792 281
792 311
792 319
792 582
792 880
792 906
792 957
792 961
792 976
792 991
792 993
792 995
793 284
793 480
793 487
793 592
793 778
793 800
793 864
793 905
793 924
793 932
793 943
793 954
793 955
793 972
794 103
794 125
794 314
794 362
794 460
794 522
794 560
794 615
794 693
794 810
794 837
794 9
794 915
794 984
794 988
795 278
795 280
795 387
795 427
795 476
795 479
795 497
795 514
795 57
795 776
795 817
795 833
795 859
795 900
795 976
796 115
796 184
796 393
796 45
796 585
796 631
796 672
796 686
796 700
796 703
796 805
796 864
796 866
796 916
796 988
797 211
797 248
797 270
797 334
797 339
797 446
797 526
797 614
797 618
797 841
797 858
797 869
797 919
797 934
797 962
798 175
798 26
798 311
798 326
798 357
798 502
798 519
798 576
798 674
798 803
798 809
798 831
798 894
798 939
798 945
799 236
799 476
799 606
799 643
799 699
799 737
799 759
799 807
799 867
799 903
799 933
799 946
799 977
799 990
799 992
8 673
8 895
8 975
8 998
80 339
80 493
80 618
80 919
800 426
800 530
800 536
800 586
800 592
800 767
800 778
800 793
800 909
800 932
800 943
800 954
800 955
800 958
800 972
801 107
801 116
801 139
801 655
801 684
801 701
801 734
801 763
801 770
801 774
801 806
801 865
801 950
801 979
801 996
802 472
802 667
802 768
802 779
802 818
802 844
802 846
802 867
802 910
802 948
802 957
802 963
802 976
802 986
802 987
803 174
803 19
803 304
803 420
803 599
803 638
803 798
803 826
803 868
803 881
803 894
803 931
803 939
803 960
803 982
804 361
804 468
804 590
804 659
804 682
804 706
804 761
804 870
804 872
804 878
804 889
804 936
804 941
804 943
804 969
805 145
805 28
805 393
805 418
805 585
805 631
805 672
805 686
805 700
805 703
805 796
805 864
805 866
805 916
805 988
806 139
806 167
806 435
806 471
806 552
806 605
806 683
806 734
806 746
806 801
806 827
806 885
806 973
806 996
806 999
807 194
807 260
807 430
807 509
807 731
807 759
807 786
807 79
807 799
807 903
807 933
807 946
807 977
807 990
807 992
808 313
808 338
808 376
808 687
808 73
808 813
808 822
808 84
808 841
808 869
808 919
808 934
808 936
808 940
808 952
809 14
809 217
809 358
809 371
809 392
809 458
809 492
809 501
809 674
809 687
809 740
809 798
809 881
809 939
809 977
81 908
81 928
81 973
81 993
810 103
810 263
810 273
810 362
810 367
810 466
810 550
810 665
810 690
810 789
810 794
810 820
810 837
810 984
810 988
811 24
811 478
811 542
811 554
811 595
811 712
811 741
811 823
811 840
811 855
811 875
811 879
811 933
811 938
811 977
812 36
812 421
812 490
812 507
812 593
812 655
812 701
812 746
812 816
812 854
812 901
812 950
812 973
812 996
812 999
813 130
813 172
813 231
813 406
813 513
813 546
813 547
813 59
813 754
813 755
813 760
813 772
813 808
813 926
813 934
814 138
814 37
814 465
814 664
814 677
814 712
814 716
814 776
814 823
814 827
814 855
814 879
814 884
814 925
814 936
814 938
815 400
815 530
815 545
815 582
815 653
815 723
815 787
815 851
815 863
815 873
815 876
815 893
815 930
816 112
816 139
816 355
816 36
816 435
816 593
816 714
816 734
816 763
816 812
816 861
816 921
816 950
816 979
816 996
816 999
817 133
817 244
817 303
817 340
817 499
817 511
817 617
817 621
817 696
817 776
817 795
817 822
817 833
817 859
817 915
817 931
818 134
818 391
818 412
818 583
818 657
818 744
818 802
818 824
818 844
818 860
818 892
818 901
818 959
818 963
818 986
818 987
819 1000
819 330
819 464
819 493
819 752
819 822
819 827
819 869
819 878
819 919
819 927
819 941
819 968
819 981
819 983
819 985
82 838
82 890
82 949
82 970
820 34
820 362
820 367
820 368
820 370
820 460
820 466
820 505
820 597
820 66
820 665
820 686
820 693
820 810
820 9
820 984
821 332
821 583
821 643
821 718
821 722
821 870
821 941
821 942
821 948
821 959
821 968
821 969
821 973
821 991
821 997
821 999
822 210
822 387
822 410
822 479
822 549
822 559
822 666
822 711
822 745
822 776
822 808
822 817
822 819
822 847
822 910
822 924
823 109
823 344
823 402
823 677
823 727
823 741
823 750
823 788
823 811
823 814
823 855
823 875
823 879
823 884
823 925
823 937
824 225
824 265
824 404
824 583
824 744
824 818
824 910
824 917
824 93
824 948
824 963
824 976
824 986
824 987
824 988
824 991
825 15
825 198
825 23
825 379
825 425
825 45
825 510
825 557
825 563
825 660
825 748
825 760
825 773
825 862
825 946
825 983
826 236
826 31
826 441
826 543
826 647
826 688
826 749
826 765
826 803
826 834
826 899
826 908
826 929
826 951
826 956
826 980
827 273
827 389
827 47
827 595
827 734
827 738
827 806
827 814
827 819
827 896
827 898
827 958
827 972
827 991
827 995
827 996
828 246
828 288
828 372
828 453
828 467
828 515
828 521
828 778
828 905
828 909
828 920
828 932
828 954
828 955
828 958
828 993
829 137
829 227
829 525
829 587
829 598
829 757
829 834
829 871
829 891
829 897
829 911
829 935
829 940
829 952
829 962
829 989
83 625
83 750
83 842
83 994
830 242
830 267
830 315
830 359
830 528
830 588
830 609
830 673
830 743
830 764
830 783
830 895
830 922
830 974
830 975
830 998
831 202
831 307
831 331
831 395
831 420
831 424
831 448
831 584
831 599
831 720
831 798
831 868
831 894
831 945
831 977
831 982
832 42
832 607
832 649
832 662
832 697
832 702
832 785
832 843
832 849
832 857
832 874
832 942
832 964
832 966
832 968
832 97
833 133
833 287
833 479
833 499
833 549
833 627
833 681
833 691
833 741
833 795
833 817
833 850
833 859
833 860
833 912
833 932
834 301
834 386
834 396
834 428
834 498
834 525
834 749
834 782
834 826
834 829
834 891
834 921
834 940
834 952
834 962
834 989
835 4
835 401
835 603
835 635
835 639
835 735
835 750
835 790
835 842
835 877
835 931
835 951
835 967
835 980
835 990
835 994
836 137
836 429
836 570
836 606
836 643
836 731
836 78
836 786
836 890
836 903
836 931
836 933
836 946
836 970
836 990
836 992
837 120
837 240
837 569
837 641
837 764
837 788
837 794
837 810
837 846
837 886
837 938
837 970
837 978
837 984
837 986
837 999
838 132
838 39
838 390
838 394
838 417
838 456
838 504
838 508
838 63
838 656
838 709
838 733
838 747
838 82
838 839
838 931
839 132
839 247
839 384
839 39
839 390
839 394
839 417
839 456
839 470
839 508
839 513
839 604
839 651
839 733
839 747
839 838
839 931
84 387
84 621
84 808
84 871
840 179
840 308
840 341
840 354
840 47
840 478
840 668
840 671
840 677
840 724
840 788
840 811
840 875
840 879
840 884
840 925
840 936
841 270
841 334
841 339
841 388
841 397
841 446
841 493
841 526
841 614
841 618
841 77
841 797
841 808
841 858
841 869
841 919
841 95
842 401
842 459
842 531
842 635
842 660
842 728
842 735
842 790
842 83
842 835
842 865
842 904
842 967
842 977
842 980
842 988
842 994
843 1000
843 227
843 520
843 607
843 636
843 649
843 737
843 753
843 775
843 785
843 832
843 857
843 882
843 892
843 900
843 927
843 942
844 206
844 428
844 449
844 544
844 580
844 721
844 779
844 802
844 818
844 886
844 917
844 948
844 959
844 963
844 976
844 986
844 987
845 241
845 338
845 348
845 357
845 389
845 495
845 589
845 650
845 658
845 694
845 777
845 895
845 896
845 898
845 965
845 977
845 983
846 192
846 351
846 423
846 492
846 533
846 65
846 657
846 762
846 768
846 802
846 837
846 886
846 910
846 917
846 959
846 976
846 987
847 240
847 365
847 439
847 459
847 461
847 524
847 571
847 646
847 780
847 822
847 890
847 907
847 92
847 949
847 970
847 978
847 988
848 159
848 275
848 291
848 35
848 537
848 581
848 757
848 782
848 852
848 913
848 918
848 929
848 944
848 953
848 959
848 965
848 971
849 1000
849 333
849 373
849 486
849 648
849 715
849 784
849 832
849 857
849 874
849 882
849 914
849 944
849 964
849 977
849 981
849 997
85 728
85 923
85 94
85 941
850 170
850 185
850 313
850 340
850 410
850 414
850 514
850 617
850 696
850 76
850 833
850 859
850 860
850 902
850 912
850 915
850 994
851 254
851 258
851 400
851 436
851 561
851 653
851 723
851 787
851 815
851 854
851 863
851 873
851 876
851 893
851 902
851 924
851 930
852 124
852 262
852 368
852 416
852 624
852 680
852 744
852 783
852 848
852 913
852 918
852 929
852 946
852 953
852 956
852 965
852 987
853 208
853 229
853 437
853 441
853 547
853 551
853 572
853 602
853 676
853 690
853 748
853 756
853 765
853 789
853 892
853 914
853 986
854 433
854 729
854 812
854 851
854 888
854 906
854 907
854 926
854 928
854 949
854 953
854 956
854 963
854 978
854 987
854 99
854 995
855 179
855 344
855 37
855 47
855 654
855 753
855 766
855 788
855 811
855 814
855 823
855 875
855 884
855 925
855 936
855 938
855 977
855 983
856 1000
856 134
856 14
856 212
856 626
856 652
856 665
856 693
856 768
856 775
856 891
856 910
856 926
856 944
856 959
856 984
856 989
856 991
857 1000
857 251
857 253
857 375
857 636
857 715
857 753
857 784
857 832
857 843
857 849
857 874
857 882
857 900
857 903
857 927
857 964
857 968
858 205
858 270
858 334
858 388
858 397
858 493
858 526
858 614
858 618
858 709
858 741
858 77
858 797
858 841
858 869
858 919
858 939
858 954
859 21
859 244
859 318
859 336
859 410
859 549
859 558
859 710
859 715
859 776
859 795
859 817
859 833
859 850
859 871
859 912
859 915
859 937
86 1000
86 650
86 896
86 898
860 201
860 242
860 268
860 499
860 542
860 558
860 578
860 596
860 617
860 627
860 691
860 696
860 71
860 745
860 818
860 833
860 850
860 924
861 125
861 163
861 355
861 36
861 462
861 474
861 552
861 662
861 684
861 714
861 746
861 816
861 883
861 901
861 931
861 950
861 983
861 999
862 15
862 198
862 228
862 23
862 243
862 379
862 425
862 45
862 510
862 542
862 557
862 563
862 601
862 634
862 773
862 775
862 825
862 924
863 254
863 258
863 33
863 337
863 377
863 436
863 545
863 653
863 723
863 787
863 815
863 851
863 873
863 876
863 893
863 902
863 930
863 977
864 115
864 145
864 324
864 393
864 454
864 585
864 631
864 672
864 686
864 700
864 703
864 793
864 796
864 805
864 866
864 916
864 936
864 988
865 115
865 187
865 233
865 401
865 422
865 53
865 531
865 637
865 721
865 750
865 790
865 801
865 842
865 877
865 904
865 914
865 951
865 980
865 994
866 145
866 184
866 393
866 501
866 575
866 579
866 585
866 601
866 631
866 672
866 686
866 700
866 703
866 727
866 796
866 805
866 864
866 916
866 988
867 126
867 170
867 274
867 423
867 544
867 663
867 672
867 799
867 802
867 886
867 892
867 910
867 917
867 948
867 959
867 963
867 976
867 986
867 987
868 1
868 345
868 376
868 394
868 492
868 538
868 674
868 72
868 726
868 736
868 740
868 803
868 831
868 870
868 881
868 894
868 939
868 960
868 982
869 150
869 205
869 216
869 258
869 388
869 397
869 446
869 493
869 526
869 614
869 709
869 77
869 785
869 797
869 808
869 819
869 841
869 858
869 919
87 137
87 771
87 974
87 975
870 257
870 259
870 310
870 321
870 361
870 659
870 682
870 713
870 738
870 761
870 804
870 821
870 868
870 872
870 878
870 885
870 889
870 941
870 969
871 11
871 278
871 287
871 330
871 382
871 414
871 473
871 558
871 57
871 621
871 666
871 696
871 707
871 717
871 829
871 84
871 859
871 912
871 915
872 214
872 218
872 219
872 310
872 317
872 321
872 34
872 361
872 484
872 682
872 738
872 804
872 870
872 878
872 885
872 889
872 936
872 941
872 969
873 117
873 254
873 377
873 388
873 400
873 436
873 545
873 653
873 656
873 723
873 745
873 787
873 815
873 851
873 863
873 876
873 893
873 924
873 930
874 127
874 221
874 644
874 702
874 730
874 751
874 753
874 784
874 785
874 832
874 849
874 857
874 900
874 927
874 949
874 966
874 968
874 982
874 997
875 203
875 256
875 354
875 444
875 478
875 600
875 677
875 712
875 727
875 766
875 811
875 823
875 840
875 855
875 879
875 884
875 894
875 925
875 938
876 24
876 248
876 327
876 33
876 377
876 400
876 52
876 545
876 653
876 723
876 754
876 787
876 815
876 851
876 863
876 873
876 893
876 924
876 930
877 187
877 2
877 201
877 296
877 385
877 55
877 603
877 620
877 735
877 790
877 835
877 865
877 891
877 904
877 914
877 951
877 967
877 980
877 994
878 324
878 483
878 659
878 670
878 681
878 682
878 693
878 713
878 738
878 761
878 804
878 819
878 870
878 872
878 885
878 889
878 936
878 941
878 969
879 109
879 308
879 40
879 402
879 491
879 569
879 600
879 637
879 654
879 695
879 727
879 811
879 814
879 823
879 840
879 875
879 884
879 938
879 977
879 982
88 250
88 335
88 921
88 982
880 148
880 158
880 252
880 279
880 302
880 384
880 407
880 685
880 705
880 718
880 792
880 906
880 926
880 951
880 957
880 961
880 985
880 991
880 993
880 995
881 110
881 147
881 161
881 182
881 217
881 289
881 420
881 440
881 576
881 720
881 726
881 803
881 809
881 868
881 894
881 902
881 939
881 945
881 946
881 982
882 1000
882 212
882 251
882 642
882 649
882 675
882 697
882 715
882 730
882 775
882 784
882 843
882 849
882 857
882 884
882 927
882 942
882 952
882 964
882 997
883 167
883 169
883 177
883 223
883 323
883 332
883 471
883 552
883 683
883 692
883 701
883 734
883 861
883 901
883 944
883 950
883 953
883 973
883 979
883 996
884 24
884 308
884 384
884 402
884 506
884 712
884 727
884 754
884 788
884 814
884 823
884 840
884 855
884 875
884 879
884 882
884 925
884 937
884 938
884 977
885 214
885 218
885 248
885 259
885 321
885 468
885 483
885 670
885 682
885 706
885 713
885 761
885 806
885 870
885 872
885 878
885 889
885 935
885 941
885 969
886 544
886 657
886 762
886 768
886 779
886 837
886 844
886 846
886 867
886 910
886 917
886 948
886 959
886 963
886 976
886 980
886 986
886 987
886 988
886 999
887 122
887 328
887 447
887 455
887 482
887 503
887 537
887 577
887 620
887 679
887 783
887 890
887 905
887 913
887 929
887 946
887 953
887 956
887 965
887 971
888 155
888 160
888 318
888 343
888 346
888 353
888 494
888 559
888 671
888 673
888 743
888 854
888 895
888 898
888 922
888 947
888 951
888 974
888 975
888 998
889 193
889 218
889 259
889 464
889 468
889 484
889 515
889 670
889 682
889 706
889 738
889 761
889 804
889 870
889 872
889 878
889 885
889 936
889 959
889 969
89 163
89 979
89 996
89 999
890 173
890 318
890 482
890 559
890 759
890 782
890 82
890 836
890 847
890 887
890 895
890 903
890 922
890 939
890 949
890 950
890 975
890 978
890 982
890 990
891 204
891 325
891 386
891 405
891 432
891 475
891 481
891 525
891 553
891 667
891 749
891 829
891 834
891 856
891 877
891 897
891 911
891 921
891 935
891 989
892 245
892 372
892 395
892 547
892 567
892 725
892 765
892 789
892 818
892 843
892 853
892 867
892 899
892 900
892 905
892 906
892 908
892 964
892 987
892 992
892 997
893 117
893 258
893 33
893 377
893 400
893 436
893 52
893 545
893 638
893 653
893 723
893 787
893 815
893 851
893 863
893 873
893 876
893 902
893 917
893 924
893 930
894 217
894 304
894 335
894 49
894 638
894 64
894 646
894 7
894 726
894 798
894 803
894 831
894 868
894 875
894 881
894 939
894 945
894 946
894 960
894 982
894 983
895 224
895 318
895 343
895 472
895 519
895 528
895 591
895 616
895 664
895 729
895 764
895 771
895 8
895 830
895 845
895 888
895 890
895 898
895 974
895 975
895 998
896 272
896 286
896 338
896 348
896 389
896 495
896 589
896 650
896 658
896 694
896 757
896 777
896 827
896 845
896 86
896 898
896 936
896 937
896 947
896 977
896 983
897 17
897 301
897 386
897 462
897 542
897 553
897 616
897 647
897 739
897 749
897 829
897 891
897 902
897 911
897 921
897 935
897 940
897 952
897 954
897 962
897 989
898 272
898 286
898 348
898 357
898 389
898 495
898 589
898 650
898 658
898 694
898 777
898 827
898 845
898 86
898 888
898 895
898 896
898 937
898 947
898 977
898 983
899 105
899 192
899 265
899 349
899 415
899 450
899 521
899 523
899 54
899 540
899 567
899 573
899 575
899 619
899 688
899 725
899 826
899 892
899 908
899 94
899 968
9 794
9 820
9 984
9 999
90 299
90 967
90 980
90 994
900 1000
900 322
900 337
900 375
900 520
900 62
900 648
900 675
900 704
900 715
900 781
900 795
900 843
900 857
900 874
900 892
900 913
900 927
900 964
900 968
900 997
901 150
901 167
901 177
901 223
901 480
901 604
901 655
901 683
901 684
901 714
901 746
901 812
901 818
901 861
901 883
901 942
901 950
901 973
901 979
901 996
901 999
902 253
902 306
902 322
902 334
902 396
902 705
902 745
902 775
902 850
902 851
902 863
902 881
902 893
902 897
902 930
902 935
902 937
902 97
902 989
902 991
902 993
903 146
903 315
903 415
903 485
903 509
903 570
903 731
903 737
903 757
903 759
903 799
903 807
903 836
903 857
903 890
903 931
903 933
903 936
903 946
903 990
903 992
904 187
904 233
904 279
904 296
904 401
904 53
904 579
904 611
904 620
904 639
904 669
904 721
904 750
904 790
904 842
904 865
904 877
904 942
904 951
904 980
904 994
905 305
905 467
905 469
905 487
905 49
905 530
905 592
905 60
905 69
905 778
905 793
905 828
905 887
905 892
905 909
905 924
905 932
905 943
905 954
905 955
905 958
905 972
906 237
906 266
906 268
906 532
906 60
906 625
906 630
906 645
906 685
906 692
906 718
906 792
906 854
906 880
906 892
906 926
906 957
906 961
906 981
906 985
906 993
906 995
907 240
907 316
907 360
907 364
907 378
907 439
907 461
907 517
907 518
907 524
907 565
907 568
907 613
907 646
907 717
907 780
907 847
907 854
907 949
907 964
907 970
907 988
908 105
908 192
908 227
908 349
908 450
908 523
908 54
908 540
908 567
908 573
908 575
908 619
908 66
908 688
908 725
908 81
908 826
908 892
908 899
908 923
908 963
908 966
909 245
909 25
909 288
909 295
909 372
909 453
909 521
909 633
909 689
909 716
909 767
909 800
909 828
909 905
909 920
909 932
909 943
909 954
909 955
909 958
909 960
909 972
91 943
91 954
91 955
91 98
910 126
910 170
910 257
910 299
910 444
910 56
910 663
910 704
910 757
910 802
910 822
910 824
910 846
910 856
910 867
910 886
910 917
910 948
910 959
910 963
910 976
910 986
910 987
911 199
911 219
911 408
911 481
911 498
911 524
911 535
911 542
911 622
911 647
911 749
911 75
911 829
911 891
911 897
911 921
911 935
911 940
911 944
911 952
911 962
911 983
911 989
912 11
912 133
912 185
912 201
912 244
912 278
912 280
912 340
912 427
912 473
912 479
912 514
912 578
912 71
912 710
912 833
912 850
912 859
912 871
912 915
912 947
912 966
912 968
913 118
913 195
913 366
913 380
913 416
913 469
913 503
913 537
913 577
913 624
913 680
913 719
913 848
913 852
913 887
913 900
913 928
913 953
913 956
913 96
913 965
913 971
913 977
914 1000
914 307
914 406
914 517
914 551
914 593
914 607
914 676
914 755
914 760
914 765
914 772
914 780
914 849
914 853
914 865
914 877
914 931
914 934
914 951
914 970
914 994
914 997
915 151
915 165
915 207
915 210
915 280
915 387
915 476
915 499
915 549
915 558
915 596
915 707
915 710
915 711
915 752
915 794
915 817
915 850
915 859
915 871
915 912
915 924
915 991
916 115
916 143
916 145
916 184
916 256
916 393
916 438
916 454
916 465
916 501
916 575
916 585
916 601
916 631
916 672
916 686
916 700
916 703
916 796
916 805
916 864
916 866
916 984
916 988
917 162
917 181
917 395
917 449
917 586
917 704
917 744
917 762
917 768
917 779
917 824
917 844
917 846
917 867
917 886
917 893
917 910
917 948
917 959
917 963
917 976
917 986
917 987
917 988
918 118
918 178
918 269
918 294
918 380
918 409
918 411
918 416
918 482
918 527
918 581
918 679
918 782
918 783
918 848
918 852
918 926
918 928
918 929
918 946
918 948
918 956
918 96
918 971
919 205
919 211
919 216
919 228
919 270
919 334
919 339
919 388
919 397
919 446
919 493
919 526
919 529
919 614
919 618
919 741
919 797
919 80
919 808
919 819
919 841
919 858
919 869
919 957
92 847
92 949
92 970
92 978
920 263
920 284
920 288
920 29
920 453
920 469
920 487
920 518
920 521
920 539
920 633
920 689
920 742
920 778
920 828
920 909
920 932
920 943
920 954
920 955
920 958
920 972
920 979
920 98
921 120
921 17
921 235
921 317
921 405
921 42
921 602
921 608
921 622
921 647
921 652
921 699
921 75
921 816
921 834
921 88
921 891
921 897
921 911
921 935
921 940
921 952
921 962
921 989
922 164
922 191
922 309
922 343
922 517
922 528
922 559
922 588
922 612
922 616
922 668
922 671
922 673
922 698
922 729
922 743
922 756
922 830
922 888
922 890
922 974
922 975
922 996
922 998
923 135
923 220
923 255
923 290
923 292
923 297
923 327
923 403
923 428
923 430
923 541
923 559
923 574
923 575
923 634
923 656
923 678
923 708
923 724
923 758
923 791
923 85
923 908
923 983
924 249
924 440
924 510
924 568
924 744
924 776
924 781
924 793
924 822
924 851
924 860
924 862
924 873
924 876
924 893
924 905
924 915
924 930
924 949
924 954
924 958
924 970
924 978
924 983
925 109
925 138
925 160
925 344
925 354
925 402
925 425
925 506
925 569
925 595
925 677
925 692
925 712
925 727
925 766
925 788
925 814
925 823
925 840
925 855
925 875
925 884
925 937
925 938
925 989
926 188
926 266
926 382
926 407
926 512
926 532
926 590
926 628
926 630
926 705
926 722
926 813
926 854
926 856
926 880
926 906
926 918
926 944
926 947
926 961
926 968
926 981
926 985
926 993
926 995
927 1000
927 127
927 230
927 306
927 368
927 418
927 452
927 486
927 594
927 607
927 697
927 730
927 751
927 784
927 819
927 843
927 857
927 874
927 882
927 900
927 930
927 964
927 966
927 988
927 997
928 136
928 181
928 262
928 291
928 294
928 409
928 414
928 447
928 527
928 543
928 581
928 624
928 679
928 719
928 741
928 783
928 81
928 854
928 913
928 918
928 929
928 95
928 953
928 956
928 965
928 971
929 128
929 202
929 257
929 35
929 455
929 46
929 482
929 5
929 51
929 559
929 581
929 680
929 681
929 719
929 740
929 782
929 783
929 826
929 848
929 852
929 887
929 918
929 928
929 965
929 977
929 993
93 824
93 948
93 963
93 987
930 117
930 247
930 254
930 258
930 276
930 33
930 377
930 400
930 436
930 52
930 545
930 601
930 653
930 723
930 754
930 787
930 815
930 851
930 863
930 873
930 876
930 893
930 902
930 924
930 927
930 983
931 132
931 317
931 365
931 492
931 509
931 626
931 638
931 717
931 747
931 803
931 817
931 835
931 836
931 838
931 839
931 861
931 903
931 914
931 933
931 949
931 950
931 970
931 979
931 990
931 996
931 999
932 232
932 352
932 399
932 467
932 469
932 515
932 530
932 539
932 586
932 592
932 633
932 640
932 689
932 793
932 800
932 828
932 833
932 905
932 909
932 920
932 943
932 951
932 954
932 955
932 958
932 972
933 111
933 114
933 320
933 429
933 485
933 489
933 528
933 606
933 643
933 664
933 731
933 737
933 759
933 786
933 79
933 799
933 807
933 811
933 836
933 903
933 931
933 936
933 937
933 978
933 990
933 992
934 130
934 172
934 209
934 231
934 27
934 283
934 3
934 30
934 368
934 406
934 513
934 546
934 59
934 616
934 637
934 645
934 681
934 754
934 755
934 760
934 772
934 797
934 808
934 813
934 914
934 936
935 180
935 204
935 235
935 293
935 437
935 481
935 498
935 548
935 598
935 602
935 608
935 652
935 739
935 742
935 749
935 829
935 885
935 891
935 897
935 902
935 911
935 921
935 940
935 944
935 952
935 962
935 989
936 485
936 546
936 704
936 712
936 760
936 762
936 772
936 788
936 804
936 808
936 814
936 840
936 855
936 864
936 872
936 878
936 889
936 896
936 903
936 933
936 934
936 941
936 959
936 986
936 987
936 990
936 992
937 179
937 20
937 221
937 286
937 320
937 485
937 588
937 589
937 601
937 707
937 752
937 777
937 784
937 823
937 859
937 884
937 896
937 898
937 902
937 925
937 933
937 942
937 966
937 989
937 990
937 992
937 997
938 138
938 200
938 229
938 243
938 31
938 353
938 444
938 478
938 491
938 506
938 554
938 569
938 600
938 654
938 712
938 724
938 727
938 766
938 788
938 811
938 814
938 837
938 855
938 875
938 879
938 884
938 925
939 158
939 26
939 371
939 424
939 440
939 502
939 529
939 538
939 584
939 599
939 610
939 638
939 726
939 732
939 740
939 784
939 798
939 803
939 809
939 858
939 868
939 881
939 890
939 894
939 960
939 972
939 982
94 56
94 85
94 899
94 992
940 142
940 180
940 183
940 323
940 405
940 408
940 451
940 498
940 504
940 535
940 553
940 555
940 598
940 615
940 622
940 623
940 692
940 739
940 743
940 749
940 808
940 829
940 834
940 897
940 911
940 921
940 935
940 952
941 157
941 193
941 197
941 214
941 256
941 468
941 483
941 484
941 501
941 527
941 6
941 659
941 670
941 682
941 706
941 713
941 738
941 761
941 804
941 819
941 821
941 85
941 870
941 872
941 878
941 885
941 936
941 969
942 1000
942 176
942 221
942 648
942 649
942 656
942 661
942 675
942 697
942 702
942 712
942 748
942 753
942 775
942 781
942 785
942 821
942 832
942 843
942 882
942 901
942 904
942 937
942 964
942 966
942 968
942 988
942 997
943 246
943 263
943 288
943 352
943 372
943 450
943 487
943 518
943 536
943 586
943 633
943 640
943 757
943 767
943 778
943 793
943 800
943 804
943 905
943 909
943 91
943 920
943 932
943 954
943 955
943 958
943 972
943 996
944 102
944 20
944 235
944 265
944 282
944 333
944 443
944 482
944 598
944 686
944 770
944 848
944 849
944 856
944 883
944 911
944 926
944 935
944 953
944 964
944 966
944 971
944 991
944 993
944 995
944 996
944 997
944 999
945 1
945 109
945 14
945 161
945 2
945 250
945 276
945 326
945 345
945 358
945 413
945 415
945 420
945 440
945 448
945 452
945 49
945 529
945 687
945 720
945 726
945 798
945 831
945 881
945 894
945 947
945 960
945 977
945 982
946 13
946 182
946 23
946 250
946 275
946 283
946 319
946 460
946 510
946 718
946 736
946 773
946 799
946 807
946 825
946 836
946 852
946 881
946 887
946 894
946 903
946 918
946 953
946 983
946 984
946 990
946 991
946 992
946 993
946 995
947 241
947 311
947 348
947 371
947 479
947 495
947 537
947 576
947 588
947 666
947 673
947 674
947 710
947 752
947 771
947 888
947 896
947 898
947 912
947 926
947 945
947 963
947 974
947 977
947 981
947 989
947 991
947 993
947 995
947 998
948 274
948 351
948 395
948 412
948 533
948 544
948 56
948 616
948 657
948 663
948 664
948 704
948 779
948 802
948 821
948 824
948 844
948 867
948 886
948 910
948 917
948 918
948 93
948 959
948 963
948 976
948 986
948 987
948 988
948 997
949 121
949 154
949 157
949 189
949 360
949 364
949 378
949 439
949 517
949 524
949 568
949 61
949 613
949 629
949 646
949 69
949 717
949 780
949 82
949 847
949 854
949 874
949 890
949 907
949 92
949 924
949 931
949 967
949 970
949 978
949 988
95 841
95 928
95 953
95 971
950 153
950 156
950 173
950 223
950 374
950 421
950 462
950 477
950 507
950 552
950 560
950 622
950 641
950 662
950 683
950 684
950 763
950 770
950 774
950 801
950 812
950 816
950 861
950 883
950 890
950 901
950 931
950 973
950 979
950 996
950 999
951 168
951 296
951 385
951 422
951 450
951 459
951 463
951 475
951 531
951 556
951 579
951 611
951 635
951 660
951 669
951 721
951 728
951 735
951 790
951 826
951 835
951 865
951 877
951 880
951 888
951 904
951 914
951 932
951 967
951 980
951 994
952 142
952 213
952 230
952 26
952 298
952 301
952 325
952 327
952 396
952 408
952 451
952 488
952 535
952 555
952 587
952 608
952 622
952 652
952 739
952 742
952 808
952 829
952 834
952 882
952 897
952 911
952 921
952 935
952 940
952 962
952 989
953 124
953 128
953 136
953 150
953 171
953 262
953 275
953 282
953 291
953 294
953 328
953 329
953 51
953 527
953 537
953 542
953 719
953 848
953 852
953 854
953 883
953 887
953 913
953 928
953 944
953 946
953 95
953 96
953 965
953 971
953 977
953 991
954 246
954 25
954 263
954 288
954 354
954 399
954 453
954 515
954 518
954 521
954 530
954 592
954 640
954 716
954 724
954 767
954 780
954 793
954 800
954 828
954 858
954 897
954 905
954 909
954 91
954 920
954 924
954 932
954 943
954 955
954 958
954 972
955 232
955 245
955 246
955 263
955 29
955 399
955 426
955 453
955 498
955 518
955 536
955 539
955 586
955 633
955 640
955 651
955 689
955 767
955 793
955 800
955 828
955 905
955 909
955 91
955 920
955 932
955 943
955 954
955 958
955 972
955 98
955 985
956 152
956 272
956 294
956 328
956 380
956 409
956 415
956 455
956 457
956 46
956 475
956 5
956 503
956 543
956 575
956 577
956 581
956 585
956 624
956 679
956 709
956 719
956 783
956 826
956 852
956 854
956 887
956 913
956 918
956 928
956 971
956 990
957 119
957 132
957 148
957 197
957 215
957 234
957 243
957 285
957 350
957 381
957 442
957 445
957 582
957 590
957 60
957 632
957 645
957 685
957 705
957 718
957 724
957 792
957 802
957 880
957 906
957 919
957 961
957 981
957 985
957 991
957 993
957 995
958 246
958 399
958 426
958 467
958 515
958 521
958 530
958 539
958 564
958 572
958 603
958 633
958 640
958 689
958 709
958 716
958 741
958 767
958 778
958 800
958 827
958 828
958 905
958 909
958 920
958 924
958 932
958 943
958 954
958 955
958 972
958 98
958 988
959 134
959 149
959 206
959 299
959 383
959 391
959 404
959 412
959 533
959 564
959 695
959 704
959 720
959 744
959 762
959 768
959 818
959 821
959 844
959 846
959 848
959 856
959 867
959 886
959 889
959 910
959 917
959 936
959 948
959 963
959 976
959 986
959 987
96 647
96 913
96 918
96 953
960 14
960 141
960 156
960 158
960 200
960 307
960 373
960 376
960 413
960 431
960 440
960 448
960 452
960 475
960 538
960 564
960 576
960 584
960 599
960 638
960 687
960 7
960 72
960 720
960 785
960 803
960 868
960 894
960 909
960 939
960 945
960 982
960 983
961 106
961 128
961 144
961 18
961 252
961 261
961 277
961 285
961 312
961 32
961 381
961 434
961 500
961 512
961 532
961 566
961 582
961 590
961 632
961 645
961 664
961 685
961 792
961 880
961 906
961 926
961 957
961 981
961 985
961 986
961 991
961 993
961 995
962 101
962 180
962 183
962 198
962 199
962 235
962 293
962 324
962 405
962 42
962 455
962 488
962 496
962 535
962 587
962 598
962 608
962 623
962 647
962 652
962 668
962 742
962 749
962 757
962 797
962 829
962 834
962 897
962 911
962 921
962 935
962 952
962 989
963 102
963 146
963 351
963 404
963 412
963 544
963 583
963 657
963 692
963 736
963 744
963 757
963 762
963 768
963 802
963 818
963 824
963 844
963 854
963 867
963 886
963 908
963 910
963 917
963 93
963 947
963 948
963 959
963 976
963 986
963 987
963 988
963 991
964 1000
964 113
964 322
964 337
964 373
964 382
964 398
964 418
964 520
964 594
964 605
964 62
964 636
964 661
964 702
964 715
964 781
964 784
964 785
964 832
964 849
964 857
964 882
964 892
964 900
964 907
964 927
964 942
964 944
964 965
964 966
964 968
964 997
965 122
965 152
965 195
965 202
965 239
965 329
965 366
965 380
965 409
965 411
965 416
965 44
965 447
965 455
965 5
965 503
965 527
965 534
965 543
965 6
965 624
965 679
965 782
965 845
965 848
965 852
965 887
965 913
965 928
965 929
965 953
965 964
965 971
965 977
966 1000
966 127
966 264
966 337
966 375
966 454
966 457
966 467
966 50
966 500
966 520
966 594
966 644
966 661
966 702
966 715
966 730
966 748
966 753
966 775
966 781
966 784
966 832
966 874
966 908
966 912
966 927
966 937
966 942
966 944
966 964
966 968
966 988
966 997
967 112
967 187
967 233
967 296
967 422
967 437
967 459
967 463
967 531
967 548
967 55
967 556
967 579
967 603
967 611
967 620
967 635
967 639
967 660
967 669
967 721
967 728
967 735
967 750
967 790
967 835
967 842
967 877
967 90
967 949
967 951
967 980
967 994
967 996
968 1000
968 181
968 312
968 333
968 398
968 457
968 562
968 58
968 594
968 607
968 62
968 636
968 644
968 648
968 649
968 661
968 751
968 753
968 781
968 784
968 785
968 819
968 821
968 832
968 857
968 874
968 899
968 900
968 912
968 926
968 942
968 964
968 966
968 997
969 143
969 193
969 214
969 218
969 30
969 310
969 321
969 361
969 382
969 454
969 464
969 468
969 483
969 484
969 488
969 580
969 659
969 667
969 670
969 682
969 706
969 713
969 738
969 754
969 761
969 804
969 821
969 870
969 872
969 878
969 885
969 889
969 941
969 985
97 1000
97 599
97 832
97 902
970 131
970 143
970 154
970 189
970 240
970 276
970 3
970 316
970 360
970 365
970 435
970 439
970 461
970 524
970 563
970 565
970 568
970 580
970 613
970 629
970 646
970 717
970 780
970 82
970 836
970 837
970 847
970 907
970 914
970 92
970 924
970 931
970 949
970 978
970 988
971 118
971 123
971 128
971 136
971 171
971 195
971 239
971 284
971 291
971 411
971 416
971 44
971 447
971 482
971 503
971 577
971 581
971 679
971 680
971 690
971 719
971 748
971 782
971 783
971 848
971 887
971 913
971 918
971 928
971 944
971 95
971 953
971 956
971 965
971 977
972 245
972 29
972 305
972 352
972 372
972 426
972 442
972 467
972 469
972 487
972 515
972 518
972 521
972 536
972 539
972 623
972 633
972 640
972 689
972 69
972 716
972 741
972 767
972 778
972 793
972 800
972 827
972 905
972 909
972 920
972 932
972 939
972 943
972 954
972 955
972 958
973 100
973 116
973 169
973 181
973 363
973 374
973 43
973 471
973 477
973 516
973 522
973 560
973 593
973 641
973 662
973 667
973 67
973 684
973 701
973 702
973 709
973 714
973 748
973 763
973 770
973 774
973 806
973 81
973 812
973 821
973 883
973 901
973 950
973 979
973 996
973 998
974 160
974 190
974 191
974 230
974 242
974 267
974 295
974 300
974 309
974 328
974 346
974 359
974 433
974 472
974 494
974 528
974 561
974 588
974 591
974 609
974 612
974 670
974 671
974 673
974 691
974 698
974 709
974 764
974 771
974 830
974 87
974 888
974 895
974 922
974 947
974 975
974 998
975 155
975 160
975 164
975 190
975 191
975 196
975 242
975 267
975 3
975 300
975 309
975 320
975 343
975 353
975 458
975 472
975 504
975 511
975 528
975 536
975 588
975 609
975 612
975 671
975 698
975 729
975 743
975 764
975 771
975 8
975 830
975 87
975 888
975 890
975 895
975 922
975 974
975 998
976 102
976 146
976 149
976 162
976 200
976 206
976 21
976 383
976 395
976 423
976 449
976 519
976 533
976 56
976 583
976 594
976 65
976 663
976 667
976 704
976 744
976 762
976 768
976 779
976 792
976 795
976 802
976 824
976 844
976 846
976 867
976 886
976 910
976 917
976 948
976 959
976 963
976 986
976 987
977 262
977 271
977 272
977 304
977 326
977 357
977 616
977 627
977 654
977 677
977 68
977 694
977 759
977 777
977 783
977 799
977 807
977 809
977 811
977 831
977 842
977 845
977 849
977 855
977 863
977 879
977 884
977 896
977 898
977 913
977 929
977 945
977 947
977 953
977 965
977 971
977 982
977 990
977 992
978 121
978 154
978 157
978 189
978 22
978 240
978 316
978 324
978 360
978 365
978 378
978 439
978 454
978 461
978 465
978 501
978 517
978 524
978 565
978 568
978 571
978 629
978 646
978 667
978 699
978 717
978 780
978 837
978 847
978 854
978 890
978 92
978 924
978 933
978 949
978 970
978 988
978 992
978 997
979 100
979 107
979 139
979 147
979 169
979 175
979 177
979 186
979 332
979 355
979 363
979 374
979 428
979 435
979 462
979 471
979 507
979 662
979 683
979 684
979 709
979 714
979 734
979 746
979 748
979 763
979 774
979 801
979 816
979 883
979 89
979 901
979 920
979 931
979 950
979 973
979 996
979 997
979 999
98 91
98 920
98 955
98 958
980 213
980 278
980 296
980 384
980 385
980 422
980 459
980 48
980 493
980 53
980 531
980 534
980 548
980 55
980 556
980 579
980 603
980 611
980 620
980 635
980 637
980 660
980 669
980 721
980 735
980 750
980 762
980 790
980 826
980 835
980 842
980 865
980 877
980 886
980 90
980 904
980 951
980 967
980 994
981 106
981 129
981 234
981 237
981 260
981 261
981 279
981 28
981 285
981 311
981 319
981 32
981 381
981 442
981 445
981 500
981 532
981 60
981 628
981 632
981 66
981 664
981 705
981 710
981 718
981 722
981 724
981 726
981 730
981 819
981 849
981 906
981 926
981 947
981 957
981 961
981 985
981 991
981 993
982 1
982 156
982 161
982 182
982 217
982 26
982 289
982 303
982 304
982 345
982 376
982 420
982 431
982 492
982 502
982 529
982 538
982 584
982 610
982 626
982 637
982 687
982 7
982 732
982 751
982 770
982 803
982 831
982 868
982 874
982 879
982 88
982 881
982 890
982 894
982 939
982 945
982 960
982 977
982 983
983 161
983 198
983 206
983 226
983 241
983 249
983 292
983 323
983 326
983 345
983 348
983 379
983 392
983 557
983 559
983 560
983 574
983 650
983 678
983 708
983 758
983 770
983 773
983 774
983 777
983 819
983 825
983 845
983 855
983 861
983 894
983 896
983 898
983 911
983 923
983 924
983 930
983 946
983 960
983 982
983 996
983 999
984 103
984 125
984 230
984 260
984 265
984 273
984 297
984 314
984 327
984 34
984 344
984 362
984 367
984 369
984 370
984 419
984 460
984 466
984 504
984 505
984 522
984 550
984 597
984 6
984 615
984 637
984 665
984 690
984 693
984 699
984 70
984 706
984 754
984 757
984 794
984 810
984 820
984 837
984 856
984 9
984 916
984 946
984 988
985 13
985 148
985 159
985 234
985 252
985 253
985 276
985 28
985 281
985 285
985 302
985 32
985 350
985 365
985 369
985 381
985 407
985 43
985 434
985 438
985 500
985 532
985 561
985 6
985 625
985 630
985 645
985 685
985 695
985 722
985 741
985 819
985 880
985 906
985 926
985 955
985 957
985 961
985 969
985 981
985 991
985 993
985 995
986 126
986 146
986 149
986 169
986 170
986 269
986 274
986 299
986 30
986 351
986 383
986 395
986 399
986 404
986 412
986 423
986 449
986 475
986 533
986 544
986 564
986 651
986 657
986 658
986 663
986 704
986 762
986 802
986 818
986 824
986 837
986 844
986 853
986 867
986 886
986 910
986 917
986 936
986 948
986 959
986 961
986 963
986 976
986 987
987 102
987 12
987 134
987 149
987 297
987 299
987 351
987 404
987 412
987 434
987 438
987 449
987 450
987 533
987 561
987 583
987 608
987 65
987 651
987 663
987 675
987 744
987 768
987 779
987 802
987 818
987 824
987 844
987 846
987 852
987 854
987 867
987 886
987 892
987 910
987 917
987 93
987 936
987 948
987 959
987 963
987 976
987 986
987 988
988 137
988 22
988 367
988 419
988 50
988 597
988 642
988 665
988 672
988 693
988 700
988 703
988 717
988 744
988 753
988 768
988 780
988 788
988 794
988 796
988 805
988 810
988 824
988 842
988 847
988 864
988 866
988 886
988 907
988 916
988 917
988 927
988 942
988 948
988 949
988 958
988 963
988 966
988 970
988 978
988 984
988 987
988 990
988 997
989 10
989 142
989 199
989 203
989 204
989 219
989 222
989 293
989 301
989 396
989 415
989 443
989 481
989 488
989 496
989 535
989 555
989 598
989 602
989 608
989 614
989 622
989 647
989 652
989 668
989 690
989 73
989 742
989 749
989 78
989 829
989 834
989 856
989 891
989 897
989 902
989 911
989 921
989 925
989 935
989 937
989 947
989 952
989 962
989 99
99 314
99 854
99 989
99 997
990 104
990 114
990 140
990 16
990 194
990 236
990 238
990 257
990 271
990 315
990 320
990 409
990 429
990 485
990 489
990 509
990 570
990 606
990 643
990 664
990 668
990 68
990 681
990 731
990 737
990 74
990 759
990 767
990 786
990 79
990 799
990 807
990 835
990 836
990 890
990 903
990 931
990 933
990 936
990 937
990 946
990 956
990 977
990 988
990 992
991 106
991 144
991 148
991 171
991 18
991 188
991 197
991 234
991 237
991 261
991 266
991 281
991 31
991 350
991 38
991 434
991 442
991 512
991 566
991 625
991 628
991 632
991 685
991 690
991 692
991 718
991 792
991 821
991 824
991 827
991 856
991 880
991 902
991 915
991 944
991 946
991 947
991 953
991 957
991 961
991 963
991 981
991 985
991 993
991 995
992 101
992 104
992 111
992 114
992 140
992 16
992 194
992 229
992 236
992 238
992 243
992 269
992 315
992 320
992 417
992 429
992 485
992 489
992 570
992 606
992 643
992 68
992 681
992 699
992 724
992 731
992 737
992 74
992 757
992 759
992 78
992 786
992 799
992 807
992 836
992 892
992 903
992 933
992 936
992 937
992 94
992 946
992 977
992 978
992 990
992 994
993 119
993 129
993 13
993 159
993 166
993 18
993 205
993 248
993 27
993 277
993 302
993 327
993 350
993 407
993 434
993 442
993 445
993 512
993 582
993 628
993 630
993 632
993 645
993 684
993 685
993 690
993 705
993 722
993 754
993 792
993 81
993 828
993 880
993 902
993 906
993 926
993 929
993 944
993 946
993 947
993 957
993 961
993 981
993 985
993 991
993 995
994 2
994 213
994 225
994 233
994 257
994 260
994 382
994 385
994 4
994 401
994 459
994 463
994 48
994 534
994 548
994 55
994 556
994 575
994 579
994 603
994 611
994 620
994 634
994 635
994 639
994 655
994 66
994 669
994 721
994 724
994 728
994 735
994 750
994 790
994 83
994 835
994 842
994 850
994 865
994 877
994 90
994 904
994 914
994 951
994 967
994 980
994 992
995 119
995 122
995 129
995 155
995 166
995 18
995 200
995 252
995 253
995 261
995 269
995 279
995 28
995 281
995 285
995 302
995 319
995 32
995 442
995 489
995 504
995 532
995 566
995 590
995 630
995 632
995 645
995 695
995 700
995 705
995 718
995 741
995 754
995 76
995 792
995 827
995 854
995 880
995 906
995 926
995 944
995 946
995 947
995 957
995 961
995 985
995 991
995 993
996 100
996 112
996 147
996 173
996 177
996 269
996 317
996 323
996 332
996 374
996 421
996 43
996 437
996 471
996 474
996 477
996 480
996 516
996 560
996 593
996 605
996 651
996 655
996 662
996 683
996 684
996 714
996 746
996 763
996 770
996 774
996 801
996 806
996 812
996 816
996 827
996 883
996 89
996 901
996 922
996 931
996 943
996 944
996 950
996 967
996 973
996 979
996 983
996 999
997 1000
997 251
997 306
997 322
997 324
997 336
997 373
997 375
997 418
997 426
997 438
997 451
997 457
997 486
997 575
997 636
997 642
997 644
997 649
997 661
997 675
997 697
997 702
997 715
997 730
997 753
997 775
997 781
997 784
997 785
997 821
997 849
997 874
997 882
997 892
997 900
997 914
997 927
997 937
997 942
997 944
997 948
997 964
997 966
997 968
997 978
997 979
997 988
997 99
998 155
998 164
998 19
998 190
998 191
998 196
998 209
998 224
998 228
998 242
998 267
998 295
998 300
998 309
998 336
998 343
998 346
998 353
998 433
998 465
998 472
998 494
998 502
998 504
998 519
998 528
998 588
998 591
998 609
998 612
998 668
998 671
998 673
998 698
998 708
998 729
998 743
998 764
998 765
998 771
998 8
998 830
998 888
998 895
998 922
998 947
998 973
998 974
998 975
999 100
999 107
999 116
999 147
999 153
999 163
999 173
999 180
999 27
999 305
999 332
999 355
999 369
999 374
999 421
999 432
999 435
999 454
999 462
999 474
999 477
999 480
999 516
999 552
999 593
999 604
999 605
999 655
999 678
999 681
999 701
999 770
999 774
999 806
999 812
999 816
999 821
999 837
999 861
999 886
999 89
999 9
999 901
999 931
999 944
999 950
999 979
999 983
999 996
