# The links inside the communities at k=5
# from G:\Dropbox\Raghda\CNA\Final Project\other methods\CFinder-2.0.6--1448\G:\Dropbox\Raghda\CNA\Final Project\Datasets\binary_networks\LFR2\networ_LFR2_Om5.dat
# at no lower link weight threshold,
# and at no upper link weight threshold.
# Links were treated as undirected.
# No time limit was set for the clique search.

0:
1000 263
1000 269
1000 275
1000 399
1000 536
1000 557
1000 655
1000 692
1000 723
1000 739
1000 773
1000 799
1000 849
1000 876
1000 902
1000 947
1000 953
1000 954
1000 960
1000 964
1000 980
1000 989
1000 990
1000 995
263 960
263 980
263 989
269 953
269 964
269 995
275 980
275 989
275 995
399 960
399 989
399 995
536 964
536 980
536 989
536 995
557 964
557 980
557 989
557 995
655 960
655 964
655 980
655 989
655 995
692 953
692 960
692 964
692 980
692 989
692 995
723 953
723 954
723 960
723 964
723 980
723 989
723 995
739 947
739 953
739 954
739 960
739 964
739 980
739 989
739 995
773 902
773 947
773 953
773 954
773 960
773 964
773 980
773 989
773 995
799 902
799 947
799 953
799 954
799 960
799 964
799 980
799 989
799 995
849 876
849 902
849 947
849 953
849 954
849 960
849 964
849 980
849 989
849 995
876 902
876 947
876 953
876 954
876 960
876 964
876 980
876 989
876 995
902 947
902 953
902 954
902 960
902 964
902 980
902 989
902 995
947 953
947 954
947 960
947 964
947 980
947 989
947 995
953 954
953 960
953 964
953 980
953 989
953 995
954 960
954 964
954 980
954 989
954 995
960 964
960 980
960 989
960 990
960 995
960 612
964 980
964 989
964 990
964 995
964 612
964 352
980 989
980 990
980 995
980 612
980 352
989 990
989 995
989 612
989 352
990 995
995 612
995 352
1:
271 966
271 937
271 934
271 898
942 966
942 898
942 916
942 689
991 966
991 937
991 898
991 736
991 916
991 591
970 966
970 937
970 934
970 868
970 916
993 966
993 937
993 934
993 898
993 868
993 916
966 937
966 578
966 934
966 898
966 868
966 933
966 736
966 306
966 916
966 332
966 711
966 467
966 689
966 591
937 934
937 898
937 868
937 933
937 736
937 916
937 467
937 689
937 591
578 934
578 898
578 736
578 916
934 898
934 868
934 736
934 306
934 916
934 332
934 711
934 467
934 689
934 591
898 868
898 933
898 736
898 306
898 916
898 711
898 689
868 933
868 736
868 306
868 916
868 711
736 916
916 332
916 711
916 467
916 689
916 591
332 711
689 591
2:
992 312
992 658
992 967
992 988
992 926
992 762
992 280
992 455
992 963
992 428
992 760
992 443
992 470
992 515
992 713
312 967
312 988
312 926
658 967
658 988
658 926
658 760
658 713
967 988
967 926
967 762
967 280
967 455
967 963
967 428
967 760
967 443
967 470
967 515
967 713
988 926
988 762
988 280
988 455
988 963
988 428
988 760
988 443
988 470
988 515
988 713
926 762
926 280
926 455
926 963
926 428
926 760
926 443
926 470
926 515
926 713
762 963
762 760
762 713
428 760
760 443
760 713
515 713
3:
999 798
999 908
999 955
999 970
999 864
999 912
999 936
999 309
999 924
999 313
999 488
999 320
999 381
999 588
999 714
999 649
999 548
999 593
798 908
798 955
798 864
798 912
798 936
798 924
798 714
798 649
798 593
908 955
908 864
908 912
908 936
908 309
908 924
908 313
908 320
908 381
908 588
908 714
908 548
955 970
955 864
955 912
955 936
955 924
955 313
955 488
955 320
955 381
955 588
955 714
955 649
955 548
970 864
970 912
970 936
864 912
864 936
864 309
864 924
864 714
864 649
864 548
864 593
912 936
912 924
912 488
912 320
912 588
912 714
912 649
912 593
936 924
936 313
936 488
936 714
936 649
936 593
309 924
924 381
924 588
924 714
924 649
924 548
924 593
4:
976 945
976 971
976 930
976 833
976 305
976 880
976 917
976 630
976 906
976 363
976 885
976 821
976 459
976 641
976 727
976 702
942 945
942 971
942 930
942 917
945 971
945 930
945 833
945 305
945 880
945 917
945 630
945 906
945 885
945 821
945 459
945 641
945 727
945 702
971 930
971 833
971 305
971 880
971 917
971 630
971 906
971 363
971 885
971 821
971 459
971 641
971 727
971 702
930 833
930 880
930 917
930 630
930 906
930 363
930 885
930 821
930 641
930 727
930 702
833 880
833 917
833 906
833 885
833 821
305 906
880 917
880 906
880 885
880 821
880 727
880 702
917 630
917 906
917 363
917 885
917 821
917 641
917 727
917 702
630 906
630 885
906 885
906 821
906 459
906 641
906 727
906 702
885 821
885 727
885 702
5:
421 874
421 878
421 901
421 759
874 878
874 901
874 248
874 759
874 417
874 447
874 550
878 901
878 248
878 759
878 417
878 447
878 550
901 248
901 759
901 417
901 447
901 550
248 759
759 417
759 447
759 550
447 550
6:
400 948
400 968
400 895
400 928
434 948
434 968
434 895
434 928
991 948
991 928
991 963
991 875
991 865
970 948
970 968
970 895
970 928
970 875
948 968
948 698
948 895
948 928
948 629
948 794
948 256
948 963
948 717
948 688
948 875
948 865
968 698
968 895
968 928
968 629
968 794
968 256
968 963
968 717
968 688
968 875
968 865
698 895
698 928
698 794
698 875
698 865
895 928
895 629
895 794
895 256
895 963
895 717
895 688
895 875
895 865
928 629
928 794
928 256
928 963
928 717
928 688
928 875
928 865
629 875
629 865
794 717
794 688
794 875
794 865
963 875
717 875
717 865
688 875
688 865
875 865
7:
823 860
823 959
823 626
823 778
823 836
860 910
860 959
860 626
860 778
860 639
860 836
860 732
860 397
910 959
910 626
910 778
910 260
910 639
910 836
910 333
910 732
910 397
959 626
959 778
959 260
959 639
959 836
959 333
959 732
959 397
626 778
778 836
778 732
778 397
260 639
260 836
639 836
639 732
836 333
836 732
333 732
732 397
8:
819 754
819 266
819 697
819 709
819 429
819 514
754 266
754 697
754 709
754 429
754 514
266 697
266 709
697 709
697 429
697 514
709 429
709 514
9:
853 800
853 944
853 957
853 977
853 975
853 991
853 766
853 824
853 494
853 814
853 468
853 667
800 944
800 957
800 977
800 975
800 766
800 824
800 814
944 957
944 977
944 975
944 991
944 766
944 484
944 824
944 289
944 494
944 814
944 462
944 468
944 667
957 977
957 975
957 991
957 766
957 484
957 824
957 289
957 494
957 814
957 462
957 468
957 667
977 975
977 991
977 766
977 484
977 824
977 289
977 494
977 814
977 462
977 468
977 667
975 991
975 766
975 484
975 824
975 289
975 494
975 814
975 462
975 468
975 667
991 824
766 824
766 814
824 814
824 667
814 667
10:
896 899
896 726
896 892
896 956
896 465
896 563
896 933
896 652
896 294
896 716
896 664
896 525
899 726
899 892
899 956
899 465
899 563
899 933
899 652
899 294
899 716
899 664
899 525
726 892
726 956
726 933
726 652
726 664
892 956
892 465
892 563
892 652
892 716
892 664
892 525
956 465
956 563
956 933
956 652
956 294
956 716
956 664
956 525
563 716
652 294
716 664
716 525
11:
921 302
921 721
921 882
921 918
921 314
921 809
921 474
921 423
921 520
921 503
921 669
302 721
302 882
302 918
721 882
721 918
721 809
721 423
721 520
721 669
882 918
882 314
882 809
882 474
882 423
882 520
882 503
882 669
918 314
918 809
918 474
918 423
918 520
918 503
918 669
314 809
809 474
809 423
809 520
809 503
809 669
503 669
12:
932 961
932 991
932 965
932 940
932 950
932 583
932 818
932 925
932 330
932 812
932 738
932 647
932 822
932 576
932 815
961 991
961 965
961 940
961 950
961 583
961 818
961 925
961 330
961 812
961 738
961 647
961 450
961 822
961 815
991 965
991 940
991 950
991 812
991 822
965 940
965 950
965 583
965 818
965 925
965 330
965 812
965 738
965 647
965 822
965 576
965 815
940 950
940 583
940 818
940 925
940 812
940 738
940 647
940 450
940 822
940 815
950 583
950 818
950 925
950 330
950 812
950 738
950 450
950 822
950 576
950 815
818 812
818 738
818 647
818 822
818 576
818 815
812 738
812 822
812 815
738 815
647 822
450 822
822 815
576 815
13:
832 914
832 974
832 742
832 335
832 544
914 974
914 742
914 335
914 544
974 742
974 335
974 544
742 335
742 544
14:
734 828
734 857
734 366
734 706
734 579
734 540
828 857
828 511
828 366
828 706
828 579
828 540
857 511
857 366
857 706
857 579
857 540
511 706
511 579
366 706
706 579
706 540
15:
749 527
749 538
749 385
749 543
749 601
527 538
527 385
527 543
527 601
538 543
538 601
385 543
385 601
543 601
16:
911 998
911 939
911 958
911 782
911 813
911 983
911 987
911 701
911 846
911 651
911 929
911 442
911 888
911 829
911 881
911 839
911 637
998 463
998 939
998 958
998 782
998 813
998 983
998 987
998 606
998 701
998 846
998 651
998 502
998 408
998 929
998 416
998 442
998 888
998 829
998 881
998 554
998 839
998 637
463 983
463 987
463 929
939 958
939 782
939 813
939 983
939 987
939 606
939 701
939 846
939 651
939 502
939 929
939 416
939 888
939 829
939 881
939 839
958 782
958 813
958 983
958 987
958 701
958 846
958 502
958 929
958 416
958 888
958 829
958 881
958 554
958 839
958 637
782 983
782 987
782 846
782 929
782 888
813 983
813 987
813 846
813 929
813 888
813 881
813 839
983 987
983 606
983 701
983 846
983 651
983 408
983 929
983 416
983 442
983 888
983 829
983 881
983 554
983 839
983 637
987 606
987 701
987 846
987 651
987 502
987 408
987 929
987 416
987 442
987 888
987 829
987 881
987 554
987 839
987 637
606 881
701 929
701 888
846 929
846 888
846 829
846 881
846 839
651 881
502 881
408 929
929 888
929 829
929 881
929 554
929 839
929 637
442 888
888 829
888 881
888 839
829 881
829 839
881 839
17:
816 897
816 482
816 646
816 598
816 731
897 482
897 646
897 598
897 731
482 598
482 731
646 598
646 731
598 731
18:
938 982
938 891
938 984
938 922
830 982
830 611
830 905
830 984
830 922
830 840
830 972
830 772
830 745
982 990
982 611
982 891
982 905
982 984
982 973
982 993
982 922
982 844
982 840
982 972
982 435
982 409
982 772
982 438
982 725
982 745
990 891
990 984
990 922
990 840
990 972
611 905
611 984
611 972
891 905
891 984
891 973
891 922
891 840
891 972
891 772
891 438
891 745
905 984
905 922
905 844
905 840
905 972
905 435
905 772
905 483
905 725
905 745
984 973
984 922
984 844
984 840
984 972
984 435
984 409
984 772
984 483
984 725
984 745
973 922
973 972
993 844
993 840
993 972
993 725
922 844
922 840
922 972
922 772
922 438
922 745
844 840
844 972
844 725
840 972
972 435
972 409
972 772
972 483
972 725
972 745
409 772
772 438
483 725
725 745
19:
856 886
856 894
856 596
856 779
856 437
856 575
886 894
886 596
886 779
886 437
886 575
894 596
894 779
894 575
596 779
596 575
779 437
779 575
437 575
20:
837 949
837 807
837 915
837 973
837 825
837 835
837 666
837 405
837 803
837 491
949 807
949 915
949 973
949 825
949 835
949 666
949 405
949 803
949 490
949 491
949 500
807 915
807 825
807 835
807 405
807 803
807 490
807 500
915 973
915 825
915 835
915 666
915 803
915 490
915 491
915 500
973 825
973 835
825 835
825 666
825 803
825 490
825 491
825 500
835 666
835 803
835 490
666 803
405 803
803 491
803 500
21:
997 981
997 996
997 672
997 496
997 993
997 677
997 927
997 756
997 919
997 616
997 764
997 420
997 804
997 426
997 451
997 684
997 453
997 508
997 523
997 783
997 758
981 996
981 672
981 496
981 993
981 677
981 927
981 756
981 919
981 616
981 764
981 420
981 804
981 426
981 451
981 684
981 453
981 508
981 523
981 783
981 758
996 672
996 496
996 993
996 677
996 927
996 756
996 919
996 616
996 764
996 420
996 804
996 426
996 451
996 684
996 453
996 508
996 523
996 783
996 758
672 927
672 919
672 764
672 684
496 677
496 927
993 927
993 919
993 684
677 927
677 919
677 804
927 756
927 919
927 616
927 764
927 804
927 426
927 451
927 684
927 508
927 523
927 783
927 758
756 919
756 764
756 684
756 783
756 758
919 616
919 764
919 420
919 804
919 426
919 453
919 508
919 783
919 758
616 783
764 804
764 758
420 804
804 783
804 758
451 684
783 758
22:
855 806
855 866
855 970
855 432
855 771
855 479
806 866
806 970
806 432
806 771
806 479
866 970
866 432
866 771
866 479
970 771
970 479
432 771
771 479
23:
623 780
623 784
623 951
623 561
780 784
780 951
780 561
784 951
784 561
951 561
24:
978 769
978 994
978 854
978 501
978 744
769 994
769 854
769 501
769 744
994 854
994 744
854 501
854 744
501 744
25:
787 842
787 890
787 872
787 841
787 770
787 675
743 842
743 890
743 872
743 841
743 770
743 521
743 675
790 842
790 890
790 872
790 841
790 770
842 890
842 872
842 841
842 663
842 770
842 521
890 872
890 841
890 663
890 770
890 521
890 675
872 841
872 663
872 770
872 675
841 770
841 521
841 675
663 770
770 675
26:
811 941
811 985
811 889
811 795
941 985
941 817
941 889
941 795
941 498
985 817
985 889
985 795
985 498
817 889
817 795
889 795
889 498
795 498
27:
978 854
978 632
978 845
978 505
854 632
854 845
854 505
632 845
632 505
845 505
28:
923 883
923 993
923 774
923 746
923 519
923 609
923 620
883 993
883 774
883 746
883 519
883 620
993 746
993 609
993 620
774 746
774 519
774 609
774 620
746 519
746 609
746 620
609 620
29:
979 969
979 627
979 705
979 553
969 627
969 705
969 553
627 705
627 553
705 553
30:
920 979
920 969
920 931
920 753
920 610
979 969
979 931
979 728
979 753
979 610
969 728
969 753
969 610
931 728
931 753
931 610
728 753
728 610
753 610
31:
801 681
801 852
801 573
801 584
681 852
681 573
681 584
852 573
852 584
573 584
32:
811 941
811 985
811 605
811 582
941 985
941 605
941 582
985 605
985 582
605 582
33:
978 785
978 871
978 690
978 750
785 871
785 690
785 750
871 690
871 750
690 750
34:
920 979
920 969
920 777
920 685
979 969
979 777
979 685
969 777
969 685
777 685
35:
907 973
907 951
907 715
907 668
973 951
973 715
973 668
951 715
951 668
715 668
36:
699 935
699 943
699 858
699 796
935 986
935 943
935 858
935 796
935 733
935 820
935 963
986 943
986 858
986 796
986 733
986 820
986 963
943 858
943 796
943 820
943 963
858 796
858 733
858 820
733 820
820 963
37:
718 993
718 986
718 943
718 796
993 986
993 943
993 796
986 943
986 796
943 796
