# The contained cliques in the communities at k=5
# from G:\Dropbox\Raghda\CNA\Final Project\other methods\CFinder-2.0.6--1448\G:\Dropbox\Raghda\CNA\Final Project\Datasets\binary_networks\LFR2\networ_LFR2_Om5.dat
# at no lower link weight threshold,
# and at no upper link weight threshold.
# Links were treated as undirected.
# No time limit was set for the clique search.

0: 256 746 823 874 916 967 1004 1059 1200 260 418 457 572 574 698 258 
1: 259 856 945 1135 527 697 732 855 898 944 1134 731 370 399 1136 
2: 268 349 505 532 541 560 655 753 912 987 
3: 291 671 901 443 728 806 384 493 742 1123 377 
4: 294 553 772 817 913 915 1012 429 1169 
5: 312 450 458 544 
6: 323 459 462 767 830 859 906 1113 1115 1054 1112 
7: 325 770 400 511 900 755 754 986 
8: 331 495 506 
9: 356 475 554 555 623 871 917 1049 
10: 363 773 474 611 664 853 854 889 
11: 368 530 640 861 378 503 649 
12: 395 693 960 1050 1051 1181 796 736 547 
13: 402 670 
14: 432 667 735 597 
15: 445 481 
16: 465 518 674 816 890 979 1046 1073 528 610 695 763 539 
17: 469 709 
18: 494 679 909 910 962 963 998 999 1058 1081 1082 568 911 1083 1080 1146 1145 520 538 
19: 502 692 
20: 517 1044 643 644 648 846 1067 
21: 529 531 549 654 722 825 831 992 993 997 1003 1168 548 581 663 826 857 858 
22: 535 565 
23: 571 
24: 612 946 
25: 627 926 841 867 869 994 995 
26: 639 1026 1027 
27: 641 
28: 661 815 744 814 743 
29: 673 
30: 712 713 714 715 
31: 724 
32: 727 
33: 836 
34: 860 
35: 865 
36: 877 1015 1070 954 1071 
37: 887 
