# The links from G:\Dropbox\Raghda\CNA\Final Project\other methods\CFinder-2.0.6--1448\G:\Dropbox\Raghda\CNA\Final Project\Datasets\binary_networks\LFR5\network_LFR5_Om3.dat
# at no lower link weight threshold,
# and at no upper link weight threshold.
# Links were treated as undirected.
# No time limit was set for the clique search.
# (mutual links and self-links were removed)

1 695
1 92
1 946
1 966
10 765
10 917
10 930
10 951
100 317
100 854
100 879
100 914
1000 251
1000 270
1000 284
1000 307
1000 368
1000 371
1000 453
1000 479
1000 509
1000 523
1000 529
1000 531
1000 569
1000 588
1000 604
1000 614
1000 616
1000 628
1000 633
1000 656
1000 677
1000 683
1000 727
1000 733
1000 734
1000 759
1000 80
1000 801
1000 806
1000 845
1000 847
1000 867
1000 870
1000 88
1000 883
1000 888
1000 92
1000 924
1000 925
1000 927
1000 940
1000 942
1000 956
1000 957
1000 962
1000 974
1000 975
1000 985
1000 990
101 348
101 397
101 971
101 992
102 467
102 666
102 903
102 992
103 501
103 55
103 935
103 964
104 656
104 862
104 867
104 975
105 144
105 483
105 549
105 550
106 429
106 582
106 808
106 912
107 144
107 709
107 741
107 939
108 650
108 834
108 928
108 944
109 633
109 771
109 911
109 995
11 13
11 350
11 910
11 957
110 580
110 701
110 733
110 874
111 838
111 848
111 955
111 993
112 620
112 691
112 949
112 956
113 601
113 785
113 931
113 978
114 433
114 603
114 687
114 986
115 165
115 425
115 930
115 973
116 657
116 952
116 978
116 986
117 454
117 789
117 945
117 982
118 453
118 924
118 931
118 999
119 291
119 879
119 916
119 976
12 539
12 697
12 738
12 965
120 200
120 818
120 939
120 947
120 988
121 196
121 313
121 454
121 986
122 392
122 844
122 858
122 998
123 565
123 821
123 875
123 928
124 250
124 701
124 716
124 928
125 190
125 222
125 50
125 942
126 168
126 712
126 792
126 880
126 961
127 516
127 746
127 770
127 976
128 157
128 396
128 667
128 857
129 790
129 947
129 958
129 971
13 11
13 730
13 832
13 910
130 327
130 525
130 783
130 815
131 188
131 704
131 919
131 933
132 926
132 954
132 979
132 988
133 706
133 751
133 8
133 938
134 709
134 912
134 940
134 999
135 211
135 60
135 859
135 972
136 180
136 490
136 878
136 955
137 20
137 246
137 335
137 990
138 694
138 747
138 784
138 963
139 609
139 862
139 942
139 984
14 534
14 959
14 985
14 992
140 73
140 777
140 961
140 986
141 254
141 612
141 859
141 992
142 849
142 869
142 959
142 995
143 465
143 787
143 974
143 991
144 105
144 107
144 992
144 993
145 387
145 727
145 940
145 965
146 412
146 749
146 830
146 991
147 189
147 811
147 911
147 995
148 859
148 916
148 964
148 998
149 427
149 431
149 645
149 863
15 28
15 59
15 607
15 674
150 843
150 900
150 978
150 988
151 20
151 739
151 759
151 913
152 341
152 405
152 453
152 907
153 901
153 965
153 977
153 994
154 510
154 632
154 636
154 892
155 668
155 883
155 886
155 997
156 333
156 942
156 952
156 965
157 128
157 437
157 52
157 832
158 186
158 627
158 677
158 898
159 613
159 924
159 960
159 989
16 641
16 678
16 690
16 991
160 294
160 530
160 685
160 965
161 277
161 568
161 782
161 994
162 726
162 952
162 953
162 977
163 857
163 909
163 990
163 998
164 358
164 870
164 959
164 982
165 115
165 322
165 881
165 973
166 925
166 953
166 955
166 968
167 631
167 693
167 992
167 998
168 126
168 395
168 857
168 865
169 407
169 561
169 729
169 952
17 309
17 498
17 639
17 880
170 372
170 887
170 935
170 988
171 735
171 955
171 965
171 990
172 197
172 366
172 958
172 986
172 987
173 898
173 910
173 918
173 997
174 762
174 947
174 955
174 987
175 208
175 605
175 928
175 999
176 735
176 837
176 961
176 977
177 366
177 566
177 856
177 906
178 181
178 444
178 961
178 974
179 195
179 883
179 913
179 926
18 680
18 919
18 969
18 982
180 136
180 212
180 878
180 968
181 178
181 27
181 490
181 970
182 268
182 670
182 843
182 850
183 908
183 924
183 938
183 978
184 524
184 961
184 990
184 998
185 890
185 893
185 920
185 970
186 158
186 601
186 711
186 956
187 282
187 301
187 508
187 692
188 131
188 435
188 891
188 973
189 147
189 663
189 913
189 975
19 413
19 905
19 945
19 981
190 125
190 444
190 772
190 811
191 477
191 571
191 590
191 998
192 346
192 541
192 569
192 848
193 286
193 303
193 431
193 442
194 621
194 979
194 988
194 992
195 179
195 402
195 793
195 967
196 121
196 651
196 785
196 986
197 172
197 621
197 750
197 790
198 311
198 73
198 853
198 856
199 882
199 923
199 958
199 972
2 456
2 833
2 951
2 967
20 137
20 151
20 527
20 826
200 120
200 366
200 698
200 830
201 379
201 515
201 891
201 963
202 303
202 923
202 958
202 972
203 688
203 704
203 875
203 931
204 591
204 671
204 947
204 998
205 331
205 728
205 903
205 923
206 258
206 602
206 688
206 935
207 304
207 477
207 884
207 931
208 175
208 386
208 890
208 980
209 59
209 881
209 960
209 984
21 499
21 716
21 794
21 975
210 408
210 510
210 742
210 965
211 135
211 885
211 955
211 978
212 180
212 948
212 980
212 982
213 807
213 814
213 827
213 895
214 643
214 76
214 893
214 931
215 296
215 926
215 928
215 991
216 629
216 792
216 827
216 908
217 666
217 903
217 918
217 972
218 775
218 817
218 976
218 994
219 650
219 681
219 825
219 978
22 303
22 519
22 803
22 992
220 847
220 887
220 911
220 984
221 268
221 675
221 966
221 972
222 125
222 711
222 899
222 915
223 816
223 957
223 970
223 978
224 358
224 736
224 820
224 869
225 705
225 756
225 811
225 995
226 628
226 820
226 913
226 951
227 425
227 659
227 765
227 965
228 776
228 790
228 810
228 947
229 740
229 779
229 91
229 940
23 289
23 724
23 885
23 988
230 614
230 810
230 892
230 907
231 464
231 559
231 833
231 995
232 732
232 817
232 839
232 931
233 369
233 498
233 665
233 944
234 339
234 848
234 925
234 957
235 732
235 961
235 971
235 995
236 533
236 872
236 958
236 972
237 557
237 692
237 859
237 938
238 683
238 870
238 918
238 985
239 569
239 84
239 909
239 978
24 877
24 958
24 980
24 992
240 825
240 921
240 965
240 998
241 568
241 675
241 920
241 966
242 593
242 840
242 869
242 991
243 509
243 844
243 981
243 998
244 249
244 589
244 957
244 997
245 792
245 812
245 869
245 972
246 137
246 464
246 565
246 892
247 889
247 909
247 916
247 985
248 408
248 587
248 824
248 976
249 244
249 817
249 858
249 869
249 931
25 293
25 616
25 704
25 998
250 124
250 638
250 676
250 902
250 961
251 1000
251 830
251 914
251 930
251 988
252 311
252 605
252 837
252 936
252 950
253 312
253 707
253 711
253 823
253 993
254 141
254 881
254 901
254 987
254 998
255 395
255 935
255 946
255 964
255 986
256 511
256 797
256 865
256 935
256 987
257 402
257 714
257 827
257 871
257 949
258 206
258 67
258 710
258 952
258 953
259 40
259 513
259 77
259 943
259 983
26 649
26 780
26 931
26 986
260 428
260 602
260 872
260 923
260 991
261 436
261 641
261 707
261 878
261 907
262 64
262 838
262 872
262 934
262 980
263 503
263 945
263 976
263 994
263 998
264 594
264 721
264 748
264 751
264 957
265 58
265 843
265 845
265 944
265 994
266 295
266 314
266 936
266 979
266 986
267 51
267 933
267 958
267 973
267 991
268 182
268 221
268 774
268 853
268 898
269 362
269 879
269 928
269 939
269 980
27 181
27 934
27 947
27 998
270 1000
270 846
270 902
270 910
270 994
271 759
271 839
271 904
271 969
271 986
272 731
272 865
272 917
272 932
272 962
273 290
273 625
273 750
273 862
273 902
274 797
274 799
274 849
274 901
274 977
275 346
275 526
275 733
275 938
275 975
276 532
276 573
276 714
276 991
276 992
277 161
277 596
277 782
277 825
277 901
278 803
278 889
278 960
278 987
278 995
279 49
279 541
279 755
279 970
279 992
28 15
28 800
28 810
28 939
280 700
280 811
280 901
280 916
280 981
281 836
281 899
281 927
281 930
281 977
282 187
282 659
282 751
282 80
282 978
283 342
283 371
283 511
283 916
283 959
284 1000
284 748
284 887
284 888
284 916
285 449
285 869
285 883
285 966
285 975
285 993
286 193
286 788
286 854
286 889
286 995
287 508
287 615
287 944
287 987
287 989
288 513
288 718
288 967
288 987
288 989
289 23
289 651
289 659
289 812
289 999
29 678
29 947
29 972
29 983
290 273
290 293
290 977
290 996
290 999
291 119
291 764
291 781
291 797
291 880
292 688
292 734
292 858
292 859
292 920
293 25
293 290
293 759
293 893
293 91
294 160
294 480
294 820
294 824
294 874
295 266
295 648
295 880
295 958
295 974
296 215
296 927
296 939
296 964
296 998
297 459
297 679
297 704
297 736
297 766
298 668
298 71
298 883
298 915
298 997
299 582
299 693
299 829
299 909
299 963
3 486
3 503
3 843
3 924
30 374
30 877
30 899
30 973
300 538
300 577
300 815
300 956
300 972
301 187
301 395
301 536
301 803
301 986
302 378
302 629
302 911
302 958
302 972
303 193
303 202
303 22
303 992
303 996
304 207
304 653
304 780
304 789
304 824
305 518
305 539
305 622
305 923
305 969
306 664
306 798
306 805
306 867
306 957
307 1000
307 590
307 73
307 755
307 970
308 456
308 64
308 683
308 91
308 985
309 17
309 452
309 827
309 970
309 975
31 416
31 566
31 639
31 834
310 454
310 810
310 935
310 963
310 997
311 198
311 252
311 856
311 927
311 970
312 253
312 609
312 686
312 838
312 994
313 121
313 586
313 715
313 819
313 987
314 266
314 911
314 944
314 960
314 966
315 538
315 603
315 648
315 762
315 977
316 809
316 908
316 936
316 937
316 950
317 100
317 494
317 534
317 661
317 989
318 655
318 718
318 813
318 906
318 910
319 861
319 921
319 945
319 981
319 986
32 530
32 831
32 974
32 991
320 741
320 743
320 811
320 968
320 987
321 344
321 411
321 485
321 583
321 94
322 165
322 700
322 737
322 838
322 882
323 504
323 597
323 753
323 977
323 994
324 892
324 922
324 941
324 962
324 965
325 427
325 836
325 939
325 967
325 980
326 332
326 781
326 904
326 973
326 996
327 130
327 589
327 648
327 987
327 988
328 457
328 818
328 940
328 945
328 963
329 616
329 727
329 79
329 804
329 855
33 662
33 826
33 863
33 979
330 868
330 891
330 917
330 975
330 991
331 205
331 471
331 594
331 828
331 966
332 326
332 622
332 850
332 897
332 924
333 156
333 764
333 933
333 982
333 989
334 639
334 737
334 849
334 899
334 933
335 137
335 720
335 901
335 949
335 984
336 35
336 38
336 956
336 981
336 988
337 654
337 737
337 901
337 973
337 976
338 430
338 439
338 457
338 848
338 947
339 234
339 818
339 879
339 980
339 982
34 40
34 907
34 972
34 981
340 446
340 674
340 793
340 892
340 908
341 152
341 95
341 951
341 984
341 986
342 283
342 747
342 839
342 869
342 932
343 598
343 746
343 801
343 879
343 975
344 321
344 807
344 855
344 879
344 897
345 602
345 814
345 864
345 961
345 980
346 192
346 275
346 472
346 673
346 959
347 675
347 733
347 898
347 920
347 966
348 101
348 776
348 855
348 947
348 987
349 376
349 518
349 70
349 974
349 976
35 336
35 658
35 901
35 979
350 11
350 889
350 950
350 952
350 999
351 543
351 567
351 716
351 968
351 971
352 466
352 748
352 887
352 984
352 991
353 729
353 820
353 869
353 975
353 999
354 527
354 782
354 912
354 913
354 967
355 719
355 774
355 810
355 976
355 997
356 735
356 837
356 845
356 996
356 999
357 855
357 910
357 921
357 950
357 981
358 164
358 224
358 922
358 97
358 976
359 69
359 737
359 767
359 877
359 964
36 409
36 652
36 800
36 978
360 699
360 823
360 919
360 965
360 999
361 37
361 804
361 816
361 903
361 938
362 269
362 782
362 810
362 839
362 876
363 403
363 637
363 857
363 875
363 999
364 435
364 455
364 6
364 734
364 858
365 627
365 877
365 907
365 909
365 997
366 172
366 177
366 200
366 549
366 608
367 462
367 552
367 654
367 758
367 960
368 1000
368 525
368 734
368 806
368 813
369 233
369 370
369 406
369 944
369 982
37 361
37 630
37 741
37 993
370 369
370 468
370 604
370 930
370 973
371 1000
371 283
371 487
371 669
371 975
372 170
372 815
372 862
372 936
372 947
373 785
373 821
373 919
373 934
373 978
374 30
374 895
374 908
374 912
374 942
375 492
375 523
375 666
375 870
375 903
376 349
376 74
376 965
376 979
376 999
377 460
377 901
377 942
377 944
377 989
378 302
378 814
378 857
378 948
378 980
379 201
379 545
379 601
379 965
379 999
38 336
38 649
38 992
38 995
380 613
380 768
380 808
380 890
380 974
381 454
381 497
381 722
381 859
381 922
382 736
382 820
382 869
382 939
382 997
383 397
383 552
383 755
383 827
383 980
384 429
384 624
384 909
384 979
384 992
385 643
385 690
385 724
385 929
385 973
386 208
386 821
386 868
386 892
386 903
387 145
387 426
387 548
387 789
387 871
388 859
388 943
388 954
388 971
388 989
389 787
389 88
389 976
389 997
389 998
39 676
39 754
39 834
39 987
390 47
390 569
390 821
390 931
390 985
391 409
391 48
391 781
391 810
391 990
392 122
392 604
392 751
392 972
392 993
393 490
393 759
393 786
393 858
393 939
394 542
394 644
394 779
394 787
394 875
395 168
395 255
395 301
395 617
395 996
396 128
396 836
396 869
396 920
396 970
397 101
397 383
397 466
397 499
397 939
398 721
398 740
398 777
398 875
398 968
399 821
399 89
399 969
399 973
399 982
4 647
4 785
4 845
4 873
40 259
40 34
40 879
40 988
400 877
400 937
400 944
400 960
400 993
401 619
401 708
401 759
401 814
401 873
402 195
402 257
402 826
402 967
402 991
403 363
403 572
403 889
403 970
403 986
404 596
404 638
404 800
404 918
404 998
405 152
405 622
405 748
405 877
405 889
406 369
406 62
406 657
406 878
406 973
407 169
407 454
407 857
407 904
407 962
408 210
408 248
408 476
408 480
408 685
409 36
409 391
409 788
409 845
409 943
41 593
41 663
41 758
41 836
410 535
410 879
410 933
410 948
410 997
411 321
411 437
411 701
411 880
411 967
412 146
412 771
412 823
412 830
412 962
413 19
413 702
413 782
413 901
413 994
414 877
414 888
414 914
414 962
414 969
415 892
415 908
415 927
415 946
415 953
416 31
416 545
416 623
416 896
416 992
417 879
417 938
417 980
417 983
417 993
418 482
418 486
418 850
418 934
418 958
418 988
419 52
419 678
419 83
419 847
419 983
419 984
42 600
42 680
42 710
42 954
420 45
420 717
420 900
420 946
420 968
420 998
421 453
421 492
421 682
421 859
422 564
422 796
422 878
422 906
422 935
422 971
423 534
423 646
423 660
423 841
423 929
423 93
424 558
424 580
424 845
424 874
424 949
424 978
425 115
425 227
425 482
425 754
425 864
425 985
426 387
426 456
426 65
426 706
426 871
426 885
427 149
427 325
427 813
427 945
427 980
427 989
428 260
428 673
428 717
428 779
428 871
428 989
429 106
429 384
429 526
429 565
429 939
429 949
43 819
43 937
43 985
43 993
430 338
430 439
430 467
430 776
430 817
430 947
431 149
431 193
431 729
431 789
431 808
431 877
432 49
432 625
432 811
432 849
432 902
432 953
433 114
433 463
433 49
433 663
433 781
433 863
434 589
434 728
434 896
434 907
434 955
434 983
435 188
435 364
435 610
435 657
435 715
435 945
436 261
436 589
436 878
436 907
436 943
436 955
437 157
437 411
437 518
437 787
437 944
437 992
438 594
438 802
438 900
438 925
438 939
438 996
439 338
439 430
439 776
439 781
439 790
439 947
44 557
44 781
44 955
44 958
440 708
440 867
440 892
440 921
440 975
440 986
441 642
441 694
441 725
441 825
441 979
441 997
442 193
442 599
442 872
442 900
442 921
442 972
443 798
443 822
443 865
443 920
443 966
443 980
444 178
444 190
444 481
444 773
444 913
444 953
445 558
445 653
445 915
445 938
445 992
445 997
446 340
446 742
446 829
446 951
446 967
446 971
447 460
447 551
447 780
447 841
447 990
447 995
448 555
448 726
448 743
448 943
448 961
448 992
449 285
449 568
449 861
449 879
449 906
449 980
45 420
45 784
45 867
45 963
450 679
450 732
450 772
450 908
450 953
450 962
451 593
451 642
451 740
451 745
451 959
451 960
452 309
452 686
452 905
452 930
452 948
452 982
453 1000
453 118
453 152
453 421
453 496
453 647
454 117
454 121
454 310
454 381
454 407
454 807
455 364
455 808
455 884
455 951
455 969
455 973
456 2
456 308
456 426
456 767
456 934
456 972
457 328
457 338
457 776
457 790
457 947
457 954
458 474
458 532
458 728
458 900
458 918
458 976
459 297
459 474
459 890
459 950
459 956
459 971
46 775
46 962
46 970
46 994
460 377
460 447
460 551
460 780
460 990
460 995
461 626
461 653
461 912
461 954
461 955
461 969
462 367
462 570
462 649
462 654
462 813
462 960
463 433
463 609
463 815
463 847
463 916
463 983
464 231
464 246
464 598
464 725
464 816
464 962
465 143
465 506
465 75
465 851
465 882
465 919
466 352
466 397
466 468
466 505
466 992
466 998
467 102
467 430
467 492
467 670
467 903
467 918
468 370
468 466
468 655
468 881
468 957
468 998
469 583
469 677
469 711
469 885
469 916
469 962
47 390
47 761
47 800
47 907
470 656
470 778
470 857
470 867
470 927
470 977
471 331
471 680
471 781
471 871
471 98
471 982
472 346
472 500
472 541
472 566
472 588
472 639
473 552
473 654
473 774
473 782
473 831
473 873
474 458
474 459
474 754
474 800
474 940
474 976
475 806
475 951
475 960
475 981
475 986
475 987
476 408
476 853
476 898
476 920
476 941
476 966
477 191
477 207
477 588
477 689
477 958
477 975
478 519
478 709
478 75
478 784
478 963
478 994
479 1000
479 549
479 727
479 793
479 850
479 965
48 391
48 801
48 822
48 908
480 294
480 408
480 685
480 824
480 946
480 952
481 444
481 578
481 737
481 775
481 945
481 994
482 418
482 425
482 796
482 884
482 941
482 965
483 105
483 613
483 754
483 920
483 923
483 997
484 571
484 756
484 826
484 950
484 967
484 976
485 321
485 614
485 830
485 850
485 897
485 980
486 3
486 418
486 582
486 694
486 768
486 989
487 371
487 682
487 764
487 787
487 853
487 859
488 699
488 841
488 910
488 93
488 970
488 998
489 729
489 800
489 878
489 896
489 932
489 955
49 279
49 432
49 433
49 936
490 136
490 181
490 393
490 714
490 806
490 956
491 694
491 825
491 846
491 863
491 89
491 891
492 375
492 421
492 467
492 870
492 903
492 947
493 677
493 741
493 801
493 959
493 988
493 995
494 317
494 808
494 922
494 923
494 994
494 995
495 704
495 773
495 832
495 882
495 941
495 973
496 453
496 765
496 871
496 935
496 936
496 941
497 381
497 718
497 776
497 790
497 831
497 947
498 17
498 233
498 505
498 657
498 868
498 944
499 21
499 397
499 799
499 847
499 872
499 972
5 688
5 896
5 931
5 982
50 125
50 610
50 942
50 955
500 472
500 536
500 597
500 802
500 85
500 996
501 103
501 505
501 575
501 894
501 897
501 956
502 681
502 687
502 935
502 939
502 942
502 995
503 263
503 3
503 785
503 843
503 927
503 979
504 323
504 599
504 919
504 930
504 937
504 955
505 466
505 498
505 501
505 923
505 958
505 972
506 465
506 827
506 942
506 962
506 969
506 975
507 784
507 793
507 810
507 899
507 977
507 980
508 187
508 287
508 515
508 848
508 957
508 983
509 1000
509 243
509 545
509 829
509 927
509 994
51 267
51 521
51 68
51 912
510 154
510 210
510 764
510 894
510 916
510 953
511 256
511 283
511 610
511 631
511 695
511 946
512 715
512 731
512 754
512 932
512 987
512 992
513 259
513 288
513 555
513 793
513 928
513 943
514 549
514 656
514 801
514 960
514 993
514 994
515 201
515 508
515 664
515 805
515 848
515 983
516 127
516 640
516 723
516 907
516 918
516 965
517 592
517 811
517 832
517 911
517 960
517 995
518 305
518 349
518 437
518 695
518 829
518 865
519 22
519 478
519 712
519 826
519 913
519 917
52 157
52 419
52 742
52 96
520 553
520 593
520 613
520 700
520 941
520 967
521 51
521 683
521 817
521 858
521 985
521 991
521 992
522 660
522 769
522 801
522 956
522 958
522 963
522 991
523 1000
523 375
523 786
523 936
523 947
523 983
523 990
524 184
524 696
524 849
524 897
524 964
524 983
524 990
525 130
525 368
525 528
525 806
525 840
525 940
525 990
526 275
526 429
526 745
526 779
526 816
526 921
526 963
527 20
527 354
527 619
527 883
527 946
527 967
527 989
528 525
528 594
528 604
528 768
528 829
528 839
528 955
529 1000
529 637
529 660
529 801
529 967
529 975
529 992
53 663
53 75
53 781
53 973
530 160
530 32
530 824
530 874
530 952
530 982
530 985
531 1000
531 625
531 710
531 842
531 902
531 975
531 990
532 276
532 458
532 573
532 858
532 915
532 979
532 992
533 236
533 726
533 830
533 835
533 871
533 930
533 971
534 14
534 317
534 423
534 591
534 655
534 699
534 959
535 410
535 766
535 879
535 897
535 980
535 982
535 987
536 301
536 500
536 583
536 597
536 757
536 802
536 996
537 698
537 709
537 741
537 868
537 916
537 975
537 998
538 300
538 315
538 546
538 555
538 577
538 865
538 942
539 12
539 305
539 760
539 855
539 973
539 980
539 996
54 544
54 684
54 803
54 997
540 664
540 850
540 886
540 913
540 916
540 957
540 997
541 192
541 279
541 472
541 650
541 652
541 723
541 834
542 394
542 599
542 764
542 776
542 919
542 940
542 985
543 351
543 760
543 854
543 967
543 971
543 979
543 997
544 54
544 719
544 770
544 976
544 978
544 986
544 997
545 379
545 416
545 509
545 734
545 889
545 922
545 940
546 538
546 581
546 845
546 861
546 877
546 906
546 973
547 724
547 764
547 808
547 878
547 880
547 933
547 934
548 387
548 711
548 714
548 814
548 901
548 905
548 938
549 105
549 366
549 479
549 514
549 724
549 983
549 997
55 103
55 986
55 988
55 998
550 105
550 707
550 767
550 832
550 877
550 957
550 983
551 447
551 460
551 780
551 860
551 896
551 990
551 995
552 367
552 383
552 473
552 790
552 813
552 873
552 875
553 520
553 634
553 736
553 911
553 915
553 953
553 958
554 563
554 749
554 780
554 831
554 873
554 905
554 995
555 448
555 513
555 538
555 685
555 824
555 878
555 942
556 666
556 688
556 881
556 884
556 903
556 915
556 957
557 237
557 44
557 692
557 705
557 751
557 905
557 978
558 424
558 445
558 750
558 835
558 852
558 902
558 984
559 231
559 784
559 850
559 904
559 927
559 989
559 999
56 724
56 873
56 965
56 990
560 592
560 691
560 798
560 819
560 889
560 940
560 991
561 169
561 570
561 809
561 852
561 894
561 963
561 986
562 61
562 640
562 702
562 793
562 922
562 928
562 943
563 554
563 598
563 663
563 682
563 706
563 712
563 871
564 422
564 883
564 949
564 963
564 967
564 997
565 123
565 246
565 429
565 67
565 842
565 854
565 905
566 177
566 31
566 472
566 666
566 739
566 903
566 943
567 351
567 684
567 718
567 901
567 922
567 981
567 994
568 161
568 241
568 449
568 588
568 949
568 968
568 971
569 1000
569 192
569 239
569 390
569 965
569 975
569 998
57 765
57 905
57 918
57 936
570 462
570 561
570 624
570 653
570 766
570 945
570 998
571 191
571 484
571 663
571 695
571 838
571 882
571 941
572 403
572 607
572 803
572 819
572 889
572 987
572 996
573 276
573 532
573 641
573 696
573 787
573 961
573 992
574 604
574 758
574 814
574 863
574 893
574 922
574 943
575 501
575 669
575 893
575 909
575 916
575 985
575 999
576 684
576 735
576 766
576 837
576 881
576 905
576 999
577 300
577 538
577 729
577 808
577 834
577 972
577 988
578 481
578 696
578 739
578 793
578 899
578 972
578 99
579 853
579 865
579 920
579 964
579 965
579 966
579 970
58 265
58 951
58 988
58 996
580 110
580 424
580 618
580 660
580 668
580 896
580 952
581 546
581 617
581 860
581 877
581 962
581 969
581 989
582 106
582 299
582 486
582 814
582 864
582 901
582 962
583 321
583 469
583 536
583 615
583 813
583 873
583 989
584 602
584 729
584 753
584 756
584 835
584 884
584 968
585 658
585 798
585 851
585 866
585 907
585 923
585 972
586 313
586 690
586 908
586 945
586 981
586 983
586 990
587 248
587 618
587 824
587 874
587 930
587 952
587 986
588 1000
588 472
588 477
588 568
588 63
588 884
588 948
589 244
589 327
589 434
589 436
589 707
589 955
589 970
59 15
59 209
59 854
59 881
590 191
590 307
590 822
590 828
590 853
590 879
590 898
590 966
591 204
591 534
591 69
591 690
591 705
591 882
591 928
591 991
592 517
592 560
592 760
592 796
592 817
592 824
592 906
592 931
593 242
593 41
593 451
593 520
593 730
593 744
593 959
593 994
594 264
594 331
594 438
594 528
594 794
594 825
594 984
594 986
595 671
595 684
595 717
595 822
595 853
595 920
595 966
595 970
596 277
596 404
596 739
596 845
596 861
596 906
596 947
596 988
597 323
597 500
597 536
597 757
597 778
597 802
597 834
597 996
598 343
598 464
598 563
598 712
598 918
598 951
598 953
598 970
599 442
599 504
599 542
599 818
599 840
599 900
599 919
599 982
6 364
6 887
6 929
6 947
60 135
60 961
60 986
600 42
600 647
600 659
600 807
600 820
600 827
600 895
600 950
601 113
601 186
601 379
601 888
601 926
601 928
601 982
601 999
602 206
602 260
602 345
602 584
602 884
602 948
602 968
602 995
603 114
603 315
603 677
603 744
603 762
603 813
603 820
603 869
604 1000
604 370
604 392
604 528
604 574
604 741
604 811
604 930
605 175
605 252
605 609
605 819
605 876
605 905
605 986
605 996
606 685
606 756
606 834
606 932
606 934
606 950
606 960
606 994
607 15
607 572
607 843
607 910
607 954
607 976
607 988
607 994
608 366
608 650
608 930
608 935
608 964
608 972
608 983
608 990
609 139
609 312
609 463
609 605
609 628
609 772
609 847
609 887
61 562
61 793
61 822
61 943
610 435
610 50
610 511
610 747
610 810
610 882
610 961
610 981
611 730
611 828
611 844
611 926
611 953
611 954
611 988
611 996
612 141
612 873
612 895
612 900
612 956
612 974
612 991
612 998
613 159
613 380
613 483
613 520
613 614
613 642
613 781
613 985
614 1000
614 230
614 485
614 613
614 850
614 895
614 933
614 943
615 287
615 583
615 735
615 870
615 915
615 944
615 987
615 989
616 1000
616 25
616 329
616 655
616 851
616 952
616 978
616 990
617 395
617 581
617 645
617 78
617 823
617 830
617 835
617 993
618 580
618 587
618 642
618 708
618 733
618 824
618 874
618 948
619 401
619 527
619 634
619 754
619 892
619 928
619 958
619 967
62 406
62 878
62 944
62 983
620 112
620 666
620 769
620 809
620 858
620 866
620 885
620 931
621 194
621 197
621 625
621 750
621 773
621 791
621 902
621 942
622 305
622 332
622 405
622 822
622 919
622 939
622 966
622 991
623 416
623 871
623 879
623 883
623 920
623 946
623 948
623 991
624 384
624 570
624 647
624 666
624 747
624 963
624 992
624 998
625 273
625 432
625 531
625 621
625 833
625 902
625 918
625 932
626 461
626 729
626 850
626 881
626 899
626 937
626 946
626 958
627 158
627 365
627 650
627 750
627 775
627 816
627 902
627 975
628 1000
628 226
628 609
628 958
628 969
628 975
628 982
628 99
629 216
629 302
629 667
629 72
629 771
629 852
629 875
629 910
63 588
63 840
63 874
63 957
630 37
630 637
630 697
630 896
630 908
630 938
630 974
630 978
631 167
631 511
631 695
631 719
631 74
631 780
631 946
631 962
632 154
632 764
632 796
632 821
632 892
632 946
632 952
632 977
633 1000
633 109
633 682
633 752
633 806
633 859
633 961
633 984
634 553
634 619
634 755
634 838
634 923
634 953
634 958
634 972
635 65
635 667
635 749
635 764
635 872
635 880
635 936
635 957
636 154
636 689
636 728
636 821
636 924
636 952
636 984
636 993
637 363
637 529
637 630
637 801
637 871
637 873
637 893
637 932
638 250
638 404
638 738
638 935
638 945
638 984
638 991
638 994
639 17
639 31
639 334
639 472
639 641
639 723
639 834
639 955
64 262
64 308
64 851
64 934
640 516
640 562
640 672
640 731
640 841
640 849
640 943
640 999
641 16
641 261
641 573
641 639
641 834
641 982
641 991
641 992
642 441
642 451
642 613
642 618
642 740
642 779
642 816
642 959
643 214
643 385
643 710
643 791
643 828
643 866
643 941
643 985
644 394
644 743
644 755
644 838
644 843
644 857
644 941
644 993
645 149
645 617
645 732
645 738
645 929
645 942
645 950
645 994
646 423
646 780
646 802
646 883
646 922
646 951
646 971
646 996
647 4
647 453
647 600
647 624
647 930
647 949
647 956
647 978
647 984
648 295
648 315
648 327
648 688
648 862
648 867
648 884
648 962
648 975
649 26
649 38
649 462
649 755
649 928
649 930
649 970
649 991
649 992
65 426
65 635
65 936
65 950
650 108
650 219
650 541
650 608
650 627
650 896
650 905
650 916
650 961
651 196
651 289
651 727
651 77
651 774
651 868
651 938
651 984
651 986
652 36
652 541
652 759
652 903
652 952
652 974
652 979
652 985
652 993
653 304
653 445
653 461
653 570
653 868
653 87
653 938
653 979
653 992
654 337
654 367
654 462
654 473
654 813
654 845
654 873
654 877
654 978
655 318
655 468
655 534
655 616
655 867
655 894
655 918
655 927
655 983
656 1000
656 104
656 470
656 514
656 672
656 867
656 925
656 975
656 984
657 116
657 406
657 435
657 498
657 709
657 715
657 727
657 930
657 973
658 35
658 585
658 762
658 802
658 851
658 862
658 942
658 969
658 982
659 227
659 282
659 289
659 600
659 884
659 948
659 961
659 965
659 968
66 762
66 785
66 797
66 930
660 423
660 522
660 529
660 580
660 867
660 884
660 912
660 987
660 989
661 317
661 798
661 814
661 825
661 844
661 934
661 963
661 979
661 997
662 33
662 744
662 774
662 831
662 916
662 985
662 990
662 995
662 996
663 189
663 41
663 433
663 53
663 563
663 571
663 664
663 700
663 831
664 306
664 515
664 540
664 663
664 772
664 805
664 848
664 863
664 957
665 233
665 774
665 861
665 862
665 870
665 905
665 928
665 987
665 989
666 102
666 217
666 375
666 556
666 566
666 620
666 624
666 903
666 918
667 128
667 629
667 635
667 682
667 687
667 692
667 798
667 859
667 870
668 155
668 298
668 580
668 805
668 823
668 883
668 886
668 931
668 997
669 371
669 575
669 763
669 863
669 909
669 910
669 916
669 941
669 985
67 258
67 565
67 702
67 993
670 182
670 467
670 850
670 857
670 903
670 946
670 983
670 996
670 998
671 204
671 595
671 822
671 853
671 868
671 898
671 920
671 966
671 970
672 640
672 656
672 689
672 826
672 834
672 913
672 953
672 954
672 988
673 346
673 428
673 818
673 841
673 856
673 858
673 919
673 97
673 981
674 15
674 340
674 693
674 708
674 812
674 932
674 961
674 982
674 990
675 221
675 241
675 347
675 717
675 865
675 898
675 920
675 966
675 984
676 250
676 39
676 699
676 876
676 881
676 958
676 965
676 972
676 999
677 1000
677 158
677 469
677 493
677 603
677 867
677 927
677 968
677 975
678 16
678 29
678 419
678 863
678 887
678 888
678 894
678 960
678 984
679 297
679 450
679 725
679 732
679 759
679 768
679 81
679 888
679 994
68 51
68 721
68 839
68 868
680 18
680 42
680 471
680 724
680 763
680 789
680 912
680 969
680 982
681 219
681 502
681 812
681 877
681 880
681 895
681 956
681 969
681 995
682 421
682 487
682 563
682 633
682 667
682 691
682 696
682 780
682 859
683 1000
683 238
683 308
683 521
683 794
683 870
683 955
683 967
683 985
684 54
684 567
684 576
684 595
684 783
684 819
684 987
684 996
684 997
685 160
685 408
685 480
685 555
685 606
685 874
685 896
685 957
685 973
686 312
686 452
686 700
686 748
686 815
686 878
686 938
686 960
686 983
687 114
687 502
687 667
687 762
687 855
687 908
687 968
687 978
687 998
688 203
688 206
688 292
688 5
688 556
688 648
688 843
688 884
688 968
689 477
689 636
689 672
689 708
689 822
689 842
689 851
689 946
689 991
689 993
69 359
69 591
69 788
69 991
690 16
690 385
690 586
690 591
690 792
690 922
690 946
690 954
690 988
690 991
691 112
691 560
691 682
691 722
691 752
691 859
691 901
691 928
691 968
691 991
692 187
692 237
692 557
692 667
692 718
692 93
692 930
692 938
692 943
692 973
693 167
693 299
693 674
693 742
693 821
693 854
693 893
693 894
693 909
693 916
694 138
694 441
694 486
694 491
694 806
694 903
694 928
694 963
694 990
694 997
695 1
695 511
695 518
695 571
695 631
695 710
695 935
695 936
695 964
695 991
696 524
696 573
696 578
696 682
696 748
696 859
696 887
696 922
696 935
696 983
697 12
697 630
697 805
697 831
697 892
697 938
697 968
697 977
697 983
697 993
698 200
698 537
698 755
698 787
698 797
698 904
698 95
698 970
698 974
698 998
699 360
699 488
699 534
699 676
699 775
699 888
699 909
699 916
699 923
699 971
7 805
7 848
7 934
7 957
70 349
70 728
70 900
70 926
700 280
700 322
700 520
700 663
700 686
700 809
700 872
700 894
700 934
700 948
701 110
701 124
701 411
701 720
701 739
701 787
701 802
701 826
701 991
701 992
702 413
702 562
702 67
702 760
702 797
702 816
702 839
702 939
702 962
702 971
703 796
703 861
703 906
703 944
703 95
703 963
703 977
703 984
703 990
703 993
704 131
704 203
704 25
704 297
704 495
704 722
704 750
704 933
704 964
704 996
705 225
705 557
705 591
705 876
705 889
705 921
705 928
705 959
705 991
705 995
706 133
706 426
706 563
706 753
706 766
706 777
706 872
706 882
706 974
706 999
707 253
707 261
707 550
707 589
707 812
707 878
707 907
707 912
707 955
707 998
708 401
708 440
708 618
708 674
708 689
708 786
708 874
708 953
708 974
708 977
709 107
709 134
709 478
709 537
709 657
709 741
709 895
709 898
709 899
709 966
71 298
71 921
71 979
71 981
710 258
710 42
710 531
710 643
710 695
710 716
710 797
710 845
710 852
710 964
711 186
711 222
711 253
711 469
711 548
711 837
711 839
711 842
711 876
711 885
712 126
712 519
712 563
712 598
712 777
712 793
712 922
712 951
712 978
712 982
713 782
713 786
713 819
713 889
713 906
713 911
713 968
713 977
713 980
713 982
714 257
714 276
714 490
714 548
714 819
714 860
714 871
714 971
714 972
714 978
715 313
715 435
715 512
715 657
715 815
715 847
715 922
715 944
715 989
715 995
716 124
716 21
716 351
716 710
716 754
716 834
716 850
716 884
716 895
716 897
717 420
717 428
717 595
717 675
717 900
717 904
717 937
717 946
717 953
717 998
718 288
718 318
718 497
718 567
718 692
718 768
718 833
718 874
718 929
718 959
719 355
719 544
719 631
719 723
719 795
719 895
719 909
719 956
719 985
719 994
72 629
72 828
72 877
72 964
720 335
720 701
720 872
720 882
720 885
720 894
720 906
720 931
720 987
720 992
721 264
721 398
721 68
721 742
721 783
721 932
721 967
721 971
721 979
721 996
721 999
722 381
722 691
722 704
722 725
722 726
722 770
722 81
722 828
722 868
722 874
722 919
723 516
723 541
723 639
723 719
723 812
723 845
723 860
723 893
723 902
723 917
723 999
724 23
724 385
724 547
724 549
724 56
724 680
724 854
724 908
724 974
724 978
724 985
725 441
725 464
725 679
725 722
725 766
725 77
725 798
725 849
725 859
725 903
725 967
726 162
726 448
726 533
726 722
726 773
726 862
726 902
726 908
726 929
726 974
726 992
727 1000
727 145
727 329
727 479
727 651
727 657
727 765
727 889
727 968
727 974
727 991
728 205
728 434
728 458
728 636
728 70
728 760
728 805
728 899
728 955
728 957
728 976
729 169
729 353
729 431
729 489
729 577
729 584
729 626
729 747
729 813
729 914
729 963
73 140
73 198
73 307
73 755
730 13
730 593
730 611
730 844
730 926
730 954
730 967
730 988
730 993
730 996
731 272
731 512
731 640
731 761
731 794
731 803
731 876
731 886
731 915
731 932
731 989
732 232
732 235
732 450
732 645
732 679
732 752
732 791
732 849
732 919
732 933
732 997
733 1000
733 110
733 275
733 347
733 618
733 765
733 789
733 853
733 855
733 9
733 951
734 1000
734 292
734 364
734 368
734 545
734 755
734 827
734 864
734 891
734 932
734 989
735 171
735 176
735 356
735 576
735 615
735 741
735 763
735 977
735 995
735 996
735 999
736 224
736 297
736 382
736 553
736 820
736 869
736 886
736 956
737 322
737 334
737 337
737 359
737 481
737 804
737 851
737 882
737 925
737 934
737 941
738 12
738 638
738 645
738 773
738 783
738 915
738 924
738 929
738 950
738 952
738 994
739 151
739 566
739 578
739 596
739 701
739 742
739 826
739 912
739 913
739 956
739 967
74 376
74 631
74 898
74 923
740 229
740 398
740 451
740 642
740 745
740 757
740 779
740 889
740 959
740 962
740 990
741 107
741 320
741 37
741 493
741 537
741 604
741 709
741 735
741 841
741 849
741 895
742 210
742 446
742 52
742 693
742 721
742 739
742 832
742 913
742 950
742 967
742 977
743 320
743 448
743 644
743 780
743 796
743 861
743 906
743 938
743 977
743 990
743 995
744 593
744 603
744 662
744 788
744 8
744 873
744 901
744 945
744 970
744 974
744 994
745 451
745 526
745 740
745 757
745 763
745 779
745 816
745 843
745 959
745 962
745 964
746 127
746 343
746 770
746 787
746 795
746 816
746 921
746 942
746 969
746 981
746 989
747 138
747 342
747 610
747 624
747 729
747 784
747 810
747 865
747 914
747 963
747 996
748 264
748 284
748 352
748 405
748 686
748 696
748 863
748 886
748 966
748 983
748 984
749 146
749 554
749 635
749 830
749 835
749 852
749 854
749 886
749 899
749 913
749 998
75 465
75 478
75 53
75 880
750 197
750 273
750 558
750 621
750 627
750 704
750 791
750 833
750 862
750 885
750 897
750 902
751 133
751 264
751 282
751 392
751 557
751 786
751 936
751 947
751 978
751 979
751 985
751 992
752 633
752 691
752 732
752 789
752 906
752 912
752 945
752 969
752 981
752 982
752 993
752 999
753 323
753 584
753 706
753 816
753 832
753 833
753 884
753 905
753 929
753 948
753 985
753 989
754 39
754 425
754 474
754 483
754 512
754 619
754 716
754 826
754 917
754 932
754 970
754 989
755 279
755 307
755 383
755 634
755 644
755 649
755 698
755 73
755 734
755 856
755 970
755 987
756 225
756 484
756 584
756 606
756 758
756 776
756 867
756 872
756 919
756 959
756 981
756 995
757 536
757 597
757 740
757 745
757 802
757 822
757 847
757 855
757 939
757 942
757 980
757 996
758 367
758 41
758 574
758 756
758 781
758 789
758 79
758 808
758 864
758 956
758 980
758 997
759 1000
759 151
759 271
759 293
759 393
759 401
759 652
759 679
759 806
759 840
759 897
759 940
76 214
76 871
76 890
76 969
760 539
760 543
760 592
760 702
760 728
760 915
760 923
760 926
760 954
760 968
760 972
760 988
761 47
761 731
761 777
761 832
761 882
761 911
761 917
761 932
761 951
761 987
761 989
761 999
762 174
762 315
762 603
762 658
762 66
762 687
762 765
762 912
762 935
762 937
762 951
762 998
763 669
763 680
763 735
763 745
763 774
763 837
763 893
763 908
763 909
763 974
763 978
763 996
764 291
764 333
764 487
764 510
764 542
764 547
764 632
764 635
764 880
764 89
764 919
764 933
765 10
765 227
765 496
765 57
765 727
765 733
765 762
765 812
765 87
765 893
765 951
765 973
766 297
766 535
766 570
766 576
766 706
766 725
766 771
766 772
766 778
766 872
766 934
766 981
767 359
767 456
767 550
767 784
767 799
767 814
767 864
767 891
767 924
767 962
767 963
767 995
768 380
768 486
768 528
768 679
768 718
768 814
768 829
768 864
768 891
768 929
768 948
768 989
769 522
769 620
769 775
769 780
769 829
769 932
769 948
769 963
769 976
769 990
769 994
769 995
77 259
77 651
77 725
77 846
770 127
770 544
770 722
770 746
770 844
770 856
770 875
770 941
770 945
770 973
770 981
770 997
771 109
771 412
771 629
771 766
771 799
771 809
771 830
771 835
771 937
771 960
771 993
771 995
772 190
772 450
772 609
772 664
772 766
772 784
772 887
772 888
772 963
772 981
772 982
772 997
773 444
773 495
773 621
773 726
773 738
773 815
773 847
773 902
773 950
773 975
773 983
773 997
774 268
774 355
774 473
774 651
774 662
774 665
774 763
774 800
774 805
774 825
774 868
774 978
775 218
775 46
775 481
775 627
775 699
775 769
775 782
775 808
775 838
775 841
775 976
775 994
776 228
776 348
776 430
776 439
776 457
776 497
776 542
776 756
776 790
776 862
776 947
776 984
777 140
777 398
777 706
777 712
777 761
777 880
777 899
777 929
777 932
777 961
777 975
777 986
778 470
778 597
778 766
778 801
778 802
778 856
778 867
778 918
778 940
778 951
778 976
778 996
778 997
779 229
779 394
779 428
779 526
779 642
779 740
779 745
779 89
779 907
779 951
779 959
779 962
779 994
78 617
78 907
78 929
78 967
780 26
780 304
780 447
780 460
780 551
780 554
780 631
780 646
780 682
780 743
780 769
780 990
780 995
781 291
781 326
781 391
781 433
781 439
781 44
781 471
781 53
781 613
781 758
781 836
781 922
781 954
782 161
782 277
782 354
782 362
782 413
782 473
782 713
782 775
782 799
782 859
782 901
782 977
782 994
783 130
783 684
783 721
783 738
783 814
783 835
783 889
783 915
783 968
783 976
783 986
783 994
783 997
784 138
784 45
784 478
784 507
784 559
784 747
784 767
784 772
784 810
784 873
784 963
784 967
784 997
785 113
785 196
785 373
785 4
785 503
785 66
785 804
785 813
785 843
785 851
785 898
785 927
785 960
786 393
786 523
786 708
786 713
786 751
786 825
786 880
786 895
786 896
786 949
786 956
786 982
786 995
787 143
787 389
787 394
787 437
787 487
787 573
787 698
787 701
787 746
787 952
787 971
787 974
787 991
788 286
788 409
788 69
788 744
788 824
788 866
788 874
788 882
788 893
788 896
788 968
788 985
788 987
789 117
789 304
789 387
789 431
789 680
789 733
789 752
789 758
789 841
789 856
789 860
789 863
789 949
79 329
79 758
79 861
79 911
790 129
790 197
790 228
790 439
790 457
790 497
790 552
790 776
790 831
790 849
790 862
790 941
790 947
791 621
791 643
791 732
791 750
791 833
791 866
791 875
791 893
791 917
791 930
791 932
791 946
791 948
792 126
792 216
792 245
792 690
792 803
792 804
792 819
792 882
792 912
792 922
792 934
792 939
792 980
793 195
793 340
793 479
793 507
793 513
793 562
793 578
793 61
793 712
793 922
793 943
793 983
793 998
794 21
794 594
794 683
794 731
794 857
794 930
794 934
794 973
794 975
794 987
794 990
794 998
794 999
795 719
795 746
795 85
795 873
795 921
795 940
795 943
795 950
795 971
795 976
795 981
795 997
795 998
796 422
796 482
796 592
796 632
796 703
796 743
796 852
796 861
796 906
796 911
796 935
796 94
796 940
796 998
797 256
797 274
797 291
797 66
797 698
797 702
797 710
797 815
797 880
797 887
797 892
797 935
797 952
797 977
798 306
798 443
798 560
798 585
798 661
798 667
798 725
798 828
798 848
798 858
798 914
798 957
798 963
798 997
799 274
799 499
799 767
799 771
799 782
799 805
799 842
799 901
799 957
799 977
799 983
799 984
799 987
799 990
8 133
8 744
8 858
8 953
80 1000
80 282
80 914
80 931
800 28
800 36
800 404
800 47
800 474
800 489
800 774
800 817
800 878
800 925
800 957
800 964
800 977
800 992
801 1000
801 343
801 48
801 493
801 514
801 522
801 529
801 637
801 778
801 852
801 927
801 975
801 996
801 999
802 438
802 500
802 536
802 597
802 646
802 658
802 701
802 757
802 778
802 870
802 932
802 996
803 22
803 278
803 301
803 54
803 572
803 731
803 792
803 819
803 884
803 889
803 929
803 968
803 986
803 987
804 329
804 361
804 737
804 785
804 792
804 851
804 877
804 882
804 900
804 934
804 938
804 963
804 964
804 994
805 306
805 515
805 664
805 668
805 697
805 7
805 728
805 774
805 799
805 833
805 848
805 902
805 945
805 957
806 1000
806 368
806 475
806 490
806 525
806 633
806 694
806 759
806 868
806 940
806 97
806 983
806 989
806 990
807 213
807 344
807 454
807 600
807 831
807 866
807 877
807 907
807 924
807 955
807 956
807 962
807 969
807 998
808 106
808 380
808 431
808 455
808 494
808 547
808 577
808 758
808 775
808 835
808 846
808 874
808 976
808 994
809 316
809 561
809 620
809 700
809 771
809 817
809 858
809 872
809 894
809 934
809 936
809 950
809 964
809 969
81 679
81 722
81 895
81 936
810 228
810 230
810 28
810 310
810 355
810 362
810 391
810 507
810 610
810 747
810 784
810 963
810 976
810 997
811 147
811 190
811 225
811 280
811 320
811 432
811 517
811 604
811 832
811 840
811 911
811 988
811 994
811 995
812 245
812 289
812 674
812 681
812 707
812 723
812 765
812 846
812 861
812 907
812 917
812 948
812 955
812 997
813 318
813 368
813 427
813 462
813 552
813 583
813 603
813 654
813 729
813 785
813 866
813 873
813 953
813 960
814 213
814 345
814 378
814 401
814 548
814 574
814 582
814 661
814 767
814 768
814 783
814 891
814 917
814 980
815 130
815 300
815 372
815 463
815 686
815 715
815 773
815 797
815 862
815 914
815 929
815 936
815 983
815 984
816 223
816 361
816 464
816 526
816 627
816 642
816 702
816 745
816 746
816 753
816 959
816 962
816 993
816 995
817 218
817 232
817 249
817 430
817 521
817 592
817 800
817 809
817 839
817 856
817 858
817 866
817 931
817 990
818 120
818 328
818 339
818 599
818 673
818 84
818 905
818 921
818 944
818 945
818 959
818 979
818 981
818 993
819 313
819 43
819 560
819 572
819 605
819 684
819 713
819 714
819 792
819 803
819 860
819 889
819 955
819 968
819 987
82 931
82 966
82 979
82 994
820 224
820 226
820 294
820 353
820 382
820 600
820 603
820 736
820 851
820 869
820 886
821 123
821 373
821 386
821 390
821 399
821 632
821 636
821 693
821 828
821 870
821 892
821 927
821 939
821 946
821 993
822 443
822 48
822 590
822 595
822 61
822 622
822 671
822 689
822 757
822 853
822 890
822 898
822 966
822 970
822 980
823 253
823 360
823 412
823 617
823 668
823 830
823 87
823 870
823 883
823 908
823 941
823 950
823 965
823 981
823 997
824 248
824 294
824 304
824 480
824 530
824 555
824 587
824 592
824 618
824 788
824 874
824 894
824 93
824 944
824 952
825 219
825 240
825 277
825 441
825 491
825 594
825 661
825 774
825 786
825 85
825 866
825 905
825 936
825 979
825 990
826 20
826 33
826 402
826 484
826 519
826 672
826 701
826 739
826 754
826 840
826 913
826 951
826 967
826 968
826 971
827 213
827 216
827 257
827 309
827 383
827 506
827 600
827 734
827 838
827 874
827 890
827 895
827 943
827 949
827 956
828 331
828 590
828 611
828 643
828 72
828 722
828 798
828 821
828 869
828 899
828 919
828 920
828 943
828 956
828 973
829 299
829 446
829 509
829 518
829 528
829 768
829 769
829 842
829 852
829 891
829 946
829 950
829 963
829 966
829 997
83 419
83 963
83 967
83 973
830 146
830 200
830 251
830 412
830 485
830 533
830 617
830 749
830 771
830 823
830 835
830 853
830 87
830 966
830 991
831 32
831 473
831 497
831 554
831 662
831 663
831 697
831 790
831 807
831 836
831 862
831 873
831 892
831 947
831 960
832 13
832 157
832 495
832 517
832 550
832 742
832 753
832 761
832 811
832 846
832 857
832 910
832 925
832 929
832 995
833 2
833 231
833 625
833 718
833 750
833 753
833 791
833 805
833 843
833 855
833 902
833 910
833 929
833 984
833 987
834 108
834 31
834 39
834 541
834 577
834 597
834 606
834 639
834 641
834 672
834 716
834 926
834 954
834 964
834 989
835 533
835 558
835 584
835 617
835 749
835 771
835 783
835 808
835 830
835 884
835 895
835 929
835 948
835 961
835 968
836 281
836 325
836 396
836 41
836 781
836 831
836 898
836 909
836 910
836 916
836 966
836 982
836 985
836 993
836 995
837 176
837 252
837 356
837 576
837 711
837 763
837 899
837 905
837 921
837 936
837 953
837 977
837 985
837 996
837 999
838 111
838 262
838 312
838 322
838 571
838 634
838 644
838 775
838 827
838 851
838 888
838 950
838 956
838 960
838 999
839 232
839 271
839 342
839 362
839 528
839 68
839 702
839 711
839 817
839 867
839 876
839 885
839 931
839 974
839 984
84 239
84 818
84 944
84 977
840 242
840 525
840 599
840 63
840 759
840 811
840 826
840 880
840 881
840 929
840 930
840 960
840 973
840 982
840 990
841 423
841 447
841 488
841 640
841 673
841 741
841 775
841 789
841 849
841 894
841 904
841 959
841 976
841 988
841 994
842 531
842 565
842 689
842 711
842 799
842 829
842 854
842 922
842 931
842 932
842 952
842 974
842 977
842 989
842 991
843 150
843 182
843 265
843 3
843 503
843 607
843 644
843 688
843 745
843 785
843 833
843 850
843 855
843 943
843 967
843 999
844 122
844 243
844 611
844 661
844 730
844 770
844 860
844 865
844 876
844 901
844 925
844 926
844 954
844 988
844 996
845 1000
845 265
845 356
845 4
845 409
845 424
845 546
845 596
845 654
845 710
845 723
845 866
845 875
845 91
845 985
845 999
846 270
846 491
846 77
846 808
846 812
846 832
846 886
846 897
846 917
846 923
846 948
846 95
846 962
846 980
846 989
846 999
847 1000
847 220
847 419
847 463
847 499
847 609
847 715
847 757
847 773
847 887
847 891
847 914
847 960
847 982
847 983
847 986
848 111
848 192
848 234
848 338
848 508
848 515
848 664
848 7
848 798
848 805
848 863
848 908
848 928
848 957
848 983
848 992
849 142
849 274
849 334
849 432
849 524
849 640
849 725
849 732
849 741
849 790
849 841
849 888
849 926
849 949
849 954
849 988
85 500
85 795
85 825
85 998
850 182
850 332
850 418
850 479
850 485
850 540
850 559
850 614
850 626
850 670
850 716
850 843
850 855
850 904
850 973
850 990
851 465
851 585
851 616
851 64
851 658
851 689
851 737
851 785
851 804
851 820
851 838
851 857
851 872
851 919
851 97
851 976
852 558
852 561
852 629
852 710
852 749
852 796
852 801
852 829
852 861
852 875
852 906
852 927
852 932
852 935
852 964
852 986
853 198
853 268
853 476
853 487
853 579
853 590
853 595
853 671
853 733
853 822
853 830
853 898
853 903
853 920
853 966
853 974
854 100
854 286
854 543
854 565
854 59
854 693
854 724
854 749
854 842
854 881
854 913
854 934
854 967
854 969
854 973
854 993
855 329
855 344
855 348
855 357
855 539
855 687
855 733
855 757
855 833
855 843
855 850
855 863
855 904
855 924
855 943
855 970
856 177
856 198
856 311
856 673
856 755
856 770
856 778
856 789
856 817
856 858
856 874
856 885
856 892
856 911
856 917
856 952
856 989
857 128
857 163
857 168
857 363
857 378
857 407
857 470
857 644
857 670
857 794
857 832
857 851
857 867
857 900
857 910
857 937
857 975
858 122
858 249
858 292
858 364
858 393
858 521
858 532
858 620
858 673
858 798
858 8
858 809
858 817
858 856
858 866
858 931
858 992
859 135
859 141
859 148
859 237
859 292
859 381
859 388
859 421
859 487
859 633
859 667
859 682
859 691
859 696
859 725
859 782
859 958
86 899
86 908
86 966
86 974
860 551
860 581
860 714
860 723
860 789
860 819
860 844
860 877
860 883
860 914
860 926
860 937
860 949
860 954
860 962
860 969
860 988
861 319
861 449
861 546
861 596
861 665
861 703
861 743
861 79
861 796
861 812
861 852
861 903
861 906
861 911
861 935
861 94
861 981
862 104
862 139
862 273
862 372
862 648
862 658
862 665
862 726
862 750
862 776
862 790
862 815
862 831
862 902
862 947
862 984
862 995
863 149
863 33
863 433
863 491
863 574
863 664
863 669
863 678
863 748
863 789
863 848
863 855
863 914
863 957
863 959
863 960
863 983
864 345
864 425
864 582
864 734
864 758
864 767
864 768
864 886
864 891
864 897
864 917
864 927
864 962
864 973
864 989
864 991
864 995
865 168
865 256
865 272
865 443
865 518
865 538
865 579
865 675
865 747
865 844
865 914
865 926
865 954
865 964
865 966
865 975
865 988
866 585
866 620
866 643
866 788
866 791
866 807
866 813
866 817
866 825
866 845
866 858
866 896
866 929
866 931
866 941
866 960
866 975
866 984
867 1000
867 104
867 306
867 440
867 45
867 470
867 648
867 655
867 656
867 660
867 677
867 756
867 778
867 839
867 857
867 959
867 975
867 987
868 330
868 386
868 498
868 537
868 651
868 653
868 671
868 68
868 722
868 774
868 806
868 886
868 888
868 938
868 968
868 979
868 991
868 992
869 142
869 224
869 242
869 245
869 249
869 285
869 342
869 353
869 382
869 396
869 603
869 736
869 820
869 828
869 886
869 937
869 956
869 992
87 653
87 765
87 823
87 830
87 988
870 1000
870 164
870 238
870 375
870 492
870 615
870 665
870 667
870 683
870 802
870 821
870 823
870 903
870 918
870 965
870 985
870 997
870 999
871 257
871 387
871 426
871 428
871 471
871 496
871 533
871 563
871 623
871 637
871 714
871 76
871 906
871 914
871 917
871 949
871 971
871 978
872 236
872 260
872 262
872 442
872 499
872 635
872 700
872 706
872 720
872 756
872 766
872 809
872 851
872 873
872 88
872 882
872 934
872 964
873 4
873 401
873 473
873 552
873 554
873 56
873 583
873 612
873 637
873 654
873 744
873 784
873 795
873 813
873 831
873 872
873 960
873 969
874 110
874 294
874 424
874 530
874 587
874 618
874 63
874 685
874 708
874 718
874 722
874 788
874 808
874 824
874 827
874 856
874 896
874 917
875 123
875 203
875 363
875 394
875 398
875 552
875 629
875 770
875 791
875 845
875 852
875 892
875 913
875 939
875 949
875 977
875 989
875 991
876 362
876 605
876 676
876 705
876 711
876 731
876 839
876 844
876 885
876 896
876 918
876 926
876 932
876 954
876 958
876 987
876 988
876 999
877 24
877 30
877 359
877 365
877 400
877 405
877 414
877 431
877 546
877 550
877 581
877 654
877 681
877 72
877 804
877 807
877 860
877 962
877 969
878 136
878 180
878 261
878 406
878 422
878 436
878 489
878 547
878 555
878 62
878 686
878 707
878 800
878 888
878 907
878 924
878 925
878 955
878 963
879 100
879 119
879 269
879 339
879 343
879 344
879 40
879 410
879 417
879 449
879 535
879 590
879 623
879 883
879 897
879 915
879 948
879 980
879 982
88 1000
88 389
88 872
88 981
880 126
880 17
880 291
880 295
880 411
880 547
880 635
880 681
880 75
880 764
880 777
880 786
880 797
880 840
880 896
880 933
880 947
880 972
880 982
881 165
881 209
881 254
881 468
881 556
881 576
881 59
881 626
881 676
881 840
881 854
881 923
881 930
881 937
881 941
881 973
881 977
881 984
881 992
882 199
882 322
882 465
882 495
882 571
882 591
882 610
882 706
882 720
882 737
882 761
882 788
882 792
882 804
882 872
882 925
882 934
882 941
882 964
883 1000
883 155
883 179
883 285
883 298
883 527
883 564
883 623
883 646
883 668
883 823
883 860
883 879
883 905
883 907
883 913
883 925
883 955
883 997
884 207
884 455
884 482
884 556
884 584
884 588
884 602
884 648
884 659
884 660
884 688
884 716
884 753
884 803
884 835
884 890
884 893
884 948
884 968
885 211
885 23
885 426
885 469
885 620
885 711
885 720
885 750
885 839
885 856
885 876
885 890
885 902
885 913
885 931
885 942
885 953
885 975
885 978
886 155
886 540
886 668
886 731
886 736
886 748
886 749
886 820
886 846
886 864
886 868
886 869
886 891
886 902
886 976
886 995
886 997
887 170
887 220
887 284
887 352
887 6
887 609
887 678
887 696
887 772
887 797
887 847
887 912
887 933
887 936
887 958
887 960
887 965
887 984
887 992
888 1000
888 284
888 414
888 601
888 678
888 679
888 699
888 772
888 838
888 849
888 868
888 878
888 90
888 933
888 936
888 948
888 953
888 965
888 999
889 247
889 278
889 286
889 350
889 403
889 405
889 545
889 560
889 572
889 705
889 713
889 727
889 740
889 783
889 803
889 819
889 909
889 986
889 987
89 399
89 491
89 764
89 779
890 185
890 208
890 380
890 459
890 76
890 822
890 827
890 884
890 885
890 894
890 895
890 898
890 92
890 920
890 949
890 956
890 966
890 969
890 971
891 188
891 201
891 330
891 491
891 734
891 767
891 768
891 814
891 829
891 847
891 864
891 886
891 919
891 937
891 962
891 979
891 980
891 989
891 995
892 154
892 230
892 246
892 324
892 340
892 386
892 415
892 440
892 619
892 632
892 697
892 797
892 821
892 831
892 856
892 875
892 900
892 921
892 993
893 185
893 214
893 293
893 574
893 575
893 637
893 693
893 723
893 763
893 765
893 788
893 791
893 884
893 909
893 916
893 917
893 929
893 944
893 985
894 501
894 510
894 561
894 655
894 678
894 693
894 700
894 720
894 809
894 824
894 841
894 890
894 915
894 923
894 934
894 950
894 953
894 972
894 983
894 990
895 213
895 374
895 600
895 612
895 614
895 681
895 709
895 716
895 719
895 741
895 786
895 81
895 827
895 835
895 890
895 940
895 943
895 949
895 956
895 976
896 416
896 434
896 489
896 5
896 551
896 580
896 630
896 650
896 685
896 786
896 788
896 866
896 874
896 876
896 880
896 933
896 952
896 955
896 967
896 982
897 332
897 344
897 485
897 501
897 524
897 535
897 716
897 750
897 759
897 846
897 864
897 879
897 948
897 961
897 964
897 980
897 982
897 989
897 990
897 996
898 158
898 173
898 268
898 347
898 476
898 590
898 671
898 675
898 709
898 74
898 785
898 822
898 836
898 853
898 890
898 920
898 940
898 950
898 966
898 995
899 222
899 281
899 30
899 334
899 507
899 578
899 626
899 709
899 728
899 749
899 777
899 828
899 837
899 86
899 954
899 977
899 979
899 993
899 996
899 999
9 733
9 944
9 965
9 972
90 888
90 902
90 927
90 951
900 150
900 420
900 438
900 442
900 458
900 599
900 612
900 70
900 717
900 804
900 857
900 892
900 923
900 925
900 934
900 944
900 964
900 976
900 998
900 999
901 153
901 254
901 274
901 277
901 280
901 335
901 337
901 35
901 377
901 413
901 548
901 567
901 582
901 691
901 744
901 782
901 799
901 844
901 99
901 994
902 250
902 270
902 273
902 432
902 531
902 558
902 621
902 625
902 627
902 723
902 726
902 750
902 773
902 805
902 833
902 862
902 885
902 886
902 90
902 984
903 102
903 205
903 217
903 361
903 375
903 386
903 467
903 492
903 556
903 566
903 652
903 666
903 670
903 694
903 725
903 853
903 861
903 870
903 99
903 993
903 996
904 271
904 326
904 407
904 559
904 698
904 717
904 841
904 850
904 855
904 921
904 922
904 924
904 933
904 937
904 943
904 946
904 964
904 979
904 986
904 991
904 998
905 19
905 452
905 548
905 554
905 557
905 565
905 57
905 576
905 605
905 650
905 665
905 753
905 818
905 825
905 837
905 883
905 921
905 924
905 977
905 981
905 999
906 177
906 318
906 422
906 449
906 546
906 592
906 596
906 703
906 713
906 720
906 743
906 752
906 796
906 852
906 861
906 871
906 911
906 928
906 935
906 94
906 983
907 152
907 230
907 261
907 34
907 365
907 434
907 436
907 47
907 516
907 585
907 707
907 779
907 78
907 807
907 812
907 878
907 883
907 924
907 925
907 955
907 969
907 981
908 183
908 216
908 316
908 340
908 374
908 415
908 450
908 48
908 586
908 630
908 687
908 724
908 726
908 763
908 823
908 848
908 86
908 921
908 938
908 974
908 978
908 998
909 163
909 239
909 247
909 299
909 365
909 384
909 575
909 669
909 693
909 699
909 719
909 763
909 836
909 889
909 893
909 910
909 916
909 917
909 955
909 966
909 980
909 985
91 229
91 293
91 308
91 845
910 11
910 13
910 173
910 270
910 318
910 357
910 488
910 607
910 629
910 669
910 832
910 833
910 836
910 857
910 909
910 916
910 927
910 929
910 951
910 959
910 985
910 987
911 109
911 147
911 220
911 302
911 314
911 517
911 553
911 713
911 761
911 79
911 796
911 811
911 856
911 861
911 906
911 923
911 935
911 958
911 970
911 972
911 995
911 996
912 106
912 134
912 354
912 374
912 461
912 51
912 660
912 680
912 707
912 739
912 752
912 762
912 792
912 887
912 914
912 918
912 967
912 971
912 974
912 980
912 982
912 984
913 151
913 179
913 189
913 226
913 354
913 444
913 519
913 540
913 672
913 739
913 742
913 749
913 826
913 854
913 875
913 883
913 885
913 949
913 951
913 967
913 971
913 991
913 998
914 100
914 251
914 414
914 729
914 747
914 798
914 80
914 815
914 847
914 860
914 863
914 865
914 871
914 912
914 960
914 961
914 963
914 971
914 978
914 981
914 983
914 993
914 997
915 222
915 298
915 445
915 532
915 553
915 556
915 615
915 731
915 738
915 760
915 783
915 879
915 894
915 92
915 923
915 929
915 950
915 954
915 958
915 972
915 979
915 992
915 994
916 119
916 148
916 247
916 280
916 283
916 284
916 463
916 469
916 510
916 537
916 540
916 575
916 650
916 662
916 669
916 693
916 699
916 836
916 893
916 909
916 910
916 954
916 985
917 10
917 272
917 330
917 519
917 723
917 754
917 761
917 791
917 812
917 814
917 846
917 856
917 864
917 871
917 874
917 893
917 909
917 924
917 936
917 948
917 951
917 989
917 999
918 173
918 217
918 238
918 404
918 458
918 467
918 516
918 57
918 598
918 625
918 655
918 666
918 778
918 870
918 876
918 912
918 933
918 951
918 966
918 974
918 976
918 986
918 997
919 131
919 18
919 360
919 373
919 465
919 504
919 542
919 599
919 622
919 673
919 722
919 732
919 756
919 764
919 828
919 851
919 891
919 925
919 933
919 948
919 961
919 964
919 993
92 1
92 1000
92 890
92 915
920 185
920 241
920 292
920 347
920 396
920 443
920 476
920 483
920 579
920 595
920 623
920 671
920 675
920 828
920 853
920 890
920 898
920 966
920 970
920 974
920 984
920 986
920 993
921 240
921 319
921 357
921 440
921 442
921 526
921 705
921 71
921 746
921 795
921 818
921 837
921 892
921 904
921 905
921 908
921 940
921 942
921 945
921 959
921 969
921 979
921 981
922 324
922 358
922 381
922 494
922 545
922 562
922 567
922 574
922 646
922 690
922 696
922 712
922 715
922 781
922 792
922 793
922 842
922 904
922 934
922 949
922 952
922 968
922 971
923 199
923 202
923 205
923 260
923 305
923 483
923 494
923 505
923 585
923 634
923 699
923 74
923 760
923 846
923 881
923 894
923 900
923 911
923 915
923 953
923 958
923 964
923 972
924 1000
924 118
924 159
924 183
924 3
924 332
924 636
924 738
924 767
924 807
924 855
924 878
924 904
924 905
924 907
924 917
924 953
924 955
924 980
924 983
924 984
924 989
924 995
925 1000
925 166
925 234
925 438
925 656
925 737
925 800
925 832
925 844
925 878
925 882
925 883
925 900
925 907
925 919
925 926
925 927
925 934
925 952
925 954
925 955
925 988
925 996
926 132
926 179
926 215
926 601
926 611
926 70
926 730
926 760
926 834
926 844
926 849
926 860
926 865
926 876
926 925
926 943
926 954
926 970
926 988
926 996
927 1000
927 281
927 296
927 311
927 415
927 470
927 503
927 509
927 559
927 655
927 677
927 785
927 801
927 821
927 852
927 864
927 90
927 910
927 925
927 938
927 943
927 946
927 975
927 993
928 108
928 123
928 124
928 175
928 215
928 269
928 513
928 562
928 591
928 601
928 619
928 649
928 665
928 691
928 694
928 705
928 848
928 906
928 933
928 965
928 979
928 991
928 997
928 999
929 385
929 423
929 6
929 645
929 718
929 726
929 738
929 753
929 768
929 777
929 78
929 803
929 815
929 832
929 833
929 835
929 840
929 866
929 893
929 910
929 915
929 959
929 985
929 994
93 423
93 488
93 692
93 824
930 10
930 115
930 251
930 281
930 370
930 452
930 504
930 533
930 587
930 604
930 608
930 647
930 649
930 657
930 66
930 692
930 791
930 794
930 840
930 881
930 941
930 973
930 984
930 985
931 113
931 118
931 203
931 207
931 214
931 232
931 249
931 26
931 390
931 5
931 592
931 620
931 668
931 720
931 80
931 817
931 82
931 839
931 842
931 858
931 866
931 885
931 959
931 985
932 272
932 342
932 489
932 512
932 606
932 625
932 637
932 674
932 721
932 731
932 734
932 754
932 761
932 769
932 777
932 791
932 802
932 842
932 852
932 876
932 972
932 987
932 989
932 999
933 131
933 267
933 333
933 334
933 410
933 547
933 614
933 704
933 732
933 764
933 880
933 887
933 888
933 896
933 904
933 918
933 919
933 928
933 951
933 953
933 970
933 974
933 981
933 982
934 262
934 27
934 373
934 418
934 456
934 547
934 606
934 64
934 661
934 7
934 700
934 737
934 766
934 792
934 794
934 804
934 809
934 854
934 872
934 882
934 894
934 900
934 922
934 925
935 103
935 170
935 206
935 255
935 256
935 310
935 422
935 496
935 502
935 608
935 638
935 695
935 696
935 762
935 796
935 797
935 852
935 861
935 906
935 911
935 946
935 961
935 964
935 983
936 252
936 266
936 316
936 372
936 49
936 496
936 523
936 57
936 635
936 65
936 695
936 751
936 809
936 81
936 815
936 825
936 837
936 887
936 888
936 917
936 942
936 950
936 978
936 979
936 987
937 316
937 400
937 43
937 504
937 626
937 717
937 762
937 771
937 857
937 860
937 869
937 881
937 891
937 904
937 938
937 941
937 944
937 946
937 957
937 960
937 965
937 973
937 984
937 993
937 998
938 133
938 183
938 237
938 275
938 361
938 417
938 445
938 548
938 630
938 651
938 653
938 686
938 692
938 697
938 743
938 804
938 868
938 908
938 927
938 937
938 970
938 974
938 978
938 992
939 107
939 120
939 269
939 28
939 296
939 325
939 382
939 393
939 397
939 429
939 438
939 502
939 622
939 702
939 757
939 792
939 821
939 875
939 942
939 944
939 949
939 954
939 968
939 971
939 999
94 321
94 796
94 861
94 906
940 1000
940 134
940 145
940 229
940 328
940 474
940 525
940 542
940 545
940 560
940 759
940 778
940 795
940 796
940 806
940 895
940 898
940 921
940 945
940 956
940 971
940 979
940 981
940 990
940 993
941 324
941 476
941 482
941 495
941 496
941 520
941 571
941 643
941 644
941 669
941 737
941 770
941 790
941 823
941 866
941 881
941 882
941 930
941 937
941 963
941 964
941 971
941 973
941 976
941 984
941 999
942 1000
942 125
942 139
942 156
942 374
942 377
942 50
942 502
942 506
942 538
942 555
942 621
942 645
942 658
942 746
942 757
942 885
942 921
942 936
942 939
942 945
942 949
942 969
942 980
942 981
942 993
943 259
943 388
943 409
943 436
943 448
943 513
943 562
943 566
943 574
943 61
943 614
943 640
943 692
943 793
943 795
943 827
943 828
943 843
943 855
943 895
943 904
943 926
943 927
943 976
943 985
943 994
944 108
944 233
944 265
944 287
944 314
944 369
944 377
944 400
944 437
944 498
944 615
944 62
944 703
944 715
944 818
944 824
944 84
944 893
944 9
944 900
944 937
944 939
944 960
944 987
944 989
944 993
945 117
945 19
945 263
945 319
945 328
945 427
945 435
945 481
945 570
945 586
945 638
945 744
945 752
945 770
945 805
945 818
945 921
945 940
945 942
945 946
945 950
945 959
945 969
945 979
945 981
945 993
946 1
946 255
946 415
946 420
946 480
946 511
946 527
946 623
946 626
946 631
946 632
946 670
946 689
946 690
946 717
946 791
946 821
946 829
946 904
946 927
946 935
946 937
946 945
946 962
946 972
946 977
946 998
947 120
947 129
947 174
947 204
947 228
947 27
947 29
947 338
947 348
947 372
947 430
947 439
947 457
947 492
947 497
947 523
947 596
947 6
947 751
947 776
947 790
947 831
947 862
947 880
947 949
947 997
947 999
948 212
948 378
948 410
948 452
948 588
948 602
948 618
948 623
948 659
948 700
948 753
948 768
948 769
948 791
948 812
948 835
948 846
948 879
948 884
948 888
948 897
948 917
948 919
948 949
948 962
948 968
948 982
948 983
949 112
949 257
949 335
949 424
949 429
949 564
949 568
949 647
949 786
949 789
949 827
949 849
949 860
949 871
949 875
949 890
949 895
949 913
949 922
949 939
949 942
949 947
949 948
949 950
949 956
949 971
949 980
949 988
95 341
95 698
95 703
95 846
950 252
950 316
950 350
950 357
950 459
950 484
950 600
950 606
950 645
950 65
950 738
950 742
950 773
950 795
950 809
950 823
950 829
950 838
950 894
950 898
950 915
950 936
950 945
950 949
950 956
950 957
950 988
950 994
951 10
951 2
951 226
951 341
951 446
951 455
951 475
951 58
951 598
951 646
951 712
951 733
951 761
951 762
951 765
951 778
951 779
951 826
951 90
951 910
951 913
951 917
951 918
951 933
951 967
951 970
951 971
951 974
952 116
952 156
952 162
952 169
952 258
952 350
952 480
952 530
952 580
952 587
952 616
952 632
952 636
952 652
952 738
952 787
952 797
952 824
952 842
952 856
952 896
952 922
952 925
952 953
952 958
952 959
952 973
952 974
952 991
953 162
953 166
953 258
953 415
953 432
953 444
953 450
953 510
953 553
953 598
953 611
953 634
953 672
953 708
953 717
953 8
953 813
953 837
953 885
953 888
953 894
953 923
953 924
953 933
953 952
953 958
953 970
953 972
953 996
954 132
954 388
954 42
954 457
954 461
954 607
954 611
954 672
954 690
954 730
954 760
954 781
954 834
954 844
954 849
954 860
954 865
954 876
954 899
954 915
954 916
954 925
954 926
954 939
954 988
954 996
955 111
955 136
955 166
955 171
955 174
955 211
955 434
955 436
955 44
955 461
955 489
955 50
955 504
955 528
955 589
955 639
955 683
955 707
955 728
955 807
955 812
955 819
955 878
955 883
955 896
955 907
955 909
955 924
955 925
955 980
956 1000
956 112
956 186
956 300
956 336
956 459
956 490
956 501
956 522
956 612
956 647
956 681
956 719
956 736
956 739
956 758
956 786
956 807
956 827
956 828
956 838
956 869
956 890
956 895
956 940
956 949
956 950
956 988
956 990
956 999
957 1000
957 11
957 223
957 234
957 244
957 264
957 306
957 468
957 508
957 540
957 550
957 556
957 63
957 635
957 664
957 685
957 7
957 728
957 798
957 799
957 800
957 805
957 848
957 863
957 937
957 950
957 96
957 971
957 977
957 983
958 129
958 172
958 199
958 202
958 236
958 24
958 267
958 295
958 302
958 418
958 44
958 477
958 505
958 522
958 553
958 619
958 626
958 628
958 634
958 676
958 859
958 876
958 887
958 911
958 915
958 923
958 952
958 953
958 972
958 985
959 14
959 142
959 164
959 283
959 346
959 451
959 493
959 534
959 593
959 642
959 705
959 718
959 740
959 745
959 756
959 779
959 816
959 818
959 841
959 863
959 867
959 910
959 921
959 929
959 931
959 945
959 952
959 965
959 981
959 993
96 52
96 957
96 988
96 998
960 159
960 209
960 278
960 314
960 367
960 400
960 451
960 462
960 475
960 514
960 517
960 606
960 678
960 686
960 771
960 785
960 813
960 831
960 838
960 840
960 847
960 863
960 866
960 873
960 887
960 914
960 937
960 944
960 963
960 993
961 126
961 140
961 176
961 178
961 184
961 235
961 250
961 345
961 448
961 573
961 60
961 610
961 633
961 650
961 659
961 674
961 777
961 835
961 897
961 914
961 919
961 935
961 964
961 968
961 979
961 983
961 986
961 987
961 992
961 995
962 1000
962 272
962 324
962 407
962 412
962 414
962 450
962 46
962 464
962 469
962 506
962 581
962 582
962 631
962 648
962 702
962 740
962 745
962 767
962 779
962 807
962 816
962 846
962 860
962 864
962 877
962 891
962 946
962 948
962 969
962 970
963 138
963 201
963 299
963 310
963 328
963 45
963 478
963 522
963 526
963 561
963 564
963 624
963 661
963 694
963 703
963 729
963 747
963 767
963 769
963 772
963 784
963 798
963 804
963 810
963 829
963 83
963 878
963 914
963 941
963 960
963 997
964 103
964 148
964 255
964 296
964 359
964 524
964 579
964 608
964 695
964 704
964 710
964 72
964 745
964 800
964 804
964 809
964 834
964 852
964 865
964 872
964 882
964 897
964 900
964 904
964 919
964 923
964 935
964 941
964 961
964 990
964 997
965 12
965 145
965 153
965 156
965 160
965 171
965 210
965 227
965 240
965 324
965 360
965 376
965 379
965 479
965 482
965 516
965 56
965 569
965 579
965 659
965 676
965 823
965 870
965 887
965 888
965 9
965 928
965 937
965 959
965 977
965 986
965 993
966 1
966 221
966 241
966 285
966 314
966 331
966 347
966 443
966 476
966 579
966 590
966 595
966 622
966 671
966 675
966 709
966 748
966 82
966 822
966 829
966 830
966 836
966 853
966 86
966 865
966 890
966 898
966 909
966 918
966 920
966 970
966 988
966 990
967 195
967 2
967 288
967 325
967 354
967 402
967 411
967 446
967 484
967 520
967 527
967 529
967 543
967 564
967 619
967 683
967 721
967 725
967 730
967 739
967 742
967 78
967 784
967 826
967 83
967 843
967 854
967 896
967 912
967 913
967 951
967 971
967 979
968 166
968 180
968 320
968 351
968 398
968 420
968 568
968 584
968 602
968 659
968 677
968 687
968 688
968 691
968 697
968 713
968 727
968 760
968 783
968 788
968 803
968 819
968 826
968 835
968 868
968 884
968 922
968 939
968 948
968 961
968 980
968 986
968 990
969 18
969 271
969 305
969 399
969 414
969 455
969 461
969 506
969 581
969 628
969 658
969 680
969 681
969 746
969 752
969 76
969 807
969 809
969 854
969 860
969 873
969 877
969 890
969 907
969 921
969 942
969 945
969 962
969 978
969 981
969 982
969 983
969 993
969 994
97 358
97 673
97 806
97 851
970 181
970 185
970 223
970 279
970 307
970 309
970 311
970 396
970 403
970 46
970 488
970 579
970 589
970 595
970 598
970 649
970 671
970 698
970 744
970 754
970 755
970 822
970 855
970 911
970 920
970 926
970 933
970 938
970 951
970 953
970 962
970 966
970 974
970 999
971 101
971 129
971 235
971 351
971 388
971 422
971 446
971 459
971 533
971 543
971 568
971 646
971 699
971 702
971 714
971 721
971 787
971 795
971 826
971 871
971 890
971 912
971 913
971 914
971 922
971 939
971 940
971 941
971 949
971 951
971 957
971 967
971 978
971 980
971 992
972 135
972 199
972 202
972 217
972 221
972 236
972 245
972 29
972 300
972 302
972 34
972 392
972 442
972 456
972 499
972 505
972 577
972 578
972 585
972 608
972 634
972 676
972 714
972 760
972 880
972 894
972 9
972 911
972 915
972 923
972 932
972 946
972 953
972 958
972 987
973 115
973 165
973 188
973 267
973 30
973 326
973 337
973 370
973 385
973 399
973 406
973 455
973 495
973 53
973 539
973 546
973 657
973 685
973 692
973 765
973 770
973 794
973 828
973 83
973 840
973 850
973 854
973 864
973 881
973 930
973 937
973 941
973 952
973 984
973 988
974 1000
974 143
974 178
974 295
974 32
974 349
974 380
974 612
974 630
974 652
974 698
974 706
974 708
974 724
974 726
974 727
974 744
974 763
974 787
974 839
974 842
974 853
974 86
974 908
974 912
974 918
974 920
974 933
974 938
974 951
974 952
974 970
974 978
974 991
974 994
975 1000
975 104
975 189
975 21
975 275
975 285
975 309
975 330
975 343
975 353
975 371
975 440
975 477
975 506
975 529
975 531
975 537
975 569
975 627
975 628
975 648
975 656
975 677
975 773
975 777
975 794
975 801
975 857
975 865
975 866
975 867
975 885
975 927
975 981
975 987
976 119
976 127
976 218
976 248
976 263
976 337
976 349
976 355
976 358
976 389
976 458
976 474
976 484
976 544
976 607
976 728
976 769
976 775
976 778
976 783
976 795
976 808
976 810
976 841
976 851
976 886
976 895
976 900
976 918
976 941
976 943
976 988
976 994
976 997
976 998
976 999
977 153
977 162
977 176
977 274
977 281
977 290
977 315
977 323
977 470
977 507
977 632
977 697
977 703
977 708
977 713
977 735
977 742
977 743
977 782
977 797
977 799
977 800
977 837
977 84
977 842
977 875
977 881
977 899
977 905
977 946
977 957
977 965
977 979
977 994
977 996
977 999
978 113
978 116
978 150
978 183
978 211
978 219
978 223
978 239
978 282
978 36
978 373
978 424
978 544
978 557
978 616
978 630
978 647
978 654
978 687
978 712
978 714
978 724
978 751
978 763
978 774
978 871
978 885
978 908
978 914
978 936
978 938
978 969
978 971
978 974
978 981
978 993
979 132
979 194
979 266
979 33
979 35
979 376
979 384
979 441
979 503
979 532
979 543
979 652
979 653
979 661
979 71
979 721
979 751
979 818
979 82
979 825
979 868
979 891
979 899
979 904
979 915
979 921
979 928
979 936
979 940
979 945
979 961
979 967
979 977
979 98
979 981
979 992
979 993
98 471
98 979
98 988
98 989
980 208
980 212
980 24
980 262
980 269
980 325
980 339
980 345
980 378
980 383
980 417
980 427
980 443
980 449
980 485
980 507
980 535
980 539
980 713
980 757
980 758
980 792
980 814
980 822
980 846
980 879
980 891
980 897
980 909
980 912
980 924
980 942
980 949
980 955
980 968
980 971
980 982
980 995
981 19
981 243
981 280
981 319
981 336
981 34
981 357
981 475
981 567
981 586
981 610
981 673
981 71
981 746
981 752
981 756
981 766
981 770
981 772
981 795
981 818
981 823
981 861
981 88
981 905
981 907
981 914
981 921
981 933
981 940
981 942
981 945
981 959
981 969
981 975
981 978
981 979
981 993
982 117
982 164
982 18
982 212
982 333
982 339
982 369
982 399
982 452
982 471
982 5
982 530
982 535
982 599
982 601
982 628
982 641
982 658
982 674
982 680
982 712
982 713
982 752
982 772
982 786
982 836
982 840
982 847
982 879
982 880
982 896
982 897
982 912
982 933
982 948
982 969
982 980
982 985
983 259
983 29
983 417
983 419
983 434
983 463
983 508
983 515
983 523
983 524
983 549
983 550
983 586
983 608
983 62
983 655
983 670
983 686
983 696
983 697
983 748
983 773
983 793
983 799
983 806
983 815
983 847
983 848
983 863
983 894
983 906
983 914
983 924
983 935
983 948
983 957
983 961
983 969
983 990
984 139
984 209
984 220
984 335
984 341
984 352
984 419
984 558
984 594
984 633
984 636
984 638
984 647
984 651
984 656
984 675
984 678
984 703
984 748
984 776
984 799
984 815
984 833
984 839
984 862
984 866
984 881
984 887
984 902
984 912
984 920
984 924
984 930
984 937
984 941
984 973
984 986
984 991
984 994
985 1000
985 14
985 238
985 247
985 308
985 390
985 425
985 43
985 521
985 530
985 542
985 575
985 613
985 643
985 652
985 662
985 669
985 683
985 719
985 724
985 751
985 753
985 788
985 836
985 837
985 845
985 870
985 893
985 909
985 910
985 916
985 929
985 930
985 931
985 943
985 958
985 982
985 994
985 995
986 114
986 116
986 121
986 140
986 172
986 196
986 255
986 26
986 266
986 271
986 301
986 319
986 341
986 403
986 440
986 475
986 544
986 55
986 561
986 587
986 594
986 60
986 605
986 651
986 777
986 783
986 803
986 847
986 852
986 889
986 904
986 918
986 920
986 961
986 965
986 968
986 984
986 987
986 991
986 998
987 172
987 174
987 254
987 256
987 278
987 287
987 288
987 313
987 320
987 327
987 348
987 39
987 475
987 512
987 535
987 572
987 615
987 660
987 665
987 684
987 720
987 755
987 761
987 788
987 794
987 799
987 803
987 819
987 833
987 867
987 876
987 889
987 910
987 932
987 936
987 944
987 961
987 972
987 975
987 986
987 989
988 120
988 132
988 150
988 170
988 194
988 23
988 251
988 327
988 336
988 40
988 418
988 493
988 55
988 577
988 58
988 596
988 607
988 611
988 672
988 690
988 730
988 760
988 811
988 841
988 844
988 849
988 860
988 865
988 87
988 876
988 925
988 926
988 949
988 950
988 954
988 956
988 96
988 966
988 973
988 976
988 98
988 996
989 159
989 287
989 288
989 317
989 333
989 377
989 388
989 427
989 428
989 486
989 527
989 559
989 581
989 583
989 615
989 660
989 665
989 715
989 731
989 734
989 746
989 753
989 754
989 761
989 768
989 806
989 834
989 842
989 846
989 856
989 864
989 875
989 891
989 897
989 917
989 924
989 932
989 944
989 98
989 987
989 995
989 999
99 578
99 628
99 901
99 903
990 1000
990 137
990 163
990 171
990 184
990 391
990 447
990 460
990 523
990 524
990 525
990 531
990 551
990 56
990 586
990 608
990 616
990 662
990 674
990 694
990 703
990 740
990 743
990 769
990 780
990 794
990 799
990 806
990 817
990 825
990 840
990 850
990 894
990 897
990 940
990 956
990 964
990 966
990 968
990 983
990 994
990 995
991 143
991 146
991 16
991 215
991 242
991 260
991 267
991 276
991 32
991 330
991 352
991 402
991 521
991 522
991 560
991 591
991 612
991 622
991 623
991 638
991 641
991 649
991 689
991 69
991 690
991 691
991 695
991 701
991 705
991 727
991 787
991 830
991 842
991 864
991 868
991 875
991 904
991 913
991 928
991 952
991 974
991 984
991 986
991 996
992 101
992 102
992 14
992 141
992 144
992 167
992 194
992 22
992 24
992 276
992 279
992 303
992 38
992 384
992 416
992 437
992 445
992 448
992 466
992 512
992 521
992 529
992 532
992 573
992 624
992 641
992 649
992 653
992 701
992 720
992 726
992 751
992 800
992 848
992 858
992 868
992 869
992 881
992 887
992 915
992 938
992 961
992 971
992 979
993 111
993 144
993 253
993 285
993 37
993 392
993 400
993 417
993 43
993 514
993 617
993 636
993 644
993 652
993 67
993 689
993 697
993 703
993 730
993 752
993 771
993 816
993 818
993 821
993 836
993 854
993 892
993 899
993 903
993 914
993 919
993 920
993 927
993 937
993 940
993 942
993 944
993 945
993 959
993 960
993 965
993 969
993 978
993 979
993 981
994 153
994 161
994 218
994 263
994 265
994 270
994 312
994 323
994 413
994 46
994 478
994 481
994 494
994 509
994 514
994 567
994 593
994 606
994 607
994 638
994 645
994 679
994 719
994 738
994 744
994 769
994 775
994 779
994 782
994 783
994 804
994 808
994 811
994 82
994 841
994 901
994 915
994 929
994 943
994 950
994 969
994 974
994 976
994 977
994 984
994 985
994 990
995 109
995 142
995 147
995 225
995 231
995 235
995 278
995 286
995 38
995 447
995 460
995 493
995 494
995 502
995 517
995 551
995 554
995 602
995 662
995 681
995 705
995 715
995 735
995 743
995 756
995 767
995 769
995 771
995 780
995 786
995 811
995 816
995 832
995 836
995 862
995 864
995 886
995 891
995 898
995 911
995 924
995 961
995 980
995 985
995 989
995 990
995 998
996 290
996 303
996 326
996 356
996 395
996 438
996 500
996 536
996 539
996 572
996 58
996 597
996 605
996 611
996 646
996 662
996 670
996 684
996 704
996 721
996 730
996 735
996 747
996 757
996 763
996 778
996 801
996 802
996 837
996 844
996 897
996 899
996 903
996 911
996 925
996 926
996 953
996 954
996 977
996 988
996 991
996 999
997 155
997 173
997 244
997 298
997 310
997 355
997 365
997 382
997 389
997 410
997 441
997 445
997 483
997 54
997 540
997 543
997 544
997 549
997 564
997 661
997 668
997 684
997 694
997 732
997 758
997 770
997 772
997 773
997 778
997 783
997 784
997 795
997 798
997 810
997 812
997 823
997 829
997 870
997 883
997 886
997 914
997 918
997 928
997 947
997 963
997 964
997 976
998 122
998 148
998 163
998 167
998 184
998 191
998 204
998 240
998 243
998 25
998 254
998 263
998 27
998 296
998 389
998 404
998 420
998 466
998 468
998 488
998 537
998 55
998 569
998 570
998 612
998 624
998 670
998 687
998 698
998 707
998 717
998 749
998 762
998 793
998 794
998 795
998 796
998 807
998 85
998 900
998 904
998 908
998 913
998 937
998 946
998 96
998 976
998 986
998 995
999 118
999 134
999 175
999 289
999 290
999 350
999 353
999 356
999 360
999 363
999 376
999 379
999 559
999 575
999 576
999 601
999 640
999 676
999 706
999 721
999 723
999 735
999 752
999 761
999 794
999 801
999 837
999 838
999 843
999 845
999 846
999 870
999 876
999 888
999 899
999 900
999 905
999 917
999 928
999 932
999 939
999 941
999 947
999 956
999 970
999 976
999 977
999 989
999 996
