# The links inside the communities at k=6
# from G:\Dropbox\Raghda\CNA\Final Project\other methods\CFinder-2.0.6--1448\G:\Dropbox\Raghda\CNA\Final Project\Datasets\binary_networks\LFR5\network_LFR5_Om2.dat
# at no lower link weight threshold,
# and at no upper link weight threshold.
# Links were treated as undirected.
# No time limit was set for the clique search.

0:
922 845
922 974
922 979
922 813
922 995
922 947
922 953
922 827
922 543
922 757
845 974
845 979
845 995
845 947
845 953
845 543
845 757
974 979
974 813
974 995
974 947
974 953
974 827
974 543
974 757
979 813
979 995
979 947
979 953
979 827
979 543
979 757
813 995
813 953
995 947
995 953
995 827
995 757
947 953
947 827
953 827
953 543
1:
951 989
951 975
951 907
951 872
951 560
951 574
989 975
989 907
989 872
989 560
989 574
975 907
975 872
975 560
975 574
907 872
907 560
907 574
872 560
872 574
2:
993 961
993 896
993 992
993 921
993 581
993 940
961 896
961 992
961 921
961 581
961 940
896 992
896 921
896 581
896 940
992 921
992 581
992 940
921 581
921 940
3:
806 974
806 784
806 870
806 834
806 666
840 974
840 784
840 870
840 834
840 629
974 784
974 870
974 834
974 629
974 666
784 870
784 834
784 629
784 666
870 834
870 629
870 666
834 629
834 666
629 666
4:
853 844
853 644
853 785
853 734
853 852
853 723
853 579
853 664
844 644
844 785
844 734
844 852
844 723
844 579
844 664
644 785
644 734
644 852
644 664
785 734
785 852
785 723
785 579
785 664
734 852
734 723
734 579
734 664
852 723
852 579
852 664
723 579
723 664
5:
964 993
964 730
964 781
964 971
964 859
964 662
993 730
993 781
993 971
993 859
993 662
730 781
730 971
730 859
730 662
781 971
781 859
781 662
971 859
971 662
859 662
6:
973 981
973 860
973 992
973 895
973 698
981 860
981 992
981 895
981 698
860 992
860 895
860 698
992 895
992 698
895 698
7:
759 994
759 942
759 948
759 878
759 926
759 875
879 994
879 942
879 948
879 926
879 875
994 942
994 948
994 878
994 926
994 875
942 948
942 878
942 926
942 875
948 878
948 926
948 875
878 875
926 875
8:
925 952
925 984
925 967
925 770
925 960
925 991
925 919
925 970
925 830
952 984
952 967
952 770
952 960
952 991
952 919
952 970
984 967
984 770
984 960
984 991
984 919
984 970
984 830
967 960
967 991
967 919
967 970
967 830
770 991
770 919
770 970
960 991
960 919
960 970
991 919
991 970
991 830
919 970
919 830
9:
943 936
943 824
943 963
943 753
943 949
936 824
936 963
936 753
936 949
824 963
824 753
824 949
963 753
963 949
753 949
10:
986 847
986 882
986 995
986 822
986 869
986 916
986 790
847 882
847 822
847 916
847 790
882 995
882 822
882 869
882 916
882 790
995 822
995 869
995 916
995 790
822 869
822 916
822 790
869 790
916 790
11:
986 956
986 882
986 995
986 822
986 969
956 882
956 995
956 822
956 969
882 995
882 822
882 969
995 822
995 969
822 969
12:
864 980
864 996
864 958
864 843
864 848
864 892
980 996
980 958
980 843
980 848
980 892
996 958
996 843
996 848
996 892
958 843
958 848
958 892
843 848
843 892
848 892
13:
1000 890
1000 917
1000 925
1000 952
1000 968
1000 988
890 917
890 925
890 952
890 968
890 988
917 925
917 952
917 968
917 988
925 952
925 968
925 988
952 968
968 988
