# The contained cliques in the communities at k=7
# from G:\Dropbox\Raghda\CNA\Final Project\other methods\CFinder-2.0.6--1448\G:\Dropbox\Raghda\CNA\Final Project\Datasets\binary_networks\LFR1\networ_LFR1_Om3.dat
# at no lower link weight threshold,
# and at no upper link weight threshold.
# Links were treated as undirected.
# No time limit was set for the clique search.

0: 557 837 1072 743 
1: 559 1128 1156 1157 1182 1184 1270 1286 983 1001 1003 1080 1129 1175 1177 1183 1185 984 1154 1002 1044 1155 1158 1159 1298 740 939 940 1045 1176 941 1081 1075 1079 1082 1076 853 986 854 987 985 1130 1186 1271 
2: 565 758 971 1103 1104 1105 1150 1151 1152 1153 920 921 719 720 856 857 570 
3: 571 1057 1058 1059 1061 1006 1062 768 876 1063 767 1031 1115 956 1007 686 955 838 
4: 647 648 773 929 1164 1188 1273 1278 1279 1282 1293 1296 
5: 695 1257 1258 981 1207 1208 1211 1212 1221 1223 1226 1227 1228 1229 1234 1235 1236 1237 1238 1239 1240 1241 1242 1247 1250 1251 1252 1256 1259 1260 1261 1262 1265 1266 1267 1268 1287 1288 1289 1290 1291 1292 982 1225 1248 1224 1230 1222 1249 1209 1215 1295 1299 795 932 933 
6: 698 1090 1087 1088 1089 1091 1102 1142 1179 928 1036 1085 1086 1139 1178 1216 1217 927 1034 1035 1050 1052 1051 1138 1197 858 1140 1198 859 1202 1203 1141 742 
7: 712 
8: 713 770 
9: 723 841 848 849 855 881 913 1046 1074 1114 1163 1187 1280 1281 1297 
10: 741 746 769 
11: 748 1195 1193 1196 1194 
12: 759 892 919 1098 890 891 1095 1109 787 1099 788 1112 1097 1096 918 
13: 804 1106 1107 885 897 886 840 
14: 835 836 895 975 
15: 846 847 898 995 1043 996 1032 899 900 910 1073 911 912 902 
16: 863 1070 1068 
17: 870 974 908 942 873 909 
18: 877 
19: 916 
20: 944 946 1190 945 
21: 1030 1100 
