# The communities at k=7
# from G:\Dropbox\Raghda\CNA\Final Project\other methods\CFinder-2.0.6--1448\G:\Dropbox\Raghda\CNA\Final Project\Datasets\binary_networks\LFR1\networ_LFR1_Om3.dat
# at no lower link weight threshold,
# and at no upper link weight threshold.
# Links were treated as undirected.
# No time limit was set for the clique search.

0: 840 991 998 858 811 385 767 926 505 627 547 
1: 698 958 976 988 995 997 990 681 775 932 855 925 912 387 894 814 500 575 847 794 667 782 668 706 802 739 
2: 791 854 915 942 880 887 916 951 769 924 395 397 773 812 481 485 682 525 779 581 642 
3: 980 720 934 973 927 998 969 892 607 695 743 497 709 750 926 401 825 541 564 755 
4: 1000 994 999 483 540 598 661 792 819 871 874 876 881 885 909 917 922 930 938 945 953 954 956 957 958 962 974 977 983 
5: 860 967 975 961 856 965 991 969 673 939 928 935 851 913 560 839 959 895 986 944 936 831 844 469 889 656 829 
6: 968 972 987 984 918 820 836 733 888 828 788 757 821 859 926 471 726 795 502 587 645 746 
7: 747 798 985 713 858 903 470 
8: 660 756 961 691 683 629 474 633 
9: 982 989 992 996 960 852 978 959 903 637 970 882 971 486 963 546 561 571 577 760 625 946 700 931 937 732 780 832 
10: 958 990 978 763 808 675 501 510 568 
11: 979 905 817 898 921 911 861 869 818 842 511 
12: 864 902 964 753 803 557 947 906 845 890 631 527 762 630 768 
13: 876 884 774 796 797 875 583 823 646 752 567 648 
14: 993 619 929 943 998 806 800 545 609 680 
15: 897 907 949 961 923 948 866 951 714 572 606 620 635 749 717 688 
16: 602 846 914 841 801 740 764 777 741 
17: 770 933 941 950 612 669 904 638 790 877 652 628 
18: 991 986 903 621 636 647 766 
19: 846 850 914 986 741 626 721 
20: 908 966 827 686 835 901 786 920 783 848 
21: 955 784 865 919 837 883 765 712 
