# The contained cliques in the communities at k=4
# from G:\Dropbox\Raghda\CNA\Final Project\other methods\CFinder-2.0.6--1448\G:\Dropbox\Raghda\CNA\Final Project\Datasets\binary_networks\LFR1\networ_LFR1_Om2.dat
# at no lower link weight threshold,
# and at no upper link weight threshold.
# Links were treated as undirected.
# No time limit was set for the clique search.

0: 1 458 622 1008 1009 113 429 459 686 888 889 957 958 959 992 993 1034 1035 1036 1063 1091 1117 1118 1129 1141 307 340 344 496 623 859 860 861 310 658 309 657 898 37 
1: 2 156 296 306 452 586 644 647 699 778 806 886 924 1001 1002 1003 1004 1005 1038 1039 1060 1061 1065 1066 1067 1131 1132 1150 1154 1155 1159 1176 1186 1189 41 917 918 925 549 645 700 808 809 887 903 807 151 587 183 182 257 292 397 
2: 3 685 688 814 899 1101 1125 1158 1202 4 177 256 277 534 624 646 687 1089 395 31 
3: 7 322 559 323 557 558 556 319 318 321 
4: 12 1010 1011 1012 1013 1014 66 123 235 398 564 572 641 751 904 905 938 1030 1054 1055 1056 1068 1070 1071 1079 1080 1133 399 442 1069 1072 1053 1058 1059 1185 25 782 783 785 1052 1057 784 163 1031 1134 162 474 571 573 198 124 642 94 403 204 
5: 13 26 92 111 243 491 774 908 909 910 945 946 947 948 967 968 969 997 998 999 1104 1106 1107 1108 58 911 949 970 1109 59 492 775 950 1000 1105 414 490 413 207 240 81 142 143 
6: 22 23 767 906 961 27 40 167 765 766 768 819 1092 742 743 744 821 820 907 267 547 548 
7: 24 33 269 396 412 600 636 656 659 666 675 679 781 872 892 941 1007 1116 
8: 28 846 364 592 618 824 365 593 
9: 30 
10: 38 39 1103 849 603 631 677 799 826 847 848 850 856 1187 632 633 798 796 797 827 478 966 1033 1102 476 477 115 825 853 854 855 264 
11: 42 286 305 313 378 406 533 605 609 615 621 653 684 776 822 109 749 
12: 43 464 588 833 242 530 531 
13: 44 110 140 152 236 246 266 288 360 373 439 445 460 510 676 756 759 884 995 996 1006 1037 1146 1157 1163 1177 144 188 438 
14: 47 611 625 802 857 1019 1020 1040 1041 1077 1113 1114 1180 1181 1182 1183 245 369 803 858 1023 244 370 626 763 788 789 804 805 1021 1024 1046 1047 1184 762 764 1022 1078 1042 1043 1044 1045 786 787 598 596 599 302 597 55 218 
15: 50 106 334 433 480 481 639 757 828 829 971 972 107 434 640 758 335 202 201 830 
16: 51 503 604 680 1062 1115 1144 1145 1166 1174 672 800 801 933 934 953 532 569 610 674 795 919 443 890 1175 1207 1121 65 78 120 131 206 211 273 278 457 500 509 665 697 810 843 844 845 870 871 926 954 955 964 965 982 983 1122 1130 508 84 85 
17: 52 336 
18: 53 333 577 578 962 707 337 
19: 57 314 461 535 673 741 777 793 960 1093 1123 1156 1167 1169 1200 119 261 402 400 473 539 263 210 139 704 80 
20: 67 522 1025 523 951 952 976 986 987 1049 1050 1094 1139 298 376 410 411 670 671 717 977 984 985 988 989 1051 1149 669 760 
21: 68 69 338 339 284 818 285 608 913 239 455 545 607 912 238 454 453 456 77 
22: 73 980 981 1160 112 130 136 200 237 283 299 303 315 361 430 546 568 668 769 811 994 1112 
23: 74 187 297 421 471 472 486 487 488 739 
24: 79 341 482 497 230 93 483 667 498 
25: 82 247 562 248 563 394 479 499 1111 393 836 838 865 1110 153 185 231 837 864 891 184 155 
26: 86 462 594 463 511 401 441 740 342 343 542 595 
27: 90 91 728 730 731 745 1029 351 516 517 627 629 628 750 485 
28: 97 708 868 180 181 
29: 99 100 
30: 108 726 727 1076 1082 1083 1087 1190 1204 203 381 736 738 791 792 927 928 170 391 501 694 737 1016 1017 1088 1173 1191 1205 171 502 696 392 1084 1085 494 929 930 931 973 1142 932 363 1128 1143 362 690 1126 1127 695 663 661 664 662 424 295 
31: 117 
32: 118 617 709 616 963 194 867 195 692 691 
33: 121 873 1026 304 469 851 874 875 876 878 880 881 915 1119 1120 1135 1136 1137 1138 1170 1172 161 470 612 877 894 936 311 613 614 882 883 895 896 935 1171 312 186 367 937 897 916 852 879 
34: 125 126 346 348 168 272 347 354 
35: 132 133 1027 1028 301 358 387 416 580 590 384 386 382 385 383 418 538 591 
36: 147 506 652 975 1032 1090 468 648 405 
37: 148 149 150 268 655 710 638 637 643 
38: 157 232 444 541 635 660 681 885 942 943 956 1073 1074 1075 1095 1097 1098 1099 1100 1151 1152 1153 1161 1162 1164 1165 1192 1193 1194 1195 1196 1197 1198 374 649 794 944 990 991 1096 1147 1148 1208 1209 650 651 212 779 780 193 489 761 
39: 213 214 
40: 251 252 575 634 271 746 576 409 408 407 
41: 262 279 507 654 940 287 371 504 866 
42: 330 566 467 466 465 
43: 355 869 978 701 835 900 979 1086 711 
44: 389 390 451 813 450 812 
45: 512 513 729 619 698 514 554 620 555 
46: 524 525 526 550 752 753 754 725 755 722 724 
47: 536 
48: 682 683 733 732 921 
49: 815 816 839 
