# The communities at k=4
# from G:\Dropbox\Raghda\CNA\Final Project\other methods\CFinder-2.0.6--1448\G:\Dropbox\Raghda\CNA\Final Project\Datasets\binary_networks\LFR1\networ_LFR1_Om2.dat
# at no lower link weight threshold,
# and at no upper link weight threshold.
# Links were treated as undirected.
# No time limit was set for the clique search.

0: 1 706 949 967 518 119 789 925 320 994 243 168 933 792 281 306 890 339 710 879 417 745 456 597 774 682 598 613 654 715 84 94 
1: 10 955 981 983 999 953 863 121 956 812 515 192 883 927 196 653 211 793 839 262 301 419 391 727 640 439 634 441 46 619 824 540 784 561 775 595 699 683 718 8 684 70 82 
2: 1000 105 140 504 518 546 594 616 776 780 830 848 858 876 886 897 902 903 922 930 932 968 970 115 209 260 371 743 420 44 440 57 
3: 1000 173 307 354 376 382 412 416 432 453 459 495 606 704 
4: 103 709 951 957 110 756 940 963 887 136 849 473 156 841 861 176 737 20 790 221 229 484 695 263 267 657 541 302 32 322 831 436 521 547 723 618 708 
5: 106 815 906 942 960 111 802 972 133 772 149 155 166 891 189 661 771 230 274 838 852 617 333 334 37 38 526 631 666 
6: 109 688 855 862 896 112 725 120 570 581 755 202 648 389 534 500 508 733 51 
7: 11 842 958 961 965 117 261 900 272 881 753 976 395 428 454 458 468 480 485 53 545 572 608 627 806 736 754 
8: 113 641 791 863 240 582 679 398 414 568 462 
9: 18 678 769 413 
10: 763 835 877 924 12 703 857 807 169 692 750 587 323 702 397 610 425 611 850 483 50 555 761 
11: 122 813 894 918 928 164 901 596 251 269 370 401 701 404 409 467 445 522 531 589 61 89 9 
12: 123 624 716 972 636 313 584 603 367 394 40 
13: 843 124 946 993 995 996 975 980 165 186 19 193 216 950 236 248 289 923 291 296 308 33 865 356 719 42 785 847 482 49 490 494 892 878 580 803 63 826 659 664 689 870 
14: 126 846 889 908 920 131 711 887 732 866 246 39 765 392 840 854 976 406 59 869 423 698 574 499 549 558 77 
15: 292 128 728 752 820 868 162 623 225 658 673 286 583 326 622 433 492 
16: 978 952 129 911 929 971 135 798 938 941 510 146 899 150 672 895 994 823 171 185 966 818 407 23 235 898 294 767 305 343 347 819 916 355 662 369 915 614 400 926 405 777 635 466 474 479 485 629 554 557 914 56 563 571 779 92 609 626 817 647 712 649 764 
17: 13 386 447 514 541 
18: 677 273 812 130 290 668 720 548 411 
19: 922 670 132 974 979 991 997 148 947 962 964 170 184 969 520 232 982 264 944 266 309 321 860 372 378 533 934 47 476 48 536 553 875 734 882 759 778 814 832 91 
20: 985 137 696 884 935 998 250 506 271 671 794 853 880 364 676 893 869 669 472 787 498 707 646 730 72 
21: 138 390 604 905 997 145 691 816 304 346 368 758 645 6 385 632 402 87 
22: 877 141 799 844 921 988 167 919 945 179 182 455 770 223 238 282 811 827 660 36 388 469 503 565 60 686 99 78 97 
23: 992 142 834 988 215 717 277 529 319 396 330 331 577 83 
24: 147 329 630 766 975 226 516 288 96 327 477 340 468 
25: 15 422 845 851 194 5 773 213 596 821 259 757 833 34 325 341 602 73 615 609 
26: 816 151 361 729 731 636 781 265 663 293 312 357 381 464 577 
27: 154 592 744 760 822 283 694 800 804 328 560 360 550 513 424 470 522 
28: 985 157 642 650 210 517 625 633 588 775 
29: 578 593 158 318 539 
30: 992 700 740 936 989 791 512 864 977 538 163 931 823 205 973 227 685 239 872 254 873 258 738 311 501 739 337 783 345 519 465 552 620 69 
31: 874 17 348 909 
32: 505 680 874 212 909 502 770 22 410 471 566 
33: 837 909 172 721 910 939 2 856 907 214 885 973 242 782 317 591 408 639 575 579 586 751 612 638 826 95 88 
34: 177 256 310 637 724 203 299 559 380 431 58 
35: 876 180 726 742 805 998 509 352 255 384 873 275 461 933 375 435 90 
36: 195 762 797 801 828 268 674 788 316 697 912 351 743 442 444 
37: 986 191 228 652 735 543 590 430 836 438 452 52 
38: 913 986 984 197 888 987 990 937 219 867 917 904 24 954 249 959 295 3 332 943 379 893 427 871 948 836 785 443 665 460 486 498 542 786 554 585 628 810 859 651 713 749 741 
39: 241 874 348 4 497 
40: 270 426 463 544 643 746 437 528 55 564 98 
41: 989 690 247 705 747 349 943 353 446 62 566 68 613 80 618 
42: 363 769 418 656 413 655 475 315 344 
43: 780 644 808 556 825 966 300 790 491 681 714 748 599 569 
44: 257 478 605 796 828 982 298 565 
45: 527 912 358 489 537 667 359 535 415 421 551 
46: 675 399 653 829 507 809 365 601 753 393 488 493 
47: 829 601 373 753 
48: 722 795 833 687 523 487 621 693 
49: 576 685 722 768 607 693 
