# The links inside the communities at k=6
# from G:\Dropbox\Raghda\CNA\Final Project\other methods\CFinder-2.0.6--1448\G:\Dropbox\Raghda\CNA\Final Project\Datasets\binary_networks\LFR4\network_LFR4_Om4.dat
# at no lower link weight threshold,
# and at no upper link weight threshold.
# Links were treated as undirected.
# No time limit was set for the clique search.

0:
989 838
989 979
989 958
989 807
989 469
989 666
838 979
838 958
838 807
838 666
979 958
979 807
979 469
979 666
958 807
958 469
958 666
807 469
807 666
469 666
1:
946 944
946 945
946 992
946 691
946 558
946 918
946 370
944 945
944 992
944 691
944 558
944 370
945 992
945 691
945 558
945 918
945 370
992 691
992 558
992 918
992 370
691 558
691 918
691 370
558 918
558 370
2:
994 900
994 903
994 709
994 800
994 879
994 880
994 875
994 480
900 709
900 879
900 880
900 480
903 709
903 800
903 879
903 880
709 800
709 879
709 880
709 875
709 480
800 879
800 880
800 875
800 480
879 880
879 875
879 480
880 875
880 480
3:
929 996
929 963
929 973
929 988
929 933
929 983
929 770
996 984
996 963
996 906
996 973
996 988
996 933
996 983
996 574
996 919
996 523
996 725
996 770
996 536
984 963
984 906
984 988
984 933
984 983
984 919
984 523
984 725
984 770
984 536
963 988
963 933
963 983
963 574
963 536
906 988
906 933
906 983
906 919
973 933
973 983
973 770
988 933
988 983
988 574
988 725
988 770
933 983
933 574
933 919
933 523
933 725
933 770
933 536
983 574
983 919
983 523
983 725
983 770
983 536
574 725
523 725
523 770
725 770
770 536
4:
916 900
916 865
916 884
916 560
916 911
900 865
900 884
900 560
900 911
865 884
865 560
865 911
884 560
884 911
560 911
5:
977 995
977 837
977 888
977 951
977 943
995 837
995 888
995 951
995 943
995 597
837 888
837 951
837 943
837 597
888 951
888 943
888 597
951 943
951 597
943 597
6:
833 843
833 932
833 926
833 727
833 602
843 932
843 926
843 754
843 727
843 602
932 926
932 754
932 727
932 602
926 754
926 727
926 602
754 727
754 602
727 602
7:
934 991
934 990
934 955
934 874
934 923
934 928
934 708
934 806
991 990
991 955
991 874
991 923
991 708
991 806
990 955
990 874
990 923
990 708
990 806
955 874
955 923
955 928
955 708
955 806
874 923
874 928
874 708
874 806
923 928
923 708
923 806
928 708
928 806
708 806
8:
915 936
915 927
915 745
915 700
915 669
936 927
936 745
936 700
936 669
927 745
927 700
927 669
745 700
745 669
700 669
9:
939 978
939 956
939 968
939 960
939 882
939 987
939 764
939 876
939 902
939 690
939 747
978 956
978 968
978 960
978 882
978 764
978 876
978 902
978 747
895 956
895 968
895 960
895 987
895 902
956 968
956 960
956 882
956 987
956 764
956 876
956 902
956 690
956 747
968 960
968 882
968 987
968 764
968 876
968 902
968 690
968 747
960 987
960 764
960 876
960 902
960 690
960 747
882 902
987 764
987 876
987 902
987 690
987 747
764 876
764 902
764 690
764 747
876 902
876 690
876 747
902 690
902 747
690 747
10:
947 985
947 966
947 991
947 723
947 910
985 966
985 991
985 723
985 910
966 991
966 723
966 910
991 723
991 910
723 910
11:
957 949
957 976
957 864
957 742
957 869
949 976
949 864
949 742
949 869
949 822
976 864
976 742
976 869
976 822
864 742
864 869
864 822
742 869
742 822
869 822
