# The links inside the communities at k=11
# from G:\Dropbox\Raghda\CNA\Final Project\other methods\CFinder-2.0.6--1448\G:\Dropbox\Raghda\CNA\Final Project\Datasets\binary_networks\LFR1\networ_LFR1_Om4.dat
# at no lower link weight threshold,
# and at no upper link weight threshold.
# Links were treated as undirected.
# No time limit was set for the clique search.

0:
956 912
956 933
956 923
956 914
956 732
956 881
956 893
956 819
956 880
956 788
912 933
912 923
912 914
912 732
912 881
912 893
912 819
912 880
912 788
933 923
933 914
933 732
933 881
933 893
933 819
933 880
933 788
923 914
923 732
923 881
923 893
923 819
923 880
923 788
914 732
914 881
914 893
914 819
914 880
914 788
732 881
732 893
732 819
732 880
732 788
881 893
881 819
881 880
881 788
893 819
893 880
893 788
819 880
819 788
880 788
1:
991 954
991 899
991 953
991 955
991 862
991 907
991 853
991 888
991 764
991 761
954 899
954 953
954 955
954 862
954 907
954 853
954 988
954 888
954 764
954 761
899 953
899 955
899 862
899 907
899 853
899 988
899 888
899 764
899 761
953 955
953 862
953 907
953 853
953 988
953 888
953 764
953 761
955 862
955 907
955 853
955 988
955 888
955 764
955 761
862 907
862 853
862 988
862 888
862 764
862 761
907 853
907 988
907 888
907 764
907 761
853 988
853 888
853 764
853 761
988 888
988 764
988 761
888 764
888 761
764 761
2:
987 986
987 969
987 978
987 979
987 966
987 925
987 929
987 830
987 892
987 812
986 990
986 969
986 978
986 979
986 966
986 925
986 929
986 830
986 892
986 812
990 969
990 978
990 979
990 966
990 925
990 929
990 830
990 892
990 812
969 978
969 979
969 966
969 925
969 929
969 830
969 892
969 812
978 979
978 966
978 925
978 929
978 830
978 892
978 812
979 966
979 925
979 929
979 830
979 892
979 812
966 925
966 929
966 830
966 892
966 812
925 929
925 830
925 892
925 812
929 830
929 892
929 812
830 892
830 812
892 812
3:
1000 798
1000 823
1000 832
1000 889
1000 917
1000 931
1000 957
1000 963
1000 983
1000 989
798 823
798 832
798 889
798 917
798 931
798 957
798 963
798 983
798 989
823 832
823 889
823 917
823 931
823 957
823 963
823 983
823 989
832 889
832 917
832 931
832 957
832 963
832 983
832 989
889 917
889 931
889 957
889 963
889 983
889 989
917 931
917 957
917 963
917 983
917 989
931 957
931 963
931 983
931 989
957 963
957 983
957 989
963 983
963 989
983 989
4:
1000 867
1000 877
1000 946
1000 962
1000 965
1000 973
1000 980
1000 981
1000 992
1000 995
1000 996
867 877
867 946
867 962
867 965
867 973
867 980
867 981
867 992
867 995
867 996
867 843
867 782
867 846
867 829
867 851
877 946
877 962
877 965
877 973
877 980
877 981
877 992
877 995
877 996
877 990
877 843
877 782
877 846
877 829
877 851
946 962
946 965
946 973
946 980
946 981
946 992
946 995
946 996
946 990
946 843
946 782
946 846
946 829
946 851
962 965
962 973
962 980
962 981
962 992
962 995
962 996
962 990
962 843
962 782
962 846
962 829
962 851
965 973
965 980
965 981
965 992
965 995
965 996
965 990
965 843
965 782
965 846
965 829
965 851
973 980
973 981
973 992
973 995
973 996
973 990
973 843
973 782
973 846
973 829
973 851
980 981
980 992
980 995
980 996
980 990
980 843
980 782
980 846
980 829
980 851
981 992
981 995
981 996
981 990
981 843
981 782
981 846
981 829
981 851
992 995
992 996
992 990
992 843
992 782
992 846
992 829
992 851
995 996
995 990
995 843
995 782
995 846
995 829
995 851
996 990
996 843
996 782
996 846
996 829
996 851
843 846
843 829
843 851
782 846
846 829
846 851
829 851
5:
949 998
949 993
949 975
949 977
949 919
949 896
949 831
949 967
949 964
949 940
949 902
949 891
949 834
949 866
998 993
998 975
998 977
998 919
998 896
998 831
998 967
998 964
998 940
998 902
998 891
998 834
998 866
993 975
993 977
993 919
993 896
993 831
993 967
993 964
993 940
993 902
993 891
993 834
993 866
975 977
975 919
975 896
975 831
975 967
975 964
975 940
975 902
975 891
975 834
975 866
977 919
977 896
977 831
977 967
977 964
977 940
977 902
977 891
977 834
977 866
919 896
919 831
919 967
919 964
919 940
919 902
919 891
919 834
919 866
896 831
896 967
896 964
896 940
896 902
896 891
896 834
896 866
831 967
831 964
831 940
831 902
831 891
831 834
831 866
967 964
967 940
967 902
967 891
967 834
967 866
964 940
964 902
964 891
964 834
964 866
940 902
940 891
940 834
940 866
902 891
902 834
902 866
891 834
891 866
834 866
