# The links inside the communities at k=4
# from G:\Dropbox\Raghda\CNA\Final Project\other methods\CFinder-2.0.6--1448\G:\Dropbox\Raghda\CNA\Final Project\Datasets\binary_networks\LFR4\network_LFR4_Om3.dat
# at no lower link weight threshold,
# and at no upper link weight threshold.
# Links were treated as undirected.
# No time limit was set for the clique search.

0:
761 698
761 705
761 945
761 586
698 705
698 945
698 586
705 945
945 586
1:
100 788
100 849
100 965
100 991
788 849
788 965
788 991
788 959
788 997
788 943
788 566
788 759
788 552
849 965
849 997
965 991
965 959
965 997
965 943
965 741
965 566
965 845
965 716
965 440
965 707
965 903
965 699
965 537
965 759
965 552
991 997
991 943
991 741
991 672
991 845
991 707
991 699
991 537
991 759
959 997
959 845
959 716
959 440
959 707
959 903
959 759
997 741
997 672
997 716
997 699
997 537
997 759
997 552
943 672
943 845
741 716
741 552
566 845
566 759
672 845
672 716
672 699
845 440
845 707
845 759
716 903
716 699
716 537
440 707
440 903
707 759
903 537
699 537
537 759
2:
1000 849
1000 135
1000 20
1000 559
1000 609
1000 738
1000 742
1000 758
1000 772
1000 876
1000 897
1000 908
1000 960
1000 979
849 897
849 908
849 960
135 742
135 979
20 908
20 960
20 979
559 742
559 876
559 908
559 960
559 979
609 742
609 960
738 772
738 908
738 960
742 897
742 908
742 960
742 979
742 775
758 908
758 960
758 979
772 960
876 908
876 960
876 979
876 775
897 908
897 960
897 979
908 960
908 979
908 775
960 979
960 775
3:
182 959
182 878
182 909
250 831
250 878
250 743
250 720
959 778
959 831
959 878
959 743
959 909
959 340
959 443
778 878
778 340
778 443
831 878
831 696
831 743
831 909
831 720
831 442
831 443
831 451
878 696
878 743
878 909
878 720
878 340
878 443
878 451
696 743
696 909
696 720
696 442
743 340
743 443
743 451
909 720
909 451
720 442
720 443
4:
101 695
101 954
101 989
695 954
695 989
695 957
954 989
954 957
989 957
5:
734 783
734 936
734 998
102 783
102 936
102 977
102 998
783 936
783 977
783 998
783 745
783 549
936 977
936 998
936 798
936 735
936 923
936 708
936 745
936 35
936 691
936 880
936 685
936 666
977 998
977 735
977 923
977 549
977 880
977 685
998 798
998 735
998 923
998 708
998 745
998 549
998 35
998 691
998 880
998 685
998 455
998 666
798 735
735 923
735 708
735 880
735 685
735 455
735 666
923 35
923 880
923 455
35 691
880 455
6:
977 103
977 171
977 487
977 106
103 171
103 487
171 487
171 106
487 106
7:
104 149
104 457
104 974
149 457
149 974
457 974
8:
118 570
118 768
118 937
118 972
570 768
570 972
768 937
768 972
937 972
9:
852 894
852 722
852 669
852 266
852 812
852 94
971 120
971 888
971 894
971 882
971 206
971 722
971 669
971 266
971 812
120 888
120 894
888 894
888 206
888 722
888 669
894 882
894 722
894 669
894 266
894 812
894 94
882 722
882 669
882 812
882 94
206 722
722 669
722 266
722 94
669 812
10:
184 988
184 611
184 773
988 611
988 773
988 29
988 382
611 773
611 29
611 382
773 29
773 382
29 382
11:
971 847
971 122
971 970
971 935
971 983
971 732
971 207
971 932
971 406
971 674
847 122
847 970
847 935
847 983
847 203
847 732
847 932
847 406
847 527
847 674
767 970
767 935
767 527
767 674
122 970
970 656
970 935
970 983
970 203
970 732
970 207
970 932
970 835
970 406
970 764
970 527
970 674
656 935
656 983
935 983
935 203
935 732
935 932
935 835
935 406
935 764
935 527
935 674
983 732
983 207
983 932
983 835
983 406
983 527
203 732
732 932
732 764
732 674
932 764
835 674
527 674
12:
887 999
887 989
887 910
887 857
887 950
887 947
999 989
999 910
999 896
999 972
999 123
999 857
999 902
999 16
999 561
999 850
999 950
999 947
999 862
999 763
999 865
999 903
999 478
999 714
999 556
999 739
999 581
989 910
989 857
989 902
989 850
989 950
989 947
989 862
989 903
989 739
989 581
910 896
910 972
910 123
910 857
910 902
910 561
910 850
910 950
910 947
910 862
910 865
910 903
910 739
896 972
896 857
896 950
896 862
972 857
972 850
972 950
972 947
972 763
972 865
972 581
123 857
857 850
857 950
857 903
857 478
857 556
857 739
857 581
902 850
902 950
902 478
16 561
16 850
16 950
561 850
561 950
561 739
850 950
850 947
850 865
850 903
850 478
850 556
850 739
950 947
950 763
950 865
950 903
950 478
950 714
950 556
950 739
950 581
947 581
862 739
714 556
556 739
739 581
13:
127 927
127 982
127 992
927 982
927 992
982 992
14:
886 508
886 853
886 946
886 701
131 508
131 853
131 946
508 853
508 946
508 725
853 946
853 701
853 725
946 701
946 725
15:
721 818
721 973
721 864
996 990
996 133
996 820
996 981
996 907
996 973
996 944
996 893
996 796
996 841
996 864
996 719
996 821
937 990
937 726
937 907
937 973
937 893
937 806
937 796
937 665
990 133
990 820
990 981
990 818
990 808
990 726
990 676
990 949
990 840
990 907
990 973
990 944
990 237
990 255
990 893
990 806
990 796
990 841
990 864
990 835
990 784
990 433
990 719
990 651
990 821
990 665
133 820
820 981
820 949
820 907
820 973
981 818
981 907
981 973
981 893
981 796
981 841
981 864
981 835
981 719
818 949
818 907
818 973
818 893
818 796
818 864
818 433
818 719
818 821
808 973
808 893
726 949
726 907
726 973
676 841
676 864
949 907
949 973
949 893
949 835
949 719
840 973
840 893
840 864
840 719
907 973
907 237
907 806
907 841
907 864
907 433
907 821
973 944
973 237
973 255
973 893
973 806
973 796
973 841
973 864
973 835
973 784
973 433
973 719
973 665
944 237
944 893
944 841
944 864
944 433
255 893
893 806
893 796
893 841
893 864
893 433
893 719
893 651
796 841
796 864
796 719
841 864
841 784
841 651
864 784
835 719
16:
832 980
832 730
832 929
832 948
967 980
967 730
967 929
967 934
967 948
967 867
967 558
623 769
623 980
623 929
623 948
769 971
769 929
769 966
769 948
769 697
971 980
971 929
971 948
971 697
971 921
971 460
971 558
980 730
980 929
980 966
980 934
980 139
980 404
980 948
980 840
980 867
980 697
980 921
980 585
980 763
980 460
980 558
730 929
730 966
929 966
929 934
929 948
929 921
929 763
929 558
966 934
966 948
966 840
966 921
934 404
934 948
934 840
139 404
139 948
404 948
948 840
948 867
948 697
948 921
948 585
948 460
948 558
867 585
697 921
697 460
763 558
17:
986 151
986 33
986 983
151 33
151 983
33 983
18:
331 997
331 690
331 964
331 848
997 152
997 690
997 964
997 867
997 848
997 371
997 567
997 379
997 63
152 690
152 964
690 964
690 867
690 848
690 371
690 567
690 379
964 867
964 848
964 371
964 567
964 63
867 848
867 567
867 63
371 567
567 379
19:
915 661
915 158
915 858
915 879
915 752
915 827
915 941
915 79
915 844
915 922
915 834
915 624
915 821
661 858
661 879
661 941
661 922
661 834
661 821
158 858
158 879
158 949
858 879
858 949
858 752
858 827
858 941
858 844
858 922
858 834
858 624
879 949
879 752
879 827
879 941
879 79
879 844
879 922
879 821
949 752
949 941
752 844
752 834
827 79
941 624
844 922
922 821
20:
989 163
989 450
989 629
163 450
163 629
450 629
21:
988 995
988 663
988 706
995 164
995 663
995 706
164 663
164 706
663 706
22:
977 943
977 736
977 804
977 875
977 923
977 262
977 806
977 921
977 694
943 804
943 875
943 923
943 770
943 262
943 921
736 804
736 875
736 923
736 921
736 694
804 169
804 875
804 923
804 770
804 806
804 921
804 694
169 875
169 923
875 923
875 770
875 262
875 806
875 921
262 806
262 921
23:
964 178
964 244
964 940
964 916
178 244
178 940
244 940
244 916
940 916
24:
996 966
996 188
996 603
966 188
966 603
188 603
25:
721 911
721 956
721 839
972 884
972 978
972 794
972 911
972 956
972 839
972 863
972 961
972 630
888 978
888 839
888 961
888 921
884 794
884 911
884 956
884 961
884 921
884 733
978 851
978 911
978 956
978 839
978 863
978 961
978 630
978 921
851 911
851 956
851 863
851 961
794 19
794 911
794 956
794 839
794 961
794 630
794 855
19 911
19 956
192 911
192 839
192 863
911 956
911 839
911 863
911 961
911 823
911 219
911 454
911 921
911 353
911 787
956 839
956 863
956 961
956 775
956 219
956 454
956 792
956 921
956 353
956 733
839 863
839 961
839 823
839 921
839 855
839 733
863 961
863 775
863 219
863 454
863 353
863 787
863 733
961 775
961 823
961 630
961 454
961 792
961 921
961 787
961 855
961 733
792 733
787 733
26:
803 885
803 978
803 851
803 200
803 877
803 828
803 789
803 298
803 456
803 375
885 978
885 851
885 200
885 877
885 828
885 789
885 298
885 456
885 375
978 851
978 200
978 877
978 828
978 789
978 298
978 456
978 375
851 828
851 375
200 877
877 456
298 456
27:
756 680
756 944
756 212
756 539
680 944
680 212
680 539
944 212
944 539
28:
702 634
702 952
702 594
634 952
634 215
634 594
634 98
634 685
952 215
952 594
952 98
952 685
215 594
215 98
594 98
594 685
29:
975 801
975 993
975 216
975 238
975 239
801 993
801 216
801 239
993 216
993 238
993 239
216 238
238 239
30:
854 233
854 438
854 951
233 438
233 951
438 951
31:
901 942
901 930
901 3
942 930
942 3
930 3
32:
995 663
995 923
995 679
995 827
995 38
995 748
663 923
663 748
923 827
923 38
923 748
679 38
679 748
827 748
38 748
33:
955 937
955 472
955 939
955 427
955 70
937 472
937 939
937 427
937 70
472 939
472 427
472 70
939 427
427 70
34:
987 972
987 884
987 637
987 807
987 428
987 764
987 85
987 648
972 884
972 807
884 637
884 807
884 428
884 85
884 648
637 807
637 428
637 764
637 85
637 648
807 428
428 764
428 85
35:
712 892
712 613
712 444
892 613
892 444
613 444
36:
912 984
912 895
912 945
912 829
912 963
912 904
912 618
984 895
984 781
984 945
984 829
984 550
984 608
984 856
984 963
984 904
984 689
984 785
984 822
984 569
984 682
984 515
984 535
984 618
984 57
895 781
895 945
895 829
895 550
895 608
895 856
895 963
895 904
895 689
895 822
895 515
895 535
895 57
781 963
781 515
945 608
945 963
945 682
945 618
945 57
829 963
829 682
550 856
550 535
608 963
856 963
856 822
963 904
963 689
963 785
963 822
963 569
963 682
963 515
963 535
963 618
904 682
904 515
904 535
689 569
689 682
689 515
689 535
785 682
785 515
682 535
682 618
618 57
37:
987 926
987 790
987 945
987 918
987 940
987 356
987 711
987 665
926 790
926 808
926 945
926 918
926 940
926 869
926 356
926 612
926 711
926 96
926 665
790 869
790 612
790 711
790 96
790 665
808 945
808 711
945 918
945 940
945 711
918 869
918 711
940 356
940 612
940 711
869 711
356 612
612 711
612 96
38:
717 924
717 859
717 993
738 924
738 993
738 667
924 859
924 968
924 993
924 749
924 640
924 862
924 744
924 667
924 78
859 968
859 993
859 749
859 862
859 744
859 667
859 386
859 764
859 78
968 993
968 749
968 744
968 667
993 640
993 862
993 744
993 667
993 386
993 764
993 78
640 744
862 744
744 667
744 386
744 78
667 764
39:
913 953
913 988
913 986
913 985
913 314
913 673
913 760
852 969
852 985
852 941
979 985
979 762
979 821
957 953
957 969
957 985
957 958
957 941
957 763
957 812
957 568
953 593
953 988
953 843
953 983
953 995
953 919
953 928
953 985
953 958
953 941
953 762
953 810
953 92
931 988
931 986
931 995
931 985
931 909
931 958
931 660
931 673
931 799
931 323
931 621
931 787
931 760
931 822
931 903
871 983
871 889
871 919
871 928
871 985
871 335
871 941
871 713
871 838
871 810
593 941
593 810
969 985
969 890
969 958
969 941
969 763
969 812
969 568
988 983
988 995
988 985
988 909
988 958
988 802
988 272
988 673
988 760
988 903
988 92
843 889
843 928
843 713
843 810
986 995
986 985
986 958
986 673
986 799
986 621
986 787
986 760
983 889
983 919
983 928
983 985
983 941
983 838
983 762
983 810
983 821
983 92
995 985
995 909
995 802
995 272
995 799
995 621
995 760
889 919
889 928
889 335
889 941
889 713
889 838
889 810
889 714
919 928
919 985
919 869
919 335
919 941
919 713
919 838
919 762
928 985
928 869
928 335
928 941
928 713
928 762
928 810
928 714
985 660
985 941
985 272
985 314
985 673
985 799
985 787
985 760
985 763
985 762
985 810
985 821
909 958
869 762
890 958
890 568
958 941
958 799
958 787
958 760
958 903
958 812
958 568
660 760
941 810
713 838
713 810
802 272
314 673
314 799
673 799
673 822
799 323
799 621
799 822
799 903
323 621
838 810
762 821
822 903
810 714
40:
1000 377
1000 717
1000 866
1000 967
1000 975
1000 997
377 866
377 967
717 967
717 975
866 967
866 975
967 975
967 997
975 997
41:
920 395
920 854
920 438
920 374
395 854
395 438
395 374
854 438
854 374
42:
905 982
905 808
905 925
905 246
905 424
905 453
905 306
905 844
905 319
905 785
982 808
982 925
982 246
982 424
982 453
982 306
982 844
982 319
982 785
808 925
925 246
925 424
925 453
925 306
925 844
925 319
925 785
246 424
246 453
424 319
424 785
453 306
306 844
844 319
43:
846 872
846 749
846 900
846 301
829 872
829 900
829 492
872 251
872 303
872 749
872 900
872 261
872 301
872 492
872 670
251 303
251 749
251 900
303 900
303 261
303 670
749 900
900 261
900 301
900 492
900 670
261 301
261 492
301 492
44:
967 824
967 771
967 867
967 765
967 260
967 483
967 671
967 737
824 771
824 671
771 765
771 483
771 671
771 737
867 260
867 671
765 483
260 483
260 671
483 671
483 737
45:
991 702
991 868
991 995
991 861
991 275
991 694
991 755
991 394
991 402
991 565
702 868
702 995
868 995
868 861
868 275
868 694
868 755
868 394
868 402
868 565
995 861
995 275
995 694
995 755
995 394
995 402
995 565
861 694
861 755
861 565
755 394
755 402
755 565
402 565
46:
576 805
576 797
576 287
576 430
576 316
805 797
805 430
805 316
797 287
797 430
797 316
287 430
430 316
47:
836 981
836 942
836 297
981 942
981 297
942 297
48:
976 415
976 816
976 299
976 683
976 784
976 635
415 816
415 299
415 683
415 784
816 683
816 784
816 635
299 683
784 635
49:
766 913
766 966
766 906
766 365
766 922
913 966
913 906
966 906
966 365
966 922
906 365
365 922
50:
982 820
982 902
982 901
982 641
982 930
982 339
982 362
820 902
820 901
820 930
820 715
902 641
902 930
902 715
901 930
944 942
944 641
944 930
944 715
942 641
942 930
942 715
641 930
641 715
641 362
930 715
930 339
930 362
339 362
51:
766 959
766 349
766 922
959 349
959 922
349 922
52:
996 966
996 642
996 363
996 685
966 642
966 363
966 685
642 363
363 685
53:
913 969
913 890
913 364
969 890
969 364
890 364
54:
876 979
876 994
876 949
876 678
876 381
979 994
979 678
994 726
994 949
994 678
994 381
994 776
994 534
726 949
726 678
949 678
949 381
949 776
949 534
678 381
678 776
678 534
381 776
55:
704 675
704 986
704 983
401 675
401 983
401 838
675 986
675 983
675 838
986 983
986 838
983 838
56:
817 467
817 883
817 914
817 522
703 917
703 914
703 522
467 883
467 914
917 914
917 425
917 522
883 914
883 425
883 522
914 425
914 522
425 522
57:
913 969
913 985
913 423
969 985
969 423
985 423
58:
982 992
982 846
982 658
992 846
992 860
992 828
992 647
992 403
992 658
846 860
846 658
860 647
860 658
828 647
828 658
647 403
647 658
403 658
59:
801 996
801 681
801 791
996 927
996 802
996 681
996 791
996 411
927 802
927 681
927 791
927 411
802 791
681 791
681 411
60:
991 856
991 432
991 822
657 856
657 432
657 822
856 432
856 822
432 822
61:
962 986
962 917
962 724
962 516
962 684
962 436
962 493
962 812
986 917
986 724
986 516
986 684
986 436
986 493
986 812
917 436
917 493
724 812
516 684
516 436
516 812
62:
982 992
982 947
982 481
992 947
992 481
947 481
63:
896 968
896 575
896 542
968 575
968 542
575 542
64:
772 955
772 883
772 914
772 835
955 883
955 914
767 555
767 883
767 856
767 914
555 883
555 914
883 856
883 914
883 835
856 914
856 835
914 835
65:
555 883
555 747
555 622
883 747
883 622
747 622
66:
909 517
909 938
909 754
517 938
517 754
938 754
67:
843 940
843 786
843 874
843 958
843 600
940 874
940 958
940 538
940 600
786 874
786 958
786 579
786 600
874 958
874 579
874 538
874 600
958 538
579 600
68:
866 964
866 916
866 506
870 964
870 916
870 777
964 916
964 777
964 506
916 777
916 506
777 506
69:
989 636
989 981
989 881
989 811
636 981
636 881
981 881
981 811
881 811
70:
933 633
933 842
933 591
933 664
933 838
633 842
633 664
842 591
842 664
842 838
591 664
664 838
71:
758 866
758 692
758 628
866 692
866 628
692 628
72:
779 891
779 938
779 709
779 643
933 891
933 619
933 754
933 643
890 891
890 899
890 709
890 754
891 938
891 619
891 899
891 709
891 754
891 643
938 754
938 643
619 754
899 754
709 754
709 643
754 643
73:
731 873
731 887
731 912
731 592
873 887
873 912
873 592
887 592
912 592
74:
768 972
768 951
768 807
972 951
972 807
972 615
951 807
951 615
807 615
75:
912 994
912 952
912 904
912 834
912 610
912 625
957 994
957 952
957 610
957 625
994 952
994 904
994 834
994 610
994 625
952 610
952 625
904 834
834 625
610 625
76:
1000 662
1000 774
1000 997
662 774
662 997
774 997
77:
887 952
887 947
887 651
952 947
952 651
947 651
78:
953 995
953 679
953 729
995 679
995 729
679 729
79:
946 939
946 728
946 725
939 728
939 725
728 725
80:
768 934
768 951
768 746
934 951
934 746
951 746
81:
1000 873
1000 750
1000 887
873 750
873 887
750 887
82:
853 946
853 753
853 751
946 753
946 751
753 751
83:
902 837
902 793
902 899
837 793
837 899
793 899
84:
832 920
832 993
832 795
897 979
897 974
897 987
897 920
897 795
979 974
979 987
979 993
979 802
979 795
974 987
974 888
974 920
974 993
974 830
974 802
974 795
987 888
987 920
987 993
987 830
987 795
888 993
888 795
920 993
920 795
993 802
993 795
830 795
85:
955 981
955 978
955 827
981 978
981 827
978 827
86:
918 891
918 938
918 922
891 938
891 922
938 922
87:
909 939
909 951
909 938
939 951
939 938
939 922
951 938
951 922
938 922
