# The contained cliques in the communities at k=4
# from G:\Dropbox\Raghda\CNA\Final Project\other methods\CFinder-2.0.6--1448\G:\Dropbox\Raghda\CNA\Final Project\Datasets\binary_networks\LFR4\network_LFR4_Om3.dat
# at no lower link weight threshold,
# and at no upper link weight threshold.
# Links were treated as undirected.
# No time limit was set for the clique search.

0: 0 1048 
1: 5 6 1244 1240 1245 723 800 801 807 1096 1147 1241 724 1097 616 617 1160 803 1159 802 1012 1148 1010 808 1374 1011 
2: 7 658 1126 12 659 840 1125 1127 1189 1378 1202 1124 
3: 11 1332 619 625 1052 261 419 618 620 624 1051 262 418 568 
4: 15 1041 
5: 16 729 1087 1123 1138 1153 1037 1070 1139 194 627 195 
6: 17 18 
7: 19 
8: 39 40 
9: 42 980 134 329 978 981 982 328 248 249 979 
10: 43 176 
11: 44 576 1023 1140 131 135 787 788 951 1353 1141 789 1024 
12: 45 1175 1383 1384 1385 1386 89 639 640 675 814 831 832 833 1176 1391 1392 1393 1394 1414 815 834 1230 1399 
13: 48 
14: 51 669 670 1060 
15: 52 1335 160 604 1136 1137 1162 1163 1164 1266 1268 1306 1338 1339 1340 1357 1375 1376 161 606 313 605 1165 1167 1249 1267 1307 1365 1166 1036 1275 960 1341 1026 1128 
16: 60 499 1364 1446 1447 1444 817 818 845 1064 1132 1195 1331 1443 819 1131 1411 1130 711 628 1194 1063 844 
17: 74 
18: 76 257 459 736 1049 466 196 
19: 85 86 945 946 1208 1348 1372 1210 1390 937 947 948 1209 169 
20: 92 
21: 93 963 
22: 96 1133 1292 1079 1134 1293 1294 325 326 1217 
23: 106 282 
24: 118 
25: 119 1254 1255 532 875 1171 1366 1368 1389 1419 147 434 1172 1205 1271 1173 1174 874 121 1129 1344 1367 1256 
26: 130 369 464 556 1261 1290 
27: 140 446 
28: 142 856 857 
29: 143 144 162 145 
30: 156 
31: 177 
32: 198 199 965 1158 
33: 210 509 
34: 211 597 598 969 1316 
35: 214 
36: 229 230 881 1429 914 915 1347 1430 774 775 776 795 796 1098 1356 777 1099 797 798 745 708 707 
37: 239 890 891 1106 1109 353 1108 352 1107 1110 1111 1035 
38: 250 472 990 1008 1120 1157 1007 1009 1218 
39: 256 1458 1234 1321 1438 1441 1459 1235 1236 1324 1408 1409 1232 1067 1322 1323 292 1065 1066 1068 1069 1100 1377 1320 848 1454 1455 1456 1457 821 1327 822 1231 1381 995 1222 382 996 997 383 998 884 999 1226 1269 1312 1313 392 1315 1314 1431 1225 1433 1224 1227 338 974 1432 339 1270 1223 
40: 265 1405 1118 1463 
41: 279 280 
42: 299 300 374 375 387 388 536 1248 
43: 306 307 308 309 1221 324 323 541 
44: 321 322 539 538 540 986 
45: 343 478 484 572 1043 1078 
46: 356 384 
47: 367 
48: 371 515 516 940 
49: 412 413 1184 
50: 414 417 970 971 1336 973 1145 1337 
51: 427 
52: 447 448 
53: 449 
54: 467 468 794 1076 1077 
55: 503 957 956 
56: 520 742 595 594 743 
57: 562 
58: 575 983 984 1018 1017 
59: 581 1091 1089 1272 
60: 601 603 
61: 612 613 647 737 738 1152 
62: 641 
63: 685 
64: 692 1198 1355 1191 1190 
65: 693 
66: 704 
67: 741 913 912 1257 1360 750 
68: 755 757 1206 
69: 854 1299 
70: 859 872 1016 
71: 877 
72: 887 1030 1032 1033 1027 1028 1093 1239 
73: 898 899 
74: 908 1197 
75: 926 927 929 1352 
76: 942 
77: 1025 
78: 1059 
79: 1143 
80: 1179 
81: 1185 
82: 1201 
83: 1264 
84: 1277 1283 1278 1279 1280 1282 1284 1310 
85: 1349 
86: 1426 
87: 1435 1445 
