# The communities at k=7
# from G:\Dropbox\Raghda\CNA\Final Project\other methods\CFinder-2.0.6--1448\G:\Dropbox\Raghda\CNA\Final Project\Datasets\binary_networks\LFR1\networ_LFR1_Om5.dat
# at no lower link weight threshold,
# and at no upper link weight threshold.
# Links were treated as undirected.
# No time limit was set for the clique search.

0: 998 971 882 921 946 955 354 836 826 519 850 707 645 610 
1: 998 1000 870 897 903 928 935 958 968 975 999 973 838 945 995 969 391 431 437 632 528 825 675 712 713 722 
2: 568 966 893 930 948 919 978 942 929 780 732 926 398 796 464 472 498 699 524 635 676 719 
3: 883 960 970 980 861 821 891 756 477 854 805 835 402 765 769 526 736 
4: 726 952 959 981 988 866 879 941 994 906 543 818 406 823 492 809 509 518 560 587 739 642 664 714 
5: 806 812 827 834 653 778 429 484 493 
6: 902 915 954 961 973 898 994 843 458 474 511 544 578 651 581 
7: 937 962 974 976 660 865 686 782 468 
8: 967 956 892 909 801 696 516 593 
9: 860 918 923 964 979 863 950 978 693 603 537 811 586 663 
10: 990 755 884 895 636 992 759 548 
11: 574 733 963 977 984 989 853 833 688 650 
12: 967 996 956 580 892 909 702 
13: 933 985 991 997 940 885 848 864 789 655 711 773 614 
14: 824 876 938 983 803 927 851 810 992 619 822 626 627 
15: 998 775 638 916 953 924 766 890 845 832 758 779 658 681 
16: 987 993 743 762 814 901 643 754 705 
17: 937 987 962 974 976 628 791 
18: 671 808 844 951 679 646 637 
19: 733 920 963 977 984 989 846 833 738 647 
20: 716 815 943 731 771 820 654 
21: 740 828 887 949 972 982 873 799 786 674 728 
22: 880 920 963 977 984 989 846 853 689 
