# The links inside the communities at k=3
# from G:\Dropbox\Raghda\CNA\Final Project\other methods\CFinder-2.0.6--1448\G:\Dropbox\Raghda\CNA\Final Project\Datasets\binary_networks\LFR1\networ_LFR1_Om5.dat
# at no lower link weight threshold,
# and at no upper link weight threshold.
# Links were treated as undirected.
# No time limit was set for the clique search.

0:
1 883
1 960
1 970
1 980
883 960
883 970
883 980
883 988
883 861
883 886
883 821
883 891
883 756
883 934
883 800
883 270
883 805
883 835
883 765
883 769
883 60
960 970
960 980
960 931
960 13
960 861
960 821
960 891
960 756
960 934
960 207
960 800
960 477
960 270
960 286
960 497
960 854
960 805
960 835
960 314
960 35
960 385
960 402
960 765
960 425
960 769
960 850
960 526
960 736
970 980
970 931
970 13
970 861
970 29
970 185
970 821
970 891
970 756
970 934
970 800
970 477
970 969
970 286
970 497
970 854
970 307
970 805
970 835
970 314
970 366
970 385
970 402
970 765
970 425
970 769
970 831
970 922
970 526
970 736
980 931
980 13
980 861
980 29
980 886
980 185
980 821
980 891
980 756
980 207
980 800
980 477
980 270
980 286
980 497
980 854
980 805
980 835
980 314
980 35
980 385
980 402
980 765
980 425
980 769
980 831
980 922
980 526
980 736
10 631
10 871
10 998
411 905
411 652
631 871
631 998
631 657
631 995
631 395
631 717
631 599
871 998
871 118
871 657
871 672
871 905
871 995
871 218
871 222
871 395
871 652
871 233
871 717
871 599
871 737
998 897
998 903
998 928
998 958
998 968
998 975
998 999
998 916
998 953
998 965
998 971
998 118
998 672
998 882
998 924
998 766
998 890
998 921
998 946
998 955
998 158
998 685
998 945
998 845
998 222
998 652
998 233
998 717
998 236
998 764
998 832
998 758
998 836
998 448
998 488
998 826
998 564
998 680
998 604
998 779
998 850
998 707
100 824
100 876
100 938
100 983
824 876
824 938
824 983
824 803
824 927
824 851
824 810
824 877
824 992
824 619
824 822
824 626
824 627
876 938
876 983
876 939
876 803
876 927
876 851
876 810
876 905
876 992
876 922
876 619
876 822
876 626
876 627
876 83
938 983
938 939
938 104
938 803
938 927
938 107
938 851
938 810
938 996
938 611
938 877
938 992
938 334
938 753
938 913
938 922
938 54
938 760
938 619
938 822
938 626
938 627
938 798
938 83
983 939
983 104
983 803
983 927
983 993
983 107
983 851
983 155
983 810
983 905
983 877
983 754
983 992
983 334
983 709
983 753
983 913
983 737
983 922
983 54
983 760
983 619
983 822
983 626
983 627
983 798
983 83
1000 12
1000 127
1000 183
1000 221
1000 227
1000 275
1000 315
1000 360
1000 422
1000 435
1000 473
1000 562
1000 57
1000 574
1000 629
1000 649
1000 701
1000 733
1000 740
1000 792
1000 828
1000 870
1000 880
1000 887
1000 897
1000 903
1000 920
1000 928
1000 935
1000 937
1000 939
1000 944
1000 949
1000 958
1000 963
1000 968
1000 972
1000 975
1000 977
1000 982
1000 984
1000 987
1000 989
1000 999
12 221
12 629
127 275
127 562
127 451
183 227
183 275
221 629
221 792
227 562
227 939
275 360
275 562
315 649
315 949
315 972
315 982
360 870
360 939
360 451
422 435
422 629
422 792
422 742
435 473
435 629
435 792
435 944
473 629
473 792
473 753
562 939
562 451
57 972
574 963
574 977
574 984
574 989
574 853
574 688
607 630
607 992
607 917
607 559
607 396
607 439
629 792
629 944
649 828
649 949
649 972
649 982
649 799
649 786
701 740
701 972
701 982
701 873
701 799
701 257
701 542
701 570
701 728
726 952
726 959
726 981
726 988
726 866
726 879
726 941
726 906
726 642
726 714
733 880
733 977
733 984
733 989
733 846
733 833
733 688
733 738
733 650
733 662
740 828
740 887
740 949
740 972
740 982
740 873
740 799
740 786
740 570
775 638
775 916
775 953
775 924
775 890
775 845
775 832
775 682
775 779
775 658
775 681
792 944
792 753
792 742
828 949
828 972
828 982
828 873
828 436
828 25
828 799
828 433
828 301
828 450
828 728
870 897
870 903
870 928
870 935
870 958
870 968
870 975
870 999
870 996
870 838
870 945
870 969
870 825
870 675
870 712
870 713
870 722
880 920
880 944
880 963
880 977
880 984
880 989
880 847
880 846
880 853
880 298
880 602
880 367
880 37
880 372
880 390
880 424
880 662
880 689
887 949
887 972
887 982
887 908
887 220
887 799
887 257
887 263
887 301
887 326
887 330
887 786
887 450
887 570
887 674
887 728
897 903
897 928
897 935
897 958
897 968
897 975
897 999
897 973
897 838
897 945
897 995
897 528
897 675
897 712
897 722
903 928
903 935
903 958
903 968
903 975
903 999
903 838
903 945
903 995
903 969
903 431
903 632
903 825
903 675
903 713
903 97
920 963
920 977
920 984
920 867
920 858
920 846
920 905
920 853
920 602
920 367
920 369
920 37
920 390
920 394
920 833
920 555
920 738
920 662
920 793
928 935
928 958
928 968
928 975
928 999
928 973
928 838
928 945
928 995
928 874
928 306
928 859
928 437
928 632
928 825
928 675
928 713
928 722
935 958
935 968
935 975
935 999
935 973
935 150
935 996
935 838
935 945
935 877
935 969
935 391
935 431
935 632
935 922
935 825
935 675
935 712
935 713
935 97
937 944
937 987
937 164
937 962
937 974
937 976
937 660
937 628
937 267
937 791
937 865
937 969
937 287
937 296
937 325
937 328
937 333
937 686
937 782
937 427
937 468
937 515
937 618
937 90
939 918
939 964
939 851
939 863
939 451
939 950
939 794
939 249
939 432
939 605
939 811
939 822
944 957
944 986
944 849
944 904
944 869
944 847
944 875
944 962
944 974
944 976
944 660
944 791
944 656
944 397
944 670
944 549
949 972
949 982
949 873
949 436
949 908
949 220
949 25
949 799
949 433
949 263
949 542
949 326
949 330
949 786
949 450
949 47
949 922
949 570
949 674
949 728
958 968
958 975
958 999
958 921
958 172
958 838
958 945
958 877
958 995
958 272
958 969
958 306
958 859
958 391
958 431
958 437
958 632
958 528
958 825
958 712
958 713
958 722
958 97
963 977
963 984
963 987
963 989
963 858
963 846
963 905
963 853
963 298
963 602
963 369
963 372
963 390
963 394
963 833
963 688
963 476
963 555
963 738
963 74
963 517
963 650
963 662
963 689
963 84
963 73
968 975
968 999
968 973
968 150
968 838
968 945
968 877
968 205
968 272
968 969
968 306
968 761
968 391
968 431
968 437
968 632
968 922
968 528
968 825
968 723
968 675
968 712
968 722
972 982
972 967
972 192
972 873
972 436
972 908
972 220
972 799
972 433
972 257
972 263
972 301
972 542
972 807
972 326
972 330
972 786
972 450
972 922
972 570
972 751
972 674
972 728
975 999
975 973
975 907
975 838
975 945
975 179
975 205
975 995
975 874
975 272
975 391
975 431
975 437
975 632
975 922
975 528
975 825
975 576
975 675
975 712
975 713
975 722
975 793
977 984
977 987
977 989
977 931
977 240
977 990
977 846
977 905
977 853
977 602
977 37
977 372
977 390
977 394
977 833
977 424
977 688
977 476
977 555
977 738
977 517
977 647
977 650
977 662
977 689
977 84
977 793
982 991
982 962
982 192
982 873
982 436
982 908
982 220
982 25
982 799
982 433
982 257
982 263
982 301
982 542
982 807
982 656
982 326
982 330
982 786
982 450
982 47
982 922
982 570
982 751
982 674
982 728
984 987
984 989
984 931
984 115
984 240
984 990
984 973
984 858
984 886
984 187
984 846
984 853
984 298
984 367
984 369
984 372
984 394
984 833
984 424
984 688
984 476
984 555
984 738
984 74
984 517
984 751
984 647
984 650
984 95
984 689
984 73
987 989
987 993
987 986
987 985
987 991
987 924
987 890
987 940
987 955
987 962
987 974
987 976
987 762
987 814
987 901
987 885
987 643
987 695
987 832
987 758
987 628
987 791
987 865
987 705
987 789
987 682
987 655
987 779
987 614
987 662
987 681
987 689
987 73
989 931
989 115
989 240
989 940
989 858
989 187
989 846
989 905
989 853
989 298
989 602
989 369
989 37
989 372
989 390
989 394
989 833
989 688
989 476
989 555
989 738
989 517
989 666
989 647
989 650
989 662
989 95
989 689
989 84
989 793
999 973
999 150
999 895
999 172
999 838
999 945
999 179
999 205
999 995
999 776
999 272
999 969
999 306
999 761
999 859
999 391
999 431
999 437
999 632
999 922
999 528
999 825
999 723
999 576
999 675
999 712
999 713
999 722
999 793
999 97
101 638
101 916
101 953
638 916
638 953
638 924
638 890
638 845
638 624
916 953
916 924
916 143
916 766
916 890
916 370
916 845
916 832
916 758
916 505
916 462
916 708
916 779
916 624
916 658
916 681
916 793
916 85
931 971
931 921
931 946
931 955
931 891
931 95
931 73
953 134
953 924
953 143
953 766
953 890
953 184
953 370
953 845
953 832
953 255
953 758
953 656
953 505
953 462
953 680
953 779
953 624
953 658
953 681
953 793
953 85
102 860
102 918
102 923
102 964
860 918
860 923
860 964
860 979
860 863
860 950
860 262
860 693
860 929
860 34
860 356
860 373
860 603
860 811
860 58
860 586
860 663
918 923
918 964
918 979
918 863
918 173
918 950
918 894
918 217
918 978
918 262
918 693
918 284
918 356
918 603
918 913
918 537
918 811
918 586
918 663
923 964
923 979
923 863
923 173
923 950
923 217
923 978
923 262
923 693
923 284
923 34
923 356
923 373
923 603
923 537
923 811
923 586
923 663
923 798
964 979
964 863
964 173
964 950
964 894
964 217
964 598
964 978
964 262
964 693
964 665
964 284
964 34
964 356
964 761
964 373
964 603
964 913
964 737
964 537
964 811
964 58
964 586
964 663
964 798
103 161
103 597
103 741
103 795
161 795
161 684
597 741
597 443
597 684
597 591
597 978
741 795
741 170
741 684
741 525
741 992
741 783
741 978
741 753
795 133
795 170
795 443
795 684
795 525
795 591
795 24
795 783
795 978
795 278
104 803
104 927
803 927
803 851
803 810
803 992
803 334
803 619
803 822
803 626
927 107
927 851
927 990
927 155
927 810
927 996
927 905
927 877
927 992
927 334
927 913
927 922
927 54
927 760
927 619
927 822
927 626
927 627
927 798
927 83
105 386
105 965
105 979
105 993
386 979
386 993
386 228
386 545
965 979
965 993
965 957
965 986
965 869
965 18
965 228
965 545
965 917
965 559
965 246
965 481
965 281
965 396
965 401
965 707
979 993
979 863
979 951
979 967
979 966
979 948
979 956
979 950
979 18
979 886
979 919
979 992
979 438
979 545
979 917
979 909
979 794
979 247
979 249
979 978
979 942
979 281
979 929
979 801
979 432
979 796
979 702
979 513
979 663
993 957
993 986
993 124
993 867
993 881
993 951
993 847
993 743
993 762
993 814
993 901
993 886
993 643
993 695
993 754
993 218
993 512
993 228
993 234
993 246
993 274
993 503
993 817
993 969
993 673
993 281
993 705
993 364
993 566
993 709
993 470
993 606
993 523
993 561
107 851
851 810
851 862
851 905
851 992
851 709
851 619
851 822
851 627
108 729
108 957
108 986
729 957
729 986
729 869
729 847
729 858
729 234
729 704
729 251
729 561
957 986
957 869
957 136
957 500
957 847
957 858
957 15
957 875
957 934
957 234
957 704
957 246
957 251
957 268
957 481
957 969
957 361
957 401
957 742
957 913
957 561
957 760
957 93
957 798
986 869
986 136
986 500
986 847
986 858
986 15
986 875
986 934
986 234
986 704
986 246
986 832
986 251
986 268
986 481
986 969
986 361
986 401
986 742
986 913
986 561
986 760
986 93
986 798
109 151
109 671
109 808
109 844
151 808
151 844
151 679
671 808
671 844
671 951
671 679
671 646
671 637
671 753
671 79
808 844
808 951
808 679
808 874
808 295
808 388
808 646
808 637
808 753
808 79
844 951
844 679
844 874
844 295
844 388
844 646
844 637
844 753
844 79
110 902
110 915
110 954
110 961
902 915
902 954
902 961
902 973
902 898
902 2
902 994
902 261
902 843
902 41
902 44
902 458
902 474
902 511
902 544
902 578
902 651
902 581
915 954
915 961
915 973
915 141
915 898
915 162
915 189
915 2
915 994
915 261
915 843
915 41
915 458
915 813
915 474
915 511
915 544
915 578
915 651
915 581
954 961
954 973
954 141
954 898
954 162
954 188
954 189
954 2
954 994
954 261
954 843
954 41
954 742
954 44
954 458
954 813
954 474
954 511
954 544
954 666
954 578
954 651
954 581
961 973
961 132
961 997
961 141
961 898
961 162
961 188
961 189
961 2
961 994
961 261
961 843
961 41
961 742
961 44
961 458
961 813
961 474
961 556
961 511
961 544
961 666
961 578
961 651
961 581
112 952
112 959
112 981
112 988
952 959
952 981
952 988
952 866
952 879
952 178
952 905
952 941
952 994
952 995
952 238
952 256
952 26
952 906
952 543
952 818
952 406
952 823
952 492
952 809
952 509
952 518
952 560
952 587
952 739
952 642
952 664
959 981
959 988
959 866
959 879
959 178
959 941
959 994
959 238
959 256
959 320
959 335
959 906
959 543
959 818
959 406
959 823
959 492
959 809
959 509
959 518
959 549
959 560
959 739
959 642
959 664
959 714
981 988
981 866
981 933
981 985
981 879
981 178
981 905
981 20
981 941
981 994
981 238
981 256
981 26
981 320
981 335
981 906
981 543
981 818
981 406
981 823
981 492
981 809
981 509
981 518
981 790
981 560
981 760
981 587
981 739
981 642
981 664
981 714
988 866
988 879
988 905
988 20
988 941
988 800
988 994
988 238
988 256
988 26
988 320
988 335
988 906
988 543
988 818
988 406
988 823
988 492
988 809
988 509
988 518
988 790
988 560
988 760
988 587
988 739
988 642
988 664
988 714
590 996
590 868
590 661
590 894
590 214
590 413
590 242
6 644
6 784
6 204
863 950
863 978
863 693
863 373
863 603
863 913
863 537
863 811
863 586
863 663
971 882
971 147
971 921
971 946
971 955
971 174
971 193
971 248
971 283
971 313
971 354
971 836
971 355
971 826
971 446
971 813
971 98
971 519
971 850
971 707
971 645
971 610
114 585
114 849
114 904
585 849
585 904
585 911
585 197
585 710
585 491
849 904
849 169
849 911
849 950
849 894
849 617
849 767
849 579
849 744
849 322
849 491
849 397
849 670
904 169
904 911
904 617
904 767
904 994
904 579
904 710
904 31
904 744
904 322
904 709
904 397
904 40
904 670
904 549
904 666
115 240
115 990
240 853
990 997
990 138
990 899
990 914
990 755
990 884
990 895
990 846
990 636
990 992
990 837
990 244
990 421
990 759
990 338
990 372
990 496
990 517
990 548
990 689
866 879
866 941
866 320
866 906
866 818
866 823
866 492
866 809
866 642
866 664
866 714
118 657
118 672
657 672
657 222
657 717
657 362
657 599
657 737
672 995
672 395
672 717
672 362
219 997
219 552
219 592
219 622
568 966
568 893
568 948
568 919
568 942
568 929
568 926
124 454
124 867
124 881
454 867
454 881
454 677
454 145
867 881
867 997
867 135
867 951
867 677
867 350
867 858
867 908
867 277
867 673
867 364
867 566
867 523
867 678
881 135
881 951
881 677
881 145
881 350
881 858
881 908
881 277
881 673
881 364
881 566
881 523
881 678
125 933
125 985
125 991
933 985
933 991
933 973
933 144
933 940
933 885
933 182
933 848
933 241
933 978
933 444
933 864
933 485
933 348
933 789
933 489
933 655
933 711
933 678
933 773
933 614
985 991
985 973
985 997
985 924
985 144
985 940
985 181
985 885
985 182
985 848
985 226
985 241
985 978
985 264
985 444
985 864
985 269
985 485
985 348
985 789
985 359
985 489
985 655
985 680
985 711
985 50
985 56
985 678
985 61
985 773
985 614
991 973
991 997
991 144
991 940
991 921
991 955
991 974
991 181
991 885
991 182
991 873
991 862
991 848
991 226
991 978
991 264
991 444
991 864
991 269
991 348
991 789
991 359
991 489
991 655
991 680
991 711
991 50
991 790
991 56
991 61
991 773
869 500
869 847
869 875
869 934
869 704
869 481
869 969
869 361
869 913
869 561
869 93
128 237
128 310
128 324
128 973
237 310
237 973
310 973
310 886
310 265
324 973
324 886
324 265
973 997
973 898
973 886
973 885
973 992
973 776
973 864
973 265
973 843
973 556
13 861
861 29
861 886
861 891
861 756
861 854
861 805
861 835
861 314
861 385
861 765
861 769
861 526
130 612
130 727
130 750
612 727
612 750
612 781
612 994
612 304
612 859
727 750
727 781
727 201
727 994
727 279
727 304
727 859
750 152
750 781
750 201
750 994
750 279
750 304
750 404
750 760
907 922
132 997
997 951
997 896
997 899
997 914
997 940
997 934
997 848
997 539
997 995
997 218
997 552
997 592
997 622
997 837
997 864
997 817
997 656
997 789
997 366
997 461
997 527
997 831
997 711
997 606
997 532
997 723
997 773
133 170
133 443
133 684
170 684
443 591
443 992
443 783
684 591
684 783
684 278
134 924
882 921
882 946
882 955
882 283
882 313
882 354
882 836
882 355
882 826
882 446
882 519
882 850
882 707
882 645
882 610
924 766
924 890
924 370
924 845
924 832
924 255
924 758
924 656
924 682
924 505
924 462
924 680
924 624
924 658
924 681
924 793
135 951
951 896
951 899
951 679
951 539
951 995
951 512
951 837
951 969
951 673
951 646
951 366
951 637
951 496
951 606
967 996
967 956
967 235
967 580
967 892
967 909
967 247
967 942
967 319
967 344
967 353
967 801
967 434
967 46
967 737
967 922
967 5
967 702
967 51
967 513
967 696
967 516
967 593
967 790
967 571
967 8
967 9
136 500
136 847
500 875
500 704
847 15
847 875
847 934
847 704
847 268
847 481
847 969
847 361
677 350
677 277
677 673
677 364
677 566
677 523
138 896
138 899
138 914
896 899
896 914
896 877
896 908
896 837
896 969
896 293
896 421
896 312
896 761
896 742
896 496
896 532
896 793
896 86
899 914
899 231
899 837
899 969
899 293
899 312
899 807
899 656
899 742
899 496
899 532
899 790
899 793
899 86
914 877
914 995
914 908
914 231
914 837
914 969
914 293
914 421
914 312
914 807
914 366
914 496
914 532
914 790
914 793
914 86
87 872
87 420
87 604
966 893
966 930
966 948
966 886
966 919
966 978
966 942
966 929
966 780
966 732
966 926
966 389
966 398
966 442
966 796
966 464
966 472
966 498
966 699
966 524
966 751
966 635
966 676
966 719
966 92
141 898
898 188
898 189
898 994
898 261
898 843
898 44
898 458
898 474
898 511
898 544
898 578
898 651
898 581
143 766
143 890
766 890
766 845
766 255
766 682
766 505
766 624
766 658
890 845
890 832
890 758
890 682
890 462
890 779
890 624
890 658
890 681
890 85
144 940
940 181
940 885
940 182
940 862
940 848
940 226
940 241
940 864
940 269
940 485
940 348
940 789
940 359
940 489
940 655
940 711
940 61
940 773
940 614
145 350
145 858
858 962
858 974
858 976
147 921
147 946
147 955
921 946
921 955
921 891
921 193
921 248
921 283
921 313
921 354
921 836
921 355
921 826
921 446
921 519
921 850
921 707
921 645
921 610
946 955
946 174
946 193
946 248
946 283
946 313
946 354
946 836
946 355
946 826
946 446
946 813
946 98
946 519
946 850
946 707
946 645
946 610
955 174
955 193
955 248
955 283
955 313
955 354
955 836
955 355
955 826
955 446
955 813
955 98
955 519
955 850
955 707
955 645
955 610
149 893
149 930
149 948
525 591
525 992
525 783
525 978
893 930
893 948
893 886
893 919
893 942
893 290
893 929
893 780
893 732
893 926
893 796
893 464
893 498
893 699
893 635
893 92
930 948
930 886
930 919
930 978
930 942
930 290
930 929
930 780
930 732
930 926
930 442
930 796
930 464
930 472
930 708
930 498
930 699
930 524
930 635
930 676
930 719
948 862
948 919
948 978
948 942
948 290
948 929
948 780
948 732
948 926
948 389
948 398
948 442
948 796
948 464
948 472
948 498
948 699
948 524
948 635
948 676
948 719
15 875
875 934
875 704
875 246
875 251
875 268
875 481
875 969
875 401
875 913
875 561
679 295
679 388
679 646
679 637
152 781
781 522
781 201
781 994
781 279
781 304
781 859
781 404
781 760
155 810
810 334
810 913
810 822
810 626
810 627
337 884
337 895
337 636
337 535
522 994
996 690
996 868
996 956
996 611
996 413
996 580
996 892
996 909
996 242
996 598
996 318
996 319
996 801
996 922
996 702
996 550
158 486
158 685
158 872
486 685
486 872
486 992
486 764
486 604
685 872
685 992
685 764
685 776
685 420
685 488
872 479
872 992
872 236
872 764
872 776
872 36
872 448
872 420
872 488
872 55
872 564
872 604
163 166
163 690
163 868
166 690
166 868
690 868
690 661
690 214
690 242
690 598
690 318
690 550
868 186
868 611
868 661
868 894
868 413
868 242
868 598
868 318
868 550
164 962
164 974
164 976
962 974
962 976
962 901
962 730
962 877
962 208
962 660
962 628
962 791
962 865
962 665
962 969
962 287
962 296
962 656
962 325
962 328
962 43
962 333
962 686
962 782
962 426
962 427
962 468
962 618
962 793
962 90
974 976
974 208
974 660
974 874
974 628
974 267
974 791
974 865
974 665
974 969
974 287
974 296
974 325
974 328
974 43
974 333
974 686
974 782
974 426
974 427
974 831
974 468
974 515
974 618
974 751
974 793
974 90
976 730
976 877
976 208
976 660
976 874
976 628
976 267
976 791
976 865
976 969
976 287
976 296
976 328
976 43
976 686
976 782
976 426
976 427
976 831
976 468
976 515
976 618
976 751
976 90
879 941
879 320
879 906
879 543
879 818
879 823
879 809
879 518
879 560
879 739
879 714
167 755
167 884
167 895
755 884
755 895
755 636
755 862
755 992
755 308
755 759
755 535
755 338
755 548
884 895
884 194
884 636
884 862
884 992
884 244
884 308
884 759
884 535
884 338
884 548
884 723
884 70
895 194
895 636
895 862
895 992
895 308
895 759
895 535
895 338
895 548
895 723
895 70
169 911
911 197
911 617
911 767
911 994
911 30
911 579
911 710
911 392
911 31
911 744
911 491
911 397
911 40
911 670
911 666
956 235
956 580
956 892
956 909
956 247
956 319
956 344
956 353
956 801
956 434
956 46
956 737
956 922
956 5
956 702
956 51
956 513
956 696
956 516
956 593
956 790
956 571
956 8
956 9
172 838
172 945
838 945
838 995
838 825
838 712
838 713
838 722
945 179
945 205
945 994
945 995
945 874
945 306
945 906
945 391
945 437
945 632
945 528
945 825
945 675
945 712
945 713
945 722
173 950
950 894
950 217
950 978
950 693
950 665
950 284
950 34
950 356
950 761
950 373
950 603
950 913
950 737
950 537
950 811
950 58
950 586
950 663
176 743
176 762
176 814
176 901
743 762
743 814
743 901
743 643
743 216
743 695
743 754
743 288
743 705
762 814
762 901
762 643
762 695
762 754
762 288
762 705
762 349
814 901
814 643
814 695
814 754
814 705
814 807
814 349
814 913
814 798
901 643
901 216
901 695
901 754
901 288
901 705
901 807
901 349
901 913
901 798
644 180
644 299
644 784
644 376
644 38
644 67
18 886
886 995
886 992
886 917
886 239
886 265
886 926
180 299
180 784
299 784
784 198
784 376
784 862
784 204
784 877
784 782
784 38
784 67
181 885
885 862
885 848
885 226
885 241
885 864
885 789
885 655
885 711
885 50
885 773
885 614
184 370
184 845
370 758
370 682
845 832
845 682
845 708
845 779
845 658
845 681
845 85
185 821
185 891
821 891
821 800
821 270
821 854
821 805
821 385
821 765
821 769
821 736
891 756
891 477
891 497
891 854
891 805
891 835
891 385
891 765
891 769
891 736
891 60
186 611
186 661
611 661
611 413
611 598
611 318
643 754
643 705
661 894
661 214
661 413
661 598
187 846
846 853
846 602
846 833
846 738
846 647
846 689
641 212
641 521
641 91
641 994
641 995
756 854
756 769
756 922
756 736
192 873
873 436
873 799
873 807
873 326
873 330
873 786
873 47
873 570
873 674
194 636
591 783
591 978
636 992
636 759
636 548
894 767
894 598
197 617
197 767
617 767
617 710
767 994
767 579
767 710
767 31
767 744
767 670
198 376
198 862
198 905
376 905
376 204
862 905
862 942
862 759
862 926
905 941
905 995
905 652
919 978
919 942
919 929
919 780
919 732
919 926
919 398
919 796
919 464
919 472
919 524
919 635
919 676
919 719
20 941
941 994
941 238
941 256
941 26
941 335
941 906
941 818
941 823
941 492
941 809
941 509
941 518
941 587
941 739
941 664
941 714
934 800
934 552
934 592
934 622
934 805
204 877
877 231
877 782
877 38
877 67
877 532
630 995
630 992
630 596
630 917
630 396
630 605
848 226
848 241
848 864
848 789
848 359
848 655
848 790
848 773
848 614
207 800
479 776
479 55
479 564
479 680
800 854
800 307
800 835
800 425
800 831
208 660
660 628
660 865
660 782
539 512
539 274
539 817
212 521
212 91
212 994
212 995
521 994
521 995
91 994
91 995
994 995
994 843
994 392
994 304
994 744
994 491
994 906
994 818
994 404
994 823
994 670
994 549
994 651
994 760
995 218
995 395
995 652
995 23
995 596
995 917
995 233
995 817
995 599
995 383
995 439
995 461
995 470
995 527
995 813
995 606
214 413
908 837
908 969
908 523
216 695
216 754
695 288
695 913
695 798
754 992
754 705
754 807
754 913
992 917
992 764
992 776
992 239
992 794
992 24
992 783
992 978
992 278
992 759
992 535
992 420
992 75
992 604
992 548
992 822
218 512
512 503
512 817
552 592
552 622
592 622
592 723
222 395
222 652
652 717
652 362
438 917
438 432
438 605
228 545
477 854
477 835
545 281
23 594
23 596
23 917
594 917
594 559
594 605
594 439
596 917
596 794
596 605
596 751
917 239
917 559
917 794
917 383
917 396
917 407
917 75
917 605
917 439
917 751
231 837
837 969
837 293
837 366
837 742
837 496
837 532
837 86
233 717
717 236
717 362
717 599
234 704
704 361
704 401
235 580
235 892
235 909
580 892
580 909
580 702
580 696
892 909
892 247
892 319
892 344
892 353
892 801
892 46
892 922
892 702
892 696
892 516
892 593
892 571
892 8
892 674
909 247
909 319
909 344
909 801
909 46
909 702
909 513
909 696
909 516
909 593
909 571
909 9
236 764
236 776
764 776
764 36
764 448
764 420
764 488
764 564
776 36
776 448
776 55
776 564
776 604
239 559
239 794
794 249
794 407
794 75
794 432
794 605
794 439
24 783
783 978
783 278
783 753
853 367
853 424
853 688
853 555
853 517
853 647
853 650
242 598
832 758
832 682
832 505
832 462
832 779
832 658
25 799
799 786
799 674
799 728
978 864
978 929
978 789
978 926
978 711
978 50
978 811
978 822
433 786
255 758
758 681
874 865
874 646
874 637
262 693
693 537
693 811
693 663
628 791
628 686
264 444
264 864
444 655
864 269
864 485
864 789
864 359
864 711
864 56
942 290
942 929
942 780
942 732
942 926
942 389
942 398
942 796
942 472
942 498
942 699
942 524
942 751
942 635
942 676
942 719
267 791
267 865
791 969
791 325
791 782
791 427
791 618
865 296
865 328
865 686
865 782
865 426
865 831
865 779
865 515
865 618
269 485
485 711
843 458
843 474
843 511
843 544
843 578
843 651
843 581
274 503
274 817
274 969
503 817
503 969
503 606
817 969
817 470
817 813
817 606
969 421
969 366
969 637
969 515
969 561
277 673
673 364
673 566
673 523
286 497
497 854
497 922
288 705
705 349
290 929
929 732
929 926
929 389
929 398
929 472
929 708
929 498
929 699
929 635
929 676
929 719
929 92
293 421
295 388
295 646
388 637
646 637
646 79
854 805
854 835
854 314
854 769
854 526
854 736
30 579
30 710
579 392
579 549
710 392
710 744
710 397
710 670
301 542
542 450
307 805
307 835
805 835
805 35
805 402
805 765
835 402
835 765
835 769
835 850
835 526
835 736
308 759
759 535
759 338
759 548
31 744
744 397
744 40
744 549
312 807
656 786
322 491
491 670
333 686
333 782
686 782
686 468
782 426
782 468
335 906
906 543
906 406
906 823
906 809
906 509
906 518
906 560
906 587
906 664
906 714
348 789
789 56
789 773
818 823
818 809
818 739
818 642
818 664
353 801
801 5
801 51
801 513
801 696
801 516
801 593
354 836
836 826
836 519
836 850
836 707
836 645
836 610
780 732
780 926
780 442
780 796
780 699
780 719
761 496
761 532
359 489
489 711
36 448
448 55
602 738
362 599
732 926
732 389
732 92
364 566
566 523
367 369
682 624
709 670
859 404
926 398
926 796
926 464
926 472
926 699
926 524
926 635
926 676
926 719
505 779
833 688
833 738
833 74
833 517
833 647
833 650
833 662
402 765
765 769
765 736
603 811
406 823
823 809
823 739
823 642
823 714
420 488
488 604
424 688
688 650
425 769
826 850
826 707
826 645
786 674
786 728
442 796
796 676
796 719
655 773
461 470
461 527
461 831
470 527
470 813
527 606
476 555
476 738
476 74
738 647
564 680
737 822
492 809
809 587
809 664
922 571
922 822
922 674
922 728
5 702
702 571
702 9
779 624
779 658
779 681
513 696
696 593
696 790
696 571
515 618
516 593
519 850
850 707
850 645
850 610
699 676
699 719
526 736
736 60
528 825
825 712
825 713
825 722
537 811
811 586
811 663
790 793
666 647
723 773
578 651
651 581
587 739
739 642
739 714
751 689
61 773
773 614
619 822
822 626
822 627
662 95
674 728
689 84
1:
106 297
106 482
106 936
106 947
297 936
297 947
297 852
297 403
482 936
482 947
482 852
482 770
482 487
936 947
936 852
936 126
936 4
936 289
936 501
936 777
936 291
936 770
936 403
936 302
936 687
936 374
936 445
936 859
936 487
936 490
936 72
936 760
936 78
947 852
947 126
947 4
947 289
947 501
947 777
947 291
947 770
947 403
947 302
947 687
947 374
947 445
947 859
947 487
947 490
947 72
947 760
947 78
852 126
852 289
852 777
852 291
852 770
852 403
852 302
852 687
852 374
852 859
852 487
4 777
289 501
289 777
501 770
501 687
501 490
777 291
777 770
777 687
777 445
777 490
777 78
291 770
770 403
770 687
770 374
770 445
770 490
302 687
687 374
687 72
374 445
487 490
487 72
2:
11 806
11 812
11 827
11 834
806 812
806 827
806 834
806 121
806 973
806 653
806 908
806 778
806 342
806 429
806 484
806 493
812 827
812 834
812 973
812 653
812 778
812 874
812 429
812 484
812 493
812 576
827 834
827 121
827 973
827 653
827 908
827 778
827 874
827 342
827 429
827 484
827 493
834 121
834 973
834 653
834 908
834 778
834 874
834 342
834 429
834 484
834 493
834 576
973 778
653 778
653 429
653 484
653 493
908 778
778 342
778 429
778 484
778 493
484 493
3:
621 839
621 840
111 456
111 855
111 912
111 925
456 855
456 925
456 839
456 840
456 600
855 912
855 925
855 116
855 703
855 774
855 139
855 68
855 839
855 243
855 393
855 840
855 708
855 96
855 99
912 925
912 787
912 117
912 703
912 774
912 139
912 211
912 471
912 213
912 839
912 243
912 365
912 393
912 840
912 600
912 831
912 608
912 99
925 116
925 787
925 117
925 703
925 774
925 748
925 68
925 211
925 471
925 243
925 365
925 393
925 840
925 831
925 608
925 96
925 99
116 787
787 703
787 774
787 748
787 471
787 213
787 839
787 840
787 82
117 703
117 774
703 213
703 839
703 365
703 840
703 82
774 139
774 748
774 211
774 839
774 393
774 840
774 600
139 748
748 839
748 243
748 365
748 840
748 600
748 831
748 99
68 393
211 471
471 839
471 243
471 840
213 839
839 365
839 840
839 600
839 708
393 840
840 600
840 96
840 82
4:
200 588
200 387
200 573
990 230
990 588
990 573
990 384
990 510
148 588
148 620
419 588
419 620
419 387
419 573
419 384
230 573
230 260
588 620
588 387
588 573
588 510
620 387
620 573
620 510
387 260
387 384
573 260
260 384
260 510
384 510
5:
965 841
965 878
965 900
965 734
965 683
965 625
119 536
119 841
119 878
119 900
536 900
536 258
536 734
536 459
536 683
841 878
841 900
841 538
841 80
841 316
841 734
841 459
841 357
841 683
841 761
841 52
841 625
878 900
878 858
878 538
878 80
878 316
878 734
878 32
878 459
878 683
878 52
878 551
878 625
878 69
878 88
900 858
900 258
900 538
900 316
900 32
900 459
900 357
900 761
900 52
900 551
900 625
900 678
900 69
900 88
858 625
258 538
538 316
538 551
538 625
316 734
734 357
734 683
734 551
734 69
734 88
32 459
459 683
357 683
357 761
683 69
551 625
625 678
6:
120 378
120 718
120 746
120 757
378 718
378 746
378 757
378 19
378 408
718 746
718 757
718 19
718 203
718 408
718 813
746 757
746 19
746 203
746 408
746 813
757 19
757 203
757 408
7:
122 223
122 379
223 379
223 428
223 449
305 428
305 449
305 245
305 463
379 428
379 449
379 245
379 463
428 449
428 245
428 463
449 463
245 463
8:
931 907
931 575
931 724
931 467
931 613
123 266
123 601
123 932
266 932
266 907
266 575
266 724
601 932
601 745
601 763
601 907
601 724
601 547
932 131
932 745
932 763
932 907
932 45
932 730
932 575
932 724
932 665
932 807
932 659
932 831
932 467
932 613
932 547
932 563
932 66
131 745
131 763
131 907
745 763
745 907
745 575
745 724
745 467
745 613
745 563
745 66
763 907
763 575
763 807
763 659
763 831
763 547
763 563
907 45
907 730
907 575
907 724
907 665
907 659
907 831
907 467
907 613
907 547
907 563
907 66
45 659
575 724
575 563
724 659
724 547
724 563
807 659
659 613
659 547
659 563
467 613
613 547
9:
129 460
129 633
129 720
129 802
460 633
460 720
460 802
460 565
460 913
633 720
633 802
633 371
633 565
633 280
633 913
720 802
720 17
720 371
720 565
720 280
720 3
720 913
802 17
802 371
802 565
802 280
802 3
802 913
17 371
17 565
371 3
565 280
565 913
10:
621 735
621 888
931 700
931 888
931 694
931 609
931 63
14 700
14 735
14 888
700 735
700 888
700 317
700 691
700 694
700 609
700 53
700 798
735 888
735 317
735 252
735 558
735 694
735 309
735 609
735 48
735 63
888 317
888 252
888 558
888 691
888 694
888 309
888 609
888 48
888 531
888 53
888 63
888 798
317 694
252 558
252 691
252 694
558 691
558 694
558 309
691 694
691 309
691 609
691 48
691 63
691 798
694 609
694 53
309 609
609 531
11:
830 142
830 804
830 160
830 749
830 816
830 159
830 730
830 294
830 668
830 412
830 465
830 504
830 65
142 615
142 804
615 804
615 749
615 816
615 668
615 65
804 146
804 749
804 816
804 159
804 583
804 294
804 412
804 495
804 504
146 160
146 749
146 816
160 816
160 583
749 816
749 159
749 583
749 668
749 412
749 465
749 504
816 159
816 583
816 668
816 412
816 465
816 495
816 504
816 65
583 294
583 412
583 465
730 668
294 668
668 412
668 465
668 504
504 65
12:
944 368
944 910
944 819
944 469
944 616
965 363
965 910
965 469
965 747
965 399
965 616
7 910
7 229
7 469
154 363
154 910
363 910
363 747
368 819
368 747
640 996
640 634
640 819
640 190
640 894
640 747
640 616
910 634
910 76
910 819
910 190
910 894
910 229
910 259
910 469
910 747
910 399
910 813
910 616
996 190
175 634
175 76
175 819
634 819
634 190
634 894
634 747
634 616
76 819
819 229
819 259
819 27
819 747
819 399
819 813
819 616
229 259
229 27
259 469
27 747
469 747
747 399
13:
153 168
153 540
153 639
153 788
168 639
168 788
168 715
540 788
540 715
540 457
540 466
540 506
639 788
639 934
639 466
639 327
639 475
788 715
788 457
788 934
788 466
788 327
788 475
788 506
788 708
715 202
715 533
715 934
715 466
715 327
715 475
715 506
202 457
202 533
202 934
457 533
457 475
533 506
934 475
466 506
327 475
327 506
475 708
14:
939 589
939 943
939 731
939 478
939 692
990 589
990 716
990 478
990 820
990 483
990 623
990 654
156 589
156 716
156 815
156 943
589 943
589 771
589 820
589 692
716 815
716 943
716 731
716 771
716 820
716 282
716 423
716 654
815 943
815 731
815 478
815 771
815 273
815 820
815 282
815 483
815 346
815 692
815 654
943 731
943 934
943 478
943 771
943 273
943 415
943 820
943 282
943 339
943 483
943 346
943 692
943 709
943 423
943 623
943 737
943 654
731 771
731 273
731 415
731 820
731 423
731 623
731 654
934 339
934 692
934 423
478 820
771 415
771 820
771 339
771 692
771 423
771 654
273 415
273 820
415 820
415 709
820 483
820 346
820 623
820 654
282 339
339 483
483 692
346 692
692 654
423 623
623 737
15:
944 996
944 721
157 752
157 996
752 996
752 721
752 862
752 22
752 572
752 285
752 453
752 77
752 678
996 721
996 22
996 572
996 285
996 453
996 77
996 608
721 862
721 22
721 572
721 285
721 453
721 77
721 608
862 285
22 572
572 285
572 453
572 678
453 77
16:
16 358
16 42
16 507
16 667
358 507
358 667
358 215
358 254
358 908
42 667
42 332
42 908
507 667
507 254
507 332
507 908
667 215
667 254
667 332
667 908
215 254
215 332
215 908
254 332
17:
856 165
856 377
856 842
856 768
856 480
856 405
856 447
856 94
856 417
856 418
856 582
856 669
856 753
856 567
856 534
165 377
165 842
377 842
377 577
377 768
842 577
842 768
842 405
842 447
842 417
842 418
842 582
842 669
842 567
842 534
577 768
577 582
577 669
577 567
577 534
768 480
768 405
768 447
768 417
768 582
768 669
768 567
480 417
480 669
480 534
405 447
405 94
447 567
94 417
417 418
418 582
418 669
418 753
582 669
582 567
582 534
669 567
669 534
18:
196 520
196 530
196 894
520 530
520 894
520 508
520 859
530 894
530 508
530 859
894 859
508 859
19:
951 698
951 785
951 829
951 455
209 440
209 698
209 785
209 829
440 785
440 829
440 321
440 557
440 584
698 785
698 829
698 321
698 557
698 33
698 584
698 494
785 829
785 321
785 557
785 33
785 455
785 584
785 494
829 321
829 557
829 455
829 761
829 584
829 494
321 557
557 584
557 494
33 455
455 584
455 494
761 584
584 494
20:
997 797
997 648
997 300
997 64
997 382
997 546
997 595
997 416
797 648
797 300
797 323
797 64
797 441
797 382
797 546
797 595
797 709
797 859
797 416
648 323
648 343
648 382
648 546
648 595
648 416
300 323
300 64
323 343
323 441
64 441
807 441
807 595
343 382
343 546
343 595
441 546
441 595
382 709
382 859
546 416
595 859
21:
996 889
996 541
996 706
996 857
996 345
996 529
996 347
996 553
889 253
889 414
889 541
889 706
889 857
889 345
889 514
889 529
889 347
889 409
889 554
889 81
889 553
889 666
253 414
253 541
253 706
253 857
414 857
414 409
414 81
541 706
541 857
541 409
706 857
706 514
706 347
706 554
706 81
706 553
857 345
857 514
857 529
857 347
857 409
857 554
857 81
857 553
857 666
345 514
345 529
514 529
514 554
529 553
409 554
554 553
22:
250 329
250 430
250 569
250 725
250 978
329 430
329 569
329 725
329 978
430 569
430 725
430 978
569 725
569 978
569 708
569 680
569 723
725 978
725 708
725 680
725 723
23:
502 772
502 697
772 874
772 341
772 380
772 697
772 709
772 499
874 341
874 380
874 697
341 380
341 697
380 697
697 709
697 499
