# The contained cliques in the communities at k=3
# from G:\Dropbox\Raghda\CNA\Final Project\other methods\CFinder-2.0.6--1448\G:\Dropbox\Raghda\CNA\Final Project\Datasets\binary_networks\LFR1\networ_LFR1_Om5.dat
# at no lower link weight threshold,
# and at no upper link weight threshold.
# Links were treated as undirected.
# No time limit was set for the clique search.

0: 0 116 148 281 282 418 452 705 781 1047 1075 334 1276 1141 3 16 21 100 230 259 450 892 924 925 1029 1082 1092 1098 1134 1140 1162 1172 1185 1193 1194 1195 1196 1271 1028 1081 907 1083 127 295 296 391 392 462 906 1021 1022 1023 1024 1084 1085 1256 1291 910 1229 113 167 191 262 362 363 390 404 440 446 449 622 623 651 753 754 867 868 911 912 946 947 950 959 1019 1108 1120 1121 1150 1151 1170 1191 1224 1230 1279 1289 954 1278 955 956 511 900 992 993 1068 1069 146 178 213 267 301 353 354 359 410 411 412 441 442 447 448 495 510 636 637 638 697 874 875 876 898 899 994 1005 1006 1007 1048 1065 1066 1067 1106 1177 1241 1235 9 995 1274 879 1254 212 220 221 226 236 249 320 338 339 431 455 542 628 751 752 755 831 832 869 877 878 1036 1037 1100 1156 1281 1157 1267 395 582 594 634 646 723 743 765 807 926 997 998 999 1038 1039 1040 1041 1055 1056 1090 1091 1107 1122 1226 1244 1266 1268 92 255 1032 1247 131 1243 1245 130 18 378 379 1269 17 308 336 1285 306 472 307 309 22 66 67 93 244 318 319 337 344 345 364 553 595 596 657 690 691 788 789 790 1010 1011 1025 1093 1136 1164 1201 1202 1203 1204 1220 371 1286 372 643 679 692 675 677 674 866 565 676 865 1210 1219 566 567 568 740 770 1209 1211 260 314 397 739 741 1212 1213 1262 69 70 398 423 424 520 771 1095 1161 1169 519 315 772 742 300 640 722 298 317 505 506 852 909 316 2 42 302 321 851 897 908 940 942 43 303 554 941 304 555 556 322 323 552 719 730 194 209 210 613 614 662 667 732 863 945 75 105 663 76 721 720 104 668 731 965 64 350 351 493 645 715 716 893 894 901 957 967 978 980 1000 1004 1086 1113 1131 1168 1186 82 896 963 10 261 717 895 979 1001 136 961 1030 135 494 962 1002 1087 1132 1003 1187 1270 1133 890 916 1152 83 133 134 222 235 305 328 365 366 461 550 551 689 712 891 917 1033 1035 1138 1139 1153 1155 1225 1227 1280 53 223 231 360 361 516 966 977 1034 1154 1228 1277 1287 277 745 1188 27 77 111 140 141 156 202 206 357 639 724 750 775 882 883 922 973 1094 1180 1160 1046 824 270 504 986 1052 1288 196 243 248 251 269 405 572 573 583 584 587 588 725 726 727 728 756 757 795 796 847 848 849 850 930 931 933 934 935 981 982 983 984 985 987 1051 1062 1063 1064 1096 1097 1167 1207 1208 1223 1238 1240 1257 1258 1275 195 618 569 1165 570 571 619 1222 214 215 574 758 1053 37 36 139 242 252 1054 1217 1218 51 52 65 86 278 373 477 558 559 762 763 764 951 976 84 85 678 864 299 932 1239 471 1200 4 264 468 470 469 652 1282 1265 91 147 340 385 425 545 546 635 760 889 923 1043 1264 122 227 1181 1042 1263 1249 94 120 129 165 263 368 415 585 625 629 768 769 880 918 996 1044 1049 1050 1057 1060 1061 1123 1166 1192 1205 1206 1231 1232 1233 1236 1237 1250 1272 1234 1273 1045 1283 170 286 1261 1284 1189 30 128 157 180 324 352 432 451 602 711 738 749 759 783 787 885 886 927 928 929 990 991 1008 1009 1058 1059 1105 1137 1159 1178 1179 1182 1259 784 187 199 592 593 782 785 970 1026 1088 1089 117 151 805 806 822 823 840 969 971 974 33 435 591 699 700 968 436 150 701 525 526 527 183 184 972 1115 1198 1253 11 121 192 232 297 358 386 547 575 773 833 854 884 948 988 989 1099 1124 1183 1184 1215 1216 1163 835 138 330 501 503 804 819 820 834 430 502 329 429 500 786 818 112 288 289 1214 1290 659 1149 177 375 482 658 660 801 944 1070 176 374 481 821 15 61 63 12 14 13 800 802 480 803 62 205 325 326 342 507 603 627 633 797 829 327 1246 1248 681 682 683 589 630 590 827 828 174 579 631 830 175 632 826 509 275 276 1119 1242 55 56 1118 341 626 859 508 1071 95 158 376 414 598 661 59 810 599 1260 465 266 466 5 8 6 265 478 467 7 1255 1252 1251 1 58 115 137 166 193 367 389 426 580 581 597 620 621 680 693 694 766 767 1077 1078 1079 1080 1101 1102 1103 1104 1125 1126 1127 1128 1129 1130 1142 1143 1144 1146 1147 1148 1174 1175 1176 1221 416 417 1158 233 234 1145 464 641 642 644 564 915 913 23 24 25 240 402 403 521 914 939 958 1114 164 198 208 32 163 31 132 197 207 496 152 153 154 155 1197 
1: 19 20 54 181 218 219 258 268 393 394 396 413 522 576 577 578 653 654 695 696 735 737 953 1135 1199 
2: 26 47 454 624 736 881 1116 1117 1171 
3: 28 29 38 74 245 256 331 473 474 586 1012 40 41 71 284 285 332 560 672 887 1013 1014 1109 1111 1190 287 561 1015 250 673 861 1074 1110 1072 39 72 257 333 562 862 1073 563 475 799 1031 
4: 34 35 483 484 813 68 688 687 515 313 312 485 279 280 
5: 44 45 355 528 179 188 228 246 253 427 428 530 531 548 685 686 919 920 960 247 254 549 655 774 529 356 921 
6: 46 142 162 463 943 
7: 48 271 272 335 476 273 
8: 49 50 274 776 777 808 809 60 123 241 650 778 779 780 791 792 793 794 949 964 1018 1112 649 839 
9: 57 118 119 182 377 479 492 
10: 73 216 229 238 283 346 419 420 798 841 842 843 1016 217 239 347 421 422 237 748 
11: 78 79 106 399 604 746 811 87 225 605 606 647 648 729 747 812 88 89 90 224 400 952 401 
12: 80 81 310 311 513 514 870 126 487 524 871 872 873 904 1173 125 124 902 144 173 488 903 143 145 905 172 486 523 99 
13: 96 97 98 443 533 702 497 532 498 444 703 704 445 666 159 160 161 
14: 101 102 814 816 817 369 380 458 459 615 671 707 708 937 938 370 517 616 857 1076 518 383 381 382 384 617 1027 858 856 670 706 815 936 669 
15: 103 171 211 387 557 388 825 888 1017 
16: 107 108 290 291 293 294 489 109 110 292 
17: 114 490 491 600 601 608 609 611 733 855 610 713 853 201 714 200 734 612 
18: 149 664 665 
19: 168 169 433 434 499 537 538 698 1020 189 190 860 
20: 185 186 406 539 607 845 408 534 535 407 409 437 438 439 536 846 541 540 
21: 203 204 348 349 456 457 460 512 543 544 684 709 710 718 761 975 
22: 343 836 837 838 
23: 453 656 744 844 
