# The links inside the communities at k=3
# from G:\Dropbox\Raghda\CNA\Final Project\other methods\CFinder-2.0.6--1448\G:\Dropbox\Raghda\CNA\Final Project\Datasets\binary_networks\LFR4\network_LFR4_Om4.dat
# at no lower link weight threshold,
# and at no upper link weight threshold.
# Links were treated as undirected.
# No time limit was set for the clique search.

0:
1000 337
1000 631
1000 653
337 631
337 653
1:
1 735
1 905
1 970
735 905
735 967
735 973
735 247
735 278
735 798
735 862
735 477
735 80
905 970
905 883
905 947
905 987
905 824
905 967
905 973
905 247
905 798
905 862
905 640
905 489
905 645
939 653
939 978
939 956
939 968
939 116
939 960
939 882
939 987
939 764
939 876
939 868
939 799
939 902
939 880
939 624
939 854
939 28
939 296
939 862
939 842
939 555
939 657
939 690
939 694
939 747
939 98
970 734
970 883
970 915
970 985
970 547
970 994
970 972
970 987
970 922
970 952
970 975
970 701
970 668
970 827
970 903
970 973
970 316
970 278
970 798
970 785
970 886
970 374
970 430
970 564
970 437
970 700
970 672
970 669
568 995
568 943
719 976
719 134
719 738
719 896
719 926
719 754
719 773
789 883
789 617
789 815
789 877
789 951
789 854
789 965
789 706
789 457
999 964
999 947
999 986
999 826
999 724
999 439
999 833
999 932
999 904
999 160
999 255
999 925
999 963
999 890
999 621
999 496
999 804
999 910
999 90
999 848
999 280
999 713
999 926
999 754
999 928
999 341
999 348
999 766
999 762
999 656
999 61
999 619
999 92
831 731
831 952
831 569
831 755
831 671
831 398
831 637
831 399
831 430
831 468
921 964
921 737
921 887
921 992
921 794
921 885
921 900
921 321
921 223
921 625
921 809
921 71
921 919
921 435
921 446
921 608
953 716
953 776
953 969
953 815
953 14
953 198
953 493
953 644
953 155
953 279
953 432
953 176
953 317
953 791
953 877
1000 13
1000 323
1000 376
1000 487
1000 514
1000 515
1000 518
1000 540
1000 561
1000 595
1000 607
1000 614
1000 661
1000 734
1000 811
1000 820
1000 830
1000 950
1000 962
1000 978
13 561
13 811
13 978
273 836
273 891
323 811
376 962
376 978
382 996
382 983
392 996
392 983
408 913
408 834
444 994
444 885
444 707
444 578
444 919
487 614
487 998
487 870
514 811
515 614
518 595
518 607
518 614
518 962
518 171
540 950
540 962
559 994
559 900
559 870
559 530
561 978
561 689
562 963
562 768
595 956
595 968
607 614
607 962
607 171
614 962
614 171
631 907
631 914
631 977
631 679
653 959
653 960
653 377
661 811
661 820
661 830
661 950
661 978
661 244
661 567
688 980
688 998
688 843
688 932
688 302
716 986
716 996
716 940
716 877
716 993
716 933
716 983
731 984
731 594
731 671
731 637
734 962
734 915
734 815
734 948
734 922
740 864
740 822
740 916
740 865
740 884
765 810
765 156
765 941
765 975
765 872
765 886
765 778
765 576
765 375
765 670
765 840
811 820
811 950
811 978
811 244
811 412
820 978
820 936
820 954
820 976
820 987
820 903
820 965
830 978
830 986
830 839
830 940
830 967
830 916
830 993
830 865
830 884
946 944
946 945
946 878
946 779
946 183
946 992
946 239
946 691
946 558
946 548
946 354
946 918
946 370
946 675
946 730
946 450
950 978
950 575
950 112
950 689
950 989
950 914
950 839
950 810
950 882
950 992
950 755
950 988
950 714
950 478
950 326
950 720
950 818
950 930
950 412
950 697
950 739
950 590
950 546
962 978
962 971
962 113
962 511
962 981
962 815
962 845
962 130
962 948
962 140
962 952
962 171
962 793
962 671
962 365
962 840
962 628
962 781
978 956
978 575
978 112
978 689
978 981
978 968
978 960
978 949
978 882
978 764
978 824
978 876
978 742
978 869
978 822
978 791
978 902
978 242
978 352
978 567
978 766
978 747
982 915
982 944
982 947
982 998
982 776
982 117
982 871
982 784
982 860
982 952
982 977
982 756
982 701
982 917
982 652
982 988
982 291
982 297
982 308
982 886
982 497
982 911
982 417
982 679
982 823
982 519
982 634
101 883
101 915
101 936
761 964
761 913
761 991
761 861
761 749
761 286
761 768
761 521
883 915
883 936
883 947
883 547
883 922
883 910
883 965
883 673
883 706
883 461
883 457
883 732
915 936
915 947
915 912
915 895
915 718
915 815
915 987
915 756
915 701
915 927
915 298
915 745
915 700
915 669
936 912
936 895
936 815
936 987
936 756
936 701
936 897
936 927
936 903
936 983
936 394
936 745
936 434
936 482
936 700
936 669
936 722
102 898
102 964
102 971
898 971
898 980
898 858
898 963
898 19
898 974
898 794
898 889
898 891
898 965
898 892
898 411
898 475
898 520
934 991
934 990
934 955
934 678
934 206
934 874
934 923
934 804
934 928
934 673
934 338
934 343
934 694
934 708
934 806
934 781
964 971
964 737
964 724
964 890
964 992
964 885
964 900
964 223
964 809
964 749
964 942
964 817
964 397
964 753
964 42
964 475
964 739
964 608
964 736
964 521
971 981
971 847
971 858
971 130
971 948
971 140
971 810
971 647
971 977
971 963
971 378
971 220
971 759
971 349
971 988
971 867
971 892
971 55
971 610
971 783
971 475
971 52
971 656
971 628
659 989
659 984
659 741
772 954
772 245
772 654
772 315
772 801
648 866
648 959
648 989
648 979
648 958
797 821
797 304
907 914
907 991
907 882
907 667
907 824
907 925
907 791
907 909
907 527
907 269
907 775
907 828
907 911
907 686
907 491
907 646
907 643
944 945
944 871
944 887
944 977
944 925
944 897
944 963
944 992
944 993
944 973
944 691
944 558
944 792
944 891
944 314
944 586
944 630
944 370
711 847
711 647
711 958
711 783
711 481
947 985
947 912
947 966
947 826
947 991
947 952
947 897
947 963
947 894
947 723
947 910
947 280
947 434
947 768
947 489
947 634
947 92
821 929
821 961
821 744
821 758
821 304
821 680
821 479
821 672
821 93
985 912
985 11
985 966
985 575
985 935
985 991
985 987
985 154
985 633
985 799
985 894
985 215
985 723
985 853
985 910
985 750
985 896
985 302
985 332
985 330
985 334
985 818
985 340
985 790
985 535
985 622
985 48
985 534
710 984
710 868
710 594
710 712
710 238
710 260
710 867
710 395
980 998
980 984
980 992
980 872
980 974
980 889
980 202
980 759
980 909
980 294
980 640
980 842
980 938
980 965
980 310
980 410
980 612
980 318
980 892
980 778
980 818
980 57
980 567
980 918
980 380
980 416
980 424
980 762
980 732
108 642
108 808
108 866
108 959
642 866
642 894
642 804
642 320
642 650
642 391
642 588
808 866
808 959
808 981
808 994
808 903
808 662
866 959
866 733
866 804
866 320
866 650
866 377
866 391
866 805
866 588
959 733
959 979
959 894
959 793
959 751
959 320
959 650
959 339
959 377
959 391
959 805
109 863
109 912
737 833
737 932
737 809
863 912
863 895
863 139
863 929
863 990
863 456
863 507
863 389
863 752
863 303
863 620
863 695
863 722
912 966
912 935
912 987
912 752
912 790
912 394
912 434
912 532
912 91
986 844
986 556
986 948
986 878
986 779
986 940
986 904
986 787
986 917
986 967
986 799
986 993
986 208
986 502
986 96
986 527
986 305
986 928
986 938
986 965
986 486
986 373
986 472
986 841
986 405
986 424
986 438
986 519
986 64
986 553
998 954
998 611
998 859
998 810
998 500
998 990
998 147
998 685
998 860
998 524
998 187
998 777
998 769
998 229
998 774
998 846
998 924
998 421
998 230
998 251
998 624
998 856
998 277
998 3
998 640
998 302
998 930
998 591
998 584
998 870
998 509
998 440
998 762
998 519
998 553
998 703
11 966
547 922
547 316
547 461
966 575
966 935
966 991
966 154
966 633
966 799
966 877
966 894
966 215
966 723
966 853
966 951
966 910
966 750
966 896
966 332
966 330
966 334
966 818
966 340
966 790
966 535
966 622
966 48
966 534
110 895
110 956
771 989
771 839
771 997
771 362
771 218
771 788
771 714
776 871
776 995
776 432
776 941
776 975
776 837
776 943
776 911
776 670
826 976
826 940
826 861
826 225
826 419
826 676
826 717
826 965
826 570
826 61
826 92
895 956
895 968
895 960
895 850
895 987
895 507
895 916
895 902
895 909
895 865
895 884
895 246
895 745
895 482
956 968
956 116
956 960
956 882
956 987
956 764
956 876
956 868
956 799
956 902
956 880
956 854
956 28
956 862
956 842
956 646
956 690
956 628
956 747
956 98
575 136
575 401
913 125
913 335
913 859
913 972
913 132
913 484
913 777
913 621
913 286
913 372
913 834
913 768
913 549
931 994
931 914
931 857
931 748
931 829
931 993
931 207
931 406
931 901
931 867
931 720
931 373
931 834
931 414
931 870
931 762
931 588
112 689
689 882
689 824
689 720
705 816
705 859
705 835
705 803
705 743
705 436
705 505
113 511
113 957
113 981
511 957
511 981
511 541
511 840
957 981
957 825
957 949
957 954
957 976
957 626
957 852
957 929
957 864
957 782
957 742
957 869
957 794
957 853
957 924
957 231
957 875
957 951
957 854
957 832
957 366
957 840
957 730
957 753
957 63
957 823
957 660
957 634
981 994
981 611
981 852
981 810
981 782
981 894
981 903
981 220
981 759
981 349
981 492
981 832
981 541
981 374
981 396
981 840
981 55
981 433
981 450
981 823
981 662
981 656
816 948
816 835
816 857
816 993
816 581
816 743
816 886
816 350
816 728
816 505
825 794
825 769
825 759
825 924
825 231
825 875
825 753
825 660
945 878
945 183
945 992
945 239
945 691
945 311
945 558
945 548
945 918
945 370
945 675
945 730
945 450
945 634
115 641
115 969
641 969
641 920
641 842
641 423
641 681
844 952
844 967
844 305
844 486
968 116
968 960
968 882
968 987
968 764
968 876
968 868
968 799
968 902
968 624
968 854
968 28
968 862
968 842
968 632
968 636
968 690
968 628
968 747
968 98
969 815
969 14
969 493
969 784
969 855
969 279
969 513
969 552
969 963
969 176
969 791
969 192
969 877
969 827
969 894
969 906
969 920
969 842
969 508
969 423
969 43
969 681
969 768
969 600
116 960
960 729
960 987
960 764
960 876
960 868
960 902
960 854
960 862
960 842
960 632
960 636
960 555
960 657
960 646
960 690
960 694
960 747
960 98
117 871
871 887
871 551
871 459
871 836
871 891
871 679
871 520
989 133
989 839
989 997
989 649
989 180
989 838
989 979
989 741
989 906
989 218
989 767
989 788
989 958
989 749
989 988
989 684
989 807
989 319
989 469
989 636
989 697
989 666
989 79
847 858
847 647
847 889
847 349
847 712
847 988
847 495
847 41
847 610
847 783
847 577
949 976
949 878
949 145
949 864
949 167
949 742
949 869
949 181
949 822
949 791
949 601
949 21
949 951
949 242
949 750
949 854
949 352
949 766
949 78
949 60
994 859
994 626
994 922
994 952
994 618
994 894
994 900
994 903
994 709
994 800
994 879
994 880
994 875
994 707
994 867
994 359
994 892
994 34
994 374
994 840
994 461
994 919
994 753
994 430
994 433
994 663
994 480
994 662
994 593
994 588
994 638
24 916
24 865
24 884
322 861
322 473
322 474
465 996
465 983
899 976
899 123
899 729
899 786
899 153
899 756
899 699
899 868
899 903
899 792
899 544
899 841
718 987
718 996
718 973
718 983
850 935
850 987
850 156
850 941
850 975
850 219
850 778
850 670
617 815
617 951
617 965
617 706
617 760
617 732
858 977
858 995
858 838
858 979
858 888
858 943
858 807
858 506
858 52
935 987
935 961
935 633
935 873
935 813
935 219
935 910
935 988
935 263
935 798
935 938
935 778
935 790
935 539
122 954
122 976
954 976
954 418
954 685
954 524
954 583
954 777
954 993
954 769
954 774
954 846
954 236
954 942
954 245
954 654
954 965
954 930
954 870
954 530
954 426
976 729
976 134
976 738
976 878
976 138
976 864
976 855
976 153
976 940
976 742
976 869
976 822
976 877
976 368
976 757
976 951
976 942
976 965
976 841
976 549
123 729
611 859
611 832
729 902
729 657
556 967
556 861
556 473
815 130
815 948
815 877
815 760
815 669
849 977
849 963
849 635
849 993
849 665
849 357
849 499
849 455
125 335
125 859
125 972
335 972
335 286
859 972
859 132
859 685
859 835
859 769
859 879
859 880
859 751
859 856
859 436
859 728
972 132
972 372
972 785
972 886
972 306
972 720
972 834
972 564
972 672
626 852
626 875
626 638
845 952
845 777
845 793
845 365
845 486
845 436
845 781
442 997
442 919
128 914
128 937
403 757
403 841
914 937
914 882
914 860
914 824
914 748
914 829
914 406
914 757
914 755
914 775
914 643
937 644
937 860
937 917
937 974
937 889
937 757
937 233
937 615
937 819
937 951
937 793
937 624
937 680
937 356
937 739
852 782
852 848
852 832
852 366
852 37
852 529
852 823
852 663
130 948
948 940
948 378
948 927
948 799
948 993
948 938
948 965
948 930
948 760
948 438
948 553
991 990
991 955
991 667
991 940
991 154
991 824
991 550
991 894
991 874
991 923
991 861
991 723
991 909
991 527
991 910
991 750
991 775
991 828
991 271
991 896
991 334
991 911
991 630
991 930
991 415
991 462
991 516
991 570
991 708
991 806
132 484
484 372
484 306
484 768
484 549
133 839
839 997
839 927
839 993
839 767
839 788
839 988
839 714
839 590
134 738
418 530
738 138
738 500
738 877
738 210
738 368
738 549
810 941
810 975
810 861
810 220
810 846
810 474
810 930
136 401
136 878
401 878
401 885
878 779
878 145
878 917
878 992
878 799
878 885
878 225
878 419
878 691
878 781
715 979
715 958
715 99
724 629
724 890
724 817
724 818
724 341
724 397
724 407
138 500
500 846
598 879
598 880
139 929
139 990
882 822
882 902
882 909
882 775
882 828
882 326
929 987
929 996
929 961
929 833
929 963
929 744
929 758
929 973
929 988
929 933
929 983
929 303
929 928
929 814
929 479
929 770
929 634
929 722
990 955
990 889
990 874
990 923
990 676
990 942
990 684
990 454
990 785
990 390
990 640
990 303
990 620
990 658
990 664
990 695
990 77
990 708
990 806
14 198
14 493
198 493
198 279
493 176
493 317
644 996
644 432
644 819
644 983
647 889
647 867
779 940
779 178
779 967
779 993
779 928
779 781
955 206
955 874
955 923
955 804
955 828
955 928
955 673
955 338
955 343
955 415
955 694
955 708
955 806
955 781
987 952
987 764
987 876
987 897
987 902
987 973
987 942
987 836
987 278
987 302
987 965
987 892
987 394
987 745
987 700
987 539
987 690
987 747
987 722
996 984
996 897
996 963
996 616
996 554
996 906
996 254
996 973
996 942
996 537
996 988
996 933
996 856
996 896
996 983
996 938
996 591
996 565
996 413
996 542
996 574
996 919
996 426
996 736
996 476
996 523
996 725
996 770
996 536
996 58
996 645
996 722
383 707
383 578
456 942
456 752
507 752
507 695
786 699
786 916
786 903
786 865
786 884
292 257
292 856
517 924
517 257
887 908
887 925
887 992
887 900
887 625
887 717
887 891
887 679
887 608
887 823
145 864
864 674
864 742
864 869
864 181
864 822
864 242
864 750
864 352
864 78
864 60
784 925
784 431
784 308
784 447
784 818
784 600
147 685
147 860
667 925
667 431
685 229
685 774
685 251
685 856
685 930
860 813
860 973
860 774
860 615
860 819
860 652
860 988
860 251
860 345
409 773
409 801
782 853
782 529
782 663
149 922
149 952
922 952
922 709
922 25
922 750
922 867
922 316
922 34
922 461
922 753
922 482
922 704
952 777
952 853
952 755
952 671
952 867
952 316
952 365
952 892
952 486
952 840
952 745
952 398
952 637
952 430
15 961
15 977
15 997
961 977
961 997
961 787
961 744
961 813
961 741
961 304
961 910
961 988
961 680
961 581
961 291
961 417
961 388
961 672
961 725
961 599
977 997
977 995
977 897
977 868
977 787
977 837
977 888
977 951
977 243
977 891
977 282
977 943
977 911
977 357
977 499
977 388
977 85
977 679
977 739
977 455
977 520
977 722
997 908
997 984
997 787
997 741
997 906
997 572
997 788
997 227
997 757
997 571
997 243
997 252
997 714
997 943
997 319
997 613
997 814
997 388
997 85
997 919
997 623
997 697
997 534
997 599
997 645
997 643
997 781
997 722
674 822
674 837
674 888
674 943
764 876
764 902
764 690
764 747
835 925
835 857
835 993
835 886
835 350
835 728
835 505
835 672
995 975
995 443
995 193
995 827
995 837
995 888
995 951
995 243
995 680
995 282
995 943
995 597
995 881
995 548
995 331
995 358
995 449
995 564
995 739
995 627
995 467
995 736
995 521
995 721
995 619
995 643
995 694
151 439
151 833
151 843
151 932
439 843
439 932
439 926
439 928
833 843
833 932
833 255
833 713
833 926
833 928
833 425
833 727
833 50
833 656
833 602
843 932
843 856
843 983
843 713
843 926
843 754
843 727
843 50
843 646
843 602
932 756
932 868
932 712
932 856
932 693
932 713
932 926
932 754
932 928
932 425
932 727
932 50
932 602
855 552
855 963
855 875
855 942
855 290
855 965
855 328
855 447
855 930
855 600
153 756
153 940
756 868
756 890
756 942
756 817
756 754
940 699
940 868
940 993
940 427
940 865
940 792
940 896
940 544
940 928
940 938
940 516
154 633
633 215
633 896
633 340
633 790
155 279
155 432
432 317
824 635
824 829
824 993
824 269
824 775
824 414
824 477
824 489
156 941
156 975
941 975
941 668
941 872
941 531
941 886
941 778
941 533
941 576
941 375
941 670
941 840
941 870
941 609
941 638
975 651
975 668
975 872
975 531
975 886
975 778
975 375
975 670
975 840
975 870
975 467
975 609
975 638
904 255
904 925
904 787
904 838
904 979
904 621
904 496
904 993
904 208
904 958
904 348
904 834
904 506
17 925
17 431
550 828
908 604
908 861
908 757
908 988
908 717
908 606
908 610
908 783
908 577
908 663
551 891
551 605
803 743
803 728
876 902
876 690
876 747
984 868
984 963
984 974
984 741
984 906
984 909
984 594
984 571
984 988
984 933
984 260
984 867
984 983
984 294
984 965
984 310
984 410
984 612
984 57
984 395
984 919
984 523
984 725
984 770
984 534
984 536
160 255
160 925
255 90
925 431
925 496
925 993
925 393
925 569
925 924
925 848
925 743
925 818
925 505
925 660
701 394
701 669
857 748
857 901
857 350
678 804
443 943
629 890
629 817
629 836
629 341
629 348
629 619
524 654
524 509
699 544
699 841
873 917
873 785
873 297
873 308
873 886
873 938
897 868
897 963
897 933
897 836
897 983
897 911
897 630
897 770
167 742
167 869
742 869
742 822
742 766
742 60
869 181
869 822
869 791
869 21
869 242
869 854
869 60
869 609
649 741
868 238
868 260
868 792
868 357
868 395
431 393
170 212
170 513
170 552
212 513
212 552
212 906
513 552
513 906
552 827
963 635
963 993
963 988
963 933
963 867
963 896
963 983
963 928
963 328
963 930
963 665
963 814
963 574
963 768
963 536
963 61
963 645
733 894
733 751
733 650
733 339
733 377
733 805
616 983
309 787
309 992
309 973
309 345
618 744
618 838
618 758
618 958
618 662
890 804
890 942
890 817
890 836
890 341
890 397
890 348
890 407
890 766
890 619
927 676
927 587
927 896
927 743
927 785
927 298
927 930
927 745
927 590
927 516
927 700
927 728
927 669
927 89
176 317
178 967
787 992
787 388
917 889
917 785
917 390
917 886
917 497
917 658
917 77
917 472
917 841
917 490
917 64
967 992
967 503
967 746
967 974
967 910
967 750
967 798
967 896
967 862
967 640
967 842
967 938
967 965
967 773
967 315
967 801
967 318
967 818
967 918
967 424
967 489
579 906
579 942
651 670
668 886
668 720
744 758
744 814
744 380
744 479
583 654
180 838
180 979
838 979
838 853
838 958
838 938
838 807
838 336
838 666
838 506
838 79
979 853
979 958
979 693
979 68
979 938
979 807
979 336
979 469
979 632
979 565
979 834
979 666
979 704
979 481
979 506
979 53
979 99
181 822
822 601
822 21
822 951
183 992
916 900
916 909
916 865
916 884
916 246
916 560
916 775
916 911
916 840
992 799
992 974
992 794
992 889
992 885
992 202
992 900
992 909
992 223
992 809
992 973
992 239
992 691
992 558
992 717
992 938
992 965
992 801
992 318
992 892
992 930
992 918
992 370
992 71
992 739
992 446
992 608
992 546
799 790
813 248
813 652
813 793
813 263
813 938
813 823
187 777
777 621
777 993
777 846
777 834
777 436
189 503
189 603
189 746
503 746
503 773
503 801
603 746
603 773
603 801
603 565
746 773
19 872
19 974
872 974
872 909
872 612
872 567
872 375
974 794
974 889
974 202
974 759
974 909
974 750
974 294
974 640
974 842
974 938
974 965
974 310
974 410
974 612
974 318
974 892
974 778
974 818
974 57
974 918
974 380
974 783
974 416
974 424
974 762
496 762
791 828
791 911
794 973
794 924
794 965
794 345
794 918
192 877
877 368
877 951
877 760
877 768
877 457
877 732
193 827
193 837
193 888
827 888
827 798
827 597
827 477
837 888
837 951
837 943
837 597
837 881
837 548
837 451
837 331
837 449
837 694
888 951
888 680
888 282
888 943
888 597
888 881
888 358
888 467
888 736
888 721
635 993
635 928
635 645
889 233
889 624
889 684
889 390
889 410
889 658
889 783
889 577
741 906
741 757
741 749
902 28
902 690
902 747
362 767
362 714
604 271
604 717
894 903
894 359
894 320
894 650
894 768
894 662
748 207
748 406
748 901
748 841
748 834
748 762
200 829
200 993
554 983
829 993
829 207
829 406
829 901
829 867
829 841
829 414
829 870
829 721
885 625
885 225
885 419
885 707
885 578
885 919
993 406
993 901
993 569
993 867
993 743
993 928
993 965
993 373
993 841
993 414
993 728
993 64
758 380
758 479
758 93
900 709
900 879
900 880
900 809
900 865
900 884
900 707
900 560
900 911
900 578
900 480
903 709
903 800
903 879
903 880
903 662
903 638
903 722
206 874
206 923
874 923
874 928
874 338
874 343
874 708
874 806
923 804
923 928
923 338
923 343
923 708
923 806
923 781
207 406
208 502
208 96
502 527
210 368
769 924
769 875
769 870
769 530
769 426
906 757
906 749
906 920
906 942
906 988
906 933
906 983
906 919
218 767
218 788
804 942
804 391
861 271
861 717
861 473
861 474
861 930
861 570
901 867
901 720
901 373
901 841
901 414
901 870
901 762
901 721
215 723
215 853
723 910
723 330
723 340
723 790
723 48
853 958
853 671
853 832
853 807
853 790
853 398
853 637
572 227
572 571
572 319
572 613
572 623
321 809
427 938
767 988
767 252
767 714
767 693
767 919
767 697
767 781
788 988
788 714
788 886
788 720
788 919
220 759
759 924
759 918
221 709
221 800
221 879
221 880
709 800
709 879
709 880
709 875
709 313
709 480
800 879
800 880
800 875
800 235
800 313
800 692
800 480
800 593
879 880
879 958
879 875
879 587
879 751
879 313
879 692
879 632
879 480
879 593
879 588
880 875
880 235
880 587
880 751
880 313
880 692
880 632
880 480
909 227
909 757
909 865
909 884
909 560
909 775
909 828
909 294
909 319
909 613
909 623
254 933
527 841
223 625
223 809
625 809
625 919
625 446
625 608
809 71
809 919
809 435
809 446
809 608
973 933
973 792
973 278
973 983
973 345
973 314
973 586
973 930
973 574
973 919
973 477
973 483
973 539
973 770
973 656
225 419
225 676
676 785
676 658
676 669
569 398
227 757
757 841
958 983
958 938
958 807
958 336
958 469
958 632
958 565
958 636
958 834
958 666
958 704
958 481
958 506
958 53
958 79
229 774
229 846
229 924
774 846
774 924
774 421
774 988
774 440
774 762
774 703
846 251
846 856
846 277
846 930
846 870
846 519
846 553
846 703
924 230
924 231
924 854
924 257
924 856
924 930
924 870
924 660
231 875
875 329
875 447
232 594
232 712
594 712
594 260
594 395
712 713
712 783
749 437
749 739
233 615
233 819
233 951
615 819
615 356
615 698
819 951
819 793
819 680
819 848
819 862
819 356
819 698
819 739
951 242
951 848
951 943
951 597
951 965
951 706
951 352
951 698
951 834
951 457
951 732
951 721
920 842
920 423
920 681
236 942
571 814
942 817
942 752
942 290
942 620
942 965
942 892
942 818
942 407
239 691
691 558
691 918
691 370
865 884
865 246
865 560
865 911
865 840
884 246
884 560
884 911
884 840
459 891
459 520
459 805
459 823
707 578
707 919
755 671
245 537
245 587
245 654
537 654
537 983
587 654
587 745
246 560
560 911
248 652
248 793
248 910
248 988
652 910
652 263
652 823
793 988
793 339
793 840
910 581
910 798
910 938
910 673
910 477
910 61
988 714
988 933
988 693
988 983
988 291
988 881
988 938
988 606
988 417
988 574
988 41
988 610
988 697
988 577
988 725
988 770
25 750
311 548
750 34
750 790
750 918
389 695
671 398
671 637
671 399
751 650
251 624
252 714
714 781
854 342
854 706
854 636
854 457
854 609
933 856
933 983
933 574
933 919
933 501
933 736
933 523
933 725
933 770
933 536
933 58
933 645
933 722
90 848
90 762
492 662
680 943
257 856
856 983
856 713
856 727
856 725
693 926
693 666
817 818
817 397
817 348
817 407
817 753
260 867
867 892
867 395
867 610
867 663
867 638
558 918
558 370
581 505
684 658
684 697
848 698
848 529
836 891
836 539
752 303
752 620
752 91
792 314
792 586
269 775
269 828
775 828
775 911
775 491
828 911
828 686
828 646
271 717
717 570
891 911
891 605
891 411
891 679
891 520
891 805
891 823
891 464
454 658
832 686
832 366
832 37
832 529
832 450
832 63
278 798
798 862
798 477
798 539
798 645
896 773
896 801
896 790
896 700
896 73
983 591
983 565
983 413
983 542
983 574
983 919
983 426
983 501
983 736
983 476
983 523
983 725
983 770
983 536
983 58
983 722
282 943
544 841
943 597
943 881
943 451
943 331
943 358
943 528
943 564
943 739
943 627
943 736
943 521
943 619
943 643
365 486
713 926
713 754
286 372
372 306
926 754
926 928
926 425
926 727
926 656
926 602
743 785
743 490
743 728
743 89
785 938
785 437
478 930
597 528
881 331
881 606
881 783
296 862
390 658
390 77
862 356
862 698
862 80
297 308
297 886
308 497
886 720
886 670
886 728
886 505
886 672
3 640
842 965
842 508
842 681
842 736
754 425
754 727
754 602
303 620
620 695
68 938
68 666
305 928
305 938
305 965
928 841
928 727
928 708
928 806
938 965
938 612
938 778
938 336
938 481
965 760
965 841
965 405
965 762
965 732
580 760
580 732
807 469
807 666
807 481
807 506
345 930
773 801
310 410
310 612
612 918
314 586
586 483
586 656
658 77
315 801
801 565
801 73
318 892
892 930
892 42
892 475
319 613
613 814
613 623
320 650
473 570
326 720
778 533
329 447
447 600
330 334
330 818
818 590
331 358
339 377
377 391
340 790
790 48
341 397
397 407
342 706
630 570
706 814
706 760
706 732
930 516
686 37
486 840
605 679
354 918
356 698
698 834
357 499
499 455
415 462
814 732
606 610
606 783
606 577
606 663
591 870
469 666
37 529
375 670
670 870
664 695
578 919
396 55
760 457
760 732
388 85
413 919
840 870
394 745
745 434
745 700
745 669
398 637
637 468
584 762
495 577
841 490
574 725
730 634
834 436
41 610
41 783
783 577
783 52
461 482
919 697
919 446
414 870
870 530
753 704
42 475
475 736
423 43
423 681
43 681
681 736
425 727
727 50
727 602
679 464
623 645
437 739
739 546
446 608
532 91
805 588
823 656
700 669
666 481
477 489
490 728
728 672
662 593
506 53
519 64
523 725
523 770
725 770
770 536
770 645
646 602
690 747
643 694
708 806
2:
448 780
448 696
780 190
780 696
780 554
190 696
696 554
3:
106 463
106 985
463 985
4:
737 795
737 849
682 795
682 849
124 556
124 795
124 849
556 795
795 849
5:
592 820
592 596
592 157
592 904
820 596
820 904
820 646
596 157
596 205
596 904
596 646
157 205
157 904
205 904
6:
803 166
803 873
166 226
166 873
166 897
226 873
226 897
226 569
873 897
897 569
7:
734 989
734 702
504 972
504 836
504 683
504 510
808 989
808 972
989 972
989 598
989 702
989 836
989 683
989 510
989 823
287 972
287 683
972 598
972 550
972 173
972 445
972 616
972 702
972 683
972 510
972 590
972 627
972 823
550 445
173 445
173 616
173 702
445 590
445 627
702 683
836 683
836 510
683 510
683 823
8:
737 2
737 655
857 655
857 918
2 384
2 655
2 894
384 655
384 894
384 918
384 441
655 894
655 918
894 441
918 441
9:
912 940
912 525
912 20
912 862
940 525
940 20
940 862
525 20
525 862
10:
648 763
648 538
893 990
893 872
893 512
893 344
893 920
893 253
893 792
893 347
893 593
949 990
949 872
718 763
718 353
812 990
812 872
812 512
812 234
812 920
812 686
990 872
990 203
990 512
990 920
990 253
990 792
563 763
563 488
203 512
512 347
512 593
344 253
234 920
920 763
920 792
920 686
920 353
920 488
920 538
763 353
763 488
763 538
763 704
686 538
353 488
353 538
488 538
488 704
538 704
11:
982 204
982 903
204 903
12:
969 266
969 86
266 86
13:
746 664
746 73
664 73
14:
1000 382
1000 392
1000 448
1000 562
1000 677
1000 688
1000 716
1000 731
382 677
392 677
448 677
562 677
562 716
677 688
677 716
677 731
688 731
15:
585 258
585 693
585 276
258 693
693 276
16:
791 498
791 222
498 222
498 256
498 312
498 492
222 256
256 312
256 492
256 680
312 680
17:
381 274
381 454
274 454
18:
955 367
955 420
367 420
19:
639 616
639 571
639 241
639 687
639 404
639 704
639 638
616 241
571 241
241 687
241 755
687 755
687 404
687 704
687 638
20:
687 250
687 389
250 389
21:
262 581
262 684
262 848
581 848
684 848
22:
280 582
280 896
582 896
23:
458 295
458 543
295 543
24:
962 780
962 285
780 285
25:
924 293
924 453
924 881
293 453
293 881
453 881
26:
688 678
688 802
797 802
797 630
849 678
849 802
849 324
849 452
678 802
678 324
678 379
678 628
802 324
802 452
802 630
802 379
802 628
324 452
630 628
27:
568 851
568 796
844 851
844 796
844 566
682 851
682 796
851 563
851 751
851 753
851 796
851 627
851 566
563 796
751 796
753 796
753 566
796 627
796 566
28:
408 863
408 508
863 508
29:
816 576
816 466
576 466
30:
673 726
673 468
726 468
31:
961 872
961 522
872 522
32:
718 948
718 885
948 885
948 497
948 660
948 703
885 497
885 660
885 703
33:
901 589
901 485
589 485
34:
812 759
812 509
759 509
35:
898 808
898 582
808 582
36:
999 989
999 573
989 573
37:
659 805
659 599
805 599
38:
858 987
858 651
987 651
987 695
987 703
651 695
651 703
39:
797 989
797 657
989 657
40:
993 766
993 634
766 634
41:
684 692
684 703
692 703
42:
729 993
729 911
993 911
43:
845 787
845 721
787 721
