# The contained cliques in the communities at k=3
# from G:\Dropbox\Raghda\CNA\Final Project\other methods\CFinder-2.0.6--1448\G:\Dropbox\Raghda\CNA\Final Project\Datasets\binary_networks\LFR4\network_LFR4_Om4.dat
# at no lower link weight threshold,
# and at no upper link weight threshold.
# Links were treated as undirected.
# No time limit was set for the clique search.

0: 0 1 
1: 2 55 56 129 184 185 186 316 336 337 338 339 347 348 571 630 646 773 774 833 964 1062 1063 1153 1187 1188 1309 1330 1336 1346 1337 302 451 611 1236 1334 1394 452 453 480 930 1014 1073 1189 1322 481 931 1074 8 300 670 882 884 894 928 929 932 942 1034 1283 1284 520 1023 1281 265 266 465 1024 1351 48 483 1277 1386 438 484 1247 1278 1329 439 485 834 835 1246 554 726 780 852 966 725 191 317 604 605 730 906 967 1257 221 652 671 820 1066 821 819 132 343 434 607 608 623 624 700 751 829 959 1001 1185 1233 622 77 151 782 825 110 111 830 606 701 699 140 157 374 380 450 479 553 574 595 629 632 633 660 697 704 705 706 766 779 947 955 1008 1009 1019 1081 1138 1139 1140 1327 1340 1341 1356 1358 1362 194 594 850 851 792 1332 789 791 790 817 1280 1368 470 91 406 468 469 1222 1225 1226 96 97 404 405 437 1050 1051 1052 985 1053 436 134 946 1095 1193 1250 1251 1320 1378 1385 133 135 462 1249 1288 551 615 549 99 98 100 1151 1319 167 354 543 787 1363 64 104 166 65 1241 105 106 544 839 980 1220 389 476 733 981 982 993 50 390 477 734 901 984 1364 51 131 870 983 994 1032 969 1237 944 1037 1036 1035 53 1176 52 54 957 1252 1215 1216 1191 1253 1259 1379 1387 21 1192 1388 1389 1380 1314 1313 1041 1384 45 68 78 101 130 141 230 231 359 1039 1040 1042 1064 1158 1203 1262 1289 44 661 880 1028 232 358 360 1202 872 1271 14 332 641 645 742 873 874 1291 333 6 7 372 741 743 155 512 515 517 1025 1390 70 510 513 514 516 1026 28 29 1027 1070 33 397 855 1391 15 121 189 190 215 521 840 16 522 523 1099 1213 1230 369 572 761 832 1100 115 128 1231 116 573 762 213 763 212 844 1076 1109 1162 1055 1108 1263 1107 210 211 511 578 696 1105 1106 1239 1264 1353 208 209 408 493 877 940 1111 1112 1113 46 248 878 879 47 249 1266 250 251 267 526 626 636 1101 1147 1238 1240 625 80 534 1103 535 536 236 654 237 238 1146 1148 557 1365 634 1315 1366 1078 198 716 1060 1171 1306 117 187 199 486 494 495 496 717 1030 1160 1292 718 794 378 377 385 702 970 640 978 1294 977 659 979 272 273 271 721 722 1087 1273 420 723 161 419 162 562 592 591 593 1331 1361 435 1287 1293 1369 79 225 497 560 674 895 913 992 246 363 1164 1354 1355 92 321 322 682 1054 1065 1161 1163 1165 1303 1344 1372 1377 114 292 314 315 418 444 471 473 680 681 803 1124 1137 1210 1243 1297 1302 1312 1318 1393 1130 1305 711 124 575 692 712 770 948 968 1129 123 690 707 691 693 694 695 216 708 767 1234 1392 768 1274 1275 1279 1317 259 456 257 258 454 455 223 665 666 214 9 579 1254 10 580 125 581 126 136 1255 137 1256 86 87 234 282 340 341 342 393 507 628 637 677 678 710 827 848 865 881 900 1012 1080 1082 1092 1223 1224 1381 433 561 939 866 233 49 118 449 1020 732 1047 1045 1048 1049 323 747 778 924 1046 1088 1339 1343 324 204 325 662 663 684 205 206 1058 685 668 669 631 826 748 903 923 925 926 971 1110 1169 1218 713 972 973 974 714 715 176 182 252 975 1170 177 253 976 183 381 902 32 927 421 506 1091 915 59 60 440 441 552 736 786 854 890 914 916 917 1083 1084 1085 1126 1248 689 889 891 933 709 935 986 1182 619 1002 1003 1005 357 618 620 621 949 950 951 1004 1006 616 1007 150 1069 893 892 810 119 413 416 809 120 417 1304 217 800 218 219 364 365 667 765 899 1079 1174 366 911 912 1268 27 1057 1068 1198 664 1219 1321 1352 487 987 490 563 1125 188 1127 1205 1295 1348 1371 263 1204 264 242 797 798 243 244 245 795 796 1267 289 447 1114 290 448 1010 1359 1370 1043 179 590 898 934 1044 178 146 445 781 1212 1360 1221 1347 675 1180 600 612 1181 597 599 275 596 1021 274 277 276 1022 613 954 1316 1357 614 1228 952 5 1178 4 241 849 1179 1018 1017 39 303 40 304 806 305 807 386 528 808 1067 387 527 529 412 138 158 139 822 149 603 801 601 602 1282 1285 907 1345 144 152 278 1382 142 143 1131 1326 643 1132 1133 1135 1134 85 1199 41 74 165 945 1071 1144 1157 42 75 43 57 58 173 391 392 503 756 999 501 500 502 754 755 998 1300 1301 988 1143 989 990 352 758 760 991 996 757 759 997 679 1072 1374 308 464 492 635 1154 1373 1375 306 307 564 1217 565 285 566 284 1104 897 1141 1172 1245 458 460 896 459 461 508 823 1173 488 489 1102 376 788 1232 25 26 30 414 163 287 288 1086 524 31 415 525 310 309 474 649 1096 1194 475 805 1211 1244 76 1094 1093 1097 1155 1156 1290 202 384 200 201 36 35 407 1349 753 180 34 37 102 610 38 1258 334 539 720 1260 537 540 69 538 169 1338 472 752 17 127 576 918 424 719 422 423 335 1325 815 1324 1270 1310 1328 1367 368 367 499 589 922 1311 409 588 410 411 532 921 1227 1214 533 686 504 919 19 920 1089 1286 739 1350 1090 154 430 598 1184 1183 1296 297 1308 295 296 294 298 299 558 1376 584 864 769 84 688 83 802 109 804 869 1136 301 703 1186 320 542 1123 319 388 541 656 81 655 82 657 148 943 171 312 170 172 311 313 861 860 859 318 609 683 491 1059 627 647 383 478 577 256 164 255 846 764 853 831 1276 729 841 498 648 122 235 687 446 1061 1115 268 269 617 738 863 1116 1117 1118 1119 1120 842 909 1159 550 771 772 395 63 394 396 1098 530 1121 1229 673 1122 1206 20 239 240 672 1029 1150 1197 1207 1196 431 867 432 95 344 353 868 908 938 1142 1167 885 18 108 153 644 799 856 936 962 1152 1242 1261 1265 1269 1272 1307 724 740 818 824 836 843 937 838 956 293 159 1235 737 1056 382 283 222 22 555 556 886 1149 1177 735 355 349 356 847 960 1128 1166 350 351 428 429 775 776 777 457 961 1038 1075 1208 1168 1209 1195 1013 1016 1015 1323 1190 1342 653 750 749 13 328 426 427 811 963 12 326 442 727 327 329 812 345 813 346 425 728 145 965 112 466 1077 113 103 467 1000 280 1333 1335 858 883 1033 1383 482 587 
2: 3 174 175 
3: 11 
4: 23 24 875 1031 
5: 61 62 639 650 
6: 66 67 168 
7: 71 72 73 398 399 400 888 160 518 585 586 651 887 905 1145 519 
8: 88 89 401 402 403 793 
9: 90 531 
10: 93 545 547 254 270 546 1175 1298 203 1201 220 910 1200 570 362 361 567 568 569 1299 
11: 94 
12: 107 
13: 147 
14: 156 373 379 642 744 
15: 181 260 
16: 192 193 195 196 197 
17: 207 
18: 224 
19: 226 227 228 229 463 745 746 
20: 247 
21: 261 262 
22: 279 
23: 281 
24: 286 
25: 291 
26: 330 331 443 857 871 816 814 
27: 370 371 638 658 828 876 995 
28: 375 
29: 505 
30: 509 
31: 548 
32: 559 845 941 953 
33: 582 
34: 583 
35: 676 
36: 698 
37: 731 
38: 783 784 785 
39: 837 
40: 862 
41: 904 
42: 958 
43: 1011 
