# The communities at k=3
# from G:\Dropbox\Raghda\CNA\Final Project\other methods\CFinder-2.0.6--1448\G:\Dropbox\Raghda\CNA\Final Project\Datasets\binary_networks\LFR4\network_LFR4_Om4.dat
# at no lower link weight threshold,
# and at no upper link weight threshold.
# Links were treated as undirected.
# No time limit was set for the clique search.

0: 1000 337 631 653 
1: 1 735 905 939 970 568 719 789 999 831 921 953 1000 13 273 323 376 382 392 408 444 487 514 515 518 540 559 561 562 595 607 614 631 653 661 688 716 731 734 740 765 811 820 830 946 950 962 978 982 101 761 883 915 936 102 898 934 964 971 659 772 648 797 907 944 711 947 821 985 710 980 108 642 808 866 959 109 737 863 912 986 998 11 547 966 110 771 776 826 895 956 575 913 931 112 689 705 113 511 957 981 816 825 945 115 641 844 968 969 116 960 117 871 989 847 949 994 24 322 465 899 718 850 617 858 935 122 954 976 123 611 729 556 815 849 125 335 859 972 626 845 442 128 403 914 937 852 130 948 991 132 484 133 140 839 134 418 738 810 136 401 878 715 724 138 500 598 139 882 929 990 14 198 493 644 647 779 955 987 996 383 456 507 786 292 517 887 145 864 784 147 667 685 860 409 782 149 922 952 15 961 977 997 674 764 835 995 151 439 833 843 932 855 153 756 940 154 633 155 279 432 824 156 941 975 904 17 550 908 551 803 876 984 160 255 925 701 857 678 443 629 524 699 873 897 167 742 869 649 868 431 170 212 513 552 963 171 378 733 616 309 618 890 927 176 317 178 787 917 967 579 651 668 744 583 180 838 979 181 822 183 916 992 799 813 187 777 621 189 503 603 746 19 872 974 496 791 794 192 877 193 827 837 888 635 889 741 902 362 604 894 748 200 554 829 885 993 758 202 601 304 900 903 206 874 923 207 406 208 502 96 393 21 210 368 769 906 218 804 861 901 215 723 853 572 321 427 767 788 219 220 759 221 709 800 879 880 909 254 527 223 625 809 973 225 419 676 569 227 757 958 229 774 846 924 421 230 231 875 232 349 594 712 749 233 615 819 951 920 235 236 571 942 238 239 691 865 884 459 531 707 755 242 243 244 245 537 587 654 246 560 247 248 652 793 910 988 25 311 750 389 671 751 251 624 252 714 854 933 90 492 680 257 856 693 817 260 867 558 581 684 848 263 836 316 752 277 792 269 775 828 271 717 891 454 832 278 798 28 280 359 896 983 282 544 943 290 365 713 286 372 926 743 291 785 478 597 881 294 296 390 862 297 308 886 298 3 640 842 754 302 303 620 68 305 928 938 965 306 580 807 497 345 773 310 410 612 548 332 313 314 586 658 315 801 318 892 319 613 320 650 473 474 326 451 692 720 328 778 329 447 533 541 673 330 334 818 331 358 336 911 338 339 377 34 340 790 341 397 342 630 706 343 57 930 665 686 348 486 350 605 352 354 567 918 356 698 357 499 411 535 415 449 814 576 606 366 591 469 632 37 529 370 675 373 374 565 375 670 71 391 380 412 664 578 396 760 417 388 413 85 695 840 77 394 745 395 55 407 398 637 399 766 542 584 495 472 636 841 405 574 508 730 834 41 610 783 461 919 414 870 462 416 530 753 42 475 423 43 681 424 425 727 426 509 434 528 679 430 623 564 433 697 435 436 437 739 438 577 440 768 590 627 446 608 600 450 482 455 63 532 457 520 805 823 479 516 464 501 700 762 467 468 666 732 570 663 736 476 477 489 704 622 48 480 481 483 549 539 490 728 491 662 78 50 555 505 506 53 593 672 519 64 52 521 588 523 725 770 91 534 536 546 657 553 721 58 656 646 599 60 602 690 609 61 660 619 99 645 638 628 634 643 694 703 93 73 669 747 708 806 781 722 80 89 79 92 98 
2: 448 780 190 696 554 
3: 106 463 985 
4: 737 682 124 556 795 849 
5: 592 820 596 157 205 904 646 
6: 803 166 226 873 897 569 
7: 734 504 808 989 287 972 598 550 173 445 616 702 836 683 510 590 627 823 
8: 737 857 2 384 655 894 918 441 
9: 912 940 525 20 862 
10: 648 893 949 718 812 990 872 563 203 512 344 234 920 763 253 792 347 686 353 488 538 704 593 
11: 982 204 903 
12: 969 266 86 
13: 746 664 73 
14: 1000 382 392 448 562 677 688 716 731 
15: 585 258 693 276 
16: 791 498 222 256 312 492 680 
17: 381 274 454 
18: 955 367 420 
19: 639 616 571 241 687 755 404 704 638 
20: 687 250 389 
21: 262 581 684 848 
22: 280 582 896 
23: 458 295 543 
24: 962 780 285 
25: 924 293 453 881 
26: 688 797 849 678 802 324 452 630 379 628 
27: 568 844 682 851 563 751 753 796 627 566 
28: 408 863 508 
29: 816 576 466 
30: 673 726 468 
31: 961 872 522 
32: 718 948 885 497 660 703 
33: 901 589 485 
34: 812 759 509 
35: 898 808 582 
36: 999 989 573 
37: 659 805 599 
38: 858 987 651 695 703 
39: 797 989 657 
40: 993 766 634 
41: 684 692 703 
42: 729 993 911 
43: 845 787 721 
