# The contained cliques in the communities at k=3
# from G:\Dropbox\Raghda\CNA\Final Project\other methods\CFinder-2.0.6--1448\G:\Dropbox\Raghda\CNA\Final Project\Datasets\binary_networks\LFR1\networ_LFR1_Om3.dat
# at no lower link weight threshold,
# and at no upper link weight threshold.
# Links were treated as undirected.
# No time limit was set for the clique search.

0: 0 39 50 198 257 258 351 352 395 454 455 655 656 810 811 833 834 952 1000 1008 809 1293 8 9 10 11 12 13 14 16 288 486 487 647 648 773 929 999 1146 1164 1188 1254 1273 1278 1279 1282 1296 15 488 239 247 260 368 415 1255 1207 1208 1234 1235 1236 1256 1257 1258 1259 1260 48 77 78 82 83 143 152 153 185 194 268 363 473 481 482 489 594 695 795 932 933 934 981 982 1019 1209 1210 1211 1212 1213 1214 1215 1221 1222 1223 1224 1225 1226 1227 1228 1229 1230 1237 1238 1239 1240 1241 1242 1243 1247 1248 1249 1250 1251 1252 1261 1262 1265 1266 1267 1268 1287 1288 1289 1290 1291 1292 1295 1299 142 1056 935 1206 1307 1281 27 70 131 252 286 331 346 373 457 607 626 654 687 723 786 841 848 849 855 881 913 1046 1047 1074 1114 1121 1160 1163 1187 1204 1253 1280 1297 1303 598 688 444 443 111 259 283 353 420 503 549 593 605 606 633 658 710 711 737 738 739 761 803 816 944 945 946 964 965 966 973 1133 1143 1144 1145 1189 1190 1199 112 214 632 760 184 213 478 962 963 479 477 815 548 1205 229 227 228 967 354 507 726 785 123 242 508 727 728 805 884 124 125 126 943 211 212 289 1162 164 1304 846 847 898 995 996 1032 1043 1305 28 74 79 147 181 204 274 603 604 790 899 900 901 902 903 910 911 912 997 1016 1033 1049 1073 778 931 501 779 104 297 502 103 499 497 500 542 544 498 543 545 690 862 66 299 67 298 1263 1300 1269 51 235 401 557 743 837 1072 645 1006 1058 1060 1062 1302 37 49 93 141 146 172 265 371 385 396 397 436 437 441 442 560 571 686 696 697 744 745 767 768 838 876 955 956 972 1007 1031 1057 1059 1061 1063 1115 266 839 1216 1217 30 81 151 159 165 166 195 284 287 292 400 412 474 485 550 562 563 620 698 717 718 742 794 858 859 922 923 924 925 926 927 928 990 1034 1035 1036 1050 1051 1052 1085 1086 1087 1088 1089 1090 1091 1102 1138 1139 1140 1141 1142 1178 1179 1197 1198 1202 1203 1272 1137 991 992 209 954 994 210 327 463 467 629 631 333 662 663 202 203 221 303 304 326 332 458 459 460 461 462 466 630 664 665 451 574 222 450 628 661 1264 619 712 877 584 595 596 597 617 618 1 29 31 372 394 472 484 1283 344 754 755 868 1168 155 402 493 757 783 799 800 861 869 936 1233 494 495 961 610 611 612 801 937 959 960 970 609 782 85 88 756 802 89 90 91 56 92 329 938 993 1161 1132 1131 1135 792 1134 163 349 599 675 775 791 793 162 1055 240 244 245 323 600 294 293 1136 1173 1201 279 358 589 953 1127 1148 1170 1171 1172 1200 277 280 278 1125 814 1126 241 530 556 813 1013 1123 531 532 812 865 822 823 64 567 864 1011 1220 1285 63 65 114 115 167 413 601 1053 1054 1192 587 588 602 668 1191 669 670 671 672 1218 1219 1149 513 1014 511 512 1147 554 1012 357 1122 1124 566 569 568 1169 866 1294 867 19 33 651 666 842 1021 23 140 267 1284 231 1193 1277 121 122 193 398 399 419 440 449 540 541 546 547 590 591 623 624 625 706 707 708 709 747 748 905 958 1024 1025 1026 1027 1028 1029 1194 1195 1196 1245 1246 907 382 75 188 347 714 715 824 878 879 976 978 979 980 1030 1100 76 579 825 826 850 851 852 880 968 977 107 189 422 580 784 969 446 827 445 716 828 127 390 734 1165 128 129 392 468 393 53 391 776 54 831 148 262 700 830 832 1018 102 261 469 699 701 1166 100 101 98 99 496 191 192 428 429 430 431 525 526 736 693 735 470 615 694 829 930 616 34 35 158 509 843 948 949 157 510 1020 322 73 844 845 356 263 555 94 677 678 25 58 383 426 427 573 679 806 1004 1005 1306 1075 1076 1077 1078 1270 1271 1286 1298 1301 46 57 160 174 215 226 248 282 336 345 404 405 471 559 564 575 576 585 586 613 638 639 740 807 853 854 906 939 940 941 983 984 985 986 987 989 1001 1002 1003 1017 1044 1045 1079 1080 1081 1082 1083 1084 1128 1129 1130 1154 1155 1156 1157 1158 1159 1175 1176 1177 1180 1181 1182 1183 1184 1185 1186 614 988 452 741 746 769 276 1093 1101 1174 4 59 60 61 72 84 161 182 275 387 519 2 5 3 154 253 386 236 572 646 
1: 6 7 178 339 475 504 643 882 998 173 180 476 505 529 904 281 464 465 518 553 872 113 425 424 423 551 883 179 
2: 17 230 232 364 439 490 667 130 233 384 
3: 18 95 108 149 243 269 273 378 480 592 608 649 650 796 797 798 870 871 873 874 908 909 942 974 1092 20 355 
4: 21 134 136 175 264 366 763 860 863 916 917 1038 1039 1040 1041 1042 1064 1065 1066 1067 1068 1069 1070 1071 135 176 375 376 520 365 377 367 217 216 789 762 764 914 1015 1037 1108 915 
5: 22 524 689 361 359 360 168 325 169 324 
6: 24 55 144 342 448 506 777 219 220 
7: 26 116 254 321 652 117 118 119 120 207 208 552 875 
8: 32 52 341 403 438 673 674 676 1009 1010 1022 317 410 957 137 272 644 411 1120 
9: 36 68 69 71 196 218 285 362 381 414 577 578 659 660 749 750 751 771 780 781 835 836 887 888 889 893 894 895 975 197 1244 
10: 38 774 206 237 453 522 528 238 521 223 224 305 
11: 40 41 42 43 44 45 514 516 145 200 234 295 515 517 201 296 170 
12: 47 150 190 583 713 770 
13: 62 300 330 334 374 640 759 765 766 787 788 890 891 892 918 919 1095 1096 1097 1098 1099 1109 1110 1111 1112 1117 1118 1167 1231 1232 1274 1276 335 642 1116 183 328 340 456 641 1113 1119 808 110 109 1275 
14: 80 246 406 407 408 409 561 
15: 86 87 301 302 527 417 492 523 657 418 491 
16: 96 306 308 307 370 310 312 338 350 105 309 97 106 311 337 447 
17: 132 290 315 316 318 139 291 138 319 
18: 133 
19: 156 432 434 684 729 752 753 947 433 435 680 681 682 683 685 732 733 730 731 250 249 483 
20: 171 251 369 627 634 704 804 840 885 886 897 1106 1107 255 416 635 256 705 724 725 896 
21: 177 225 380 558 565 570 581 719 720 758 856 857 920 971 1094 1103 1104 1105 1150 1151 1152 1153 921 582 721 722 1048 
22: 186 187 270 379 388 691 817 818 820 950 951 313 314 271 389 533 534 653 692 821 535 819 1023 536 537 538 539 
23: 199 343 348 772 
24: 205 320 
25: 421 621 622 636 637 702 703 
