# The cliques from G:\Dropbox\Raghda\CNA\Final Project\other methods\CFinder-2.0.6--1448\G:\Dropbox\Raghda\CNA\Final Project\Datasets\binary_networks\LFR2\networ_LFR2_Om3.dat
# at no lower link weight threshold,
# and at no upper link weight threshold.
# Links were treated as undirected.
# No time limit was set for the clique search.

0: 119 816 980 
1: 50 720 761 
2: 98 720 325 
3: 100 832 983 993 
4: 100 978 993 
5: 1000 105 986 
6: 1000 867 94 
7: 1000 94 945 948 
8: 25 818 776 645 
9: 103 842 963 
10: 921 104 949 
11: 104 884 949 
12: 106 705 768 
13: 106 705 818 
14: 113 853 951 966 
15: 108 661 720 
16: 108 720 761 
17: 11 793 931 
18: 110 177 456 
19: 111 685 892 938 
20: 112 159 872 
21: 112 827 872 
22: 159 872 401 
23: 190 816 980 321 
24: 115 953 985 
25: 116 874 875 994 
26: 118 707 891 
27: 118 807 891 
28: 12 484 778 
29: 12 733 778 
30: 120 941 947 
31: 866 121 311 
32: 123 744 852 
33: 953 985 124 
34: 127 729 803 
35: 127 741 803 
36: 977 987 128 
37: 987 128 971 
38: 505 129 845 
39: 129 813 845 
40: 13 681 934 959 
41: 818 130 349 776 
42: 131 946 950 981 
43: 940 133 784 
44: 940 133 790 
45: 134 358 936 
46: 134 636 936 
47: 135 499 81 
48: 135 767 81 
49: 767 81 664 
50: 137 924 956 
51: 982 987 211 
52: 987 211 362 
53: 139 728 996 
54: 139 789 996 
55: 14 679 857 
56: 995 996 140 954 
57: 902 999 141 
58: 999 141 770 
59: 997 142 910 911 
60: 143 611 692 844 
61: 953 985 144 973 
62: 963 931 145 843 
63: 994 851 146 
64: 851 954 146 
65: 705 768 147 
66: 705 147 645 
67: 148 868 920 
68: 149 654 830 
69: 149 809 830 
70: 973 15 810 
71: 973 15 974 
72: 949 150 391 
73: 949 150 846 
74: 983 151 887 
75: 997 153 972 
76: 154 783 925 
77: 154 917 925 
78: 963 931 155 483 
79: 990 156 962 
80: 685 938 157 
81: 938 646 157 
82: 966 962 16 
83: 962 16 384 
84: 970 160 447 
85: 970 160 877 
86: 946 981 161 
87: 981 161 689 
88: 921 162 829 
89: 994 163 534 
90: 930 164 835 
91: 983 993 165 464 
92: 974 167 906 
93: 974 167 916 
94: 940 790 168 976 
95: 983 168 976 
96: 920 169 576 
97: 920 169 919 
98: 805 360 170 754 
99: 875 994 172 
100: 877 174 192 
101: 877 174 262 
102: 970 877 192 
103: 950 175 589 
104: 755 974 176 
105: 934 959 178 848 
106: 868 919 179 
107: 919 179 748 
108: 920 919 180 837 
109: 970 877 181 
110: 946 981 182 
111: 981 182 698 
112: 995 957 183 
113: 902 999 184 
114: 937 999 184 
115: 992 744 185 991 
116: 866 186 494 764 
117: 949 980 208 
118: 805 754 188 
119: 189 771 969 
120: 19 651 769 893 
121: 990 191 575 
122: 997 911 194 926 
123: 768 776 195 
124: 818 776 195 
125: 196 672 797 
126: 196 774 797 
127: 964 197 863 
128: 197 823 863 
129: 198 697 781 
130: 790 22 904 
131: 22 900 904 
132: 2 828 975 
133: 2 939 975 
134: 885 936 20 
135: 936 698 20 
136: 892 938 201 859 
137: 924 956 202 914 
138: 203 394 73 
139: 962 205 961 
140: 835 206 663 798 
141: 966 961 207 955 
142: 940 209 900 915 
143: 999 770 21 
144: 999 21 498 
145: 512 210 647 
146: 709 54 591 
147: 646 859 76 
148: 859 223 76 
149: 769 893 23 356 
150: 917 925 58 796 
151: 989 988 833 24 
152: 755 985 26 
153: 827 872 48 
154: 827 268 48 
155: 857 27 631 
156: 965 34 960 
157: 583 56 516 
158: 771 969 276 91 
159: 997 971 972 28 
160: 805 754 283 51 
161: 965 958 30 960 
162: 963 843 96 
163: 989 988 31 
164: 764 64 441 
165: 983 993 831 43 
166: 970 939 7 
167: 772 684 32 
168: 684 32 841 
169: 951 962 955 79 
170: 937 999 35 
171: 826 901 85 
172: 745 920 74 
173: 920 919 74 
174: 977 913 36 
175: 948 917 37 
176: 876 917 969 37 
177: 939 379 75 
178: 977 913 90 
179: 705 768 39 
180: 705 818 39 
181: 659 393 6 
182: 835 606 84 
183: 895 964 99 
184: 713 699 399 93 
185: 836 918 901 4 
186: 924 956 89 
187: 937 999 57 
188: 762 999 57 
189: 976 41 425 
190: 748 638 41 
191: 998 999 42 
192: 835 798 44 
193: 682 699 80 
194: 682 440 80 
195: 664 688 83 
196: 893 671 45 
197: 893 678 45 
198: 818 776 645 46 
199: 918 826 901 47 
200: 980 879 66 
201: 934 959 49 523 
202: 994 996 957 60 
203: 965 960 52 
204: 853 966 890 92 
205: 946 950 981 97 
206: 854 797 55 
207: 809 893 9 
208: 893 569 9 
209: 959 573 68 
210: 959 680 68 
211: 934 959 87 
212: 959 573 87 
213: 874 875 994 59 
214: 963 931 95 
215: 963 802 95 
216: 965 958 960 61 
217: 941 947 824 88 
218: 783 925 65 
219: 924 956 70 
220: 685 892 938 78 
221: 924 956 71 
222: 956 855 71 
223: 965 958 960 72 
224: 998 995 86 
225: 995 996 957 86 
226: 303 966 962 961 
227: 1000 230 847 945 986 
228: 1000 235 847 986 
229: 1000 270 945 948 986 
230: 1000 271 749 986 
231: 302 505 881 
232: 1000 324 773 948 986 
233: 993 336 965 
234: 336 965 960 
235: 1000 344 948 986 
236: 1000 374 787 
237: 1000 374 935 
238: 316 994 996 929 
239: 338 681 934 959 
240: 224 813 991 881 
241: 674 854 353 
242: 902 999 264 
243: 999 264 967 
244: 244 973 974 
245: 244 974 975 
246: 233 952 954 
247: 233 954 840 
248: 768 349 776 
249: 346 850 629 
250: 885 358 936 
251: 612 257 871 
252: 987 857 362 
253: 857 362 631 
254: 966 962 259 961 955 
255: 997 910 972 357 
256: 805 360 754 267 
257: 951 966 962 278 
258: 877 262 536 
259: 291 969 448 
260: 291 443 448 
261: 938 646 367 
262: 938 367 252 
263: 816 980 321 538 
264: 480 348 894 
265: 982 984 297 
266: 984 297 605 
267: 539 939 379 
268: 997 971 926 351 932 
269: 934 959 848 212 
270: 934 959 212 397 
271: 992 744 852 991 213 
272: 997 998 971 214 932 
273: 920 215 923 
274: 996 957 216 
275: 844 825 217 529 
276: 844 825 217 658 
277: 868 920 218 
278: 945 959 219 
279: 959 848 219 
280: 959 219 301 
281: 959 219 573 
282: 934 959 301 886 
283: 918 220 826 901 
284: 836 370 660 
285: 868 837 221 
286: 837 718 221 
287: 718 221 693 
288: 964 222 907 922 
289: 892 938 859 223 
290: 937 999 757 225 
291: 733 778 256 
292: 733 256 598 
293: 256 598 751 
294: 997 972 932 226 
295: 936 984 227 
296: 936 526 227 
297: 906 228 927 
298: 916 228 927 
299: 809 893 356 
300: 808 886 232 
301: 786 708 251 
302: 234 489 602 817 
303: 234 602 817 879 
304: 983 993 236 
305: 993 236 821 
306: 902 237 735 
307: 921 949 829 238 
308: 949 980 238 
309: 983 993 239 865 
310: 998 242 890 
311: 807 981 327 870 
312: 981 839 327 870 
313: 941 947 861 909 245 
314: 884 949 846 944 246 
315: 866 732 247 
316: 918 901 739 248 
317: 921 402 944 249 
318: 884 402 944 249 
319: 952 929 250 
320: 995 929 840 250 
321: 892 938 859 252 
322: 953 985 974 253 933 
323: 997 972 926 254 
324: 940 915 255 627 
325: 888 258 552 
326: 997 971 972 932 260 
327: 987 972 261 
328: 972 926 261 
329: 994 995 996 263 
330: 996 926 263 
331: 769 265 678 
332: 265 569 792 
333: 449 990 326 
334: 987 990 679 326 
335: 937 999 266 
336: 999 266 497 
337: 999 266 819 
338: 805 754 267 283 
339: 827 734 268 
340: 921 949 944 269 
341: 920 919 272 
342: 919 272 638 
343: 951 962 961 273 
344: 936 526 274 
345: 936 274 675 
346: 674 854 672 275 
347: 978 880 989 979 277 
348: 719 879 279 
349: 879 279 320 
350: 817 879 320 603 
351: 949 846 944 281 
352: 651 893 282 
353: 893 569 282 
354: 997 971 972 926 335 
355: 995 996 954 957 334 
356: 997 972 932 284 
357: 978 989 988 285 
358: 867 964 922 286 
359: 953 985 906 864 287 
360: 983 993 990 289 
361: 987 990 289 
362: 999 290 294 
363: 937 999 968 294 
364: 946 950 293 
365: 946 293 870 
366: 830 398 295 621 
367: 398 295 715 
368: 295 621 737 
369: 295 715 737 
370: 857 296 652 
371: 768 932 298 
372: 781 684 299 
373: 783 925 300 
374: 917 925 300 
375: 997 971 972 315 
376: 950 981 332 
377: 980 879 304 912 
378: 846 944 305 
379: 917 925 307 796 
380: 917 307 592 796 
381: 611 844 308 
382: 844 825 308 
383: 715 737 309 
384: 941 947 909 310 
385: 959 573 313 
386: 874 875 994 314 385 
387: 874 994 314 476 
388: 947 754 317 
389: 995 996 317 
390: 892 938 859 318 
391: 867 964 907 903 319 
392: 978 988 878 323 
393: 720 761 325 455 
394: 992 852 991 328 
395: 999 967 329 
396: 999 497 329 
397: 985 974 864 330 
398: 985 974 330 897 
399: 874 875 331 600 
400: 969 333 862 
401: 443 333 862 
402: 941 947 337 824 
403: 947 917 337 
404: 985 973 974 339 
405: 974 339 514 
406: 726 991 881 340 608 
407: 937 999 753 341 
408: 998 999 341 
409: 983 993 831 342 
410: 982 857 343 
411: 982 575 343 
412: 659 345 392 
413: 934 959 848 680 347 
414: 835 798 607 350 
415: 835 798 350 502 
416: 954 957 352 
417: 965 958 960 352 
418: 876 917 969 354 
419: 963 793 355 
420: 963 800 355 
421: 963 561 355 
422: 989 988 979 359 
423: 834 361 446 
424: 891 946 981 364 
425: 891 939 364 
426: 946 950 981 364 
427: 950 939 364 
428: 952 996 929 365 
429: 995 996 929 365 
430: 685 892 938 859 366 
431: 827 872 734 368 
432: 936 908 369 
433: 973 974 916 927 371 
434: 950 981 372 
435: 950 589 372 
436: 981 625 372 
437: 978 989 988 979 373 
438: 767 375 664 676 688 
439: 983 993 377 587 
440: 520 936 380 
441: 636 936 380 
442: 965 960 380 
443: 1000 389 935 945 948 986 
444: 1000 416 935 948 986 
445: 1000 428 750 935 948 986 
446: 471 692 844 825 
447: 471 844 490 825 
448: 471 844 825 658 
449: 444 966 962 961 955 
450: 854 456 797 
451: 978 989 408 878 979 
452: 978 989 408 979 856 
453: 450 635 975 
454: 951 966 460 961 955 
455: 884 949 391 
456: 884 391 677 
457: 827 872 401 647 
458: 951 962 384 961 
459: 970 447 939 
460: 983 993 887 464 
461: 993 464 637 
462: 876 925 724 427 
463: 876 925 427 969 
464: 985 973 469 897 
465: 891 946 442 870 
466: 946 950 442 
467: 934 959 397 381 
468: 937 999 400 
469: 999 400 819 
470: 877 435 411 
471: 877 435 567 
472: 771 443 448 
473: 771 969 448 
474: 732 756 445 
475: 777 756 445 
476: 918 942 901 421 
477: 998 982 458 
478: 866 732 414 
479: 866 764 414 
480: 994 878 385 
481: 661 720 455 
482: 661 455 533 
483: 761 455 533 
484: 876 917 925 404 
485: 917 925 796 404 
486: 997 971 911 926 453 
487: 872 964 477 
488: 964 863 907 922 477 
489: 934 959 848 680 381 
490: 816 980 538 382 
491: 816 980 382 467 
492: 816 980 467 883 
493: 830 556 383 
494: 583 386 690 
495: 630 386 396 690 
496: 386 433 690 
497: 630 396 690 516 
498: 941 947 804 909 387 
499: 983 993 865 390 
500: 983 993 390 579 
501: 977 975 388 
502: 984 898 388 
503: 975 898 648 388 
504: 952 954 431 
505: 995 954 957 431 
506: 591 393 791 
507: 713 682 699 399 
508: 936 984 675 423 574 
509: 713 682 699 451 405 
510: 706 727 991 403 
511: 726 991 403 
512: 713 682 405 440 
513: 995 789 996 406 
514: 995 996 406 422 
515: 995 996 957 422 
516: 977 975 409 
517: 995 409 730 
518: 726 881 425 
519: 845 727 881 425 
520: 982 786 411 
521: 953 985 973 933 412 
522: 953 412 869 
523: 563 499 676 415 
524: 563 676 688 415 
525: 719 879 417 
526: 535 879 967 417 
527: 982 418 622 
528: 982 418 656 
529: 982 418 883 
530: 997 895 419 
531: 997 998 971 972 419 
532: 977 888 420 
533: 977 420 434 
534: 977 975 434 
535: 975 434 801 
536: 920 919 837 424 
537: 919 751 424 
538: 837 718 424 
539: 940 900 915 904 644 429 
540: 940 900 915 763 429 
541: 973 974 430 
542: 661 432 533 578 
543: 761 432 533 578 
544: 977 913 975 436 
545: 977 975 967 436 
546: 937 999 437 
547: 956 914 438 582 
548: 956 914 438 594 
549: 921 949 439 
550: 884 949 980 439 
551: 866 764 756 441 
552: 782 968 871 463 
553: 966 955 452 873 882 
554: 924 956 914 459 788 
555: 956 914 855 459 788 
556: 867 964 922 903 461 
557: 964 922 903 780 461 
558: 934 959 462 
559: 876 917 925 465 
560: 876 962 465 
561: 917 925 796 465 
562: 940 784 900 904 466 
563: 795 738 519 694 731 
564: 995 728 954 468 
565: 995 954 468 673 
566: 892 938 859 470 510 
567: 674 854 672 472 
568: 895 790 473 
569: 895 964 907 903 473 
570: 895 823 903 473 
571: 877 687 474 
572: 807 891 981 475 
573: 807 950 981 475 
574: 951 966 962 961 873 478 
575: 1000 525 867 
576: 525 867 964 863 907 
577: 525 964 907 858 
578: 1000 559 701 935 945 986 
579: 1000 560 650 945 986 
580: 1000 560 847 945 986 
581: 555 965 943 958 960 928 
582: 537 874 534 
583: 983 993 479 887 
584: 983 993 479 865 815 
585: 484 778 729 803 
586: 484 778 729 515 
587: 505 845 881 
588: 993 998 517 
589: 993 517 976 
590: 999 535 967 
591: 980 535 879 967 
592: 980 535 879 912 
593: 563 767 676 688 
594: 766 786 558 
595: 766 558 656 
596: 982 786 558 
597: 982 987 558 
598: 982 558 656 
599: 844 490 825 529 
600: 844 490 825 894 
601: 778 741 515 
602: 842 963 843 483 
603: 963 931 843 483 
604: 488 975 967 616 
605: 874 875 994 534 
606: 827 872 512 647 
607: 977 501 888 
608: 978 989 988 896 550 856 
609: 872 557 647 
610: 531 939 765 
611: 636 936 526 
612: 946 950 981 527 
613: 946 981 969 527 
614: 946 981 527 691 
615: 902 999 498 819 
616: 692 844 825 529 
617: 719 489 817 
618: 636 936 491 
619: 937 999 968 507 508 
620: 998 999 522 
621: 999 522 753 
622: 999 522 508 
623: 809 830 556 
624: 830 556 760 
625: 556 737 760 
626: 854 907 552 
627: 913 888 898 552 
628: 913 975 898 552 
629: 970 877 536 
630: 902 999 497 
631: 999 757 497 
632: 980 950 497 
633: 836 918 942 541 
634: 836 918 826 541 
635: 836 942 541 511 
636: 953 985 970 547 
637: 953 985 916 547 
638: 953 985 547 897 
639: 816 980 538 883 
640: 946 981 969 518 
641: 946 981 518 577 
642: 963 976 561 747 
643: 963 976 561 802 
644: 953 974 916 927 514 
645: 930 835 663 502 
646: 835 663 798 502 
647: 952 996 493 
648: 934 959 493 
649: 871 834 562 
650: 704 834 562 
651: 852 991 500 
652: 990 991 500 
653: 583 690 516 
654: 918 942 901 542 
655: 918 826 901 660 542 
656: 997 971 911 972 932 548 
657: 733 503 657 
658: 751 503 657 717 
659: 997 971 910 972 566 
660: 997 971 910 968 566 
661: 891 981 870 482 
662: 950 981 839 482 
663: 981 839 870 482 
664: 892 938 646 859 510 
665: 981 625 481 
666: 981 870 481 691 
667: 625 481 725 
668: 978 989 988 979 869 485 
669: 988 904 485 
670: 782 704 486 
671: 995 996 957 929 487 
672: 995 996 957 487 670 
673: 934 959 848 523 
674: 910 974 523 
675: 761 578 492 
676: 983 993 887 831 495 700 
677: 998 772 509 
678: 998 841 509 623 
679: 697 509 623 
680: 876 783 496 
681: 876 917 724 496 
682: 917 724 796 496 
683: 985 974 933 504 
684: 710 974 504 
685: 810 933 504 
686: 963 931 843 506 747 
687: 963 931 584 506 
688: 895 964 907 903 528 858 
689: 836 942 901 739 511 
690: 970 739 511 
691: 951 966 961 890 882 513 
692: 965 943 958 960 521 928 
693: 874 875 994 530 
694: 874 875 600 530 
695: 875 905 600 530 
696: 990 960 551 
697: 965 943 958 960 928 551 
698: 992 744 852 991 532 633 
699: 924 956 914 540 822 
700: 956 914 855 540 822 
701: 941 947 861 909 544 
702: 730 544 722 
703: 924 956 914 788 545 
704: 956 914 855 788 545 
705: 959 795 546 
706: 795 738 694 731 546 564 
707: 951 966 962 955 882 565 
708: 988 878 896 979 869 554 
709: 1000 572 701 935 945 986 
710: 1000 572 935 945 948 986 
711: 1000 610 847 935 945 948 986 
712: 610 948 957 
713: 612 782 871 736 
714: 612 871 791 
715: 1000 619 986 
716: 1000 619 999 
717: 619 931 752 
718: 619 973 864 
719: 1000 626 992 
720: 626 992 852 
721: 634 808 708 
722: 611 844 658 
723: 611 844 894 
724: 866 576 764 
725: 978 992 989 988 979 568 
726: 982 987 990 575 
727: 982 990 575 631 
728: 924 956 570 914 788 822 
729: 956 570 914 855 788 822 
730: 629 871 791 
731: 885 936 984 613 
732: 936 984 613 574 
733: 868 837 617 
734: 837 617 718 
735: 617 718 595 
736: 681 959 573 
737: 643 707 981 588 
738: 807 981 588 
739: 981 839 588 
740: 930 835 663 607 
741: 930 835 607 606 
742: 835 663 798 607 
743: 835 798 607 606 
744: 997 971 910 972 926 593 759 
745: 988 972 593 
746: 980 602 879 967 
747: 602 817 879 967 
748: 946 981 625 
749: 946 625 725 
750: 981 689 625 
751: 689 625 725 
752: 940 900 915 904 627 746 
753: 733 803 598 
754: 729 803 598 751 
755: 803 598 751 717 
756: 982 990 857 631 
757: 913 975 616 
758: 913 616 662 
759: 952 996 601 730 
760: 995 996 601 730 722 
761: 995 991 601 
762: 709 591 791 
763: 683 591 791 
764: 830 621 760 
765: 621 737 665 760 
766: 867 964 922 580 
767: 867 823 922 580 
768: 964 922 580 858 
769: 823 922 580 858 
770: 998 667 605 
771: 998 772 605 
772: 984 667 605 
773: 984 772 605 
774: 876 783 969 592 
775: 876 917 969 592 
776: 719 817 879 603 
777: 980 879 967 603 
778: 817 879 967 603 
779: 726 813 991 881 608 
780: 813 845 991 881 608 
781: 985 933 620 
782: 893 678 620 
783: 832 983 993 587 
784: 983 993 887 831 587 
785: 976 900 915 904 586 
786: 900 915 904 586 644 
787: 832 983 993 579 
788: 983 993 579 700 
789: 983 579 604 
790: 842 996 581 
791: 952 789 996 581 
792: 952 996 929 581 
793: 995 789 996 581 
794: 995 996 929 581 
795: 963 793 931 584 614 
796: 963 931 800 584 
797: 766 808 622 
798: 982 984 622 
799: 895 964 907 922 775 596 
800: 895 964 907 922 903 596 
801: 936 908 984 574 
802: 661 720 578 
803: 720 761 578 
804: 924 956 914 582 822 
805: 924 956 914 594 822 
806: 956 914 855 594 822 
807: 920 919 595 
808: 711 919 595 
809: 919 638 595 
810: 994 995 996 590 
811: 994 590 752 
812: 952 996 954 590 
813: 952 996 590 670 
814: 995 996 954 590 
815: 995 996 590 670 
816: 921 944 723 597 
817: 980 944 723 597 
818: 944 806 597 
819: 963 793 814 614 
820: 963 814 614 802 
821: 998 982 841 623 
822: 989 979 623 
823: 946 981 839 870 577 
824: 981 839 698 577 
825: 940 784 900 915 763 571 
826: 983 993 624 
827: 983 887 604 
828: 983 865 815 604 
829: 941 947 909 824 585 721 
830: 941 947 861 804 909 743 628 
831: 941 947 861 909 824 721 599 
832: 842 954 609 
833: 952 789 609 
834: 952 954 609 
835: 969 862 609 
836: 703 985 615 
837: 985 973 974 906 897 615 
838: 924 956 914 788 822 618 
839: 956 809 914 618 
840: 978 993 632 
841: 978 989 988 979 856 632 
842: 978 989 988 979 869 632 
843: 989 952 632 
844: 1000 650 701 935 945 986 
845: 997 666 971 
846: 805 666 754 
847: 666 973 897 
848: 666 897 695 
849: 643 946 981 
850: 643 946 725 
851: 643 981 698 
852: 636 936 984 
853: 705 818 776 645 
854: 978 654 740 
855: 984 667 697 862 
856: 982 637 841 
857: 877 637 687 
858: 651 769 893 678 
859: 977 987 635 828 975 
860: 977 635 975 967 
861: 674 854 672 797 
862: 850 663 798 
863: 984 772 641 
864: 984 641 841 
865: 950 939 671 
866: 913 975 898 648 
867: 913 975 648 912 
868: 868 919 638 
869: 919 748 638 
870: 977 987 828 975 668 
871: 987 828 975 898 668 
872: 987 975 898 668 801 
873: 982 987 990 679 857 652 
874: 836 918 826 901 660 
875: 998 999 669 
876: 999 991 669 
877: 989 833 665 
878: 905 737 665 760 
879: 766 808 656 
880: 982 708 656 
881: 808 708 656 
882: 913 662 801 
883: 948 957 673 
884: 995 954 957 929 840 673 
885: 851 952 996 670 
886: 851 995 996 957 670 
887: 733 741 657 
888: 729 751 657 
889: 741 751 657 717 
890: 995 789 996 957 653 
891: 995 996 954 957 653 
892: 995 996 957 730 653 
893: 913 939 975 639 
894: 913 975 898 801 639 
895: 828 975 898 639 
896: 977 987 888 828 640 
897: 977 987 828 975 640 
898: 977 913 888 640 
899: 977 913 975 640 
900: 987 888 828 898 640 
901: 987 828 975 898 640 
902: 913 888 898 640 
903: 913 975 898 640 
904: 777 828 640 
905: 978 989 994 988 979 642 
906: 978 989 988 979 869 642 
907: 978 989 988 979 740 642 
908: 949 994 642 
909: 994 927 642 
910: 927 740 642 
911: 988 984 649 
912: 936 984 675 649 
913: 991 955 649 
914: 832 983 993 865 815 655 
915: 832 993 821 655 
916: 1000 703 986 
917: 703 949 944 
918: 1000 712 787 945 948 986 992 
919: 1000 712 935 945 948 986 992 
920: 705 768 776 
921: 707 891 981 
922: 707 950 981 689 
923: 710 974 906 
924: 710 974 916 
925: 706 813 845 991 881 
926: 706 845 727 991 881 
927: 681 934 959 848 680 
928: 745 868 711 837 
929: 745 868 711 702 
930: 745 711 923 
931: 868 711 919 837 
932: 868 711 919 702 
933: 711 919 923 
934: 987 910 689 
935: 950 689 725 
936: 981 689 969 
937: 930 683 968 
938: 782 683 968 
939: 891 981 698 
940: 950 981 839 698 
941: 984 697 781 
942: 745 920 693 702 
943: 920 919 693 702 
944: 919 748 693 
945: 997 971 686 
946: 971 969 686 
947: 845 727 991 686 
948: 965 686 960 
949: 982 786 708 
950: 786 808 708 
951: 808 708 886 
952: 921 829 944 677 
953: 884 980 944 677 
954: 884 829 944 677 
955: 850 944 677 
956: 850 798 677 
957: 745 868 920 702 
958: 868 920 919 702 
959: 892 938 714 
960: 827 872 734 714 
961: 998 772 684 
962: 998 684 841 
963: 781 772 684 
964: 930 923 704 
965: 782 704 834 
966: 923 704 834 
967: 769 893 774 678 
968: 956 943 675 
969: 956 968 675 
970: 905 715 737 760 
971: 988 687 869 
972: 918 901 687 
973: 953 985 974 970 695 
974: 953 985 974 927 897 695 
975: 970 814 695 
976: 946 981 870 691 
977: 993 821 831 700 
978: 778 741 803 717 
979: 741 803 751 717 
980: 841 795 731 
981: 938 889 696 
982: 924 965 696 
983: 965 943 889 958 960 928 899 696 
984: 867 964 863 716 
985: 867 823 863 716 
986: 895 964 863 780 716 
987: 895 964 780 858 716 
988: 895 823 863 716 
989: 895 823 858 716 
990: 719 817 806 
991: 866 732 756 
992: 733 778 741 803 
993: 992 744 979 
994: 745 868 920 837 
995: 745 920 923 
996: 952 728 996 954 929 
997: 952 728 996 929 779 
998: 995 728 996 954 929 
999: 876 917 925 724 
1000: 917 925 724 796 
1001: 951 727 991 
1002: 919 748 837 
1003: 919 748 923 
1004: 836 918 942 901 739 
1005: 836 918 826 901 739 
1006: 974 970 739 
1007: 902 998 999 735 
1008: 902 998 794 735 
1009: 902 999 735 753 
1010: 937 999 735 753 
1011: 937 794 735 
1012: 762 998 999 735 
1013: 998 962 735 
1014: 782 968 871 736 
1015: 923 871 736 
1016: 876 962 742 
1017: 951 966 838 962 961 955 890 742 873 
1018: 891 946 725 
1019: 946 950 839 725 
1020: 921 949 846 829 944 723 
1021: 999 944 723 
1022: 884 949 980 846 944 723 
1023: 884 949 846 829 944 723 
1024: 983 976 747 
1025: 963 793 931 747 
1026: 963 931 976 747 752 
1027: 978 989 988 984 896 979 740 
1028: 941 947 861 804 909 824 743 
1029: 851 995 996 722 
1030: 851 995 840 722 
1031: 851 996 722 779 
1032: 851 840 722 779 
1033: 941 947 861 804 909 824 721 
1034: 940 790 976 915 904 746 
1035: 940 976 900 915 904 746 
1036: 940 900 915 763 746 
1037: 975 900 746 
1038: 1000 749 787 945 948 986 992 
1039: 1000 749 935 945 948 986 992 
1040: 749 992 878 
1041: 1000 750 773 847 935 948 986 
1042: 1000 750 787 948 986 
1043: 755 953 985 973 974 906 927 
1044: 755 953 985 973 974 916 927 
1045: 993 762 998 
1046: 1000 762 998 999 
1047: 762 998 999 819 
1048: 762 998 982 
1049: 762 998 942 
1050: 762 999 757 967 
1051: 762 999 757 819 
1052: 766 786 808 
1053: 766 808 886 
1054: 992 981 767 
1055: 999 770 967 
1056: 999 770 819 
1057: 999 770 753 
1058: 794 770 819 
1059: 771 969 792 
1060: 771 792 758 
1061: 937 794 757 
1062: 999 991 757 
1063: 794 757 819 
1064: 940 784 915 923 763 
1065: 908 984 772 
1066: 984 781 772 
1067: 937 942 753 
1068: 983 993 758 
1069: 993 821 758 
1070: 992 852 991 765 
1071: 992 973 765 
1072: 992 765 779 
1073: 949 850 765 
1074: 983 830 760 
1075: 963 931 970 800 752 
1076: 963 931 976 800 752 
1077: 963 970 800 802 752 
1078: 963 976 800 802 752 
1079: 994 900 752 
1080: 976 900 752 
1081: 997 987 971 910 911 972 932 759 
1082: 997 971 910 911 972 926 932 759 
1083: 997 964 759 
1084: 1000 773 847 935 945 948 986 992 
1085: 902 998 794 819 
1086: 937 794 942 
1087: 998 794 942 
1088: 963 793 931 970 
1089: 963 793 970 814 
1090: 963 931 777 
1091: 963 777 814 
1092: 782 871 834 
1093: 940 784 976 900 915 904 
1094: 940 784 915 923 904 
1095: 940 790 915 923 904 
1096: 988 790 904 
1097: 941 995 789 
1098: 876 783 925 969 912 
1099: 854 774 797 
1100: 997 972 781 
1101: 982 984 781 
1102: 997 998 987 971 911 972 932 799 
1103: 997 998 971 911 972 926 932 799 
1104: 997 998 971 911 968 926 932 799 
1105: 998 799 841 
1106: 895 964 907 922 775 858 
1107: 895 823 922 775 858 
1108: 992 922 775 
1109: 974 933 792 897 
1110: 963 970 814 800 802 
1111: 963 976 814 800 802 
1112: 895 964 863 907 922 903 780 
1113: 895 964 907 922 903 780 858 
1114: 938 913 898 801 
1115: 975 898 862 801 
1116: 998 962 890 785 
1117: 965 943 889 811 958 860 960 785 928 899 
1118: 992 875 994 779 
1119: 994 851 996 957 929 779 
1120: 851 952 996 929 779 
1121: 851 957 929 840 779 
1122: 807 891 946 981 870 
1123: 807 946 950 981 
1124: 807 946 981 969 870 
1125: 971 813 979 
1126: 813 845 881 820 
1127: 978 810 881 
1128: 953 973 810 916 927 812 933 
1129: 973 810 849 927 933 
1130: 913 817 912 
1131: 817 879 912 
1132: 817 967 806 
1133: 832 993 990 976 821 
1134: 993 990 821 831 
1135: 953 985 973 974 970 812 933 
1136: 953 985 973 974 906 927 812 933 
1137: 953 985 973 974 916 927 812 933 
1138: 902 998 999 819 
1139: 998 910 819 
1140: 945 976 814 
1141: 842 963 843 814 
1142: 963 843 970 814 802 
1143: 949 846 944 806 
1144: 956 914 806 855 
1145: 940 976 815 
1146: 832 983 993 990 976 865 815 
1147: 983 993 990 831 815 
1148: 976 815 899 
1149: 993 887 820 
1150: 993 865 820 
1151: 952 996 954 929 820 
1152: 997 832 865 
1153: 921 885 829 
1154: 884 885 829 
1155: 867 823 863 922 903 
1156: 895 823 863 922 903 
1157: 895 823 922 903 858 
1158: 823 879 967 
1159: 977 828 975 883 
1160: 828 975 898 883 
1161: 978 880 989 988 878 896 979 833 869 
1162: 978 992 989 988 878 979 833 
1163: 983 993 990 887 831 
1164: 923 871 834 
1165: 836 877 942 
1166: 842 996 954 
1167: 946 950 981 839 
1168: 946 981 839 969 870 
1169: 853 951 966 838 962 991 961 955 882 
1170: 853 951 966 838 962 961 955 890 882 
1171: 951 966 838 962 961 955 890 873 882 
1172: 994 844 894 
1173: 963 931 843 970 
1174: 949 994 846 
1175: 994 846 858 
1176: 846 944 858 
1177: 989 994 849 979 
1178: 994 995 957 849 929 
1179: 994 849 979 929 
1180: 994 849 927 
1181: 949 850 944 
1182: 934 959 848 886 
1183: 868 920 919 837 
1184: 851 995 954 957 929 840 
1185: 982 984 841 
1186: 931 976 899 
1187: 853 966 905 961 955 890 
1188: 994 851 995 996 957 929 
1189: 851 952 996 954 929 
1190: 851 995 996 954 957 929 
1191: 867 964 863 907 922 903 
1192: 996 863 922 
1193: 953 985 973 974 970 864 933 
1194: 953 985 973 974 906 927 864 933 
1195: 953 985 973 974 916 927 864 933 
1196: 977 975 862 
1197: 885 984 862 
1198: 984 898 862 
1199: 885 956 914 855 
1200: 978 880 989 994 988 979 856 
1201: 978 880 989 988 984 896 979 856 
1202: 978 992 989 994 988 979 856 
1203: 978 992 989 988 984 979 856 
1204: 997 867 964 
1205: 876 917 925 969 912 
1206: 977 874 975 
1207: 892 875 994 
1208: 995 996 877 
1209: 963 976 870 
1210: 902 953 869 
1211: 951 966 990 962 961 955 890 873 882 
1212: 978 880 989 994 988 878 979 
1213: 978 880 989 988 896 979 942 
1214: 884 980 984 
1215: 884 885 984 
1216: 885 924 956 914 
1217: 978 992 989 994 988 878 979 
1218: 989 878 879 
1219: 983 993 990 887 976 
1220: 966 991 881 
1221: 987 991 881 
1222: 902 999 886 
1223: 999 968 886 967 
1224: 968 942 886 
1225: 938 898 883 
1226: 999 990 991 882 
1227: 951 966 990 962 991 961 955 882 
1228: 997 895 911 
1229: 997 895 964 
1230: 896 968 942 
1231: 977 913 888 939 
1232: 977 913 888 912 
1233: 977 888 967 
1234: 998 987 888 
1235: 998 888 968 
1236: 888 968 967 
1237: 888 968 912 
1238: 888 898 967 
1239: 978 989 994 979 894 
1240: 953 985 973 974 906 927 933 897 
1241: 902 998 930 
1242: 937 905 955 
1243: 905 955 967 
1244: 963 985 906 
1245: 975 898 967 
1246: 992 988 904 
1247: 984 979 901 
1248: 979 942 901 
1249: 908 984 928 
1250: 908 965 943 958 960 928 
1251: 997 998 987 971 910 911 972 932 
1252: 997 998 971 910 911 972 926 932 
1253: 997 998 971 910 911 968 926 932 
1254: 997 971 910 908 972 932 
1255: 998 910 974 
1256: 997 908 972 943 
1257: 937 968 912 
1258: 977 913 975 912 
1259: 977 913 939 975 
1260: 920 919 923 
1261: 931 918 942 
1262: 935 976 915 
1263: 977 920 923 
1264: 977 939 923 
1265: 969 961 922 
1266: 987 924 956 
1267: 963 931 925 970 
1268: 963 931 925 976 
1269: 925 970 969 
1270: 997 978 926 
1271: 997 998 930 971 972 926 932 
1272: 997 998 930 971 968 926 932 
1273: 978 993 926 
1274: 993 998 930 926 932 
1275: 996 929 926 
1276: 972 929 926 
1277: 952 972 929 
1278: 937 968 942 
1279: 935 945 976 
1280: 998 968 942 
1281: 956 968 942 
1282: 989 952 954 
1283: 995 954 991 
1284: 985 991 955 
1285: 963 985 970 
1286: 982 966 990 
1287: 998 999 968 
1288: 998 982 987 971 
1289: 987 971 979 
1290: 998 995 974 
1291: 978 993 984 
1292: 986 992 991 
1293: 998 999 987 
1294: 999 987 990 991 
