# The communities at k=3
# from G:\Dropbox\Raghda\CNA\Final Project\other methods\CFinder-2.0.6--1448\G:\Dropbox\Raghda\CNA\Final Project\Datasets\binary_networks\LFR3\network_LFR3_Om5.dat
# at no lower link weight threshold,
# and at no upper link weight threshold.
# Links were treated as undirected.
# No time limit was set for the clique search.

0: 1 529 868 945 982 10 298 639 742 989 100 973 979 996 999 1000 113 127 221 306 312 333 373 378 398 418 486 520 562 564 58 589 636 642 644 648 656 697 713 730 748 751 753 775 781 784 785 819 843 849 856 857 86 882 900 914 927 942 964 966 968 997 411 962 992 102 944 963 976 987 104 489 759 990 106 961 981 991 107 763 801 578 661 696 710 109 823 879 925 11 514 699 871 912 110 502 720 761 881 111 570 752 933 112 770 816 967 114 606 865 116 605 117 226 873 893 930 118 366 913 918 971 119 957 993 995 44 791 496 837 921 121 364 749 949 978 122 455 887 965 124 329 852 953 861 126 768 867 910 986 874 128 929 129 685 13 722 946 985 970 931 133 476 817 833 134 818 959 135 255 574 923 136 928 829 836 87 988 138 766 814 938 139 806 14 809 960 140 643 141 376 610 142 679 940 952 435 969 144 680 718 146 903 147 148 880 149 15 249 773 825 862 901 313 691 915 152 74 956 153 950 154 155 888 975 998 156 413 157 61 941 158 371 939 159 252 848 16 254 786 160 974 161 983 162 363 762 917 163 701 89 164 764 922 776 166 197 792 167 560 883 758 951 169 17 183 602 897 170 850 171 783 173 890 358 674 690 803 726 732 798 264 177 621 745 179 788 840 855 937 18 180 935 182 185 186 507 552 694 187 877 904 926 189 19 267 190 295 191 846 193 259 889 194 807 195 782 196 591 198 199 653 911 2 669 994 654 712 558 860 202 577 831 203 598 647 875 204 739 891 206 844 859 822 213 728 980 214 872 885 215 277 445 217 894 218 219 22 565 220 403 222 608 622 223 224 695 771 895 594 824 292 498 383 23 557 724 233 234 235 236 799 826 237 512 906 238 737 239 35 24 811 876 884 240 847 907 241 509 650 845 947 242 830 244 278 612 892 651 924 634 250 251 457 787 253 500 902 851 863 318 538 870 258 607 26 261 566 262 977 649 715 596 266 645 268 410 627 707 271 729 272 777 896 898 827 274 704 948 275 719 545 705 795 279 350 28 280 281 630 282 543 503 285 286 287 549 289 448 687 741 290 708 291 541 678 293 553 294 447 296 790 299 90 386 623 300 494 301 451 834 302 628 424 638 736 304 307 308 47 309 52 310 637 311 702 490 808 315 316 517 629 317 319 65 32 320 321 322 323 480 324 878 325 326 328 527 33 330 499 332 821 337 338 658 340 479 341 444 491 506 600 583 343 344 727 345 346 433 698 348 757 351 353 673 354 355 709 357 391 740 359 609 36 812 360 361 804 683 613 365 37 374 375 584 377 379 563 604 380 381 659 504 385 75 84 389 641 663 744 395 396 652 4 774 835 40 79 400 815 401 842 402 495 404 405 407 590 625 408 481 488 525 409 412 416 42 832 420 421 734 422 534 423 425 429 78 43 430 431 62 72 432 462 474 854 434 436 588 437 554 439 780 624 440 461 442 667 449 617 45 692 452 458 671 459 571 463 48 464 468 471 477 472 561 802 473 511 779 593 478 482 483 484 706 485 936 49 666 677 492 743 555 587 5 50 581 569 662 731 510 668 519 516 655 754 524 528 53 556 531 635 532 533 723 603 535 580 537 542 544 735 886 548 721 55 746 595 620 559 56 675 568 717 646 576 579 750 611 582 632 599 60 660 616 657 83 96 664 670 738 8 68 681 682 684 7 714 82 93 95 92 
1: 856 103 615 794 810 984 699 115 796 864 916 837 125 550 946 988 145 805 866 690 184 273 665 314 522 34 70 820 757 362 367 466 370 693 501 393 686 601 419 505 454 460 754 597 575 585 631 703 672 700 9 
2: 105 523 540 899 908 923 192 619 826 892 688 349 725 450 567 573 54 575 
3: 699 120 921 
4: 123 342 508 747 131 733 769 132 838 839 931 390 247 356 417 651 470 39 394 456 63 
5: 914 130 755 772 813 934 172 760 209 231 283 637 808 406 936 513 546 754 59 681 
6: 819 446 77 869 205 858 919 211 339 618 797 216 397 270 841 741 808 334 80 709 388 526 614 493 
7: 970 143 435 
8: 748 914 41 208 572 765 789 853 892 347 441 547 756 676 551 
9: 915 165 387 711 207 57 
10: 201 558 860 
11: 778 232 640 932 955 245 909 972 246 828 943 954 958 924 25 586 263 920 827 284 536 767 793 288 741 29 716 305 905 453 352 372 399 689 592 426 800 467 469 487 515 539 518 521 530 69 633 91 98 
12: 303 638 736 
13: 809 392 501 
14: 711 745 822 
