# The links inside the communities at k=4
# from G:\Dropbox\Raghda\CNA\Final Project\other methods\CFinder-2.0.6--1448\G:\Dropbox\Raghda\CNA\Final Project\Datasets\binary_networks\LFR5\network_LFR5_Om6.dat
# at no lower link weight threshold,
# and at no upper link weight threshold.
# Links were treated as undirected.
# No time limit was set for the clique search.

0:
1 569
1 753
1 977
569 753
569 977
569 976
569 919
753 977
753 976
753 919
977 976
977 919
1:
954 805
954 959
954 979
102 623
102 805
102 959
623 805
623 959
623 979
623 394
805 959
805 979
805 394
959 979
959 394
2:
893 889
893 951
893 967
113 889
113 951
113 967
889 951
889 967
889 924
889 319
889 875
889 814
889 264
889 850
951 967
951 924
951 319
951 875
951 814
951 264
951 850
967 924
967 319
967 875
967 814
967 264
967 850
814 850
3:
929 969
929 122
929 972
929 953
969 122
969 972
969 953
122 972
972 953
4:
954 986
954 944
954 854
954 406
986 969
986 994
986 885
986 135
986 944
986 924
986 873
986 996
986 854
986 406
986 748
986 711
969 885
969 944
969 996
969 748
994 885
994 944
994 748
994 711
885 135
885 944
885 996
885 854
885 406
885 748
885 711
135 944
944 924
944 873
944 996
944 854
944 406
944 748
944 711
924 854
873 996
996 854
996 711
854 748
854 711
748 711
5:
999 14
999 724
999 980
999 441
14 724
14 980
724 980
724 441
980 441
6:
942 973
942 142
942 788
942 688
942 352
942 516
942 571
942 629
942 640
973 142
973 788
973 688
973 352
973 516
973 571
973 629
973 640
142 788
788 688
788 352
788 516
788 571
788 629
788 640
688 516
688 571
688 629
688 640
516 629
571 629
571 640
629 640
7:
988 156
988 736
988 750
988 958
156 736
156 750
736 750
736 958
750 958
8:
987 965
987 984
987 170
987 948
987 966
987 887
987 991
987 338
987 415
987 430
965 984
965 948
965 415
984 170
984 948
984 966
984 887
984 991
984 338
984 415
984 430
170 948
948 966
948 887
948 991
948 338
948 415
948 430
991 338
991 430
415 430
9:
958 187
958 449
958 759
187 449
187 759
449 759
10:
978 989
978 998
978 975
978 910
989 998
989 996
989 200
989 975
989 663
989 910
989 735
998 996
998 200
998 975
998 663
998 910
998 735
996 975
996 663
996 910
996 735
200 975
975 663
975 910
663 910
11:
903 815
903 712
903 321
815 712
815 209
815 321
712 209
712 321
209 321
12:
834 983
834 474
834 223
834 830
834 635
834 890
983 474
983 223
983 830
983 635
983 890
474 635
223 830
830 635
830 890
13:
882 841
882 867
882 59
882 667
882 77
841 867
841 667
841 77
867 59
867 667
867 77
59 667
14:
992 832
992 535
992 34
992 858
832 535
832 34
832 858
535 34
535 858
15:
909 552
909 940
909 634
552 940
552 966
552 634
552 4
940 966
940 634
940 4
966 634
966 4
16:
884 42
884 424
884 654
42 424
42 654
424 654
17:
950 995
950 812
950 446
950 99
995 812
995 923
995 446
812 923
812 446
812 99
923 446
446 99
18:
529 876
529 598
529 51
876 598
876 51
598 51
19:
886 971
886 934
886 73
971 934
971 73
934 73
20:
970 749
970 842
970 442
970 515
749 842
749 247
749 442
749 515
842 247
842 442
842 515
247 442
247 515
442 515
21:
768 310
768 926
768 660
768 862
310 660
310 862
926 660
926 862
660 862
22:
908 746
908 459
908 287
746 459
746 287
459 287
23:
904 917
904 995
904 298
917 995
917 298
995 298
24:
927 956
927 981
927 597
945 956
945 981
945 597
956 981
956 303
956 390
956 597
956 937
981 303
981 390
981 597
981 937
303 390
303 597
597 937
25:
929 949
929 990
929 999
929 972
929 980
929 955
929 863
929 308
929 418
949 999
949 972
990 999
990 972
990 955
990 308
999 972
999 980
999 863
999 418
972 980
972 955
972 863
972 308
972 418
980 955
955 418
26:
962 985
962 892
962 472
985 892
985 315
985 472
892 315
892 472
315 472
27:
909 778
909 762
909 334
778 762
778 334
762 334
28:
900 920
900 932
900 996
969 920
969 996
969 363
920 932
920 996
920 363
932 996
932 363
996 363
29:
976 536
976 470
976 609
536 470
536 609
470 609
30:
904 996
904 460
904 453
996 460
996 453
460 453
31:
993 925
993 968
993 845
993 916
993 838
993 991
993 397
911 968
911 916
911 991
903 925
903 838
903 589
925 895
925 968
925 845
925 838
925 991
925 589
925 741
895 838
895 741
968 916
968 991
845 838
845 991
845 397
845 589
845 741
916 991
838 991
838 397
838 589
838 741
589 741
32:
893 964
893 957
893 894
945 964
945 957
945 894
945 791
974 964
974 957
974 894
974 791
974 655
964 957
964 894
964 791
964 413
964 402
964 655
964 512
964 539
957 894
957 791
957 413
957 402
957 655
957 512
957 539
894 791
894 413
894 402
894 655
894 512
894 539
791 413
791 655
791 512
791 539
402 655
655 539
512 539
33:
985 892
985 659
985 400
892 659
892 400
659 400
34:
969 883
969 764
969 933
725 764
725 933
725 706
725 657
725 452
883 764
883 933
883 706
883 452
764 933
764 706
764 452
933 706
933 657
933 452
706 657
657 452
35:
1000 488
1000 588
1000 595
1000 647
1000 770
1000 853
1000 949
1000 950
1000 954
488 588
488 595
488 853
488 954
588 647
588 770
588 853
588 950
595 770
595 853
595 954
647 770
647 853
647 950
770 853
770 949
770 954
853 949
36:
935 528
935 907
935 912
935 756
935 941
935 723
528 907
528 756
528 723
907 723
912 756
912 723
756 941
756 723
941 723
37:
831 960
831 923
831 742
831 772
960 923
960 742
960 772
923 772
742 772
38:
715 542
715 835
715 505
715 574
542 835
542 574
835 505
835 574
505 574
39:
930 938
930 605
930 578
938 605
938 578
605 578
40:
982 947
982 997
982 974
982 943
982 991
982 564
947 997
947 943
997 974
997 943
997 991
997 564
974 943
974 564
943 991
943 564
991 564
41:
994 997
994 974
994 570
997 974
997 570
974 570
42:
893 997
893 698
893 627
962 997
962 974
962 698
962 627
997 974
997 698
997 627
974 627
698 627
43:
914 878
914 720
914 611
878 720
878 611
720 611
44:
677 930
677 976
677 699
930 976
930 699
976 699
45:
930 976
930 779
930 665
976 779
976 665
779 665
46:
724 980
724 946
724 684
980 946
980 684
946 684
47:
870 906
870 965
870 852
687 906
687 965
687 852
906 965
906 852
965 852
48:
992 801
992 919
992 926
801 919
801 926
919 926
49:
931 966
931 819
931 863
931 941
966 819
966 863
966 941
819 863
819 941
863 941
50:
833 936
833 999
833 945
833 905
833 919
936 999
936 905
999 945
999 905
999 919
945 905
945 919
51:
904 978
904 871
904 963
978 871
978 963
871 963
52:
994 939
994 955
994 887
939 955
939 887
955 887
53:
952 971
952 981
952 899
971 981
971 899
981 899
54:
917 949
917 920
917 932
949 920
949 932
920 932
55:
952 956
952 981
952 953
956 981
956 953
981 953
