# The communities at k=4
# from G:\Dropbox\Raghda\CNA\Final Project\other methods\CFinder-2.0.6--1448\G:\Dropbox\Raghda\CNA\Final Project\Datasets\binary_networks\LFR5\network_LFR5_Om6.dat
# at no lower link weight threshold,
# and at no upper link weight threshold.
# Links were treated as undirected.
# No time limit was set for the clique search.

0: 1 569 753 977 976 919 
1: 954 102 623 805 959 979 394 
2: 893 113 889 951 967 924 319 875 814 264 850 
3: 929 969 122 972 953 
4: 954 986 969 994 885 135 944 924 873 996 854 406 748 711 
5: 999 14 724 980 441 
6: 942 973 142 788 688 352 516 571 629 640 
7: 988 156 736 750 958 
8: 987 965 984 170 948 966 887 991 338 415 430 
9: 958 187 449 759 
10: 978 989 998 996 200 975 663 910 735 
11: 903 815 712 209 321 
12: 834 983 474 223 830 635 890 
13: 882 841 867 59 667 77 
14: 992 832 535 34 858 
15: 909 552 940 966 634 4 
16: 884 42 424 654 
17: 950 995 812 923 446 99 
18: 529 876 598 51 
19: 886 971 934 73 
20: 970 749 842 247 442 515 
21: 768 310 926 660 862 
22: 908 746 459 287 
23: 904 917 995 298 
24: 927 945 956 981 303 390 597 937 
25: 929 949 990 999 972 980 955 863 308 418 
26: 962 985 892 315 472 
27: 909 778 762 334 
28: 900 969 920 932 996 363 
29: 976 536 470 609 
30: 904 996 460 453 
31: 993 911 903 925 895 968 845 916 838 991 397 589 741 
32: 893 945 974 964 957 894 791 413 402 655 512 539 
33: 985 892 659 400 
34: 969 725 883 764 933 706 657 452 
35: 1000 488 588 595 647 770 853 949 950 954 
36: 935 528 907 912 756 941 723 
37: 831 960 923 742 772 
38: 715 542 835 505 574 
39: 930 938 605 578 
40: 982 947 997 974 943 991 564 
41: 994 997 974 570 
42: 893 962 997 974 698 627 
43: 914 878 720 611 
44: 677 930 976 699 
45: 930 976 779 665 
46: 724 980 946 684 
47: 870 687 906 965 852 
48: 992 801 919 926 
49: 931 966 819 863 941 
50: 833 936 999 945 905 919 
51: 904 978 871 963 
52: 994 939 955 887 
53: 952 971 981 899 
54: 917 949 920 932 
55: 952 956 981 953 
