1	766
1	815
1	817
1	913
2	839
2	867
2	917
2	984
3	653
3	901
3	930
3	942
4	484
4	621
4	986
4	988
5	288
5	848
5	905
5	992
6	321
6	746
6	789
6	805
7	393
7	873
7	981
7	1000
8	829
8	866
8	896
8	968
9	407
9	629
9	811
9	981
10	331
10	731
10	873
10	1000
11	623
11	769
11	971
11	980
12	429
12	562
12	779
12	996
13	593
13	601
13	943
13	965
14	632
14	843
14	957
14	994
15	886
15	953
15	978
15	984
16	561
16	850
16	950
16	999
17	698
17	926
17	987
17	994
18	39
18	264
18	781
18	813
19	192
19	794
19	911
19	956
20	908
20	960
20	979
20	1000
21	285
21	601
21	915
21	960
22	452
22	462
22	883
22	999
23	829
23	831
23	959
23	970
24	669
24	715
24	814
24	875
25	50
25	495
25	540
25	629
26	281
26	790
26	836
26	926
27	185
27	589
27	825
27	992
28	284
28	585
28	967
28	980
29	382
29	611
29	773
29	988
30	234
30	418
30	582
30	728
31	769
31	840
31	929
31	980
32	729
32	849
32	863
32	908
33	151
33	631
33	983
33	986
34	840
34	896
34	925
34	974
35	691
35	923
35	936
35	998
36	183
36	777
36	837
36	964
37	511
37	703
37	981
37	988
38	679
38	748
38	923
38	995
39	18
39	87
39	854
39	951
40	408
40	670
40	954
40	972
41	197
41	491
41	947
41	952
42	579
42	647
42	861
42	992
43	636
43	956
43	982
43	987
44	864
44	952
44	988
44	990
45	638
45	775
45	847
45	970
46	62
46	286
46	458
46	644
47	269
47	403
47	982
47	992
48	538
48	786
48	809
48	830
49	315
49	929
49	955
49	980
50	25
50	495
50	776
50	823
51	752
51	879
51	948
51	961
52	918
52	938
52	957
52	984
53	542
53	575
53	686
53	993
54	449
54	594
54	830
54	874
55	669
55	733
55	894
55	898
56	317
56	469
56	793
56	902
57	618
57	895
57	945
57	984
58	241
58	583
58	862
58	994
59	257
59	440
59	727
59	845
60	604
60	683
60	797
60	991
61	904
61	984
61	992
61	997
62	46
62	126
62	487
62	779
63	379
63	867
63	964
63	997
64	265
64	688
64	994
64	999
65	600
65	874
65	901
65	958
66	307
66	554
66	885
66	904
67	270
67	540
67	598
67	774
68	545
68	644
68	765
68	870
69	590
69	701
69	939
69	946
70	427
70	472
70	937
70	955
71	614
71	930
71	969
71	994
72	473
72	649
72	683
72	816
73	107
73	438
73	526
73	991
74	539
74	756
74	942
74	968
75	659
75	853
75	880
75	946
76	784
76	790
76	808
76	869
77	259
77	900
77	934
77	954
78	744
78	859
78	924
78	993
79	259
79	827
79	879
79	915
80	620
80	753
80	781
80	855
81	126
81	307
81	729
81	879
82	568
82	900
82	919
82	969
83	966
83	996
83	997
83	998
84	938
84	979
84	992
84	996
85	428
85	637
85	884
85	987
86	348
86	721
86	876
86	882
87	39
87	596
87	854
87	920
88	410
88	849
88	869
88	898
89	430
89	615
89	908
89	960
90	571
90	817
90	849
90	855
91	500
91	901
91	915
91	998
92	953
92	969
92	983
92	988
93	282
93	712
93	931
93	945
94	722
94	852
94	882
94	894
95	525
95	879
95	883
95	998
96	612
96	790
96	918
96	926
97	317
97	770
97	776
97	992
98	215
98	594
98	634
98	952
99	135
99	799
99	964
99	993
100	788
100	849
100	965
100	991
101	521
101	695
101	954
101	989
102	783
102	936
102	977
102	998
103	171
103	286
103	487
103	977
104	149
104	457
104	687
104	974
105	905
105	910
105	915
105	984
106	171
106	199
106	487
106	977
107	73
107	521
107	824
107	957
108	712
108	873
108	895
108	924
109	190
109	458
109	896
109	953
110	459
110	654
110	892
110	976
111	277
111	761
111	955
111	987
112	557
112	595
112	661
112	896
113	346
113	803
113	953
113	957
114	189
114	757
114	924
114	974
115	405
115	721
115	801
115	996
116	325
116	847
116	924
116	996
117	197
117	387
117	730
117	926
118	570
118	768
118	937
118	972
119	346
119	702
119	767
119	962
120	184
120	888
120	894
120	971
121	778
121	831
121	836
121	885
122	546
122	847
122	970
122	971
123	857
123	910
123	929
123	999
124	230
124	626
124	790
124	931
125	656
125	703
125	774
125	960
126	62
126	81
126	307
126	312
127	606
127	927
127	982
127	992
128	819
128	859
128	870
128	966
129	645
129	692
129	756
129	871
130	886
130	955
130	974
130	990
131	508
131	853
131	946
131	969
132	627
132	868
132	882
132	994
133	767
133	820
133	990
133	996
134	659
134	846
134	927
134	992
135	99
135	742
135	979
135	1000
136	636
136	920
136	934
136	981
137	818
137	898
137	990
137	997
138	334
138	902
138	974
138	988
139	404
139	650
139	948
139	980
140	634
140	686
140	687
140	734
141	677
141	698
141	935
141	970
142	849
142	884
142	894
142	960
143	589
143	645
143	736
143	984
144	145
144	484
144	976
144	992
145	144
145	513
145	908
145	990
146	401
146	570
146	675
146	986
147	417
147	692
147	808
147	825
148	277
148	703
148	780
148	933
149	104
149	457
149	726
149	974
150	296
150	445
150	757
150	976
151	33
151	702
151	983
151	986
152	690
152	798
152	964
152	997
153	396
153	571
153	620
153	781
154	633
154	676
154	842
154	927
155	771
155	980
155	997
155	1000
156	851
156	878
156	931
156	995
157	696
157	743
157	804
157	989
158	858
158	879
158	915
158	949
159	705
159	780
159	889
159	979
160	179
160	385
160	840
160	954
161	588
161	675
161	885
161	968
162	305
162	601
162	819
162	945
163	450
163	578
163	629
163	989
164	393
164	663
164	706
164	995
165	907
165	973
165	993
165	1000
166	395
166	528
166	814
166	854
167	735
167	901
167	952
167	962
168	513
168	596
168	613
168	885
169	804
169	875
169	907
169	923
170	472
170	794
170	824
170	955
171	103
171	106
171	487
171	977
172	201
172	753
172	936
172	998
173	449
173	881
173	919
173	928
174	500
174	901
174	928
174	990
175	344
175	513
175	596
175	985
176	285
176	343
176	463
176	898
177	867
177	892
177	918
177	924
178	244
178	710
178	940
178	964
179	160
179	345
179	476
179	989
180	445
180	642
180	786
180	894
181	679
181	916
181	968
181	995
182	878
182	909
182	959
182	1000
183	36
183	415
183	727
183	976
184	120
184	611
184	773
184	988
185	27
185	248
185	925
185	999
186	343
186	576
186	638
186	805
187	273
187	458
187	860
187	991
188	426
188	603
188	966
188	996
189	114
189	679
189	888
189	974
190	109
190	217
190	467
190	896
191	231
191	502
191	657
191	991
192	19
192	839
192	863
192	911
193	248
193	389
193	701
193	866
194	575
194	786
194	873
194	939
195	437
195	830
195	869
195	954
196	511
196	693
196	794
196	997
197	41
197	117
197	220
197	524
198	545
198	680
198	803
198	944
199	106
199	655
199	946
199	977
200	803
200	877
200	885
200	978
201	172
201	400
201	890
201	942
202	605
202	828
202	931
202	994
203	732
203	847
203	935
203	970
204	465
204	486
204	851
204	961
205	548
205	874
205	958
205	990
206	722
206	888
206	952
206	971
207	775
207	970
207	971
207	983
208	868
208	894
208	946
208	957
209	591
209	633
209	842
209	998
210	730
210	926
210	969
210	985
211	335
211	926
211	969
211	992
212	680
212	756
212	916
212	944
213	697
213	777
213	823
213	980
214	468
214	815
214	826
214	975
215	98
215	594
215	634
215	952
216	238
216	801
216	975
216	993
217	190
217	486
217	555
217	757
218	637
218	728
218	837
218	987
219	630
219	863
219	911
219	956
220	197
220	655
220	947
220	952
221	513
221	729
221	830
221	873
222	322
222	471
222	584
222	925
223	650
223	680
223	811
223	947
224	641
224	660
224	846
224	930
225	380
225	644
225	916
225	962
226	336
226	942
226	981
226	997
227	771
227	773
227	917
227	918
228	454
228	526
228	530
228	731
229	752
229	930
229	949
229	981
230	124
230	296
230	915
230	923
231	191
231	657
231	803
231	991
232	311
232	778
232	872
232	878
233	438
233	782
233	854
233	951
234	30
234	858
234	874
234	984
235	631
235	792
235	797
235	987
236	824
236	954
236	975
236	989
237	907
237	944
237	973
237	990
238	216
238	239
238	975
238	993
239	238
239	801
239	975
239	993
240	613
240	751
240	761
240	827
241	58
241	318
241	789
241	824
241	994
242	751
242	765
242	960
242	974
242	979
243	490
243	734
243	836
243	997
243	1000
244	178
244	770
244	916
244	940
244	964
245	582
245	747
245	786
245	894
245	925
246	424
246	453
246	905
246	925
246	982
247	852
247	881
247	894
247	912
247	969
248	185
248	193
248	517
248	891
248	933
249	304
249	324
249	545
249	741
249	765
250	720
250	743
250	831
250	878
250	1000
251	303
251	749
251	872
251	900
251	938
252	431
252	809
252	870
252	887
252	891
253	816
253	846
253	954
253	976
253	996
254	777
254	836
254	837
254	916
254	976
255	721
255	893
255	941
255	973
255	990
256	279
256	647
256	805
256	861
256	992
257	59
257	318
257	601
257	713
257	792
258	663
258	708
258	809
258	960
258	978
259	77
259	79
259	560
259	695
259	975
260	483
260	671
260	724
260	867
260	967
261	301
261	303
261	492
261	872
261	900
262	806
262	875
262	921
262	943
262	977
263	628
263	631
263	659
263	737
263	986
264	18
264	861
264	888
264	979
264	993
265	64
265	334
265	774
265	939
265	996
266	550
266	722
266	852
266	894
266	971
267	700
267	743
267	752
267	777
267	978
268	802
268	898
268	966
268	982
268	996
269	47
269	309
269	927
269	947
269	992
270	67
270	668
270	868
270	956
270	995
271	712
271	793
271	949
271	992
271	994
272	359
272	802
272	985
272	988
272	995
273	187
273	526
273	614
273	640
273	991
274	413
274	464
274	924
274	962
274	986
275	868
275	909
275	977
275	991
275	995
276	497
276	678
276	908
276	968
276	994
277	111
277	148
277	836
277	933
277	978
278	728
278	782
278	833
278	853
278	939
279	256
279	798
279	916
279	998
279	999
280	504
280	894
280	948
280	980
280	999
281	26
281	356
281	573
281	945
281	987
282	93
282	398
282	474
282	694
282	932
283	678
283	797
283	994
283	996
283	999
284	28
284	698
284	761
284	929
284	993
285	21
285	176
285	480
285	849
285	898
286	46
286	103
286	626
286	874
286	931
287	385
287	430
287	553
287	576
287	797
288	5
288	742
288	858
288	928
288	960
289	608
289	829
289	872
289	979
289	999
290	307
290	474
290	485
290	498
290	577
291	531
291	695
291	710
291	954
291	975
292	482
292	928
292	971
292	988
292	994
293	407
293	501
293	815
293	871
293	966
294	837
294	868
294	921
294	941
294	969
295	661
295	752
295	915
295	949
295	993
296	150
296	230
296	842
296	917
296	998
297	708
297	780
297	836
297	942
297	981
298	456
298	779
298	803
298	885
298	978
299	325
299	415
299	595
299	683
299	976
300	378
300	738
300	879
300	885
300	965
301	261
301	492
301	846
301	872
301	900
302	351
302	898
302	953
302	959
302	988
303	251
303	261
303	670
303	872
303	900
304	249
304	677
304	935
304	970
304	993
305	162
305	519
305	819
305	907
305	925
306	453
306	844
306	905
306	925
306	982
307	66
307	81
307	126
307	290
307	554
308	654
308	932
308	968
308	976
308	993
309	269
309	756
309	908
309	960
309	992
310	474
310	485
310	645
310	932
310	968
311	232
311	564
311	829
311	965
311	997
312	126
312	566
312	856
312	991
312	992
313	727
313	745
313	750
313	988
313	998
314	673
314	799
314	913
314	967
314	985
315	49
315	525
315	630
315	956
315	980
316	430
316	576
316	638
316	797
316	805
317	56
317	97
317	752
317	848
317	879
318	241
318	257
318	917
318	983
318	994
319	424
319	844
319	905
319	925
319	982
320	793
320	914
320	939
320	955
320	981
321	6
321	343
321	797
321	961
321	994
322	222
322	497
322	511
322	975
322	1000
323	370
323	621
323	799
323	931
323	990
324	249
324	420
324	963
324	966
324	984
325	116
325	299
325	485
325	906
325	968
326	623
326	801
326	936
326	979
326	998
327	473
327	577
327	752
327	936
327	998
328	401
328	930
328	948
328	980
328	986
329	549
329	723
329	807
329	939
329	998
330	836
330	934
330	937
330	951
330	972
331	10
331	690
331	848
331	964
331	997
332	619
332	777
332	862
332	916
332	999
333	525
333	563
333	577
333	809
333	813
334	138
334	265
334	554
334	900
334	984
335	211
335	871
335	889
335	919
335	928
336	226
336	441
336	529
336	871
336	885
337	459
337	513
337	646
337	807
337	976
338	365
338	420
338	653
338	671
338	959
339	362
339	543
339	930
339	944
339	982
340	720
340	743
340	778
340	878
340	959
341	837
341	958
341	969
341	976
341	994
342	698
342	761
342	946
342	981
342	999
343	176
343	186
343	321
343	604
343	898
344	175
344	500
344	720
344	878
344	940
345	179
345	550
345	652
345	895
345	957
346	113
346	119
346	808
346	941
346	969
347	904
347	940
347	958
347	966
347	996
348	86
348	447
348	605
348	740
348	876
349	503
349	766
349	820
349	922
349	959
350	400
350	744
350	818
350	900
350	973
351	302
351	667
351	796
351	907
351	925
352	730
352	875
352	929
352	938
352	943
353	792
353	863
353	911
353	914
353	956
354	672
354	845
354	929
354	946
354	980
355	613
355	712
355	771
355	787
355	954
356	281
356	612
356	926
356	940
356	987
357	423
357	612
357	712
357	756
357	987
358	636
358	820
358	823
358	880
358	989
359	272
359	555
359	687
359	760
359	858
360	529
360	576
360	825
360	834
360	915
361	831
361	834
361	858
361	878
361	999
362	339
362	539
362	641
362	930
362	982
363	642
363	685
363	755
363	966
363	996
364	479
364	763
364	890
364	913
364	969
365	338
365	766
365	906
365	922
365	966
366	442
366	696
366	872
366	900
366	909
367	500
367	798
367	935
367	965
367	970
368	931
368	938
368	951
368	995
368	999
369	496
369	712
369	923
369	944
369	995
370	323
370	966
370	977
370	986
370	998
371	567
371	690
371	798
371	964
371	997
372	885
372	917
372	941
372	962
372	987
373	636
373	720
373	778
373	860
373	975
374	395
374	814
374	854
374	920
374	951
375	803
375	851
375	872
375	885
375	978
376	431
376	701
376	856
376	950
376	999
377	553
377	865
377	866
377	967
377	1000
378	300
378	644
378	788
378	963
378	984
379	63
379	567
379	690
379	800
379	997
380	225
380	605
380	811
380	859
380	924
381	678
381	776
381	876
381	949
381	994
382	29
382	611
382	773
382	988
383	516
383	952
383	962
383	968
383	998
384	919
384	935
384	955
384	970
384	978
385	160
385	287
385	797
385	854
385	951
386	744
386	813
386	814
386	859
386	993
387	117
387	705
387	904
387	912
387	952
388	462
388	644
388	727
388	807
388	1000
389	193
389	396
389	616
389	715
389	944
390	664
390	816
390	885
390	892
390	977
391	681
391	791
391	841
391	864
391	898
392	639
392	771
392	923
392	977
392	999
393	7
393	164
393	542
393	973
393	990
394	755
394	841
394	868
394	991
394	995
395	166
395	374
395	438
395	854
395	920
396	153
396	389
396	872
396	900
396	982
397	441
397	580
397	882
397	886
397	934
398	282
398	776
398	968
398	992
398	999
399	447
399	877
399	886
399	899
399	998
400	201
400	350
400	677
400	848
400	890
400	942
401	146
401	328
401	675
401	835
401	838
401	983
402	565
402	755
402	868
402	991
402	995
403	47
403	647
403	658
403	693
403	927
403	992
404	139
404	642
404	769
404	934
404	948
404	980
405	115
405	748
405	892
405	963
405	984
405	995
406	418
406	847
406	935
406	970
406	971
406	983
407	9
407	293
407	446
407	880
407	881
407	989
408	40
408	727
408	750
408	787
408	816
408	976
409	689
409	716
409	855
409	963
409	965
409	974
410	88
410	684
410	887
410	898
410	930
410	988
411	429
411	562
411	681
411	927
411	974
411	996
412	852
412	854
412	870
412	915
412	941
412	953
413	274
413	482
413	865
413	962
413	969
413	985
414	616
414	873
414	880
414	881
414	935
414	995
415	183
415	299
415	683
415	784
415	816
415	976
416	521
416	695
416	718
416	833
416	954
416	995
417	147
417	597
417	734
417	898
417	922
417	952
418	30
418	406
418	792
418	856
418	914
418	998
419	803
419	859
419	907
419	924
419	973
419	978
420	324
420	338
420	762
420	937
420	955
420	999
421	668
421	713
421	919
421	925
421	951
421	987
422	517
422	573
422	706
422	709
422	991
422	995
423	357
423	686
423	823
423	913
423	969
423	985
424	246
424	319
424	785
424	905
424	925
424	982
425	522
425	622
425	774
425	883
425	914
425	917
426	188
426	698
426	761
426	870
426	916
426	989
427	70
427	472
427	753
427	937
427	939
427	955
428	85
428	637
428	764
428	807
428	884
428	987
429	12
429	411
429	562
429	758
429	791
429	800
430	89
430	287
430	316
430	576
430	797
430	805
431	252
431	376
431	741
431	869
431	871
431	947
432	657
432	822
432	856
432	860
432	986
432	991
433	818
433	893
433	907
433	944
433	973
433	990
434	745
434	760
434	793
434	964
434	976
434	995
435	847
435	936
435	963
435	970
435	984
435	993
436	488
436	516
436	668
436	917
436	962
436	986
437	195
437	439
437	524
437	606
437	897
437	979
438	73
438	233
438	395
438	854
438	920
438	951
439	437
439	592
439	606
439	819
439	873
439	896
440	59
440	707
440	845
440	903
440	959
440	965
441	336
441	397
441	452
441	580
441	846
441	997
442	366
442	696
442	720
442	778
442	831
442	947
443	720
443	743
443	778
443	831
443	878
443	959
444	613
444	712
444	795
444	892
445	150
445	180
445	474
445	734
445	790
445	926
446	407
446	796
446	811
446	869
446	898
446	990
447	348
447	399
447	549
447	890
447	942
447	998
448	662
448	718
448	791
448	936
448	996
448	998
449	54
449	173
449	488
449	936
449	940
449	998
450	163
450	629
450	776
450	811
450	834
450	989
451	743
451	778
451	831
451	878
451	909
451	919
452	22
452	441
452	503
452	677
452	846
452	882
453	246
453	306
453	594
453	905
453	925
453	982
454	228
454	798
454	863
454	911
454	956
454	961
455	735
455	783
455	880
455	923
455	990
455	998
456	298
456	803
456	877
456	885
456	971
456	978
457	104
457	149
457	540
457	569
457	588
457	974
458	46
458	109
458	187
458	727
458	991
458	999
459	110
459	337
459	649
459	654
459	816
459	976
460	650
460	697
460	948
460	962
460	971
460	980
461	677
461	701
461	745
461	786
461	890
461	901
462	22
462	388
462	632
462	893
462	988
462	1000
463	176
463	826
463	841
463	920
463	962
463	990
464	274
464	609
464	626
464	632
464	826
464	962
465	204
465	475
465	570
465	768
465	842
465	956
466	495
466	809
466	891
466	938
466	964
466	976
467	190
467	622
467	817
467	883
467	914
467	917
468	214
468	738
468	798
468	819
468	961
468	1000
469	56
469	528
469	793
469	798
469	806
469	899
470	687
470	708
470	828
470	933
470	942
470	981
471	222
471	599
471	750
471	810
471	998
471	1000
472	70
472	170
472	427
472	937
472	939
472	955
473	72
473	327
473	707
473	816
473	965
473	998
474	282
474	290
474	310
474	445
474	505
474	906
475	465
475	814
475	839
475	842
475	927
475	933
476	179
476	692
476	869
476	926
476	946
476	975
477	747
477	758
477	938
477	943
477	963
477	974
478	597
478	850
478	857
478	902
478	950
478	999
479	364
479	726
479	837
479	968
479	969
479	974
480	285
480	719
480	874
480	901
480	965
480	997
481	670
481	770
481	860
481	947
481	982
481	992
482	292
482	413
482	868
482	946
482	988
482	995
483	260
483	671
483	737
483	765
483	771
483	967
484	4
484	144
484	717
484	786
484	874
484	897
485	290
485	310
485	325
485	519
485	932
485	968
486	204
486	217
486	740
486	855
486	906
486	932
487	62
487	103
487	106
487	171
487	655
487	977
488	436
488	449
488	494
488	751
488	770
488	978
489	699
489	782
489	845
489	847
489	919
489	970
490	243
490	541
490	562
490	662
490	865
490	997
491	41
491	498
491	501
491	698
491	969
491	991
492	261
492	301
492	738
492	829
492	872
492	900
493	668
493	826
493	846
493	917
493	962
493	986
494	488
494	644
494	680
494	921
494	944
494	961
495	25
495	50
495	466
495	530
495	809
495	968
496	369
496	687
496	788
496	935
496	955
496	970
497	276
497	322
497	640
497	937
497	960
497	967
498	290
498	491
498	532
498	680
498	756
498	980
499	547
499	615
499	682
499	768
499	934
499	972
500	91
500	174
500	344
500	367
500	703
500	901
501	293
501	491
501	524
501	762
501	837
501	906
501	995
502	191
502	547
502	657
502	741
502	819
502	860
502	991
503	349
503	452
503	529
503	554
503	580
503	681
503	766
504	280
504	648
504	876
504	917
504	957
504	962
504	971
505	474
505	525
505	882
505	932
505	963
505	982
505	984
506	510
506	710
506	777
506	866
506	916
506	956
506	964
507	756
507	944
507	950
507	975
507	979
507	993
507	999
508	131
508	723
508	725
508	729
508	853
508	886
508	946
509	695
509	833
509	890
509	908
509	960
509	985
509	988
510	506
510	767
510	898
510	899
510	906
510	916
510	932
511	37
511	196
511	322
511	541
511	684
511	948
511	975
512	714
512	924
512	956
512	963
512	968
512	978
512	984
513	145
513	168
513	175
513	221
513	337
513	727
513	807
514	778
514	828
514	872
514	878
514	888
514	900
514	992
515	689
515	781
515	785
515	895
515	904
515	963
515	984
516	383
516	436
516	684
516	812
516	962
516	976
516	986
517	248
517	422
517	754
517	862
517	909
517	938
517	998
518	761
518	871
518	928
518	945
518	966
518	982
518	992
519	305
519	485
519	715
519	779
519	927
519	968
519	982
520	689
520	776
520	852
520	916
520	940
520	984
520	992
521	101
521	107
521	416
521	824
521	830
521	957
521	989
522	425
522	703
522	723
522	817
522	883
522	914
522	917
523	619
523	715
523	753
523	891
523	930
523	938
523	959
524	197
524	437
524	501
524	638
524	722
524	894
524	989
525	95
525	315
525	333
525	505
525	639
525	809
525	882
526	73
526	228
526	273
526	547
526	640
526	822
526	856
527	674
527	767
527	847
527	897
527	935
527	970
527	983
528	166
528	469
528	783
528	793
528	828
528	877
528	998
529	336
529	360
529	503
529	785
529	826
529	882
529	886
530	228
530	495
530	542
530	607
530	686
530	829
530	896
531	291
531	805
531	872
531	900
531	954
531	997
531	1000
532	498
532	675
532	736
532	804
532	929
532	980
532	986
533	557
533	838
533	842
533	866
533	881
533	908
533	960
534	678
534	905
534	925
534	949
534	971
534	980
534	994
535	550
535	682
535	689
535	895
535	904
535	963
535	984
536	745
536	777
536	792
536	916
536	917
536	918
536	996
537	699
537	716
537	759
537	903
537	965
537	991
537	997
538	48
538	707
538	874
538	897
538	940
538	947
538	958
539	74
539	362
539	680
539	756
539	944
540	25
540	67
540	457
540	629
540	884
540	966
540	974
541	490
541	511
541	543
541	718
541	834
541	967
541	997
542	53
542	393
542	530
542	575
542	607
542	896
542	968
543	339
543	541
543	699
543	716
543	759
543	774
543	944
544	552
544	782
544	795
544	863
544	965
544	976
544	993
545	68
545	198
545	249
545	677
545	765
545	853
545	870
546	122
546	600
546	620
546	753
546	874
546	895
546	984
547	499
547	502
547	526
547	570
547	753
547	949
547	959
548	205
548	622
548	706
548	748
548	883
548	983
548	988
549	329
549	447
549	783
549	877
549	900
549	977
549	998
550	266
550	345
550	535
550	618
550	856
550	895
550	984
551	671
551	717
551	868
551	914
551	955
551	967
551	995
552	544
552	707
552	741
552	788
552	928
552	965
552	997
553	287
553	377
553	777
553	797
553	916
553	977
553	998
554	66
554	307
554	334
554	503
554	687
554	881
554	996
555	217
555	359
555	622
555	747
555	767
555	883
555	914
556	714
556	739
556	850
556	857
556	899
556	950
556	999
557	112
557	533
557	692
557	758
557	896
557	926
557	940
558	763
558	861
558	929
558	948
558	967
558	971
558	980
559	742
559	876
559	906
559	908
559	960
559	979
559	1000
560	259
560	889
560	943
560	954
560	965
560	981
560	985
561	16
561	739
561	850
561	910
561	943
561	950
561	999
562	12
562	411
562	429
562	490
562	791
562	802
562	881
563	333
563	728
563	787
563	809
563	826
563	859
563	924
564	311
564	612
564	632
564	809
564	826
564	927
564	996
565	402
565	755
565	861
565	868
565	991
565	995
566	312
566	606
566	699
566	759
566	788
566	845
566	965
567	371
567	379
567	690
567	843
567	867
567	964
567	997
568	82
568	811
568	815
568	890
568	957
568	958
568	969
569	457
569	689
569	697
569	948
569	963
569	974
569	984
570	118
570	146
570	465
570	547
570	646
570	768
570	972
571	90
571	153
571	620
571	740
571	753
571	781
571	817
572	604
572	639
572	654
572	724
572	782
572	966
572	976
573	281
573	422
573	783
573	963
573	984
573	995
573	998
574	591
574	664
574	712
574	825
574	886
574	996
575	53
575	194
575	542
575	693
575	723
575	896
575	968
576	186
576	287
576	316
576	360
576	430
576	797
576	805
577	290
577	327
577	333
577	809
577	877
577	906
577	998
578	163
578	740
578	793
578	836
578	892
578	902
578	997
579	42
579	600
579	604
579	786
579	874
579	960
579	992
580	397
580	441
580	503
580	675
580	771
580	867
580	986
581	739
581	857
581	947
581	950
581	972
581	989
581	999
582	30
582	245
582	701
582	844
582	921
582	939
582	946
583	58
583	707
583	718
583	845
583	875
583	943
583	994
584	222
584	855
584	889
584	893
584	905
584	919
584	925
585	28
585	730
585	799
585	867
585	884
585	948
585	980
586	698
586	761
586	945
587	659
587	662
587	783
587	823
587	969
587	975
587	998
588	161
588	457
588	671
588	930
588	942
588	967
588	974
589	27
589	143
589	627
589	688
589	692
589	778
589	866
590	69
590	731
590	794
590	819
590	832
590	910
590	956
590	999
591	209
591	574
591	664
591	825
591	833
591	842
591	874
591	933
592	439
592	731
592	861
592	870
592	873
592	881
592	887
592	912
593	13
593	627
593	762
593	794
593	810
593	941
593	953
593	979
594	54
594	98
594	215
594	453
594	634
594	685
594	702
594	952
595	112
595	299
595	782
595	853
595	880
595	896
595	976
595	1000
596	87
596	168
596	175
596	697
596	807
596	854
596	929
596	947
597	417
597	478
597	619
597	709
597	891
597	899
597	938
597	943
598	67
598	655
598	736
598	789
598	812
598	866
598	875
598	962
599	471
599	871
599	877
599	905
599	918
599	925
599	973
599	990
600	65
600	546
600	579
600	731
600	786
600	843
600	874
600	940
601	13
601	21
601	162
601	257
601	631
601	670
601	872
601	917
602	607
602	651
602	677
602	757
602	900
602	918
602	973
602	990
603	188
603	764
603	913
603	966
603	979
603	983
603	985
603	996
604	60
604	343
604	572
604	579
604	772
604	899
604	960
604	976
605	202
605	348
605	380
605	721
605	724
605	740
605	876
605	935
606	127
606	437
606	439
606	566
606	905
606	925
606	992
606	1000
607	530
607	542
607	602
607	757
607	892
607	911
607	963
607	984
608	289
608	725
608	761
608	853
608	895
608	945
608	963
608	984
609	464
609	742
609	950
609	960
609	962
609	986
609	999
609	1000
610	625
610	652
610	700
610	772
610	912
610	952
610	957
610	994
611	29
611	184
611	382
611	773
611	955
611	988
612	96
612	356
612	357
612	564
612	711
612	790
612	926
612	940
613	168
613	240
613	355
613	444
613	712
613	892
613	942
614	71
614	273
614	657
614	835
614	884
614	969
614	970
614	985
615	89
615	499
615	646
615	807
615	937
615	950
615	951
615	972
616	389
616	414
616	623
616	950
616	967
616	970
616	983
616	999
617	662
617	680
617	756
617	805
617	947
617	975
617	992
617	997
618	57
618	550
618	679
618	682
618	912
618	945
618	963
618	984
619	332
619	523
619	597
619	754
619	891
619	905
619	933
619	951
620	80
620	153
620	546
620	571
620	749
620	753
620	817
620	855
621	4
621	323
621	799
621	851
621	931
621	965
621	986
621	995
622	425
622	467
622	548
622	555
622	723
622	747
622	883
622	923
623	11
623	326
623	616
623	642
623	769
623	929
623	948
623	980
624	745
624	806
624	823
624	858
624	915
624	941
624	982
624	992
625	610
625	693
625	737
625	834
625	912
625	952
625	957
625	994
626	124
626	286
626	464
626	704
626	799
626	824
626	954
626	962
627	132
627	589
627	593
627	628
627	825
627	830
627	846
627	919
628	263
628	627
628	645
628	688
628	692
628	737
628	758
628	866
629	9
629	25
629	163
629	450
629	540
629	920
629	981
629	989
630	219
630	315
630	733
630	794
630	960
630	961
630	972
630	978
631	33
631	235
631	263
631	601
631	869
631	898
631	917
631	983
632	14
632	462
632	464
632	564
632	785
632	962
632	986
632	994
633	154
633	209
633	664
633	814
633	833
633	842
633	933
633	962
634	98
634	140
634	215
634	594
634	685
634	702
634	952
634	988
635	784
635	789
635	816
635	860
635	906
635	966
635	975
635	976
636	43
636	136
636	358
636	373
636	857
636	881
636	981
636	989
637	85
637	218
637	428
637	648
637	764
637	807
637	884
637	948
637	987
638	45
638	186
638	316
638	524
638	797
638	883
638	914
638	947
638	952
639	392
639	525
639	572
639	649
639	809
639	813
639	953
639	976
639	999
640	273
640	497
640	526
640	725
640	744
640	822
640	924
640	946
640	993
641	224
641	362
641	715
641	902
641	930
641	942
641	944
641	978
641	982
642	180
642	363
642	404
642	623
642	686
642	867
642	966
642	968
642	996
643	660
643	709
643	754
643	779
643	891
643	933
643	938
643	939
643	961
644	46
644	68
644	225
644	378
644	388
644	494
644	750
644	962
644	986
645	129
645	143
645	310
645	628
645	652
645	843
645	910
645	932
645	968
646	337
646	570
646	615
646	766
646	768
646	813
646	836
646	934
646	937
647	42
647	256
647	403
647	658
647	734
647	828
647	860
647	947
647	992
648	504
648	637
648	849
648	854
648	884
648	898
648	904
648	987
648	989
649	72
649	459
649	639
649	654
649	683
649	727
649	837
649	898
649	964
650	139
650	223
650	460
650	655
650	763
650	773
650	887
650	952
650	988
651	602
651	791
651	841
651	887
651	893
651	942
651	947
651	952
651	990
652	345
652	610
652	645
652	737
652	749
652	757
652	772
652	904
652	957
653	3
653	338
653	715
653	730
653	766
653	793
653	899
653	922
653	930
654	110
654	308
654	459
654	572
654	649
654	704
654	816
654	870
654	964
655	199
655	220
655	487
655	598
655	650
655	887
655	928
655	977
655	985
656	125
656	815
656	901
656	935
656	970
656	983
656	991
656	996
656	997
657	191
657	231
657	432
657	502
657	614
657	780
657	822
657	856
657	860
658	403
658	647
658	828
658	846
658	860
658	861
658	949
658	982
658	992
659	75
659	134
659	263
659	587
659	736
659	853
659	875
659	982
659	992
660	224
660	643
660	760
660	918
660	930
660	931
660	938
660	985
660	994
661	112
661	295
661	821
661	834
661	858
661	879
661	915
661	922
661	941
662	448
662	490
662	587
662	617
662	774
662	775
662	865
662	997
662	1000
663	164
663	258
663	706
663	748
663	780
663	923
663	983
663	988
663	995
664	390
664	574
664	591
664	633
664	833
664	838
664	842
664	927
664	933
665	765
665	790
665	875
665	926
665	937
665	973
665	977
665	987
665	990
666	706
666	735
666	748
666	813
666	869
666	898
666	936
666	988
666	998
667	351
667	738
667	744
667	764
667	859
667	924
667	968
667	976
667	993
668	270
668	421
668	436
668	493
668	830
668	906
668	932
668	962
668	974
669	24
669	55
669	722
669	812
669	852
669	882
669	888
669	894
669	971
670	40
670	303
670	481
670	601
670	792
670	872
670	900
670	917
670	979
671	260
671	338
671	483
671	551
671	588
671	771
671	824
671	867
671	967
672	354
672	699
672	716
672	729
672	845
672	903
672	943
672	991
672	997
673	314
673	728
673	799
673	822
673	913
673	931
673	985
673	986
673	988
674	527
674	732
674	767
674	835
674	847
674	912
674	935
674	970
674	971
675	146
675	161
675	401
675	532
675	580
675	704
675	838
675	983
675	986
676	154
676	841
676	857
676	864
676	892
676	976
676	986
676	990
676	999
677	141
677	304
677	400
677	452
677	461
677	545
677	602
677	765
677	848
677	942
678	276
678	283
678	381
678	534
678	726
678	776
678	876
678	949
678	979
678	994
679	38
679	181
679	189
679	618
679	706
679	729
679	748
679	800
679	953
679	995
680	198
680	212
680	223
680	494
680	498
680	539
680	617
680	756
680	907
680	944
681	391
681	411
681	503
681	758
681	791
681	800
681	801
681	927
681	989
681	996
682	499
682	535
682	618
682	689
682	785
682	829
682	904
682	945
682	963
682	984
683	60
683	72
683	299
683	415
683	649
683	727
683	816
683	964
683	965
683	976
684	410
684	511
684	516
684	862
684	865
684	902
684	930
684	962
684	986
684	997
685	363
685	594
685	634
685	735
685	936
685	952
685	966
685	977
685	996
685	998
686	53
686	140
686	423
686	530
686	642
686	797
686	815
686	914
686	955
686	969
687	104
687	140
687	359
687	470
687	496
687	554
687	791
687	877
687	886
687	906
688	64
688	589
688	628
688	723
688	830
688	914
688	955
688	980
688	987
688	993
689	409
689	515
689	520
689	535
689	569
689	682
689	859
689	895
689	963
689	984
690	152
690	331
690	371
690	379
690	567
690	848
690	867
690	964
690	977
690	997
691	35
691	723
691	795
691	822
691	866
691	916
691	936
691	940
691	987
691	998
692	129
692	147
692	476
692	557
692	589
692	628
692	737
692	758
692	825
692	866
693	196
693	403
693	575
693	625
693	904
693	936
693	968
693	982
693	992
693	994
694	282
694	736
694	804
694	861
694	868
694	977
694	987
694	991
694	993
694	995
695	101
695	259
695	291
695	416
695	509
695	865
695	943
695	954
695	957
695	989
696	157
696	366
696	442
696	720
696	743
696	778
696	831
696	878
696	909
696	940
697	213
697	460
697	569
697	596
697	769
697	917
697	921
697	948
697	971
697	980
698	17
698	141
698	284
698	342
698	426
698	491
698	586
698	705
698	761
698	945
699	489
699	537
699	543
699	566
699	672
699	716
699	732
699	965
699	991
699	997
700	267
700	610
700	728
700	809
700	813
700	831
700	844
700	848
700	878
700	882
701	69
701	193
701	376
701	461
701	582
701	723
701	782
701	853
701	886
701	946
702	119
702	151
702	594
702	634
702	868
702	952
702	975
702	983
702	991
702	995
703	37
703	125
703	148
703	500
703	522
703	838
703	901
703	914
703	917
703	933
704	626
704	654
704	675
704	819
704	837
704	968
704	976
704	983
704	986
704	1000
705	159
705	387
705	698
705	761
705	762
705	843
705	871
705	945
705	952
705	980
706	164
706	422
706	548
706	663
706	666
706	679
706	727
706	800
706	988
706	995
707	440
707	473
707	538
707	552
707	583
707	759
707	845
707	959
707	965
707	991
708	258
708	297
708	470
708	735
708	855
708	888
708	889
708	936
708	961
708	998
709	422
709	597
709	643
709	754
709	779
709	818
709	890
709	891
709	922
709	951
710	178
710	291
710	506
710	889
710	920
710	928
710	934
710	964
710	985
710	989
711	612
711	790
711	808
711	821
711	869
711	918
711	926
711	940
711	945
711	987
712	93
712	108
712	271
712	355
712	357
712	369
712	444
712	574
712	613
712	892
713	257
713	421
713	810
713	821
713	838
713	843
713	871
713	889
713	919
713	928
714	512
714	556
714	757
714	810
714	889
714	906
714	928
714	950
714	974
714	999
715	24
715	389
715	519
715	523
715	641
715	653
715	820
715	902
715	930
715	942
715	944
716	409
716	537
716	543
716	672
716	699
716	741
716	825
716	903
716	959
716	965
716	997
717	484
717	551
717	786
717	859
717	901
717	924
717	958
717	967
717	975
717	993
717	1000
718	416
718	448
718	541
718	583
718	725
718	804
718	836
718	865
718	875
718	989
718	991
719	480
719	796
719	818
719	835
719	840
719	893
719	949
719	973
719	981
719	990
719	996
720	250
720	340
720	344
720	373
720	442
720	443
720	696
720	831
720	878
720	909
720	949
721	86
721	115
721	255
721	605
721	818
721	839
721	864
721	876
721	911
721	956
721	973
722	94
722	206
722	266
722	524
722	669
722	784
722	852
722	882
722	888
722	894
722	971
723	329
723	508
723	522
723	575
723	622
723	688
723	691
723	701
723	897
723	914
723	974
724	260
724	572
724	605
724	740
724	812
724	876
724	892
724	962
724	964
724	976
724	986
725	508
725	608
725	640
725	718
725	728
725	729
725	782
725	848
725	853
725	939
725	946
726	149
726	479
726	678
726	907
726	937
726	949
726	957
726	973
726	974
726	990
726	994
727	59
727	183
727	313
727	388
727	408
727	458
727	513
727	649
727	683
727	706
727	976
728	30
728	218
728	278
728	563
728	673
728	700
728	725
728	833
728	880
728	939
728	946
729	32
729	81
729	221
729	508
729	672
729	679
729	725
729	779
729	953
729	989
729	995
730	117
730	210
730	352
730	585
730	653
730	832
730	877
730	929
730	966
730	967
730	980
731	10
731	228
731	590
731	592
731	600
731	819
731	832
731	852
731	873
731	887
731	912
732	203
732	674
732	699
732	764
732	847
732	855
732	932
732	935
732	970
732	971
732	983
733	55
733	630
733	787
733	792
733	801
733	839
733	863
733	884
733	937
733	956
733	961
734	140
734	243
734	417
734	445
734	647
734	783
734	830
734	936
734	975
734	998
734	1000
735	167
735	455
735	666
735	685
735	708
735	798
735	880
735	923
735	936
735	977
735	998
736	143
736	532
736	598
736	659
736	694
736	804
736	875
736	921
736	923
736	940
736	977
737	263
737	483
737	625
737	628
737	652
737	692
737	771
737	772
737	825
737	967
737	982
738	300
738	468
738	492
738	667
738	772
738	908
738	924
738	960
738	993
738	994
738	1000
739	556
739	561
739	581
739	850
739	857
739	862
739	910
739	950
739	969
739	989
739	999
740	348
740	486
740	571
740	578
740	605
740	724
740	747
740	757
740	814
740	924
740	968
741	249
741	431
741	502
741	552
741	716
741	848
741	878
741	890
741	965
741	991
741	997
742	135
742	288
742	559
742	609
742	775
742	894
742	897
742	908
742	960
742	979
742	1000
743	157
743	250
743	267
743	340
743	443
743	451
743	696
743	819
743	831
743	878
743	959
744	78
744	350
744	386
744	640
744	667
744	859
744	862
744	924
744	968
744	973
744	993
745	313
745	434
745	461
745	536
745	624
745	783
745	793
745	848
745	936
745	942
745	998
746	6
746	768
746	789
746	800
746	824
746	825
746	838
746	842
746	934
746	951
746	994
747	245
747	477
747	555
747	622
747	740
747	757
747	874
747	883
747	897
747	918
747	997
748	38
748	405
748	548
748	663
748	666
748	679
748	780
748	827
748	922
748	923
748	995
749	251
749	620
749	652
749	774
749	846
749	859
749	872
749	900
749	924
749	968
749	992
749	994
750	313
750	408
750	471
750	644
750	779
750	790
750	855
750	873
750	887
750	911
750	961
750	1000
751	240
751	242
751	488
751	753
751	827
751	840
751	853
751	946
751	954
751	957
751	969
751	975
752	51
752	229
752	267
752	295
752	317
752	327
752	834
752	844
752	858
752	879
752	915
752	949
753	80
753	172
753	427
753	523
753	546
753	547
753	571
753	620
753	751
753	853
753	913
753	946
754	517
754	619
754	643
754	709
754	890
754	891
754	899
754	909
754	933
754	938
754	943
754	984
755	363
755	394
755	402
755	565
755	861
755	868
755	991
755	995
756	74
756	129
756	212
756	309
756	357
756	498
756	507
756	539
756	617
756	680
756	920
756	944
757	114
757	150
757	217
757	602
757	607
757	652
757	714
757	740
757	747
757	892
757	899
757	932
758	429
758	477
758	557
758	628
758	681
758	692
758	866
758	908
758	960
758	979
758	996
758	1000
759	537
759	543
759	566
759	707
759	788
759	845
759	959
759	964
759	965
759	976
759	991
759	997
760	359
760	434
760	660
760	822
760	838
760	913
760	931
760	958
760	985
760	986
760	988
760	995
761	111
761	240
761	284
761	342
761	426
761	518
761	586
761	608
761	698
761	705
761	939
761	945
762	420
762	501
762	593
762	705
762	821
762	869
762	919
762	928
762	953
762	979
762	983
762	985
763	364
763	558
763	650
763	868
763	929
763	950
763	957
763	969
763	972
763	980
763	985
763	999
764	428
764	603
764	637
764	667
764	732
764	859
764	932
764	935
764	954
764	970
764	987
764	993
765	68
765	242
765	249
765	483
765	545
765	665
765	677
765	771
765	877
765	892
765	918
765	967
766	1
766	349
766	365
766	503
766	646
766	653
766	815
766	906
766	913
766	922
766	959
766	966
767	119
767	133
767	510
767	527
767	555
767	674
767	856
767	883
767	898
767	914
767	935
767	970
768	118
768	465
768	499
768	570
768	646
768	746
768	807
768	824
768	934
768	937
768	951
768	972
769	11
769	31
769	404
769	623
769	697
769	867
769	929
769	948
769	966
769	971
769	985
769	999
770	97
770	244
770	481
770	488
770	777
770	804
770	866
770	875
770	916
770	927
770	943
770	992
771	155
771	227
771	355
771	392
771	483
771	580
771	671
771	737
771	765
771	814
771	824
771	967
772	604
772	610
772	652
772	737
772	738
772	835
772	883
772	898
772	914
772	955
772	960
772	1000
773	29
773	184
773	227
773	382
773	611
773	650
773	988
774	67
774	125
774	265
774	425
774	543
774	662
774	749
774	830
774	952
774	994
774	997
774	1000
775	45
775	207
775	662
775	742
775	863
775	876
775	908
775	935
775	956
775	960
775	961
775	970
776	50
776	97
776	381
776	398
776	450
776	520
776	678
776	811
776	926
776	949
776	992
776	994
777	36
777	213
777	254
777	267
777	332
777	506
777	536
777	553
777	770
777	870
777	916
777	964
778	121
778	232
778	340
778	373
778	442
778	443
778	451
778	514
778	589
778	696
778	878
778	959
779	12
779	62
779	298
779	519
779	643
779	709
779	729
779	750
779	791
779	812
779	891
779	938
780	148
780	159
780	297
780	657
780	663
780	748
780	800
780	889
780	919
780	933
780	981
780	988
781	18
781	80
781	153
781	515
781	571
781	814
781	854
781	855
781	895
781	951
781	963
781	979
781	984
782	233
782	278
782	489
782	544
782	572
782	595
782	701
782	725
782	828
782	854
782	920
782	939
782	976
783	102
783	455
783	528
783	549
783	573
783	587
783	734
783	745
783	792
783	936
783	950
783	977
783	998
784	76
784	415
784	635
784	722
784	790
784	816
784	841
784	864
784	926
784	945
784	973
784	976
784	990
785	424
785	515
785	529
785	632
785	682
785	826
785	827
785	882
785	905
785	925
785	963
785	982
785	984
786	48
786	180
786	194
786	245
786	461
786	484
786	579
786	600
786	717
786	843
786	874
786	897
786	958
787	355
787	408
787	563
787	733
787	863
787	865
787	911
787	931
787	958
787	961
787	985
787	986
787	989
788	100
788	378
788	496
788	552
788	566
788	759
788	849
788	855
788	943
788	959
788	965
788	991
788	997
789	6
789	241
789	598
789	635
789	746
789	803
789	805
789	826
789	854
789	885
789	917
789	962
789	978
790	26
790	76
790	96
790	124
790	445
790	612
790	665
790	711
790	750
790	784
790	869
790	926
790	987
791	391
791	429
791	448
791	562
791	651
791	681
791	687
791	779
791	801
791	802
791	881
791	927
791	996
792	235
792	257
792	353
792	418
792	536
792	670
792	733
792	783
792	841
792	877
792	956
792	961
792	998
793	56
793	271
793	320
793	434
793	469
793	528
793	578
793	653
793	745
793	806
793	837
793	899
793	902
794	19
794	170
794	196
794	590
794	593
794	630
794	839
794	855
794	884
794	911
794	956
794	961
794	972
795	444
795	544
795	691
795	830
795	832
795	861
795	888
795	897
795	920
795	974
795	979
795	987
795	993
796	351
796	446
796	719
796	818
796	841
796	864
796	893
796	937
796	973
796	981
796	986
796	990
796	996
797	60
797	235
797	283
797	287
797	316
797	321
797	385
797	430
797	553
797	576
797	638
797	686
797	805
798	152
798	279
798	367
798	371
798	454
798	468
798	469
798	735
798	815
798	936
798	974
798	997
798	998
799	99
799	314
799	323
799	585
799	621
799	626
799	673
799	822
799	903
799	931
799	958
799	985
799	986
799	995
800	379
800	429
800	679
800	681
800	706
800	746
800	780
800	801
800	881
800	890
800	891
800	938
800	943
800	988
801	115
801	216
801	239
801	326
801	681
801	733
801	791
801	800
801	901
801	961
801	975
801	978
801	993
801	996
802	268
802	272
802	562
802	791
802	832
802	913
802	927
802	958
802	974
802	979
802	988
802	993
802	995
802	996
803	113
803	198
803	200
803	231
803	298
803	375
803	419
803	456
803	789
803	828
803	851
803	877
803	885
803	978
804	157
804	169
804	532
804	694
804	718
804	736
804	770
804	806
804	875
804	896
804	921
804	923
804	943
804	977
805	6
805	186
805	256
805	316
805	430
805	531
805	576
805	617
805	789
805	797
805	824
805	828
805	992
805	994
806	262
806	469
806	624
806	793
806	804
806	833
806	875
806	893
806	902
806	907
806	937
806	973
806	977
806	990
807	329
807	337
807	388
807	428
807	513
807	596
807	615
807	637
807	768
807	827
807	884
807	951
807	972
807	987
808	76
808	147
808	346
808	711
808	821
808	893
808	905
808	925
808	926
808	945
808	973
808	982
808	990
809	48
809	252
809	258
809	333
809	466
809	495
809	525
809	563
809	564
809	577
809	639
809	700
809	882
809	966
810	471
810	593
810	713
810	714
810	838
810	843
810	869
810	871
810	889
810	928
810	941
810	953
810	983
810	985
811	9
811	223
811	380
811	446
811	450
811	568
811	776
811	834
811	880
811	881
811	920
811	934
811	981
811	989
812	516
812	598
812	669
812	724
812	779
812	852
812	882
812	894
812	957
812	958
812	962
812	969
812	971
812	986
813	18
813	333
813	386
813	639
813	646
813	666
813	700
813	849
813	882
813	898
813	934
813	937
813	959
813	972
814	24
814	166
814	374
814	386
814	475
814	633
814	740
814	771
814	781
814	833
814	854
814	862
814	924
814	933
815	1
815	214
815	293
815	568
815	656
815	686
815	766
815	798
815	823
815	870
815	881
815	901
815	906
815	969
816	72
816	253
816	390
816	408
816	415
816	459
816	473
816	635
816	654
816	683
816	784
816	892
816	976
816	980
817	1
817	90
817	467
817	522
817	571
817	620
817	819
817	847
817	855
817	873
817	881
817	883
817	887
817	914
818	137
818	350
818	433
818	709
818	719
818	721
818	796
818	821
818	864
818	893
818	907
818	949
818	973
818	981
818	990
819	128
819	162
819	305
819	439
819	468
819	502
819	590
819	704
819	731
819	743
819	817
819	852
819	870
819	881
819	912
820	133
820	349
820	358
820	715
820	901
820	902
820	907
820	930
820	949
820	973
820	981
820	982
820	989
820	990
820	996
821	661
821	711
821	713
821	762
821	808
821	818
821	879
821	907
821	915
821	922
821	979
821	983
821	985
821	990
821	996
822	432
822	526
822	640
822	657
822	673
822	691
822	760
822	799
822	856
822	895
822	903
822	931
822	963
822	984
822	991
823	50
823	213
823	358
823	423
823	587
823	624
823	815
823	834
823	839
823	880
823	911
823	953
823	961
823	969
823	990
824	107
824	170
824	236
824	241
824	521
824	626
824	671
824	746
824	768
824	771
824	805
824	954
824	967
824	978
824	994
825	27
825	147
825	360
825	574
825	591
825	627
825	692
825	716
825	737
825	746
825	826
825	842
825	886
825	927
825	983
826	214
826	463
826	464
826	493
826	529
826	563
826	564
826	785
826	789
826	825
826	844
826	853
826	946
826	962
826	987
827	79
827	240
827	748
827	751
827	785
827	807
827	858
827	879
827	915
827	923
827	955
827	978
827	981
827	988
827	995
828	202
828	470
828	514
828	528
828	647
828	658
828	782
828	803
828	805
828	851
828	885
828	920
828	951
828	978
828	992
829	8
829	23
829	289
829	311
829	492
829	530
829	682
829	872
829	895
829	896
829	900
829	912
829	927
829	963
829	984
830	48
830	54
830	195
830	221
830	521
830	627
830	668
830	688
830	734
830	774
830	795
830	860
830	954
830	974
830	987
831	23
831	121
831	250
831	361
831	442
831	443
831	451
831	696
831	700
831	720
831	743
831	878
831	904
831	909
831	959
832	590
832	730
832	731
832	795
832	802
832	848
832	852
832	912
832	920
832	929
832	948
832	976
832	980
832	993
832	1000
833	278
833	416
833	509
833	591
833	633
833	664
833	728
833	806
833	814
833	840
833	848
833	927
833	946
833	975
833	989
834	360
834	361
834	450
834	541
834	625
834	661
834	752
834	811
834	823
834	858
834	904
834	912
834	915
834	981
834	994
835	401
835	614
835	674
835	719
835	772
835	856
835	883
835	914
835	935
835	949
835	970
835	973
835	981
835	983
835	990
836	26
836	121
836	243
836	254
836	277
836	297
836	330
836	578
836	646
836	718
836	886
836	937
836	942
836	957
836	967
836	981
837	36
837	218
837	254
837	294
837	341
837	479
837	501
837	649
837	704
837	793
837	899
837	902
837	906
837	946
837	968
837	982
838	401
838	533
838	664
838	675
838	703
838	713
838	746
838	760
838	810
838	842
838	871
838	889
838	919
838	933
838	983
838	986
839	2
839	192
839	475
839	721
839	733
839	794
839	823
839	855
839	863
839	888
839	911
839	921
839	956
839	961
839	972
839	978
840	31
840	34
840	160
840	719
840	751
840	833
840	864
840	893
840	904
840	934
840	948
840	954
840	966
840	973
840	980
840	990
841	391
841	394
841	463
841	651
841	676
841	784
841	792
841	796
841	864
841	893
841	907
841	944
841	973
841	981
841	990
841	996
842	154
842	209
842	296
842	465
842	475
842	533
842	591
842	633
842	664
842	746
842	825
842	838
842	891
842	918
842	927
842	933
843	14
843	567
843	600
843	645
843	705
843	713
843	786
843	810
843	874
843	889
843	927
843	928
843	940
843	953
843	958
843	994
844	306
844	319
844	582
844	700
844	752
844	826
844	858
844	879
844	883
844	905
844	915
844	922
844	925
844	946
844	982
844	993
845	59
845	354
845	440
845	489
845	566
845	583
845	672
845	707
845	759
845	849
845	886
845	927
845	943
845	959
845	965
845	991
846	134
846	224
846	253
846	301
846	441
846	452
846	493
846	627
846	658
846	749
846	860
846	872
846	886
846	900
846	982
846	992
847	45
847	116
847	122
847	203
847	406
847	435
847	489
847	527
847	674
847	732
847	817
847	932
847	935
847	970
847	971
847	983
848	5
848	317
848	331
848	400
848	677
848	690
848	700
848	725
848	741
848	745
848	832
848	833
848	867
848	946
848	964
848	997
849	32
849	88
849	90
849	100
849	142
849	285
849	648
849	788
849	813
849	845
849	869
849	897
849	908
849	960
849	965
849	997
849	1000
850	16
850	478
850	556
850	561
850	739
850	857
850	865
850	902
850	903
850	910
850	947
850	950
850	956
850	972
850	977
850	989
850	999
851	156
851	204
851	375
851	621
851	803
851	828
851	863
851	885
851	903
851	911
851	913
851	928
851	931
851	945
851	956
851	961
851	978
852	94
852	247
852	266
852	412
852	520
852	669
852	722
852	731
852	812
852	819
852	832
852	873
852	894
852	941
852	969
852	985
852	1000
853	75
853	131
853	278
853	508
853	545
853	595
853	608
853	659
853	701
853	725
853	751
853	753
853	826
853	880
853	886
853	946
853	954
854	39
854	87
854	166
854	233
854	374
854	385
854	395
854	412
854	438
854	596
854	648
854	781
854	782
854	789
854	814
854	920
854	951
855	80
855	90
855	409
855	486
855	584
855	620
855	708
855	732
855	750
855	781
855	788
855	794
855	817
855	839
855	918
855	932
855	961
856	312
856	376
856	418
856	432
856	526
856	550
856	657
856	767
856	822
856	835
856	883
856	895
856	914
856	963
856	975
856	984
856	991
857	123
857	478
857	556
857	581
857	636
857	676
857	739
857	850
857	887
857	896
857	899
857	903
857	910
857	950
857	972
857	989
857	999
858	158
858	234
858	288
858	359
858	361
858	624
858	661
858	752
858	827
858	834
858	844
858	879
858	886
858	915
858	922
858	941
858	949
859	78
859	128
859	380
859	386
859	419
859	563
859	667
859	689
859	717
859	744
859	749
859	764
859	862
859	924
859	968
859	993
859	994
860	187
860	373
860	432
860	481
860	502
860	635
860	647
860	657
860	658
860	830
860	846
860	867
860	894
860	954
860	989
860	991
860	992
861	42
861	256
861	264
861	558
861	565
861	592
861	658
861	694
861	755
861	795
861	868
861	920
861	947
861	979
861	991
861	992
861	995
862	58
862	332
862	517
862	684
862	739
862	744
862	814
862	859
862	891
862	896
862	899
862	910
862	924
862	938
862	989
862	993
862	999
863	32
863	192
863	219
863	353
863	454
863	544
863	733
863	775
863	787
863	839
863	851
863	910
863	911
863	956
863	961
863	972
863	978
864	44
864	391
864	676
864	721
864	784
864	796
864	818
864	840
864	841
864	893
864	907
864	944
864	973
864	977
864	981
864	990
864	996
865	377
865	413
865	490
865	662
865	684
865	695
865	718
865	787
865	850
865	868
865	910
865	926
865	950
865	954
865	967
865	972
865	975
865	999
866	8
866	193
866	377
866	506
866	533
866	589
866	598
866	628
866	691
866	692
866	758
866	770
866	888
866	916
866	964
866	967
866	975
866	1000
867	2
867	63
867	177
867	260
867	567
867	580
867	585
867	642
867	671
867	690
867	769
867	848
867	860
867	948
867	964
867	967
867	980
867	997
868	132
868	208
868	270
868	275
868	294
868	394
868	402
868	482
868	551
868	565
868	694
868	702
868	755
868	763
868	861
868	865
868	991
868	995
869	76
869	88
869	195
869	431
869	446
869	476
869	631
869	666
869	711
869	762
869	790
869	810
869	849
869	918
869	919
869	926
869	928
869	979
870	68
870	128
870	252
870	412
870	426
870	545
870	592
870	654
870	777
870	815
870	819
870	873
870	890
870	916
870	942
870	964
870	989
870	1000
871	129
871	293
871	335
871	336
871	431
871	518
871	599
871	705
871	713
871	810
871	838
871	889
871	919
871	928
871	941
871	979
871	983
871	985
872	232
872	251
872	261
872	289
872	301
872	303
872	366
872	375
872	396
872	492
872	514
872	531
872	601
872	670
872	749
872	829
872	846
872	900
873	7
873	10
873	108
873	194
873	221
873	414
873	439
873	592
873	731
873	750
873	817
873	852
873	870
873	881
873	885
873	887
873	912
873	1000
874	54
874	65
874	205
874	234
874	286
874	480
874	484
874	538
874	546
874	579
874	591
874	600
874	747
874	786
874	843
874	901
874	940
874	958
875	24
875	169
875	262
875	352
875	583
875	598
875	659
875	665
875	718
875	736
875	770
875	804
875	806
875	921
875	923
875	925
875	943
875	977
876	86
876	348
876	381
876	504
876	559
876	605
876	678
876	721
876	724
876	775
876	908
876	949
876	960
876	979
876	993
876	994
876	1000
877	200
877	399
877	456
877	528
877	549
877	577
877	599
877	687
877	730
877	765
877	792
877	803
877	885
877	899
877	925
877	936
877	974
877	978
877	998
878	156
878	182
878	232
878	250
878	340
878	344
878	361
878	443
878	451
878	514
878	696
878	700
878	720
878	741
878	743
878	778
878	831
878	909
878	959
879	51
879	79
879	81
879	95
879	158
879	300
879	317
879	661
879	752
879	821
879	827
879	844
879	858
879	910
879	915
879	922
879	941
879	949
879	971
880	75
880	358
880	407
880	414
880	455
880	595
880	728
880	735
880	811
880	823
880	853
880	886
880	923
880	934
880	936
880	977
880	989
880	998
880	999
881	173
881	247
881	407
881	414
881	533
881	554
881	562
881	592
881	636
881	791
881	800
881	811
881	815
881	817
881	819
881	873
881	981
881	989
881	996
882	86
882	94
882	132
882	397
882	452
882	505
882	525
882	529
882	669
882	700
882	722
882	785
882	809
882	812
882	813
882	886
882	894
882	971
882	984
883	22
883	95
883	425
883	467
883	522
883	548
883	555
883	622
883	638
883	747
883	767
883	772
883	817
883	835
883	844
883	856
883	911
883	914
883	955
884	85
884	142
884	428
884	540
884	585
884	614
884	637
884	648
884	733
884	794
884	807
884	911
884	921
884	934
884	956
884	961
884	972
884	980
884	987
885	66
885	121
885	161
885	168
885	200
885	298
885	300
885	336
885	372
885	375
885	390
885	456
885	789
885	803
885	828
885	851
885	873
885	877
885	978
886	15
886	130
886	397
886	399
886	508
886	529
886	574
886	687
886	701
886	825
886	836
886	845
886	846
886	853
886	858
886	880
886	882
886	946
886	978
887	252
887	410
887	592
887	650
887	651
887	655
887	731
887	750
887	817
887	857
887	873
887	910
887	947
887	950
887	952
887	958
887	989
887	999
887	1000
888	120
888	189
888	206
888	264
888	514
888	669
888	708
888	722
888	795
888	839
888	866
888	894
888	921
888	961
888	971
888	974
888	978
888	987
888	993
889	159
889	335
889	560
889	584
889	708
889	710
889	713
889	714
889	780
889	810
889	838
889	843
889	871
889	919
889	928
889	930
889	941
889	979
889	983
890	201
890	364
890	400
890	447
890	461
890	509
890	568
890	709
890	741
890	754
890	800
890	870
890	891
890	899
890	913
890	939
890	953
890	958
890	969
891	248
891	252
891	466
891	523
891	597
891	619
891	643
891	709
891	754
891	779
891	800
891	842
891	862
891	890
891	899
891	918
891	922
891	933
891	938
892	110
892	177
892	390
892	405
892	444
892	578
892	607
892	613
892	676
892	712
892	724
892	757
892	765
892	816
892	906
892	922
892	976
893	255
893	433
893	462
893	584
893	651
893	719
893	796
893	806
893	808
893	818
893	840
893	841
893	864
893	937
893	944
893	949
893	973
893	981
893	990
893	996
894	55
894	94
894	120
894	142
894	180
894	208
894	245
894	247
894	266
894	280
894	524
894	669
894	722
894	742
894	812
894	852
894	860
894	882
894	888
894	971
895	57
895	108
895	345
895	515
895	535
895	546
895	550
895	608
895	689
895	781
895	822
895	829
895	856
895	904
895	912
895	919
895	933
895	945
895	963
895	984
896	8
896	34
896	109
896	112
896	190
896	439
896	530
896	542
896	557
896	575
896	595
896	804
896	829
896	857
896	862
896	910
896	950
896	968
896	972
896	999
897	437
897	484
897	527
897	538
897	723
897	742
897	747
897	786
897	795
897	849
897	901
897	908
897	920
897	933
897	940
897	960
897	974
897	979
897	987
897	1000
898	55
898	88
898	137
898	176
898	268
898	285
898	302
898	343
898	391
898	410
898	417
898	446
898	510
898	631
898	648
898	649
898	666
898	767
898	772
898	813
899	399
899	469
899	510
899	556
899	597
899	604
899	653
899	754
899	757
899	793
899	837
899	857
899	862
899	877
899	890
899	891
899	902
899	906
899	939
899	974
900	77
900	82
900	251
900	261
900	301
900	303
900	334
900	350
900	366
900	396
900	492
900	514
900	531
900	549
900	602
900	670
900	749
900	829
900	846
900	872
901	3
901	65
901	91
901	167
901	174
901	461
901	480
901	500
901	656
901	703
901	717
901	801
901	815
901	820
901	874
901	897
901	903
901	930
901	942
901	982
902	56
902	138
902	478
902	578
902	641
902	684
902	715
902	793
902	806
902	820
902	837
902	850
902	899
902	910
902	929
902	930
902	950
902	982
902	989
902	999
903	440
903	537
903	672
903	716
903	799
903	822
903	850
903	851
903	857
903	901
903	910
903	931
903	948
903	950
903	958
903	959
903	965
903	988
903	989
903	999
904	61
904	66
904	347
904	387
904	515
904	535
904	648
904	652
904	682
904	693
904	831
904	834
904	840
904	895
904	912
904	954
904	957
904	963
904	975
904	984
904	994
905	5
905	105
905	246
905	306
905	319
905	424
905	453
905	534
905	584
905	599
905	606
905	619
905	785
905	808
905	844
905	925
905	982
906	325
906	365
906	474
906	486
906	501
906	510
906	559
906	577
906	635
906	668
906	687
906	714
906	766
906	815
906	837
906	892
906	899
906	913
906	932
906	966
906	975
907	165
907	169
907	237
907	305
907	351
907	419
907	433
907	680
907	726
907	806
907	818
907	820
907	821
907	841
907	864
907	937
907	949
907	973
907	981
907	990
907	996
908	20
908	32
908	89
908	145
908	276
908	309
908	509
908	533
908	559
908	738
908	742
908	758
908	775
908	849
908	876
908	897
908	960
908	979
908	983
908	998
908	1000
909	182
909	275
909	366
909	451
909	517
909	696
909	720
909	754
909	831
909	878
909	918
909	931
909	938
909	939
909	951
909	958
909	959
909	960
909	977
909	988
909	995
910	105
910	123
910	561
910	590
910	645
910	739
910	850
910	857
910	862
910	863
910	865
910	879
910	887
910	896
910	902
910	903
910	947
910	950
910	972
910	989
910	999
911	19
911	192
911	219
911	353
911	454
911	607
911	721
911	750
911	787
911	794
911	823
911	839
911	851
911	863
911	883
911	884
911	921
911	956
911	961
911	972
911	978
912	247
912	387
912	592
912	610
912	618
912	625
912	674
912	731
912	819
912	829
912	832
912	834
912	873
912	895
912	904
912	945
912	952
912	963
912	970
912	984
912	994
912	1000
913	1
913	314
913	364
913	423
913	603
913	673
913	753
913	760
913	766
913	802
913	851
913	890
913	906
913	953
913	959
913	963
913	964
913	966
913	969
913	985
913	986
913	988
914	320
914	353
914	418
914	425
914	467
914	522
914	551
914	555
914	638
914	686
914	688
914	703
914	723
914	767
914	772
914	817
914	835
914	856
914	883
914	917
914	955
914	992
915	21
915	79
915	91
915	105
915	158
915	230
915	295
915	360
915	412
915	624
915	661
915	752
915	821
915	827
915	834
915	844
915	858
915	879
915	922
915	941
915	944
915	982
916	181
916	212
916	225
916	244
916	254
916	279
916	332
916	426
916	506
916	510
916	520
916	536
916	553
916	691
916	770
916	777
916	866
916	870
916	940
916	961
916	964
916	999
917	2
917	227
917	296
917	318
917	372
917	425
917	436
917	467
917	493
917	504
917	522
917	536
917	601
917	631
917	670
917	697
917	703
917	789
917	914
917	955
917	962
917	986
918	52
918	96
918	177
918	227
918	536
918	599
918	602
918	660
918	711
918	747
918	765
918	842
918	855
918	869
918	891
918	909
918	922
918	926
918	932
918	938
918	945
918	987
919	82
919	173
919	335
919	384
919	421
919	451
919	489
919	584
919	627
919	713
919	762
919	780
919	838
919	869
919	871
919	889
919	895
919	928
919	941
919	953
919	983
919	985
920	87
920	136
920	374
920	395
920	438
920	463
920	629
920	710
920	756
920	782
920	795
920	811
920	828
920	832
920	854
920	861
920	897
920	934
920	972
920	974
920	987
920	993
921	262
921	294
921	494
921	582
921	697
921	736
921	804
921	839
921	875
921	884
921	888
921	911
921	929
921	943
921	948
921	956
921	961
921	966
921	971
921	977
921	978
921	980
922	349
922	365
922	417
922	653
922	661
922	709
922	748
922	766
922	821
922	844
922	858
922	879
922	891
922	892
922	915
922	918
922	938
922	939
922	951
922	959
922	962
922	966
923	35
923	38
923	169
923	230
923	369
923	392
923	455
923	622
923	663
923	735
923	736
923	748
923	804
923	827
923	875
923	880
923	936
923	943
923	953
923	977
923	995
923	998
924	78
924	108
924	114
924	116
924	177
924	274
924	380
924	419
924	512
924	563
924	640
924	667
924	717
924	738
924	740
924	744
924	749
924	814
924	859
924	862
924	968
924	993
925	34
925	185
925	222
925	245
925	246
925	305
925	306
925	319
925	351
925	421
925	424
925	453
925	534
925	584
925	599
925	606
925	785
925	808
925	844
925	875
925	877
925	905
925	982
926	17
926	26
926	96
926	117
926	210
926	211
926	356
926	445
926	476
926	557
926	612
926	665
926	711
926	776
926	784
926	790
926	808
926	865
926	869
926	918
926	940
926	945
926	987
927	127
927	134
927	154
927	269
927	403
927	411
927	475
927	519
927	564
927	664
927	681
927	770
927	791
927	802
927	825
927	829
927	833
927	842
927	843
927	845
927	982
927	992
927	996
928	173
928	174
928	288
928	292
928	335
928	518
928	552
928	655
928	710
928	713
928	714
928	762
928	810
928	843
928	851
928	869
928	871
928	889
928	919
928	941
928	953
928	983
928	985
929	31
929	49
929	123
929	284
929	352
929	354
929	532
929	558
929	596
929	623
929	730
929	763
929	769
929	832
929	902
929	921
929	934
929	948
929	966
929	967
929	971
929	980
929	988
930	3
930	71
930	224
930	229
930	328
930	339
930	362
930	410
930	523
930	588
930	641
930	653
930	660
930	684
930	715
930	820
930	889
930	901
930	902
930	942
930	944
930	982
930	998
931	93
931	124
931	156
931	202
931	286
931	323
931	368
931	621
931	660
931	673
931	760
931	787
931	799
931	822
931	851
931	903
931	909
931	958
931	967
931	985
931	986
931	988
931	995
932	282
932	308
932	310
932	485
932	486
932	505
932	510
932	645
932	668
932	732
932	757
932	764
932	847
932	855
932	906
932	918
932	935
932	958
932	967
932	970
932	971
932	974
932	983
933	148
933	248
933	277
933	470
933	475
933	591
933	619
933	633
933	643
933	664
933	703
933	754
933	780
933	814
933	838
933	842
933	891
933	895
933	897
933	939
933	951
933	955
933	978
934	77
934	136
934	330
934	397
934	404
934	499
934	646
934	710
934	746
934	768
934	811
934	813
934	840
934	880
934	884
934	920
934	929
934	948
934	951
934	966
934	967
934	980
934	981
934	995
935	141
935	203
935	304
935	367
935	384
935	406
935	414
935	496
935	527
935	605
935	656
935	674
935	732
935	764
935	767
935	775
935	835
935	847
935	932
935	970
935	971
935	973
935	975
935	983
936	35
936	102
936	172
936	326
936	327
936	435
936	448
936	449
936	666
936	685
936	691
936	693
936	708
936	734
936	735
936	745
936	783
936	798
936	877
936	880
936	923
936	977
936	997
936	998
937	70
937	118
937	330
937	420
937	427
937	472
937	497
937	615
937	646
937	665
937	726
937	733
937	768
937	796
937	806
937	813
937	836
937	893
937	907
937	939
937	955
937	972
937	973
937	990
938	52
938	84
938	251
938	352
938	368
938	466
938	477
938	517
938	523
938	597
938	643
938	660
938	754
938	779
938	800
938	862
938	891
938	909
938	918
938	922
938	939
938	943
938	951
938	968
939	69
939	194
939	265
939	278
939	320
939	329
939	427
939	472
939	582
939	643
939	725
939	728
939	761
939	782
939	890
939	899
939	909
939	922
939	933
939	937
939	938
939	946
939	951
939	955
940	178
940	244
940	344
940	347
940	356
940	449
940	520
940	538
940	557
940	600
940	612
940	691
940	696
940	711
940	736
940	843
940	874
940	897
940	916
940	926
940	945
940	958
940	964
940	987
941	255
941	294
941	346
941	372
941	412
941	593
941	624
941	661
941	810
941	852
941	858
941	871
941	879
941	889
941	915
941	919
941	928
941	949
941	953
941	957
941	958
941	969
941	983
941	985
942	3
942	74
942	201
942	226
942	297
942	400
942	447
942	470
942	588
942	613
942	641
942	651
942	677
942	715
942	745
942	836
942	870
942	901
942	930
942	944
942	963
942	978
942	981
942	985
943	13
943	262
943	352
943	477
943	560
943	561
943	583
943	597
943	672
943	695
943	754
943	770
943	788
943	800
943	804
943	845
943	875
943	921
943	923
943	938
943	951
943	965
943	977
943	991
944	198
944	212
944	237
944	339
944	369
944	389
944	433
944	494
944	507
944	539
944	543
944	641
944	680
944	715
944	756
944	841
944	864
944	893
944	915
944	930
944	942
944	972
944	973
944	990
944	996
945	57
945	93
945	162
945	281
945	518
945	586
945	608
945	618
945	682
945	698
945	705
945	711
945	761
945	784
945	808
945	851
945	895
945	912
945	918
945	926
945	940
945	963
945	984
945	987
945	991
946	69
946	75
946	131
946	199
946	208
946	342
946	354
946	476
946	482
946	508
946	582
946	640
946	701
946	725
946	728
946	751
946	753
946	826
946	833
946	837
946	844
946	848
946	853
946	886
946	939
947	41
947	220
947	223
947	269
947	431
947	442
947	481
947	538
947	581
947	596
947	617
947	638
947	647
947	651
947	850
947	861
947	887
947	910
947	950
947	952
947	972
947	982
947	989
947	992
947	999
948	51
948	139
948	280
948	328
948	404
948	460
948	511
948	558
948	569
948	585
948	623
948	637
948	697
948	769
948	832
948	840
948	867
948	903
948	921
948	929
948	934
948	966
948	967
948	971
948	980
949	158
949	229
949	271
949	295
949	381
949	534
949	547
949	658
949	678
949	719
949	720
949	726
949	752
949	776
949	818
949	820
949	835
949	858
949	876
949	879
949	893
949	907
949	941
949	973
949	990
949	994
950	16
950	376
950	478
950	507
950	556
950	561
950	581
950	609
950	615
950	616
950	714
950	739
950	763
950	783
950	850
950	857
950	865
950	887
950	896
950	902
950	903
950	910
950	947
950	972
950	989
950	999
951	39
951	233
951	330
951	368
951	374
951	385
951	421
951	438
951	615
951	619
951	709
951	746
951	768
951	781
951	807
951	828
951	854
951	909
951	922
951	933
951	934
951	938
951	939
951	943
951	970
951	972
952	41
952	44
952	98
952	167
952	206
952	215
952	220
952	383
952	387
952	417
952	594
952	610
952	625
952	634
952	638
952	650
952	651
952	685
952	702
952	705
952	774
952	887
952	912
952	947
952	957
952	994
953	15
953	92
953	109
953	113
953	302
953	412
953	593
953	639
953	679
953	729
953	762
953	810
953	823
953	843
953	890
953	913
953	919
953	923
953	928
953	941
953	957
953	958
953	983
953	985
953	988
953	995
954	40
954	77
954	101
954	160
954	195
954	236
954	253
954	291
954	355
954	416
954	531
954	560
954	626
954	695
954	751
954	764
954	824
954	830
954	840
954	853
954	860
954	865
954	904
954	957
954	988
954	989
955	49
955	70
955	111
955	130
955	170
955	320
955	384
955	420
955	427
955	472
955	496
955	551
955	611
955	686
955	688
955	772
955	827
955	883
955	914
955	917
955	933
955	937
955	939
955	973
955	978
955	981
956	19
956	43
956	219
956	270
956	315
956	353
956	454
956	465
956	506
956	512
956	590
956	721
956	733
956	775
956	792
956	794
956	839
956	850
956	851
956	863
956	884
956	911
956	921
956	961
956	970
956	972
956	978
957	14
957	52
957	107
957	113
957	208
957	345
957	504
957	521
957	568
957	610
957	625
957	652
957	695
957	726
957	751
957	763
957	812
957	836
957	904
957	941
957	952
957	953
957	954
957	958
957	969
957	985
957	989
957	994
958	65
958	205
958	341
958	347
958	538
958	568
958	717
958	760
958	786
958	787
958	799
958	802
958	812
958	843
958	874
958	887
958	890
958	903
958	909
958	931
958	932
958	940
958	941
958	953
958	957
958	969
958	986
958	988
959	23
959	182
959	302
959	338
959	340
959	349
959	440
959	443
959	523
959	547
959	707
959	716
959	743
959	759
959	766
959	778
959	788
959	813
959	831
959	845
959	878
959	903
959	909
959	913
959	922
959	965
959	994
959	997
959	1000
960	20
960	21
960	89
960	125
960	142
960	242
960	258
960	288
960	309
960	497
960	509
960	533
960	559
960	579
960	604
960	609
960	630
960	738
960	742
960	758
960	772
960	775
960	849
960	876
960	897
960	908
960	909
960	979
960	1000
961	51
961	204
961	321
961	454
961	468
961	494
961	630
961	643
961	708
961	733
961	750
961	775
961	787
961	792
961	794
961	801
961	823
961	839
961	851
961	855
961	863
961	884
961	888
961	911
961	916
961	921
961	956
961	972
961	978
962	119
962	167
962	225
962	274
962	372
962	383
962	413
962	436
962	460
962	463
962	464
962	493
962	504
962	516
962	598
962	609
962	626
962	632
962	633
962	644
962	668
962	684
962	724
962	789
962	812
962	826
962	917
962	922
962	986
963	324
963	378
963	405
963	409
963	435
963	477
963	505
963	512
963	515
963	535
963	569
963	573
963	607
963	608
963	618
963	682
963	689
963	781
963	785
963	822
963	829
963	856
963	895
963	904
963	912
963	913
963	942
963	945
963	984
964	36
964	63
964	99
964	152
964	178
964	244
964	331
964	371
964	434
964	466
964	506
964	567
964	649
964	654
964	683
964	690
964	710
964	724
964	759
964	777
964	848
964	866
964	867
964	870
964	913
964	916
964	940
964	976
964	994
964	997
965	13
965	100
965	300
965	311
965	367
965	409
965	440
965	473
965	480
965	537
965	544
965	552
965	560
965	566
965	621
965	683
965	699
965	707
965	716
965	741
965	759
965	788
965	845
965	849
965	903
965	943
965	959
965	972
965	991
965	997
966	83
966	128
966	188
966	268
966	293
966	324
966	347
966	363
966	365
966	370
966	518
966	540
966	572
966	603
966	635
966	642
966	685
966	730
966	766
966	769
966	809
966	840
966	906
966	913
966	921
966	922
966	929
966	934
966	948
966	980
966	996
967	28
967	260
967	314
967	377
967	483
967	497
967	541
967	551
967	558
967	588
967	616
967	671
967	717
967	730
967	737
967	765
967	771
967	824
967	836
967	865
967	866
967	867
967	929
967	931
967	932
967	934
967	948
967	975
967	980
967	997
967	1000
968	8
968	74
968	161
968	181
968	276
968	308
968	310
968	325
968	383
968	398
968	479
968	485
968	495
968	512
968	519
968	542
968	575
968	642
968	645
968	667
968	693
968	704
968	740
968	744
968	749
968	837
968	859
968	896
968	924
968	938
968	993
969	71
969	82
969	92
969	131
969	210
969	211
969	247
969	294
969	341
969	346
969	364
969	413
969	423
969	479
969	491
969	568
969	587
969	614
969	686
969	739
969	751
969	763
969	812
969	815
969	823
969	852
969	890
969	913
969	941
969	957
969	958
969	985
970	23
970	45
970	122
970	141
970	203
970	207
970	304
970	367
970	384
970	406
970	435
970	489
970	496
970	527
970	614
970	616
970	656
970	674
970	732
970	764
970	767
970	775
970	835
970	847
970	912
970	932
970	935
970	951
970	956
970	971
970	983
970	995
971	11
971	120
971	122
971	206
971	207
971	266
971	292
971	406
971	456
971	460
971	504
971	534
971	558
971	669
971	674
971	697
971	722
971	732
971	769
971	812
971	847
971	879
971	882
971	888
971	894
971	921
971	929
971	932
971	935
971	948
971	970
971	980
971	983
972	40
972	118
972	330
972	499
972	570
972	581
972	615
972	630
972	763
972	768
972	794
972	807
972	813
972	839
972	850
972	857
972	863
972	865
972	884
972	896
972	910
972	911
972	920
972	937
972	944
972	947
972	950
972	951
972	956
972	961
972	965
972	978
972	987
972	999
973	165
973	237
973	255
973	350
973	393
973	419
973	433
973	599
973	602
973	665
973	719
973	721
973	726
973	744
973	784
973	796
973	806
973	808
973	818
973	820
973	835
973	840
973	841
973	864
973	893
973	907
973	935
973	937
973	944
973	949
973	955
973	981
973	990
973	996
974	34
974	104
974	114
974	130
974	138
974	149
974	189
974	242
974	409
974	411
974	457
974	477
974	479
974	540
974	569
974	588
974	668
974	714
974	723
974	726
974	795
974	798
974	802
974	830
974	877
974	888
974	897
974	899
974	920
974	932
974	979
974	987
974	992
974	993
975	214
975	216
975	236
975	238
975	239
975	259
975	291
975	322
975	373
975	476
975	507
975	511
975	587
975	617
975	635
975	702
975	717
975	734
975	751
975	801
975	833
975	856
975	865
975	866
975	904
975	906
975	935
975	967
975	993
975	997
975	1000
976	110
976	144
976	150
976	183
976	253
976	254
976	299
976	308
976	337
976	341
976	408
976	415
976	434
976	459
976	466
976	516
976	544
976	572
976	595
976	604
976	635
976	639
976	667
976	676
976	683
976	704
976	724
976	727
976	759
976	782
976	784
976	816
976	832
976	892
976	964
977	102
977	103
977	106
977	171
977	199
977	262
977	275
977	370
977	390
977	392
977	487
977	549
977	553
977	655
977	665
977	685
977	690
977	694
977	735
977	736
977	783
977	804
977	806
977	850
977	864
977	875
977	880
977	909
977	921
977	923
977	936
977	943
977	998
978	15
978	200
978	258
978	267
978	277
978	298
978	375
978	384
978	419
978	456
978	488
978	512
978	630
978	641
978	789
978	801
978	803
978	824
978	827
978	828
978	839
978	851
978	863
978	877
978	885
978	886
978	888
978	911
978	921
978	933
978	942
978	955
978	956
978	961
978	972
978	981
979	20
979	84
979	135
979	159
979	242
979	264
979	289
979	326
979	437
979	507
979	559
979	593
979	603
979	670
979	678
979	742
979	758
979	762
979	781
979	795
979	802
979	821
979	861
979	869
979	871
979	876
979	889
979	897
979	908
979	960
979	974
979	985
979	987
979	993
979	994
979	1000
980	11
980	28
980	31
980	49
980	139
980	155
980	213
980	280
980	315
980	328
980	354
980	404
980	460
980	498
980	532
980	534
980	558
980	585
980	623
980	688
980	697
980	705
980	730
980	763
980	816
980	832
980	840
980	867
980	884
980	921
980	929
980	934
980	948
980	966
980	967
980	971
980	987
981	7
981	9
981	37
981	136
981	226
981	229
981	297
981	320
981	342
981	470
981	560
981	629
981	636
981	719
981	780
981	796
981	811
981	818
981	820
981	827
981	834
981	835
981	836
981	841
981	864
981	881
981	893
981	907
981	934
981	942
981	955
981	973
981	978
981	989
981	990
981	992
981	996
982	43
982	47
982	127
982	246
982	268
982	306
982	319
982	339
982	362
982	396
982	424
982	453
982	481
982	505
982	518
982	519
982	624
982	641
982	658
982	659
982	693
982	737
982	785
982	808
982	820
982	837
982	844
982	846
982	901
982	902
982	905
982	915
982	925
982	927
982	930
982	947
982	992
983	33
983	92
983	151
983	207
983	318
983	401
983	406
983	527
983	548
983	603
983	616
983	631
983	656
983	663
983	675
983	702
983	704
983	732
983	762
983	810
983	821
983	825
983	835
983	838
983	847
983	871
983	889
983	908
983	919
983	928
983	932
983	935
983	941
983	953
983	970
983	971
983	985
983	986
983	988
984	2
984	15
984	52
984	57
984	61
984	105
984	143
984	234
984	324
984	334
984	378
984	405
984	435
984	505
984	512
984	515
984	520
984	535
984	546
984	550
984	569
984	573
984	607
984	608
984	618
984	682
984	689
984	754
984	781
984	785
984	822
984	829
984	856
984	882
984	895
984	904
984	912
984	945
984	963
985	175
985	210
985	272
985	314
985	413
985	423
985	509
985	560
985	603
985	614
985	655
985	660
985	673
985	710
985	760
985	762
985	763
985	769
985	787
985	799
985	810
985	821
985	852
985	871
985	913
985	919
985	928
985	931
985	941
985	942
985	953
985	957
985	969
985	979
985	983
985	986
985	988
985	990
985	995
986	4
986	33
986	146
986	151
986	263
986	274
986	328
986	370
986	432
986	436
986	493
986	516
986	532
986	580
986	609
986	621
986	632
986	644
986	673
986	675
986	676
986	684
986	704
986	724
986	760
986	787
986	796
986	799
986	812
986	838
986	913
986	917
986	931
986	958
986	962
986	983
986	985
986	991
986	995
987	17
987	43
987	85
987	111
987	218
987	235
987	281
987	356
987	357
987	372
987	421
987	428
987	637
987	648
987	665
987	688
987	691
987	694
987	711
987	764
987	790
987	795
987	807
987	826
987	830
987	884
987	888
987	897
987	918
987	920
987	926
987	940
987	945
987	972
987	974
987	979
987	980
987	993
988	4
988	29
988	37
988	44
988	92
988	138
988	184
988	272
988	292
988	302
988	313
988	382
988	410
988	462
988	482
988	509
988	548
988	611
988	634
988	650
988	663
988	666
988	673
988	706
988	760
988	773
988	780
988	800
988	802
988	827
988	903
988	909
988	913
988	929
988	931
988	953
988	954
988	958
988	983
988	985
988	995
989	101
989	157
989	163
989	179
989	236
989	358
989	407
989	426
989	450
989	521
989	524
989	581
989	629
989	636
989	648
989	681
989	695
989	710
989	718
989	729
989	739
989	787
989	811
989	820
989	833
989	850
989	857
989	860
989	862
989	870
989	880
989	881
989	887
989	902
989	903
989	910
989	947
989	950
989	954
989	957
989	981
989	999
990	44
990	130
990	133
990	137
990	145
990	174
990	205
990	237
990	255
990	323
990	393
990	433
990	446
990	455
990	463
990	599
990	602
990	651
990	665
990	676
990	719
990	726
990	784
990	796
990	806
990	808
990	818
990	820
990	821
990	823
990	835
990	840
990	841
990	864
990	893
990	907
990	937
990	944
990	949
990	973
990	981
990	985
990	996
991	60
991	73
991	100
991	187
991	191
991	231
991	273
991	275
991	312
991	394
991	402
991	422
991	432
991	458
991	491
991	502
991	537
991	565
991	656
991	672
991	694
991	699
991	702
991	707
991	718
991	741
991	755
991	759
991	788
991	822
991	845
991	856
991	860
991	861
991	868
991	943
991	945
991	965
991	986
991	995
991	997
992	5
992	27
992	42
992	47
992	61
992	84
992	97
992	127
992	134
992	144
992	211
992	256
992	269
992	271
992	309
992	312
992	398
992	403
992	481
992	514
992	518
992	520
992	579
992	606
992	617
992	624
992	647
992	658
992	659
992	693
992	749
992	770
992	776
992	805
992	828
992	846
992	860
992	861
992	914
992	927
992	947
992	974
992	981
992	982
993	53
993	78
993	99
993	165
993	216
993	238
993	239
993	264
993	284
993	295
993	304
993	308
993	386
993	435
993	507
993	544
993	640
993	667
993	688
993	694
993	717
993	738
993	744
993	764
993	795
993	801
993	802
993	832
993	844
993	859
993	862
993	876
993	888
993	920
993	924
993	968
993	974
993	975
993	979
993	987
993	998
994	14
994	17
994	58
994	64
994	71
994	132
994	202
994	241
994	271
994	276
994	283
994	292
994	318
994	321
994	341
994	381
994	534
994	583
994	610
994	625
994	632
994	660
994	678
994	693
994	726
994	738
994	746
994	749
994	774
994	776
994	805
994	824
994	834
994	843
994	859
994	876
994	904
994	912
994	949
994	952
994	957
994	959
994	964
994	979
995	38
995	156
995	164
995	181
995	270
995	272
995	275
995	368
995	369
995	394
995	402
995	405
995	414
995	416
995	422
995	434
995	482
995	501
995	551
995	565
995	573
995	621
995	663
995	679
995	694
995	702
995	706
995	729
995	748
995	755
995	760
995	799
995	802
995	827
995	861
995	868
995	909
995	923
995	931
995	934
995	953
995	970
995	985
995	986
995	988
995	991
996	12
996	83
996	84
996	115
996	116
996	133
996	188
996	253
996	265
996	268
996	283
996	347
996	363
996	411
996	448
996	536
996	554
996	564
996	574
996	603
996	642
996	656
996	681
996	685
996	719
996	758
996	791
996	796
996	801
996	802
996	820
996	821
996	841
996	864
996	881
996	893
996	907
996	927
996	944
996	966
996	973
996	981
996	990
997	61
997	63
997	83
997	137
997	152
997	155
997	196
997	226
997	243
997	311
997	331
997	371
997	379
997	441
997	480
997	490
997	531
997	537
997	541
997	552
997	567
997	578
997	617
997	656
997	662
997	672
997	684
997	690
997	699
997	716
997	741
997	747
997	759
997	774
997	788
997	798
997	848
997	849
997	867
997	936
997	959
997	964
997	965
997	967
997	975
997	991
997	1000
998	35
998	83
998	91
998	95
998	102
998	172
998	209
998	279
998	296
998	313
998	326
998	327
998	329
998	370
998	383
998	399
998	418
998	447
998	448
998	449
998	455
998	471
998	473
998	517
998	528
998	549
998	553
998	573
998	577
998	587
998	666
998	685
998	691
998	708
998	734
998	735
998	745
998	783
998	792
998	798
998	877
998	880
998	908
998	923
998	930
998	936
998	977
998	993
999	16
999	22
999	64
999	123
999	185
999	279
999	280
999	283
999	289
999	332
999	342
999	361
999	368
999	376
999	392
999	398
999	420
999	458
999	478
999	507
999	556
999	561
999	581
999	590
999	609
999	616
999	639
999	676
999	714
999	739
999	763
999	769
999	850
999	857
999	862
999	865
999	880
999	887
999	896
999	902
999	903
999	910
999	916
999	947
999	950
999	972
999	989
999	1000
1000	7
1000	10
1000	20
1000	135
1000	155
1000	165
1000	182
1000	243
1000	250
1000	322
1000	377
1000	388
1000	462
1000	468
1000	471
1000	531
1000	559
1000	595
1000	606
1000	609
1000	662
1000	704
1000	717
1000	734
1000	738
1000	742
1000	750
1000	758
1000	772
1000	774
1000	832
1000	849
1000	852
1000	866
1000	870
1000	873
1000	876
1000	887
1000	897
1000	908
1000	912
1000	959
1000	960
1000	967
1000	975
1000	979
1000	997
1000	999
