1	892
1	929
1	962
1	974
2	327
2	905
2	994
2	999
3	889
3	939
3	957
3	972
4	444
4	924
4	978
4	989
5	162
5	535
5	772
5	951
6	422
6	691
6	971
6	990
7	797
7	851
7	959
7	992
8	670
8	838
8	924
8	960
9	281
9	651
9	858
9	878
10	136
10	491
10	763
10	833
11	654
11	717
11	896
11	984
12	191
12	706
12	843
12	998
13	481
13	867
13	985
13	994
14	851
14	933
14	988
14	992
15	253
15	762
15	764
15	801
16	578
16	873
16	874
16	877
17	786
17	873
17	874
17	961
18	711
18	869
18	948
18	995
19	118
19	833
19	938
19	992
20	857
20	894
20	941
20	999
21	636
21	667
21	838
21	872
22	759
22	805
22	864
22	940
23	784
23	824
23	921
23	956
24	759
24	873
24	874
24	885
25	428
25	455
25	718
25	922
26	553
26	839
26	959
26	992
27	113
27	537
27	559
27	878
28	898
28	901
28	987
28	997
29	773
29	830
29	982
29	990
30	712
30	943
30	973
30	994
31	520
31	799
31	810
31	968
32	458
32	935
32	962
32	967
33	193
33	954
33	963
33	999
34	88
34	706
34	986
34	998
35	397
35	960
35	969
35	978
36	339
36	903
36	936
36	968
37	272
37	372
37	634
37	747
38	573
38	853
38	954
38	980
39	607
39	831
39	929
39	953
40	189
40	559
40	788
40	822
41	379
41	697
41	841
41	934
42	664
42	666
42	895
42	914
43	981
43	987
43	991
43	996
44	465
44	616
44	888
44	990
45	881
45	930
45	943
45	994
46	754
46	762
46	930
46	988
47	122
47	966
47	983
47	995
48	857
48	894
48	941
48	999
49	453
49	789
49	901
49	988
50	760
50	805
50	911
51	86
51	154
51	595
51	878
52	541
52	755
52	954
52	965
53	452
53	592
53	749
53	997
54	873
54	874
54	912
54	961
55	886
55	922
55	926
55	975
56	745
56	851
56	989
56	992
57	755
57	765
57	946
57	965
58	580
58	667
58	941
58	1000
59	338
59	512
59	754
59	762
60	303
60	984
60	990
60	998
61	850
61	860
61	930
61	999
62	770
62	789
62	818
62	875
63	943
63	945
63	957
63	972
64	120
64	442
64	807
64	833
65	152
65	296
65	714
65	866
66	286
66	799
66	921
66	968
67	699
67	811
67	982
67	991
68	646
68	827
68	885
68	993
69	518
69	523
69	971
69	994
70	755
70	965
70	967
70	1000
71	849
71	978
71	988
71	989
72	938
72	946
72	975
72	993
73	726
73	897
73	982
73	985
74	603
74	920
74	960
74	978
75	712
75	947
75	973
75	994
76	225
76	679
76	889
76	984
77	112
77	712
77	987
77	990
78	109
78	602
78	916
78	942
79	583
79	594
79	600
79	888
80	156
80	534
80	578
80	920
81	472
81	692
81	922
81	963
82	452
82	878
82	939
82	984
83	794
83	838
83	880
83	952
84	430
84	841
84	988
84	996
85	638
85	648
85	945
85	984
86	51
86	719
86	822
86	824
87	684
87	916
87	952
87	960
88	34
88	637
88	986
88	998
89	794
89	838
89	848
89	956
90	684
90	941
90	949
90	999
91	596
91	811
91	829
91	888
92	756
92	798
92	902
92	995
93	718
93	892
93	916
93	942
94	264
94	485
94	715
94	812
95	930
95	955
95	980
95	982
96	438
96	573
96	871
96	911
97	773
97	857
97	941
97	982
98	908
98	915
98	962
98	967
99	531
99	950
99	959
99	981
100	504
100	960
100	978
100	989
101	909
101	969
101	988
101	995
102	896
102	963
102	984
102	993
103	962
103	967
103	974
103	1000
104	746
104	971
104	987
104	997
105	439
105	879
105	914
105	994
106	344
106	430
106	507
106	733
107	459
107	809
107	833
107	846
108	850
108	881
108	930
108	982
109	78
109	367
109	445
109	602
110	779
110	794
110	918
110	964
111	699
111	773
111	793
111	982
112	77
112	934
112	965
112	990
113	27
113	909
113	974
113	988
114	245
114	647
114	963
114	993
115	650
115	740
115	907
115	995
116	900
116	919
116	947
116	994
117	154
117	622
117	771
117	985
118	19
118	816
118	884
118	980
119	594
119	804
119	852
119	888
120	64
120	136
120	491
120	833
121	283
121	787
121	852
121	910
122	47
122	907
122	989
122	995
123	128
123	664
123	666
123	821
124	954
124	958
124	989
124	992
125	721
125	915
125	962
125	967
126	364
126	489
126	785
126	985
127	631
127	733
127	913
127	994
128	123
128	417
128	666
128	821
129	887
129	970
129	989
129	992
130	291
130	309
130	445
130	930
131	755
131	954
131	965
131	977
132	814
132	895
132	956
132	985
133	319
133	974
133	979
133	986
134	938
134	946
134	988
134	993
135	851
135	973
135	978
135	989
136	10
136	120
136	833
136	933
137	160
137	509
137	623
137	992
138	537
138	736
138	822
138	842
139	840
139	888
139	925
139	980
140	652
140	942
140	966
140	995
141	777
141	956
141	998
141	1000
142	959
142	960
142	978
142	989
143	227
143	463
143	495
143	794
144	859
144	945
144	979
144	990
145	626
145	834
145	861
145	942
146	915
146	962
146	967
146	974
147	601
147	876
147	906
147	995
148	249
148	491
148	828
148	833
149	853
149	884
149	955
149	980
150	471
150	485
150	795
150	893
151	847
151	905
151	954
151	977
152	65
152	714
152	804
152	852
153	686
153	970
153	986
153	998
154	51
154	117
154	651
154	995
155	698
155	843
155	986
155	998
156	80
156	325
156	431
156	934
157	560
157	774
157	887
157	944
158	895
158	912
158	914
158	985
159	657
159	897
159	949
159	996
160	137
160	789
160	930
160	982
161	852
161	855
161	910
161	994
162	5
162	766
162	974
162	988
163	735
163	954
163	977
163	999
164	789
164	818
164	875
164	982
165	483
165	826
165	956
165	979
166	300
166	534
166	841
166	934
167	924
167	960
167	973
167	991
168	819
168	834
168	893
168	981
169	239
169	888
169	980
169	983
170	947
170	954
170	973
170	978
171	733
171	883
171	988
171	990
172	845
172	863
172	871
172	977
173	564
173	687
173	930
173	956
174	710
174	895
174	912
174	914
175	865
175	981
175	991
175	996
176	799
176	810
176	921
176	968
177	782
177	934
177	936
177	953
178	355
178	649
178	766
178	970
179	436
179	895
179	912
179	985
180	679
180	799
180	810
180	968
181	806
181	914
181	952
181	985
182	677
182	962
182	990
182	1000
183	837
183	861
183	919
183	965
184	365
184	457
184	591
184	979
185	668
185	674
185	739
185	897
186	232
186	765
186	946
186	964
187	524
187	838
187	872
187	877
188	887
188	970
188	971
188	987
189	40
189	689
189	884
189	980
190	191
190	592
190	736
190	838
191	12
191	190
191	281
191	736
192	688
192	968
192	992
192	993
193	33
193	197
193	437
193	963
194	823
194	873
194	874
194	961
195	973
195	986
195	988
195	994
196	411
196	814
196	946
196	986
197	193
197	890
197	963
197	993
198	835
198	873
198	874
198	958
199	589
199	677
199	945
199	954
200	902
200	907
200	983
200	995
201	895
201	912
201	914
201	985
202	287
202	417
202	666
202	982
203	895
203	916
203	942
203	961
204	789
204	875
204	979
204	990
205	889
205	939
205	977
205	984
206	354
206	859
206	971
206	990
207	575
207	801
207	987
207	997
208	731
208	751
208	963
208	993
209	908
209	962
209	967
209	976
210	472
210	551
210	963
210	993
211	627
211	982
211	994
212	788
212	938
212	946
212	984
213	799
213	981
213	989
213	992
214	481
214	726
214	771
214	790
214	997
215	361
215	407
215	805
215	864
215	927
216	764
216	804
216	852
216	963
216	993
217	718
217	771
217	845
217	863
217	964
218	393
218	400
218	843
218	859
218	990
219	744
219	812
219	835
219	958
219	964
220	799
220	810
220	921
220	968
220	996
221	850
221	866
221	881
221	930
221	982
222	457
222	760
222	805
222	826
222	853
223	683
223	870
223	960
223	983
223	995
224	603
224	981
224	987
224	991
224	996
225	76
225	771
225	872
225	922
225	985
226	723
226	765
226	836
226	946
226	957
227	143
227	246
227	600
227	758
227	888
228	906
228	907
228	939
228	966
228	995
229	726
229	820
229	893
229	897
229	949
230	705
230	873
230	874
230	980
230	983
231	689
231	840
231	862
231	884
231	983
232	186
232	234
232	910
232	953
232	958
233	754
233	762
233	880
233	971
233	975
234	232
234	837
234	927
234	931
234	972
235	273
235	756
235	805
235	955
235	997
236	939
236	960
236	978
236	983
236	984
237	312
237	905
237	945
237	957
237	970
238	662
238	906
238	907
238	928
238	995
239	169
239	507
239	755
239	937
239	965
240	850
240	881
240	930
240	956
240	982
241	892
241	893
241	916
241	942
241	981
242	840
242	956
242	980
242	983
242	986
243	719
243	752
243	845
243	941
243	999
244	285
244	397
244	713
244	922
244	937
245	114
245	775
245	913
245	961
245	988
246	227
246	250
246	667
246	910
246	953
247	794
247	838
247	866
247	953
247	976
248	750
248	801
248	953
248	971
248	976
249	148
249	442
249	833
249	962
249	976
250	246
250	524
250	670
250	800
250	920
251	259
251	744
251	912
251	914
251	977
252	370
252	391
252	912
252	924
252	978
253	15
253	533
253	971
253	987
253	997
254	861
254	895
254	912
254	914
254	985
255	710
255	898
255	908
255	967
255	998
256	514
256	609
256	859
256	907
256	995
257	810
257	829
257	925
257	932
257	968
258	294
258	479
258	925
258	935
258	957
259	251
259	732
259	744
259	809
259	948
260	799
260	810
260	819
260	893
260	968
261	881
261	896
261	930
261	978
261	991
262	853
262	904
262	980
262	983
262	997
263	876
263	902
263	918
263	925
263	928
264	94
264	469
264	593
264	808
264	980
265	448
265	766
265	887
265	917
265	970
266	380
266	589
266	665
266	922
266	986
267	356
267	450
267	826
267	880
267	937
268	279
268	523
268	777
268	962
268	990
269	271
269	445
269	534
269	754
269	762
270	408
270	698
270	706
270	986
270	998
271	269
271	747
271	800
271	864
271	899
272	37
272	309
272	482
272	602
272	634
273	235
273	631
273	955
273	994
273	997
274	700
274	717
274	793
274	939
274	984
275	709
275	801
275	971
275	990
275	997
276	938
276	968
276	974
276	992
276	996
277	512
277	532
277	578
277	659
277	877
278	689
278	811
278	866
278	958
278	997
279	268
279	657
279	931
279	979
279	990
280	640
280	819
280	918
280	925
280	981
281	9
281	191
281	979
281	990
281	996
282	697
282	895
282	912
282	914
282	985
283	121
283	897
283	914
283	949
283	985
284	432
284	806
284	940
284	952
284	957
285	244
285	926
285	942
285	944
285	984
286	66
286	738
286	757
286	933
286	996
287	202
287	417
287	623
287	666
287	821
288	597
288	716
288	789
288	875
288	918
289	640
289	783
289	784
289	918
289	956
290	366
290	904
290	924
290	957
290	960
291	130
291	585
291	842
291	864
291	970
292	499
292	887
292	917
292	924
292	944
293	604
293	919
293	927
293	931
293	965
294	258
294	824
294	949
294	957
294	972
295	548
295	719
295	734
295	897
295	977
296	65
296	714
296	776
296	840
296	868
297	664
297	666
297	938
297	968
297	975
298	549
298	727
298	905
298	954
298	977
299	460
299	788
299	958
299	964
299	984
300	166
300	909
300	933
300	970
300	988
301	882
301	892
301	909
301	929
301	988
302	401
302	767
302	834
302	837
302	942
303	60
303	720
303	929
303	973
303	995
304	386
304	763
304	789
304	818
304	980
305	863
305	896
305	939
305	944
305	984
306	541
306	755
306	962
306	965
306	1000
307	734
307	768
307	876
307	948
307	977
308	677
308	709
308	810
308	968
308	990
309	130
309	272
309	362
309	367
309	482
310	546
310	635
310	703
310	773
310	982
311	581
311	625
311	765
311	946
311	964
312	237
312	374
312	750
312	957
312	972
313	397
313	834
313	857
313	942
313	999
314	399
314	417
314	734
314	821
314	948
315	796
315	955
315	957
315	958
315	964
316	700
316	788
316	889
316	966
316	984
317	881
317	930
317	938
317	982
317	993
318	844
318	927
318	931
318	962
318	1000
319	133
319	848
319	956
319	979
319	986
320	641
320	955
320	977
320	980
320	987
321	813
321	893
321	894
321	941
321	948
322	430
322	811
322	853
322	923
322	980
323	913
323	938
323	975
323	992
323	993
324	389
324	469
324	926
324	937
324	949
325	156
325	587
325	823
325	934
325	977
326	908
326	915
326	962
326	967
326	974
327	2
327	717
327	907
327	983
327	994
328	432
328	595
328	651
328	772
328	951
329	447
329	552
329	956
329	979
329	986
330	938
330	975
330	979
330	990
330	992
331	667
331	670
331	838
331	887
331	970
332	498
332	941
332	952
332	959
332	999
333	610
333	680
333	750
333	957
333	963
334	908
334	962
334	967
334	974
334	1000
335	375
335	765
335	903
335	936
335	946
336	497
336	570
336	714
336	776
336	868
337	488
337	794
337	838
337	872
337	877
338	59
338	717
338	939
338	966
338	984
339	36
339	786
339	873
339	874
339	961
340	513
340	570
340	835
340	928
340	964
341	365
341	846
341	983
341	995
341	998
342	394
342	526
342	639
342	822
342	878
343	698
343	753
343	843
343	986
343	998
344	106
344	474
344	706
344	725
344	998
345	675
345	895
345	912
345	914
345	985
346	754
346	762
346	831
346	858
346	903
347	422
347	617
347	782
347	936
347	944
348	428
348	879
348	911
348	953
348	976
349	873
349	874
349	935
349	938
349	993
350	850
350	856
350	881
350	930
350	982
351	558
351	915
351	967
351	984
351	999
352	941
352	967
352	974
352	987
352	999
353	438
353	573
353	614
353	871
353	911
354	206
354	709
354	722
354	975
354	990
355	178
355	661
355	805
355	826
355	864
356	267
356	763
356	789
356	875
356	886
357	647
357	725
357	922
357	963
357	993
358	807
358	900
358	905
358	947
358	954
359	622
359	690
359	933
359	988
359	996
360	893
360	950
360	959
360	969
360	981
361	215
361	756
361	778
361	826
361	864
362	309
362	445
362	482
362	634
362	804
363	450
363	785
363	880
363	981
363	996
364	126
364	568
364	630
364	665
364	985
365	184
365	341
365	633
365	805
365	860
366	290
366	685
366	867
366	913
366	943
366	994
367	109
367	309
367	747
367	896
367	966
367	984
368	404
368	695
368	731
368	894
368	941
368	945
369	508
369	740
369	928
369	966
369	983
369	995
370	252
370	917
370	919
370	960
370	974
370	978
371	525
371	530
371	806
371	867
371	952
371	994
372	37
372	482
372	718
372	747
372	841
372	949
373	588
373	622
373	802
373	847
373	954
373	999
374	312
374	672
374	926
374	945
374	957
374	965
375	335
375	677
375	711
375	824
375	897
375	971
376	737
376	745
376	782
376	821
376	936
376	964
377	496
377	735
377	757
377	900
377	954
377	999
378	443
378	618
378	844
378	927
378	931
378	952
379	41
379	483
379	873
379	874
379	956
379	961
380	266
380	497
380	648
380	726
380	929
380	953
381	828
381	853
381	884
381	892
381	910
381	953
382	449
382	475
382	790
382	844
382	927
382	972
383	693
383	825
383	918
383	925
383	928
383	961
384	420
384	683
384	870
384	973
384	978
384	991
385	728
385	743
385	829
385	953
385	976
385	1000
386	304
386	508
386	543
386	763
386	789
386	995
387	522
387	698
387	879
387	911
387	953
387	976
388	442
388	869
388	945
388	957
388	979
388	990
389	324
389	507
389	922
389	926
389	949
389	975
390	748
390	772
390	819
390	951
390	959
390	981
391	252
391	562
391	900
391	914
391	931
391	972
392	425
392	669
392	737
392	782
392	868
392	903
393	218
393	512
393	739
393	806
393	843
393	952
394	342
394	858
394	878
394	932
394	987
394	991
395	873
395	874
395	929
395	953
395	961
395	989
396	849
396	894
396	941
396	988
396	996
396	999
397	35
397	244
397	313
397	606
397	629
397	942
398	837
398	844
398	919
398	927
398	931
398	972
399	314
399	767
399	851
399	861
399	942
399	989
400	218
400	777
400	945
400	971
400	979
400	990
401	302
401	626
401	767
401	834
401	861
401	942
402	768
402	820
402	893
402	948
402	977
402	981
403	815
403	827
403	905
403	930
403	954
403	977
404	368
404	731
404	746
404	783
404	971
404	990
405	673
405	745
405	851
405	936
405	989
405	992
406	688
406	869
406	938
406	968
406	992
406	993
407	215
407	751
407	805
407	864
407	963
407	993
408	270
408	415
408	571
408	899
408	986
408	998
409	474
409	595
409	841
409	934
409	986
409	998
410	792
410	819
410	895
410	912
410	918
410	1000
411	196
411	685
411	698
411	899
411	986
411	998
412	850
412	856
412	881
412	925
412	930
412	982
413	795
413	797
413	928
413	959
413	989
413	992
414	766
414	774
414	897
414	917
414	944
414	970
415	408
415	739
415	861
415	897
415	899
415	998
416	816
416	870
416	919
416	924
416	978
416	991
417	128
417	202
417	287
417	314
417	651
417	821
418	456
418	722
418	885
418	893
418	926
418	959
419	841
419	916
419	926
419	937
419	949
419	975
420	384
420	766
420	887
420	920
420	924
420	994
421	625
421	765
421	946
421	987
421	991
421	996
422	6
422	347
422	917
422	962
422	967
422	970
423	555
423	693
423	730
423	775
423	825
423	961
424	530
424	570
424	578
424	843
424	952
424	970
425	392
425	659
425	725
425	729
425	787
425	852
426	767
426	789
426	818
426	875
426	912
426	985
427	750
427	904
427	935
427	945
427	955
427	957
428	25
428	348
428	630
428	818
428	897
428	921
429	795
429	846
429	854
429	937
429	998
429	1000
430	84
430	106
430	322
430	923
430	974
430	980
431	156
431	534
431	583
431	638
431	841
431	934
432	284
432	328
432	932
432	955
432	957
432	970
433	641
433	783
433	961
433	987
433	997
434	619
434	700
434	788
434	896
434	966
434	984
435	727
435	792
435	816
435	880
435	918
435	925
436	179
436	523
436	675
436	895
436	912
436	985
437	193
437	871
437	948
437	963
437	977
437	993
438	96
438	353
438	614
438	686
438	871
438	911
439	105
439	867
439	901
439	913
439	973
439	994
440	631
440	807
440	828
440	833
440	867
440	994
441	704
441	732
441	917
441	924
441	977
441	989
442	64
442	249
442	388
442	590
442	744
442	833
443	378
443	639
443	836
443	844
443	878
443	931
444	4
444	720
444	952
444	978
444	989
444	991
445	109
445	130
445	269
445	362
445	482
445	972
446	889
446	894
446	939
446	944
446	966
446	984
447	329
447	571
447	784
447	831
447	971
447	997
448	265
448	855
448	959
448	989
448	992
448	999
449	382
449	904
449	926
449	931
449	965
449	972
450	267
450	363
450	550
450	886
450	949
450	959
451	794
451	851
451	936
451	987
451	989
451	996
452	53
452	82
452	822
452	836
452	842
452	999
453	49
453	824
453	870
453	917
453	921
453	960
454	904
454	932
454	935
454	957
454	970
454	972
455	25
455	665
455	718
455	771
455	872
455	963
456	418
456	870
456	960
456	978
456	979
456	990
457	184
457	222
457	778
457	805
457	826
457	864
458	32
458	908
458	915
458	967
458	976
458	1000
459	107
459	491
459	636
459	807
459	828
459	833
460	299
460	824
460	897
460	949
460	958
460	969
461	524
461	883
461	953
461	976
461	988
461	996
462	573
462	748
462	772
462	871
462	911
462	951
463	143
463	510
463	877
463	899
463	979
463	990
464	633
464	784
464	812
464	956
464	979
464	986
465	44
465	758
465	888
465	909
465	933
465	988
466	626
466	767
466	827
466	942
466	950
466	959
467	649
467	837
467	887
467	917
467	927
467	965
468	550
468	822
468	878
468	927
468	931
468	965
469	264
469	324
469	507
469	600
469	758
469	888
470	614
470	871
470	882
470	911
470	933
470	943
471	150
471	807
471	884
471	943
471	980
471	994
472	81
472	210
472	737
472	782
472	903
472	936
472	963
473	601
473	781
473	906
473	981
473	987
473	991
473	995
474	344
474	409
474	698
474	843
474	986
474	991
474	998
475	382
475	844
475	927
475	965
475	967
475	976
475	1000
476	813
476	857
476	894
476	934
476	941
476	948
476	999
477	632
477	680
477	692
477	695
477	805
477	963
477	993
478	572
478	772
478	774
478	837
478	942
478	963
478	993
479	258
479	890
479	925
479	935
479	955
479	957
479	972
480	641
480	738
480	746
480	785
480	816
480	980
480	997
481	13
481	214
481	497
481	752
481	818
481	922
481	985
482	272
482	309
482	362
482	372
482	445
482	747
482	874
483	165
483	379
483	733
483	943
483	952
483	979
483	994
484	670
484	717
484	780
484	788
484	877
484	889
484	920
485	94
485	150
485	529
485	812
485	958
485	964
485	969
486	761
486	781
486	892
486	898
486	916
486	942
487	748
487	908
487	915
487	962
487	967
487	974
487	1000
488	337
488	495
488	551
488	667
488	877
488	899
488	920
489	126
489	490
489	638
489	845
489	863
489	945
489	990
490	489
490	616
490	677
490	777
490	783
490	979
490	990
491	10
491	120
491	148
491	459
491	807
491	828
491	833
492	759
492	908
492	915
492	935
492	962
492	967
492	1000
493	862
493	865
493	969
493	981
493	987
493	991
493	996
494	836
494	855
494	873
494	874
494	924
494	961
494	991
495	143
495	488
495	554
495	735
495	905
495	966
495	999
496	377
496	536
496	700
496	815
496	860
496	905
496	954
497	336
497	380
497	481
497	679
497	714
497	730
497	866
498	332
498	556
498	664
498	691
498	732
498	806
498	952
499	292
499	566
499	732
499	806
499	843
499	887
499	970
500	876
500	906
500	950
500	960
500	973
500	989
500	995
501	645
501	689
501	817
501	900
501	905
501	954
501	999
502	721
502	919
502	960
502	963
502	978
502	991
502	993
503	525
503	828
503	867
503	968
503	980
503	994
503	997
504	100
504	680
504	890
504	917
504	924
504	963
504	978
505	575
505	610
505	641
505	712
505	971
505	987
505	997
506	813
506	857
506	894
506	934
506	941
506	951
506	999
507	106
507	239
507	389
507	469
507	615
507	932
507	949
508	369
508	386
508	662
508	906
508	907
508	966
508	995
509	137
509	938
509	946
509	975
509	992
509	993
509	999
510	463
510	616
510	731
510	777
510	869
510	945
510	990
511	668
511	739
511	890
511	897
511	951
511	963
511	993
512	59
512	277
512	393
512	806
512	824
512	921
512	949
513	340
513	716
513	791
513	792
513	819
513	918
513	925
514	256
514	628
514	635
514	699
514	928
514	982
514	995
515	547
515	606
515	892
515	910
515	929
515	953
516	850
516	882
516	930
516	943
516	944
516	982
516	988
517	566
517	908
517	933
517	967
517	969
517	974
517	988
518	69
518	591
518	701
518	784
518	814
518	956
518	979
519	715
519	796
519	835
519	958
519	961
519	964
519	969
520	31
520	582
520	596
520	811
520	853
520	923
520	980
521	529
521	904
521	932
521	935
521	945
521	955
521	957
522	387
522	569
522	729
522	879
522	911
522	953
522	976
523	69
523	268
523	436
523	709
523	711
523	945
523	979
524	187
524	250
524	461
524	554
524	578
524	650
524	920
525	371
525	503
525	590
525	817
525	867
525	947
525	994
526	342
526	850
526	867
526	881
526	930
526	973
526	994
527	632
527	633
527	725
527	814
527	956
527	979
527	986
528	672
528	676
528	844
528	866
528	868
528	900
528	991
529	485
529	521
529	742
529	796
529	803
529	891
529	964
530	371
530	424
530	556
530	691
530	806
530	843
530	952
531	99
531	588
531	724
531	820
531	945
531	959
531	981
532	277
532	670
532	800
532	877
532	956
532	979
532	986
533	253
533	746
533	831
533	960
533	978
533	991
533	993
534	80
534	166
534	269
534	431
534	697
534	841
534	934
535	5
535	567
535	649
535	766
535	774
535	887
535	970
536	496
536	623
536	847
536	860
536	954
536	977
536	999
537	27
537	138
537	822
537	842
537	858
537	878
537	906
538	751
538	787
538	883
538	890
538	963
538	988
538	996
539	540
539	541
539	567
539	755
539	789
539	965
540	539
540	541
540	755
540	889
540	939
540	965
540	984
541	52
541	306
541	539
541	540
541	567
541	755
541	965
542	628
542	773
542	850
542	881
542	930
542	982
543	386
543	831
543	889
543	896
543	939
543	966
543	984
544	561
544	853
544	888
544	910
544	980
544	983
544	997
545	747
545	754
545	762
545	848
545	903
545	929
545	953
546	310
546	628
546	699
546	732
546	773
546	793
546	982
547	515
547	606
547	761
547	892
547	910
547	929
547	953
548	295
548	804
548	852
548	902
548	907
548	910
548	995
549	298
549	609
549	735
549	815
549	954
549	977
549	999
550	450
550	468
550	608
550	841
550	878
550	937
550	985
551	210
551	488
551	572
551	592
551	829
551	868
551	963
552	329
552	633
552	673
552	815
552	956
552	979
552	986
553	26
553	621
553	797
553	848
553	959
553	989
553	992
554	495
554	524
554	877
554	958
554	971
554	987
554	997
555	423
555	564
555	565
555	693
555	775
555	800
555	927
555	961
556	498
556	530
556	664
556	732
556	806
556	843
556	941
556	952
557	679
557	776
557	872
557	883
557	909
557	922
557	985
557	988
558	351
558	851
558	936
558	939
558	944
558	959
558	984
558	992
559	27
559	40
559	595
559	639
559	651
559	822
559	836
559	878
560	157
560	655
560	661
560	766
560	887
560	944
560	948
560	970
561	544
561	840
561	879
561	884
561	899
561	923
561	980
561	997
562	391
562	674
562	675
562	704
562	895
562	912
562	914
562	995
563	708
563	741
563	829
563	832
563	846
563	854
563	929
563	997
564	173
564	555
564	693
564	730
564	775
564	800
564	825
564	961
565	555
565	629
565	681
565	693
565	709
565	730
565	775
565	961
566	499
566	517
566	656
566	915
566	962
566	967
566	976
566	1000
567	535
567	539
567	541
567	655
567	755
567	837
567	917
567	965
568	364
568	665
568	726
568	752
568	771
568	801
568	872
568	985
569	522
569	720
569	747
569	879
569	911
569	953
569	972
569	976
570	336
570	340
570	424
570	585
570	627
570	776
570	868
570	970
571	408
571	447
571	612
571	643
571	706
571	791
571	918
571	998
572	478
572	551
572	632
572	646
572	751
572	890
572	963
572	993
573	38
573	96
573	353
573	462
573	614
573	686
573	871
573	911
574	654
574	672
574	814
574	819
574	919
574	927
574	950
574	981
575	207
575	505
575	635
575	764
575	787
575	804
575	852
575	997
576	745
576	797
576	851
576	871
576	936
576	959
576	989
576	992
577	617
577	737
577	782
577	903
577	936
577	997
578	16
578	80
578	277
578	424
578	524
578	667
578	691
578	920
579	738
579	749
579	769
579	849
579	882
579	933
579	974
579	988
580	58
580	584
580	710
580	743
580	753
580	829
580	929
580	998
581	311
581	625
581	765
581	803
581	946
581	991
582	520
582	593
582	840
582	853
582	877
582	884
582	923
582	983
583	79
583	431
583	600
583	758
583	841
583	888
583	934
583	960
584	580
584	829
584	832
584	846
584	854
584	901
584	978
584	998
585	291
585	570
585	892
585	910
585	953
585	957
585	972
585	996
586	734
586	744
586	752
586	768
586	823
586	876
586	948
586	977
587	325
587	646
587	809
587	891
587	898
587	929
587	940
587	998
588	373
588	531
588	820
588	834
588	893
588	950
588	959
588	981
589	199
589	266
589	637
589	698
589	843
589	899
589	986
589	998
590	442
590	525
590	685
590	770
590	812
590	867
590	958
590	994
591	184
591	518
591	740
591	749
591	815
591	839
591	956
591	986
592	53
592	190
592	551
592	736
592	809
592	826
592	854
592	937
593	264
593	582
593	813
593	893
593	959
593	980
593	981
593	997
594	79
594	119
594	600
594	784
594	888
594	916
594	956
594	979
595	51
595	328
595	409
595	559
595	644
595	651
595	723
595	836
596	91
596	520
596	795
596	811
596	840
596	980
596	983
596	997
597	288
597	792
597	824
597	841
597	845
597	880
597	897
597	918
598	748
598	756
598	772
598	796
598	890
598	904
598	951
599	703
599	822
599	938
599	946
599	968
599	975
599	992
599	993
600	79
600	227
600	469
600	583
600	594
600	737
600	758
600	888
601	147
601	473
601	609
601	825
601	902
601	928
601	983
601	995
602	78
602	109
602	272
602	634
602	635
602	773
602	982
602	995
603	74
603	224
603	870
603	917
603	924
603	952
603	960
603	978
604	293
604	672
604	844
604	919
604	927
604	931
604	972
604	1000
605	660
605	787
605	795
605	811
605	840
605	853
605	884
605	955
606	397
606	515
606	547
606	892
606	910
606	929
606	953
607	39
607	660
607	853
607	879
607	915
607	962
607	967
607	980
608	550
608	842
608	858
608	878
608	919
608	927
608	965
608	972
609	256
609	549
609	601
609	650
609	906
609	907
609	966
609	983
610	333
610	505
610	749
610	783
610	801
610	971
610	987
610	997
611	742
611	770
611	803
611	812
611	935
611	958
611	964
611	969
612	571
612	701
612	850
612	881
612	918
612	925
612	930
612	982
613	624
613	870
613	872
613	877
613	920
613	924
613	937
613	960
613	978
614	353
614	438
614	470
614	573
614	673
614	686
614	754
614	871
614	911
615	507
615	669
615	922
615	924
615	937
615	973
615	978
615	979
615	989
616	44
616	490
616	510
616	711
616	731
616	746
616	777
616	979
616	990
617	347
617	577
617	696
617	707
617	737
617	782
617	888
617	903
617	936
618	378
618	627
618	714
618	730
618	844
618	866
618	868
618	926
618	931
619	434
619	778
619	830
619	850
619	856
619	881
619	930
619	982
620	744
620	826
620	841
620	886
620	893
620	950
620	959
620	975
620	981
621	553
621	744
621	754
621	762
621	858
621	875
621	903
621	964
621	969
622	117
622	359
622	373
622	834
622	847
622	893
622	950
622	959
622	981
623	137
623	287
623	536
623	666
623	821
623	865
623	927
623	947
623	999
624	613
624	800
624	838
624	866
624	877
624	940
624	958
624	964
624	965
625	311
625	421
625	581
625	765
625	803
625	946
625	976
626	145
626	401
626	466
626	629
626	834
626	837
626	859
626	861
626	942
627	211
627	570
627	618
627	714
627	835
627	866
627	868
627	958
627	969
628	514
628	542
628	546
628	635
628	699
628	773
628	793
628	843
628	982
629	397
629	565
629	626
629	693
629	767
629	775
629	837
629	861
629	961
630	364
630	428
630	665
630	748
630	772
630	845
630	890
630	922
630	951
631	127
631	273
631	440
631	792
631	867
631	910
631	947
631	973
631	994
632	477
632	527
632	572
632	725
632	740
632	774
632	814
632	956
632	963
633	365
633	464
633	527
633	552
633	749
633	814
633	848
633	956
633	986
634	37
634	272
634	362
634	602
634	747
634	892
634	898
634	916
634	942
635	310
635	514
635	575
635	602
635	628
635	699
635	773
635	793
635	982
636	21
636	459
636	670
636	807
636	828
636	833
636	838
636	920
636	926
637	88
637	589
637	640
637	867
637	899
637	960
637	973
637	986
637	994
638	85
638	431
638	489
638	642
638	697
638	841
638	934
638	971
638	990
639	342
639	443
639	559
639	822
639	880
639	883
639	933
639	943
639	996
640	280
640	289
640	637
640	685
640	794
640	918
640	928
640	973
640	994
641	320
641	433
641	480
641	505
641	712
641	801
641	971
641	987
641	997
642	638
642	869
642	896
642	938
642	939
642	966
642	968
642	984
642	992
643	571
643	701
643	716
643	791
643	819
643	880
643	918
643	928
643	941
644	595
644	806
644	822
644	842
644	855
644	878
644	960
644	978
644	989
645	501
645	704
645	815
645	861
645	912
645	914
645	949
645	954
645	977
646	68
646	572
646	587
646	697
646	846
646	854
646	929
646	937
646	1000
647	114
647	357
647	751
647	855
647	947
647	949
647	963
647	973
647	994
648	85
648	380
648	694
648	717
648	788
648	832
648	889
648	939
648	966
649	178
649	467
649	535
649	722
649	766
649	887
649	917
649	944
649	970
650	115
650	524
650	609
650	838
650	877
650	881
650	899
650	906
650	995
651	9
651	154
651	328
651	417
651	559
651	595
651	822
651	842
651	858
652	140
652	754
652	762
652	858
652	903
652	906
652	907
652	985
652	995
653	702
653	813
653	857
653	894
653	929
653	934
653	941
653	948
653	999
654	11
654	574
654	657
654	820
654	844
654	926
654	927
654	931
654	972
655	560
655	567
655	668
655	719
655	824
655	887
655	895
655	921
655	944
656	566
656	852
656	886
656	908
656	915
656	962
656	967
656	974
656	976
657	159
657	279
657	654
657	820
657	911
657	953
657	965
657	976
658	796
658	808
658	875
658	891
658	901
658	940
658	958
658	964
658	969
659	277
659	425
659	670
659	814
659	848
659	877
659	899
659	956
659	979
660	605
660	607
660	811
660	840
660	853
660	884
660	923
660	980
660	997
661	355
661	560
661	676
661	714
661	776
661	866
661	887
661	944
661	970
662	238
662	508
662	859
662	894
662	962
662	967
662	976
662	995
662	1000
663	736
663	824
663	849
663	882
663	883
663	907
663	928
663	983
663	988
663	995
664	42
664	123
664	297
664	498
664	556
664	666
664	791
664	806
664	821
664	952
665	266
665	364
665	455
665	568
665	630
665	718
665	730
665	771
665	872
665	990
666	42
666	123
666	128
666	202
666	287
666	297
666	623
666	664
666	821
666	972
667	21
667	58
667	246
667	331
667	488
667	578
667	794
667	800
667	838
667	877
668	185
668	511
668	655
668	684
668	739
668	779
668	824
668	845
668	897
668	921
669	392
669	615
669	707
669	765
669	882
669	909
669	913
669	933
669	975
669	988
670	8
670	250
670	331
670	484
670	532
670	636
670	659
670	872
670	877
670	994
671	780
671	862
671	865
671	951
671	969
671	976
671	981
671	987
671	991
671	996
672	374
672	528
672	574
672	604
672	776
672	900
672	926
672	927
672	931
672	972
673	405
673	552
673	614
673	797
673	814
673	815
673	936
673	986
673	989
673	992
674	185
674	562
674	704
674	719
674	739
674	895
674	912
674	914
674	949
674	963
675	345
675	436
675	562
675	704
675	850
675	861
675	895
675	912
675	914
675	985
676	528
676	661
676	820
676	849
676	866
676	868
676	882
676	883
676	933
676	988
677	182
677	199
677	308
677	375
677	490
677	722
677	869
677	914
677	971
677	979
678	729
678	764
678	787
678	802
678	804
678	839
678	852
678	905
678	910
679	76
679	180
679	497
679	557
679	718
679	870
679	950
679	952
679	973
679	989
680	333
680	477
680	504
680	721
680	751
680	774
680	890
680	963
680	993
680	994
681	565
681	779
681	796
681	891
681	896
681	939
681	958
681	964
681	966
681	984
682	702
682	813
682	857
682	894
682	934
682	941
682	948
682	975
682	999
683	223
683	384
683	716
683	769
683	933
683	960
683	973
683	978
683	988
683	996
684	87
684	90
684	668
684	719
684	739
684	824
684	845
684	897
684	921
684	949
685	366
685	411
685	590
685	640
685	712
685	901
685	913
685	947
685	973
685	994
686	153
686	438
686	573
686	614
686	693
686	871
686	886
686	911
686	916
686	937
687	173
687	779
687	796
687	940
687	958
687	964
687	981
687	987
687	991
687	996
688	192
688	406
688	885
688	938
688	946
688	968
688	970
688	975
688	992
688	993
689	189
689	231
689	278
689	501
689	816
689	828
689	955
689	980
689	983
689	997
690	359
690	757
690	861
690	883
690	909
690	913
690	933
690	974
690	988
690	996
691	6
691	498
691	530
691	578
691	872
691	877
691	899
691	920
691	952
691	997
692	81
692	477
692	751
692	855
692	901
692	913
692	943
692	963
692	986
692	994
693	383
693	423
693	555
693	564
693	565
693	629
693	686
693	775
693	825
693	961
694	648
694	788
694	793
694	863
694	896
694	939
694	944
694	966
694	984
694	1000
695	368
695	477
695	721
695	850
695	856
695	881
695	930
695	963
695	982
695	993
696	617
696	729
696	737
696	764
696	787
696	804
696	852
696	903
696	926
696	936
697	41
697	282
697	534
697	638
697	646
697	708
697	846
697	934
697	998
697	1000
698	155
698	270
698	343
698	387
698	411
698	474
698	589
698	899
698	986
698	998
699	67
699	111
699	514
699	546
699	628
699	635
699	773
699	780
699	793
699	982
700	274
700	316
700	434
700	496
700	793
700	832
700	863
700	896
700	944
700	984
701	518
701	612
701	643
701	814
701	815
701	880
701	918
701	922
701	925
701	956
701	986
702	653
702	682
702	802
702	813
702	857
702	894
702	934
702	941
702	948
702	999
703	310
703	599
703	836
703	869
703	885
703	938
703	946
703	968
703	975
703	992
703	993
704	441
704	562
704	645
704	674
704	675
704	767
704	861
704	895
704	912
704	914
704	985
705	230
705	748
705	772
705	795
705	840
705	884
705	890
705	904
705	951
705	980
705	992
706	12
706	34
706	270
706	344
706	571
706	753
706	781
706	843
706	899
706	986
706	998
707	617
707	669
707	737
707	782
707	885
707	886
707	903
707	923
707	926
707	936
707	937
708	563
708	697
708	809
708	827
708	829
708	832
708	846
708	849
708	854
708	891
708	901
709	275
709	308
709	354
709	523
709	565
709	775
709	800
709	825
709	925
709	961
709	990
710	174
710	255
710	580
710	733
710	809
710	854
710	885
710	938
710	992
710	993
710	1000
711	18
711	375
711	523
711	616
711	731
711	746
711	777
711	806
711	869
711	971
711	990
712	30
712	75
712	77
712	505
712	641
712	685
712	839
712	971
712	973
712	987
712	994
713	244
713	826
713	885
713	902
713	908
713	926
713	962
713	967
713	975
713	976
713	985
714	65
714	152
714	296
714	336
714	497
714	618
714	627
714	661
714	776
714	866
714	868
715	94
715	519
715	742
715	770
715	779
715	835
715	881
715	891
715	958
715	964
715	969
716	288
716	513
716	643
716	683
716	727
716	792
716	819
716	880
716	918
716	925
716	928
717	11
717	274
717	327
717	338
717	484
717	648
717	798
717	889
717	896
717	944
717	984
718	25
718	93
718	217
718	372
718	455
718	665
718	679
718	726
718	752
718	785
718	863
719	86
719	243
719	295
719	655
719	674
719	684
719	739
719	819
719	845
719	897
719	921
720	303
720	444
720	569
720	879
720	906
720	911
720	928
720	953
720	966
720	976
720	995
721	125
721	502
721	680
721	695
721	786
721	825
721	873
721	874
721	961
721	963
721	993
722	354
722	418
722	649
722	677
722	724
722	783
722	847
722	893
722	971
722	981
722	990
723	226
723	595
723	809
723	822
723	842
723	846
723	860
723	878
723	901
723	947
723	998
724	531
724	722
724	813
724	847
724	893
724	894
724	941
724	948
724	950
724	958
724	999
725	344
725	357
725	425
725	527
725	632
725	784
725	880
725	973
725	975
725	979
725	986
726	73
726	214
726	229
726	380
726	568
726	718
726	752
726	818
726	863
726	872
726	922
727	298
727	435
727	716
727	791
727	841
727	900
727	905
727	918
727	928
727	947
727	999
728	385
728	780
728	862
728	865
728	951
728	969
728	981
728	987
728	991
728	996
729	425
729	522
729	678
729	696
729	764
729	787
729	802
729	804
729	831
729	839
729	852
729	910
730	423
730	497
730	564
730	565
730	618
730	665
730	771
730	775
730	790
730	863
730	961
730	985
731	208
731	368
731	404
731	510
731	616
731	711
731	777
731	859
731	933
731	971
731	979
731	990
732	259
732	441
732	498
732	499
732	546
732	556
732	768
732	806
732	876
732	948
732	952
732	977
733	106
733	127
733	171
733	483
733	710
733	867
733	878
733	885
733	913
733	916
733	947
733	975
734	295
734	307
734	314
734	586
734	752
734	768
734	810
734	823
734	871
734	876
734	948
734	977
735	163
735	377
735	495
735	549
735	790
735	807
735	900
735	905
735	947
735	954
735	977
735	999
736	138
736	190
736	191
736	592
736	663
736	849
736	858
736	878
736	882
736	909
736	928
736	974
737	376
737	392
737	472
737	577
737	600
737	617
737	696
737	707
737	766
737	782
737	903
737	936
738	286
738	480
738	579
738	757
738	769
738	882
738	883
738	909
738	933
738	943
738	988
738	996
739	185
739	393
739	415
739	511
739	668
739	674
739	684
739	719
739	824
739	845
739	897
739	949
740	115
740	369
740	591
740	632
740	848
740	906
740	933
740	956
740	966
740	979
740	986
740	995
741	563
741	759
741	854
741	860
741	898
741	901
741	929
741	937
741	940
741	946
741	998
741	1000
742	529
742	611
742	715
742	770
742	796
742	808
742	866
742	875
742	891
742	909
742	940
742	958
743	385
743	580
743	820
743	829
743	846
743	926
743	927
743	931
743	941
743	972
743	998
743	1000
744	219
744	251
744	259
744	442
744	586
744	620
744	621
744	835
744	871
744	876
744	940
744	977
745	56
745	376
745	405
745	576
745	797
745	822
745	839
745	848
745	851
745	936
745	959
745	992
746	104
746	404
746	480
746	533
746	616
746	711
746	801
746	831
746	859
746	873
746	990
746	997
747	37
747	271
747	367
747	372
747	482
747	545
747	569
747	634
747	879
747	911
747	953
747	976
748	390
748	462
748	487
748	598
748	630
748	705
748	756
748	772
748	890
748	904
748	951
749	53
749	579
749	591
749	610
749	633
749	785
749	814
749	956
749	971
749	979
749	987
749	997
750	248
750	312
750	333
750	427
750	763
750	864
750	932
750	935
750	945
750	955
750	957
750	972
751	208
751	407
751	538
751	572
751	647
751	680
751	692
751	774
751	890
751	963
751	993
751	994
752	243
752	481
752	568
752	586
752	718
752	726
752	734
752	768
752	872
752	948
752	977
752	985
753	343
753	580
753	706
753	861
753	895
753	899
753	912
753	914
753	984
753	985
753	986
753	998
754	46
754	59
754	233
754	269
754	346
754	545
754	614
754	621
754	652
754	762
754	858
754	903
755	52
755	57
755	70
755	131
755	239
755	306
755	539
755	540
755	541
755	567
755	794
755	965
756	92
756	235
756	361
756	598
756	748
756	760
756	772
756	778
756	805
756	826
756	890
756	904
756	951
757	286
757	377
757	690
757	738
757	769
757	849
757	882
757	883
757	909
757	913
757	974
757	988
757	996
758	227
758	465
758	469
758	583
758	600
758	792
758	798
758	867
758	888
758	947
758	973
758	986
758	994
759	22
759	24
759	492
759	741
759	799
759	810
759	829
759	854
759	921
759	932
759	940
759	968
759	998
760	50
760	222
760	756
760	778
760	805
760	813
760	857
760	864
760	894
760	941
760	948
760	978
760	999
761	486
761	547
761	781
761	813
761	857
761	892
761	894
761	898
761	916
761	934
761	941
761	942
761	999
762	15
762	46
762	59
762	233
762	269
762	346
762	545
762	621
762	652
762	754
762	854
762	858
762	903
763	10
763	304
763	356
763	386
763	750
763	789
763	818
763	847
763	875
763	925
763	945
763	955
763	957
764	15
764	216
764	575
764	678
764	696
764	729
764	769
764	787
764	802
764	804
764	839
764	852
764	910
765	57
765	186
765	226
765	311
765	335
765	421
765	581
765	625
765	669
765	803
765	946
766	162
766	178
766	265
766	414
766	420
766	535
766	560
766	649
766	737
766	837
766	887
766	944
766	970
767	302
767	399
767	401
767	426
767	466
767	629
767	704
767	895
767	912
767	914
767	942
767	962
767	985
768	307
768	402
768	586
768	732
768	734
768	752
768	823
768	853
768	871
768	876
768	909
768	948
768	977
769	579
769	683
769	738
769	757
769	764
769	849
769	882
769	883
769	909
769	933
769	943
769	988
769	996
770	62
770	590
770	611
770	715
770	742
770	812
770	821
770	835
770	891
770	940
770	958
770	964
770	969
771	117
771	214
771	217
771	225
771	455
771	568
771	665
771	730
771	818
771	845
771	922
771	975
771	985
772	5
772	328
772	390
772	462
772	478
772	598
772	630
772	705
772	748
772	756
772	890
772	904
772	951
773	29
773	97
773	111
773	310
773	542
773	546
773	602
773	628
773	635
773	699
773	793
773	980
773	982
774	157
774	414
774	478
774	535
774	632
774	680
774	751
774	858
774	887
774	890
774	917
774	944
774	963
775	245
775	423
775	555
775	564
775	565
775	629
775	693
775	709
775	730
775	800
775	825
775	961
775	995
776	296
776	336
776	557
776	570
776	661
776	672
776	714
776	866
776	869
776	938
776	968
776	975
776	992
776	993
777	141
777	268
777	400
777	490
777	510
777	616
777	711
777	731
777	859
777	869
777	899
777	945
777	979
777	990
778	361
778	457
778	619
778	756
778	760
778	805
778	826
778	830
778	850
778	856
778	881
778	886
778	930
778	982
779	110
779	668
779	681
779	687
779	715
779	796
779	803
779	812
779	835
779	866
779	914
779	940
779	958
779	964
780	484
780	671
780	699
780	728
780	862
780	865
780	951
780	969
780	981
780	987
780	991
780	996
781	473
781	486
781	706
781	761
781	784
781	876
781	892
781	898
781	906
781	907
781	916
781	928
781	942
781	995
782	177
782	347
782	376
782	392
782	472
782	577
782	617
782	707
782	737
782	790
782	792
782	903
782	936
782	945
783	289
783	404
783	433
783	490
783	610
783	722
783	801
783	846
783	945
783	971
783	979
783	987
783	990
783	997
784	23
784	289
784	447
784	464
784	518
784	594
784	725
784	781
784	814
784	815
784	843
784	956
784	979
784	986
785	126
785	363
785	480
785	718
785	749
785	790
785	800
785	801
785	831
785	845
785	922
785	985
785	987
785	997
786	17
786	339
786	721
786	791
786	825
786	873
786	874
786	961
787	121
787	425
787	538
787	575
787	605
787	678
787	696
787	729
787	764
787	802
787	804
787	839
787	852
787	910
788	40
788	212
788	299
788	316
788	434
788	484
788	648
788	694
788	831
788	889
788	896
788	944
788	963
788	984
789	49
789	62
789	160
789	164
789	204
789	288
789	304
789	356
789	386
789	426
789	539
789	763
789	818
789	875
790	214
790	382
790	730
790	735
790	782
790	785
790	818
790	837
790	863
790	919
790	927
790	931
790	965
790	985
791	513
791	571
791	643
791	664
791	727
791	786
791	825
791	873
791	874
791	880
791	918
791	928
791	961
792	410
792	435
792	513
792	597
792	631
792	716
792	758
792	782
792	794
792	855
792	913
792	918
792	943
792	973
792	994
793	111
793	274
793	546
793	628
793	635
793	694
793	699
793	700
793	773
793	896
793	939
793	966
793	982
793	983
793	984
794	83
794	89
794	110
794	143
794	247
794	337
794	451
794	640
794	667
794	755
794	792
794	838
794	918
794	925
794	928
795	150
795	413
795	429
795	596
795	605
795	705
795	797
795	848
795	851
795	879
795	884
795	964
795	980
795	989
795	992
796	315
796	519
796	529
796	598
796	658
796	681
796	687
796	742
796	779
796	891
796	940
796	958
796	964
796	969
796	998
797	7
797	413
797	553
797	576
797	673
797	745
797	795
797	839
797	848
797	851
797	921
797	936
797	959
797	989
797	992
798	92
798	717
798	758
798	831
798	832
798	857
798	889
798	896
798	902
798	906
798	907
798	939
798	966
798	983
798	995
799	31
799	66
799	176
799	180
799	213
799	220
799	260
799	759
799	802
799	810
799	916
799	921
799	923
799	932
799	968
800	250
800	271
800	532
800	555
800	564
800	624
800	667
800	709
800	775
800	785
800	825
800	855
800	872
800	899
800	961
801	15
801	207
801	248
801	275
801	568
801	610
801	641
801	746
801	783
801	785
801	831
801	910
801	971
801	987
801	997
802	373
802	678
802	702
802	729
802	764
802	787
802	799
802	804
802	810
802	852
802	910
802	921
802	923
802	932
802	968
803	529
803	581
803	611
803	625
803	765
803	779
803	812
803	821
803	946
803	958
803	964
803	995
804	119
804	152
804	216
804	362
804	548
804	575
804	678
804	696
804	729
804	764
804	787
804	802
804	839
804	852
804	910
805	22
805	50
805	215
805	222
805	235
805	355
805	365
805	407
805	457
805	477
805	756
805	760
805	778
805	826
805	864
806	181
806	284
806	371
806	393
806	498
806	499
806	512
806	530
806	556
806	644
806	664
806	711
806	732
806	843
806	952
807	64
807	358
807	440
807	459
807	471
807	491
807	636
807	735
807	828
807	833
807	900
807	905
807	947
807	954
807	965
808	264
808	658
808	742
808	812
808	876
808	894
808	906
808	907
808	958
808	964
808	966
808	969
808	983
808	993
808	995
809	107
809	259
809	587
809	592
809	708
809	710
809	723
809	811
809	827
809	854
809	860
809	868
809	898
809	940
809	1000
810	31
810	176
810	180
810	220
810	257
810	260
810	308
810	734
810	759
810	799
810	802
810	878
810	921
810	923
810	932
810	968
811	67
811	91
811	278
811	322
811	520
811	596
811	605
811	660
811	809
811	840
811	879
811	923
811	955
811	980
811	983
811	997
812	94
812	219
812	464
812	485
812	590
812	611
812	770
812	779
812	803
812	808
812	821
812	835
812	891
812	940
812	964
812	988
813	321
813	476
813	506
813	593
813	653
813	682
813	702
813	724
813	760
813	761
813	857
813	894
813	934
813	941
813	948
813	999
814	132
814	196
814	518
814	527
814	574
814	632
814	633
814	659
814	673
814	701
814	749
814	784
814	815
814	848
814	956
814	986
815	403
815	496
815	549
815	552
815	591
815	645
815	673
815	701
815	784
815	814
815	817
815	860
815	915
815	954
815	956
815	999
816	118
816	416
816	435
816	480
816	689
816	853
816	870
816	924
816	934
816	950
816	960
816	978
816	980
816	983
816	991
816	997
817	501
817	525
817	815
817	860
817	905
817	908
817	915
817	935
817	947
817	954
817	962
817	967
817	976
817	977
817	999
817	1000
818	62
818	164
818	304
818	426
818	428
818	481
818	726
818	763
818	771
818	789
818	790
818	872
818	875
818	946
818	950
818	985
819	168
819	260
819	280
819	390
819	410
819	513
819	574
819	643
819	716
819	719
819	880
819	918
819	925
819	950
819	959
819	981
820	229
820	402
820	531
820	588
820	654
820	657
820	676
820	743
820	893
820	900
820	927
820	931
820	959
820	972
820	974
820	981
821	123
821	128
821	287
821	314
821	376
821	417
821	623
821	664
821	666
821	770
821	803
821	812
821	875
821	958
821	962
821	964
822	40
822	86
822	138
822	342
822	452
822	468
822	537
822	559
822	599
822	639
822	644
822	651
822	723
822	745
822	836
822	858
822	878
823	194
823	325
823	586
823	734
823	768
823	862
823	865
823	871
823	876
823	948
823	969
823	977
823	981
823	985
823	987
823	991
823	996
824	23
824	86
824	294
824	375
824	453
824	460
824	512
824	597
824	655
824	663
824	668
824	684
824	739
824	897
824	921
824	949
824	987
825	383
825	423
825	564
825	601
825	693
825	709
825	721
825	775
825	786
825	791
825	800
825	873
825	874
825	957
825	961
826	165
826	222
826	267
826	355
826	361
826	457
826	592
826	620
826	713
826	756
826	778
826	805
826	864
826	885
826	937
826	949
826	975
827	68
827	403
827	466
827	708
827	809
827	847
827	867
827	868
827	891
827	905
827	937
827	947
827	954
827	977
827	998
827	999
827	1000
828	148
828	381
828	440
828	459
828	491
828	503
828	636
828	689
828	807
828	833
828	853
828	888
828	924
828	955
828	977
828	983
828	997
829	91
829	257
829	385
829	551
829	563
829	580
829	584
829	708
829	743
829	759
829	846
829	854
829	901
829	929
829	940
829	998
829	1000
830	29
830	619
830	778
830	850
830	856
830	881
830	930
830	964
830	982
831	39
831	346
831	447
831	533
831	543
831	729
831	746
831	785
831	788
831	798
831	801
831	889
831	939
831	971
831	984
831	987
831	997
832	563
832	584
832	648
832	700
832	708
832	798
832	854
832	889
832	891
832	896
832	937
832	939
832	940
832	977
832	980
832	984
832	1000
833	10
833	19
833	64
833	107
833	120
833	136
833	148
833	249
833	440
833	442
833	459
833	491
833	636
833	807
833	828
833	934
833	997
834	145
834	168
834	302
834	313
834	401
834	588
834	622
834	626
834	837
834	847
834	861
834	893
834	903
834	942
834	947
834	950
834	981
835	198
835	219
835	340
835	519
835	627
835	715
835	744
835	770
835	779
835	812
835	866
835	875
835	936
835	940
835	958
835	964
835	969
835	988
836	226
836	443
836	452
836	494
836	559
836	595
836	703
836	822
836	858
836	878
836	885
836	936
836	938
836	946
836	968
836	975
836	992
836	993
837	183
837	234
837	302
837	398
837	467
837	478
837	567
837	626
837	629
837	766
837	790
837	834
837	861
837	900
837	926
837	927
837	931
837	942
838	8
838	21
838	83
838	89
838	187
838	190
838	247
838	331
838	337
838	624
838	636
838	650
838	667
838	794
838	872
838	877
838	902
838	920
839	26
839	591
839	678
839	712
839	729
839	745
839	764
839	787
839	797
839	804
839	848
839	851
839	852
839	910
839	936
839	959
839	992
840	139
840	231
840	242
840	296
840	561
840	582
840	596
840	605
840	660
840	705
840	811
840	879
840	884
840	888
840	923
840	939
840	955
840	997
841	41
841	84
841	166
841	372
841	409
841	419
841	431
841	534
841	550
841	583
841	597
841	620
841	638
841	727
841	880
841	885
841	922
841	934
842	138
842	291
842	452
842	537
842	608
842	644
842	651
842	723
842	864
842	871
842	878
842	925
842	935
842	955
842	957
842	970
842	972
842	976
843	12
843	155
843	218
843	343
843	393
843	424
843	474
843	499
843	530
843	556
843	589
843	628
843	706
843	784
843	806
843	952
843	986
843	998
844	318
844	378
844	382
844	398
844	443
844	475
844	528
844	604
844	618
844	654
844	865
844	919
844	926
844	927
844	931
844	965
844	972
844	998
845	172
845	217
845	243
845	489
845	597
845	630
845	668
845	684
845	719
845	739
845	771
845	785
845	897
845	902
845	922
845	949
845	953
845	985
846	107
846	341
846	429
846	563
846	584
846	646
846	697
846	708
846	723
846	743
846	783
846	829
846	854
846	856
846	860
846	891
846	937
846	1000
847	151
847	373
847	536
847	622
847	722
847	724
847	763
847	827
847	834
847	868
847	893
847	905
847	950
847	954
847	959
847	977
847	981
847	999
848	89
848	319
848	545
848	553
848	633
848	659
848	740
848	745
848	795
848	797
848	814
848	839
848	851
848	860
848	956
848	959
848	986
848	989
849	71
849	396
849	579
849	663
849	676
849	708
849	736
849	757
849	769
849	883
849	909
849	913
849	933
849	943
849	974
849	988
849	994
849	996
850	61
850	108
850	221
850	240
850	350
850	412
850	516
850	526
850	542
850	612
850	619
850	675
850	695
850	778
850	830
850	856
850	881
850	930
850	982
851	7
851	14
851	56
851	135
851	399
851	405
851	451
851	558
851	576
851	745
851	795
851	797
851	839
851	848
851	931
851	936
851	959
851	989
851	992
852	119
852	121
852	152
852	161
852	216
852	425
852	548
852	575
852	656
852	678
852	696
852	729
852	764
852	787
852	802
852	804
852	839
852	910
852	954
853	38
853	149
853	222
853	262
853	322
853	381
853	520
853	544
853	582
853	605
853	607
853	660
853	768
853	816
853	828
853	884
853	955
853	980
853	983
854	429
854	563
854	584
854	592
854	646
854	708
854	710
854	741
854	759
854	762
854	809
854	829
854	832
854	846
854	891
854	935
854	937
854	998
854	1000
855	161
855	448
855	494
855	644
855	647
855	692
855	792
855	800
855	867
855	870
855	919
855	943
855	947
855	950
855	952
855	973
855	989
855	991
855	994
856	350
856	412
856	619
856	695
856	778
856	830
856	846
856	850
856	881
856	930
856	968
856	982
857	20
857	48
857	97
857	313
857	476
857	506
857	653
857	682
857	702
857	760
857	761
857	798
857	813
857	894
857	934
857	941
857	948
857	992
857	999
858	9
858	346
858	394
858	537
858	608
858	621
858	651
858	652
858	736
858	754
858	762
858	774
858	822
858	836
858	878
858	886
858	903
859	144
859	206
859	218
859	256
859	626
859	662
859	731
859	746
859	777
859	867
859	869
859	876
859	906
859	907
859	966
859	971
859	983
859	990
859	995
860	61
860	365
860	496
860	536
860	723
860	741
860	809
860	815
860	817
860	846
860	848
860	868
860	891
860	905
860	929
860	937
860	977
860	984
860	999
861	145
861	183
861	254
861	399
861	401
861	415
861	626
861	629
861	645
861	675
861	690
861	704
861	753
861	834
861	837
861	895
861	914
861	942
861	985
862	231
862	493
862	671
862	728
862	780
862	823
862	865
862	951
862	966
862	969
862	981
862	987
862	991
862	996
863	172
863	217
863	305
863	489
863	694
863	700
863	718
863	726
863	730
863	790
863	889
863	896
863	920
863	922
863	939
863	966
863	981
863	984
863	985
864	22
864	215
864	271
864	291
864	355
864	361
864	407
864	457
864	750
864	760
864	805
864	826
864	842
864	875
864	925
864	935
864	955
864	957
864	970
865	175
865	493
865	623
865	671
865	728
865	780
865	823
865	844
865	862
865	951
865	969
865	981
865	987
865	991
865	996
866	65
866	221
866	247
866	278
866	497
866	528
866	618
866	624
866	627
866	661
866	676
866	714
866	742
866	776
866	779
866	835
866	868
866	875
866	958
866	964
867	13
867	366
867	371
867	439
867	440
867	503
867	525
867	526
867	590
867	631
867	637
867	733
867	758
867	827
867	855
867	859
867	901
867	943
867	973
867	994
868	296
868	336
868	392
868	528
868	551
868	570
868	618
868	627
868	676
868	714
868	809
868	827
868	847
868	860
868	866
868	898
868	901
868	929
868	940
868	1000
869	18
869	388
869	406
869	510
869	642
869	677
869	703
869	711
869	776
869	777
869	859
869	918
869	938
869	946
869	958
869	968
869	971
869	975
869	990
869	992
870	223
870	384
870	416
870	453
870	456
870	603
870	613
870	679
870	816
870	855
870	917
870	924
870	929
870	950
870	952
870	956
870	960
870	973
870	978
870	991
871	96
871	172
871	353
871	437
871	438
871	462
871	470
871	573
871	576
871	614
871	686
871	734
871	744
871	768
871	823
871	842
871	876
871	911
871	948
871	977
872	21
872	187
872	225
872	337
872	455
872	557
872	568
872	613
872	665
872	670
872	691
872	726
872	752
872	800
872	818
872	838
872	885
872	899
872	936
872	985
873	16
873	17
873	24
873	54
873	194
873	198
873	230
873	339
873	349
873	379
873	395
873	494
873	721
873	746
873	786
873	791
873	825
873	874
873	961
873	978
874	16
874	17
874	24
874	54
874	194
874	198
874	230
874	339
874	349
874	379
874	395
874	482
874	494
874	721
874	786
874	791
874	825
874	873
874	880
874	961
875	62
875	164
875	204
875	288
875	356
875	426
875	621
875	658
875	742
875	763
875	789
875	818
875	821
875	835
875	864
875	866
875	958
875	964
875	969
875	981
876	147
876	263
876	307
876	500
876	586
876	732
876	734
876	744
876	768
876	781
876	808
876	823
876	859
876	871
876	883
876	913
876	948
876	966
876	977
876	983
876	995
877	16
877	187
877	277
877	337
877	463
877	484
877	488
877	532
877	554
877	582
877	613
877	624
877	650
877	659
877	667
877	670
877	691
877	838
877	899
877	920
877	938
878	9
878	27
878	51
878	82
878	342
878	394
878	443
878	468
878	537
878	550
878	559
878	608
878	644
878	723
878	733
878	736
878	810
878	822
878	836
878	842
878	858
879	105
879	348
879	387
879	522
879	561
879	569
879	607
879	720
879	747
879	795
879	811
879	840
879	884
879	911
879	923
879	953
879	976
879	980
879	982
879	983
879	997
880	83
880	233
880	267
880	363
880	435
880	597
880	639
880	643
880	701
880	716
880	725
880	791
880	819
880	841
880	874
880	918
880	922
880	925
880	928
880	949
880	975
881	45
881	108
881	221
881	240
881	261
881	317
881	350
881	412
881	526
881	542
881	612
881	619
881	650
881	695
881	715
881	778
881	830
881	850
881	856
881	930
881	982
882	301
882	470
882	516
882	579
882	663
882	669
882	676
882	736
882	738
882	757
882	769
882	883
882	909
882	913
882	933
882	943
882	944
882	966
882	974
882	988
882	996
883	171
883	461
883	538
883	557
883	639
883	663
883	676
883	690
883	738
883	757
883	769
883	849
883	876
883	882
883	909
883	913
883	933
883	943
883	955
883	974
883	988
883	996
884	118
884	149
884	189
884	231
884	381
884	471
884	561
884	582
884	605
884	660
884	705
884	795
884	840
884	853
884	879
884	888
884	891
884	955
884	973
884	980
884	983
884	997
885	24
885	68
885	418
885	688
885	703
885	707
885	710
885	713
885	733
885	826
885	836
885	841
885	872
885	900
885	916
885	922
885	938
885	946
885	949
885	968
885	975
885	993
886	55
886	356
886	450
886	620
886	656
886	686
886	707
886	778
886	858
886	902
886	908
886	915
886	916
886	922
886	926
886	935
886	962
886	967
886	974
886	975
886	976
886	1000
887	129
887	157
887	188
887	265
887	292
887	331
887	420
887	467
887	499
887	535
887	560
887	649
887	655
887	661
887	766
887	774
887	889
887	917
887	944
887	955
887	965
887	970
888	44
888	79
888	91
888	119
888	139
888	169
888	227
888	465
888	469
888	544
888	583
888	594
888	600
888	617
888	758
888	828
888	840
888	884
888	980
888	983
888	997
888	998
889	3
889	76
889	205
889	316
889	446
889	484
889	540
889	543
889	648
889	717
889	788
889	798
889	831
889	832
889	863
889	887
889	896
889	939
889	944
889	966
889	984
889	996
890	197
890	479
890	504
890	511
890	538
890	572
890	598
890	630
890	680
890	705
890	748
890	751
890	756
890	772
890	774
890	904
890	951
890	963
890	986
890	993
891	529
891	587
891	658
891	681
891	708
891	715
891	742
891	770
891	796
891	812
891	827
891	832
891	846
891	854
891	860
891	884
891	898
891	940
891	964
891	969
891	988
891	998
892	1
892	93
892	241
892	301
892	381
892	486
892	515
892	547
892	585
892	606
892	634
892	761
892	781
892	898
892	910
892	916
892	928
892	929
892	942
892	953
892	961
893	150
893	168
893	229
893	241
893	260
893	321
893	360
893	402
893	418
893	588
893	593
893	620
893	622
893	722
893	724
893	820
893	834
893	847
893	950
893	959
893	960
893	981
894	20
894	48
894	321
894	368
894	396
894	446
894	476
894	506
894	653
894	662
894	682
894	702
894	724
894	760
894	761
894	808
894	813
894	857
894	934
894	941
894	948
894	999
895	42
895	132
895	158
895	174
895	179
895	201
895	203
895	254
895	282
895	345
895	410
895	436
895	562
895	655
895	674
895	675
895	704
895	753
895	767
895	861
895	912
895	985
896	11
896	102
896	261
896	305
896	367
896	434
896	543
896	642
896	681
896	694
896	700
896	717
896	788
896	793
896	798
896	832
896	863
896	889
896	915
896	939
896	944
896	984
897	73
897	159
897	185
897	229
897	283
897	295
897	375
897	414
897	415
897	428
897	460
897	511
897	597
897	668
897	684
897	719
897	739
897	824
897	845
897	921
897	949
897	968
898	28
898	255
898	486
898	587
898	634
898	741
898	761
898	781
898	809
898	868
898	891
898	892
898	911
898	916
898	937
898	940
898	942
898	976
898	984
898	1000
899	271
899	408
899	411
899	415
899	463
899	488
899	561
899	589
899	637
899	650
899	659
899	691
899	698
899	706
899	753
899	777
899	800
899	872
899	877
899	920
899	986
899	998
900	116
900	358
900	377
900	391
900	501
900	528
900	672
900	727
900	735
900	807
900	820
900	837
900	885
900	905
900	926
900	927
900	931
900	947
900	953
900	954
900	972
900	977
901	28
901	49
901	439
901	584
901	658
901	685
901	692
901	708
901	723
901	741
901	829
901	867
901	868
901	913
901	919
901	940
901	943
901	947
901	973
901	994
901	998
901	1000
902	92
902	200
902	263
902	548
902	601
902	713
902	798
902	838
902	845
902	886
902	906
902	908
902	915
902	935
902	962
902	966
902	967
902	974
902	976
902	983
902	995
902	1000
903	36
903	335
903	346
903	392
903	472
903	545
903	577
903	617
903	621
903	652
903	696
903	707
903	737
903	754
903	762
903	782
903	834
903	858
903	936
904	262
904	290
904	427
904	449
904	454
904	521
904	598
904	705
904	748
904	756
904	772
904	890
904	917
904	925
904	932
904	935
904	951
904	957
904	970
904	972
905	2
905	151
905	237
905	298
905	358
905	403
905	495
905	496
905	501
905	678
905	727
905	735
905	807
905	817
905	827
905	847
905	860
905	900
905	932
905	947
905	954
905	977
905	999
906	147
906	228
906	238
906	473
906	500
906	508
906	537
906	609
906	650
906	652
906	720
906	740
906	781
906	798
906	808
906	859
906	902
906	907
906	926
906	928
906	966
906	983
906	995
907	115
907	122
907	200
907	228
907	238
907	256
907	327
907	508
907	548
907	609
907	652
907	663
907	781
907	798
907	808
907	859
907	906
907	917
907	928
907	956
907	966
907	983
907	995
908	98
908	209
908	255
908	326
908	334
908	458
908	487
908	492
908	517
908	656
908	713
908	817
908	886
908	902
908	915
908	918
908	935
908	951
908	962
908	967
908	974
908	976
908	1000
909	101
909	113
909	300
909	301
909	465
909	557
909	669
909	690
909	736
909	738
909	742
909	757
909	768
909	769
909	849
909	882
909	883
909	913
909	933
909	943
909	974
909	984
909	988
909	996
910	121
910	161
910	232
910	246
910	381
910	515
910	544
910	547
910	548
910	585
910	606
910	631
910	678
910	729
910	764
910	787
910	801
910	802
910	804
910	839
910	852
910	892
910	929
910	953
911	50
911	96
911	348
911	353
911	387
911	438
911	462
911	470
911	522
911	569
911	573
911	614
911	657
911	686
911	720
911	747
911	871
911	879
911	898
911	953
911	954
911	976
912	54
912	158
912	174
912	179
912	201
912	251
912	252
912	254
912	282
912	345
912	410
912	426
912	436
912	562
912	645
912	674
912	675
912	704
912	753
912	767
912	895
912	914
912	980
912	985
913	127
913	245
913	323
913	366
913	439
913	669
913	685
913	690
913	692
913	733
913	757
913	792
913	849
913	876
913	882
913	883
913	901
913	909
913	933
913	943
913	947
913	974
913	988
913	994
914	42
914	105
914	158
914	174
914	181
914	201
914	251
914	254
914	282
914	283
914	345
914	391
914	562
914	645
914	674
914	675
914	677
914	704
914	753
914	767
914	779
914	861
914	912
914	985
915	98
915	125
915	146
915	326
915	351
915	458
915	487
915	492
915	566
915	607
915	656
915	815
915	817
915	886
915	896
915	902
915	908
915	935
915	962
915	967
915	974
915	976
915	990
915	1000
916	78
916	87
916	93
916	203
916	241
916	419
916	486
916	594
916	634
916	686
916	733
916	761
916	781
916	799
916	885
916	886
916	892
916	898
916	922
916	926
916	937
916	942
916	949
916	975
916	996
917	265
917	292
917	370
917	414
917	422
917	441
917	453
917	467
917	504
917	567
917	603
917	649
917	774
917	870
917	887
917	904
917	907
917	920
917	924
917	944
917	950
917	970
917	978
917	989
917	991
918	110
918	263
918	280
918	288
918	289
918	383
918	410
918	435
918	513
918	571
918	597
918	612
918	640
918	643
918	701
918	716
918	727
918	791
918	792
918	794
918	819
918	869
918	880
918	908
918	928
919	116
919	183
919	293
919	370
919	398
919	416
919	502
919	574
919	604
919	608
919	790
919	844
919	855
919	901
919	920
919	924
919	927
919	929
919	931
919	950
919	952
919	960
919	965
919	978
919	989
919	991
920	74
920	80
920	250
920	420
920	484
920	488
920	524
920	578
920	613
920	636
920	691
920	838
920	863
920	877
920	899
920	917
920	919
920	924
920	931
920	950
920	952
920	960
920	973
920	978
920	989
920	991
921	23
921	66
921	176
921	220
921	428
921	453
921	512
921	655
921	668
921	684
921	719
921	759
921	797
921	799
921	802
921	810
921	824
921	897
921	923
921	932
921	949
921	968
921	978
921	987
922	25
922	55
922	81
922	225
922	244
922	266
922	357
922	389
922	481
922	557
922	615
922	630
922	701
922	726
922	771
922	785
922	841
922	845
922	863
922	880
922	885
922	886
922	916
922	949
922	975
922	985
923	322
923	430
923	520
923	561
923	582
923	660
923	707
923	799
923	802
923	810
923	811
923	840
923	879
923	921
923	932
923	959
923	968
923	979
923	980
923	983
923	997
924	4
924	8
924	167
924	252
924	290
924	292
924	416
924	420
924	441
924	494
924	504
924	603
924	613
924	615
924	816
924	828
924	870
924	917
924	919
924	920
924	950
924	952
924	960
924	973
924	978
924	989
924	991
925	139
925	257
925	258
925	263
925	280
925	383
925	412
925	435
925	479
925	513
925	612
925	701
925	709
925	716
925	763
925	794
925	819
925	842
925	864
925	880
925	904
925	928
925	932
925	955
925	957
925	970
925	972
926	55
926	285
926	324
926	374
926	389
926	418
926	419
926	449
926	618
926	636
926	654
926	672
926	696
926	707
926	713
926	743
926	837
926	844
926	886
926	900
926	906
926	916
926	931
926	949
926	965
926	972
926	975
927	215
927	234
927	293
927	318
927	378
927	382
927	398
927	467
927	468
927	475
927	555
927	574
927	604
927	608
927	623
927	654
927	672
927	743
927	790
927	820
927	837
927	844
927	900
927	919
927	931
927	965
927	972
928	238
928	263
928	340
928	369
928	383
928	413
928	514
928	601
928	640
928	643
928	663
928	716
928	720
928	727
928	736
928	781
928	791
928	794
928	880
928	892
928	906
928	907
928	918
928	925
928	966
928	983
928	995
929	1
929	39
929	301
929	303
929	380
929	395
929	515
929	545
929	547
929	563
929	580
929	587
929	606
929	646
929	653
929	741
929	829
929	860
929	868
929	870
929	892
929	910
929	919
929	937
929	953
929	998
929	1000
930	45
930	46
930	61
930	95
930	108
930	130
930	160
930	173
930	221
930	240
930	261
930	317
930	350
930	403
930	412
930	516
930	526
930	542
930	612
930	619
930	695
930	778
930	830
930	850
930	856
930	881
930	982
931	234
931	279
931	293
931	318
931	378
931	391
931	398
931	443
931	449
931	468
931	604
931	618
931	654
931	672
931	743
931	790
931	820
931	837
931	844
931	851
931	900
931	919
931	920
931	926
931	927
931	965
931	972
932	257
932	394
932	432
932	454
932	507
932	521
932	750
932	759
932	799
932	802
932	810
932	904
932	905
932	921
932	923
932	925
932	945
932	955
932	957
932	968
932	970
932	972
933	14
933	136
933	286
933	300
933	359
933	465
933	470
933	517
933	579
933	639
933	669
933	676
933	683
933	690
933	731
933	738
933	740
933	769
933	849
933	882
933	883
933	909
933	913
933	943
933	974
933	988
933	996
934	41
934	112
934	156
934	166
934	177
934	325
934	409
934	431
934	476
934	506
934	534
934	583
934	638
934	653
934	682
934	697
934	702
934	761
934	813
934	816
934	833
934	841
934	857
934	894
934	941
934	948
934	999
935	32
935	258
935	349
935	427
935	454
935	479
935	492
935	521
935	611
935	750
935	817
935	842
935	854
935	864
935	886
935	902
935	904
935	908
935	915
935	945
935	955
935	957
935	962
935	967
935	970
935	974
935	976
935	1000
936	36
936	177
936	335
936	347
936	376
936	405
936	451
936	472
936	558
936	576
936	577
936	617
936	673
936	696
936	707
936	737
936	745
936	782
936	797
936	835
936	836
936	839
936	851
936	872
936	903
936	959
936	989
936	992
937	239
937	244
937	267
937	324
937	419
937	429
937	550
937	592
937	613
937	615
937	646
937	686
937	707
937	741
937	826
937	827
937	832
937	846
937	854
937	860
937	898
937	916
937	929
937	949
937	953
937	975
937	998
937	1000
938	19
938	72
938	134
938	212
938	276
938	297
938	317
938	323
938	330
938	349
938	406
938	509
938	599
938	642
938	688
938	703
938	710
938	776
938	836
938	869
938	877
938	885
938	942
938	946
938	968
938	975
938	992
938	993
939	3
939	82
939	205
939	228
939	236
939	274
939	305
939	338
939	446
939	540
939	543
939	558
939	642
939	648
939	681
939	694
939	793
939	798
939	831
939	832
939	840
939	863
939	889
939	896
939	944
939	966
939	979
939	984
940	22
940	284
940	587
940	624
940	658
940	687
940	741
940	742
940	744
940	759
940	770
940	779
940	796
940	809
940	812
940	829
940	832
940	835
940	868
940	891
940	898
940	901
940	958
940	961
940	964
940	983
940	998
940	1000
941	20
941	48
941	58
941	90
941	97
941	243
941	321
941	332
941	352
941	368
941	396
941	476
941	506
941	556
941	643
941	653
941	682
941	702
941	724
941	743
941	760
941	761
941	813
941	857
941	894
941	934
941	948
941	999
942	78
942	93
942	140
942	145
942	203
942	241
942	285
942	302
942	313
942	397
942	399
942	401
942	466
942	478
942	486
942	626
942	634
942	761
942	767
942	781
942	834
942	837
942	861
942	892
942	898
942	916
942	938
943	30
943	45
943	63
943	366
943	470
943	471
943	483
943	516
943	639
943	692
943	738
943	769
943	792
943	849
943	855
943	867
943	882
943	883
943	901
943	909
943	913
943	933
943	947
943	948
943	974
943	988
943	991
943	994
943	996
944	157
944	285
944	292
944	305
944	347
944	414
944	446
944	516
944	558
944	560
944	649
944	655
944	661
944	694
944	700
944	717
944	766
944	774
944	788
944	882
944	887
944	889
944	896
944	917
944	939
944	966
944	970
944	971
944	984
945	63
945	85
945	144
945	199
945	237
945	368
945	374
945	388
945	400
945	427
945	489
945	510
945	521
945	523
945	531
945	750
945	763
945	777
945	782
945	783
945	932
945	935
945	957
945	970
945	971
945	972
945	979
945	990
945	991
946	57
946	72
946	134
946	186
946	196
946	212
946	226
946	311
946	335
946	421
946	509
946	581
946	599
946	625
946	688
946	703
946	741
946	765
946	803
946	818
946	836
946	869
946	885
946	938
946	968
946	975
946	992
946	993
947	75
947	116
947	170
947	358
947	525
947	623
947	631
947	647
947	685
947	723
947	727
947	733
947	735
947	758
947	807
947	817
947	827
947	834
947	855
947	900
947	901
947	905
947	913
947	943
947	950
947	954
947	973
947	977
947	994
947	999
948	18
948	259
948	307
948	314
948	321
948	402
948	437
948	476
948	560
948	586
948	653
948	682
948	702
948	724
948	732
948	734
948	752
948	760
948	768
948	813
948	823
948	857
948	871
948	876
948	894
948	934
948	941
948	943
948	977
948	999
949	90
949	159
949	229
949	283
949	294
949	324
949	372
949	389
949	419
949	450
949	460
949	507
949	512
949	645
949	647
949	674
949	684
949	739
949	824
949	826
949	845
949	880
949	885
949	897
949	916
949	921
949	922
949	926
949	937
949	957
949	975
950	99
950	360
950	466
950	500
950	574
950	588
950	620
950	622
950	679
950	724
950	816
950	818
950	819
950	834
950	847
950	855
950	870
950	893
950	917
950	919
950	920
950	924
950	947
950	952
950	959
950	960
950	973
950	978
950	981
950	989
950	992
951	5
951	328
951	390
951	462
951	506
951	511
951	598
951	630
951	671
951	705
951	728
951	748
951	756
951	772
951	780
951	862
951	865
951	890
951	904
951	908
951	969
951	981
951	987
951	991
951	996
952	83
952	87
952	181
952	284
952	332
952	371
952	378
952	393
952	424
952	444
952	483
952	498
952	530
952	556
952	603
952	664
952	679
952	691
952	732
952	806
952	843
952	855
952	870
952	919
952	920
952	924
952	950
952	960
952	973
952	978
952	989
952	991
953	39
953	177
953	232
953	246
953	247
953	248
953	348
953	380
953	381
953	385
953	387
953	395
953	461
953	515
953	522
953	545
953	547
953	569
953	585
953	606
953	657
953	720
953	747
953	845
953	879
953	892
953	900
953	910
953	911
953	929
953	937
953	976
954	33
954	38
954	52
954	124
954	131
954	151
954	163
954	170
954	199
954	298
954	358
954	373
954	377
954	403
954	496
954	501
954	536
954	549
954	645
954	735
954	807
954	815
954	817
954	827
954	847
954	852
954	900
954	905
954	911
954	947
954	977
954	999
955	95
955	149
955	235
955	273
955	315
955	320
955	427
955	432
955	479
955	521
955	605
955	689
955	750
955	763
955	811
955	828
955	840
955	842
955	853
955	864
955	883
955	884
955	887
955	925
955	932
955	935
955	957
955	970
955	971
955	972
955	980
955	983
955	997
956	23
956	89
956	132
956	141
956	165
956	173
956	240
956	242
956	289
956	319
956	329
956	379
956	464
956	518
956	527
956	532
956	552
956	591
956	594
956	632
956	633
956	659
956	701
956	740
956	749
956	784
956	814
956	815
956	848
956	870
956	907
956	979
956	986
957	3
957	63
957	226
957	237
957	258
957	284
957	290
957	294
957	312
957	315
957	333
957	374
957	388
957	427
957	432
957	454
957	479
957	521
957	585
957	750
957	763
957	825
957	842
957	864
957	904
957	925
957	932
957	935
957	945
957	949
957	955
957	970
957	972
958	124
958	198
958	219
958	232
958	278
958	299
958	315
958	460
958	485
958	519
958	554
958	590
958	611
958	624
958	627
958	658
958	681
958	687
958	715
958	724
958	742
958	770
958	779
958	796
958	803
958	808
958	821
958	835
958	866
958	869
958	875
958	940
958	964
958	969
959	7
959	26
959	99
959	142
959	332
959	360
959	390
959	413
959	418
959	448
959	450
959	466
959	531
959	553
959	558
959	576
959	588
959	593
959	620
959	622
959	745
959	797
959	819
959	820
959	839
959	847
959	848
959	851
959	893
959	923
959	936
959	950
959	989
959	992
960	8
960	35
960	74
960	87
960	100
960	142
960	167
960	223
960	236
960	290
960	370
960	453
960	456
960	500
960	502
960	533
960	583
960	603
960	613
960	637
960	644
960	683
960	816
960	870
960	893
960	919
960	920
960	924
960	950
960	952
960	973
960	978
960	989
960	991
961	17
961	54
961	194
961	203
961	245
961	339
961	379
961	383
961	395
961	423
961	433
961	494
961	519
961	555
961	564
961	565
961	629
961	693
961	709
961	721
961	730
961	775
961	786
961	791
961	800
961	825
961	873
961	874
961	892
961	940
961	972
962	1
962	32
962	98
962	103
962	125
962	146
962	182
962	209
962	249
962	268
962	306
962	318
962	326
962	334
962	422
962	487
962	492
962	566
962	607
962	656
962	662
962	713
962	767
962	817
962	821
962	886
962	902
962	908
962	915
962	935
962	967
962	974
962	976
962	995
962	1000
963	33
963	81
963	102
963	114
963	193
963	197
963	208
963	210
963	216
963	333
963	357
963	407
963	437
963	455
963	472
963	477
963	478
963	502
963	504
963	511
963	538
963	551
963	572
963	632
963	647
963	674
963	680
963	692
963	695
963	721
963	751
963	774
963	788
963	890
963	993
964	110
964	186
964	217
964	219
964	299
964	311
964	315
964	340
964	376
964	485
964	519
964	529
964	611
964	621
964	624
964	658
964	681
964	687
964	715
964	770
964	779
964	795
964	796
964	803
964	808
964	812
964	821
964	830
964	835
964	866
964	875
964	891
964	940
964	958
964	969
965	52
965	57
965	70
965	112
965	131
965	183
965	239
965	293
965	306
965	374
965	449
965	467
965	468
965	475
965	539
965	540
965	541
965	567
965	608
965	624
965	657
965	755
965	790
965	807
965	844
965	887
965	919
965	926
965	927
965	931
965	972
966	47
966	140
966	228
966	316
966	338
966	367
966	369
966	434
966	446
966	495
966	508
966	543
966	609
966	642
966	648
966	681
966	694
966	720
966	740
966	793
966	798
966	808
966	859
966	862
966	863
966	876
966	882
966	889
966	902
966	906
966	907
966	928
966	939
966	944
966	984
966	995
967	32
967	70
967	98
967	103
967	125
967	146
967	209
967	255
967	326
967	334
967	351
967	352
967	422
967	458
967	475
967	487
967	492
967	517
967	566
967	607
967	656
967	662
967	713
967	817
967	886
967	902
967	908
967	915
967	935
967	962
967	974
967	976
967	983
967	998
967	999
967	1000
968	31
968	36
968	66
968	176
968	180
968	192
968	220
968	257
968	260
968	276
968	297
968	308
968	406
968	503
968	599
968	642
968	688
968	703
968	759
968	776
968	799
968	802
968	810
968	836
968	856
968	869
968	885
968	897
968	921
968	923
968	932
968	938
968	946
968	975
968	992
968	993
969	35
969	101
969	360
969	460
969	485
969	493
969	517
969	519
969	611
969	621
969	627
969	658
969	671
969	715
969	728
969	770
969	780
969	796
969	808
969	823
969	835
969	862
969	865
969	875
969	891
969	951
969	958
969	964
969	981
969	987
969	991
969	996
970	129
970	153
970	178
970	188
970	237
970	265
970	291
970	300
970	331
970	414
970	422
970	424
970	432
970	454
970	499
970	535
970	560
970	570
970	649
970	661
970	688
970	766
970	842
970	864
970	887
970	904
970	917
970	925
970	932
970	935
970	944
970	945
970	955
970	957
970	972
970	1000
971	6
971	69
971	104
971	188
971	206
971	233
971	248
971	253
971	275
971	375
971	400
971	404
971	447
971	505
971	554
971	610
971	638
971	641
971	677
971	711
971	712
971	722
971	731
971	749
971	783
971	801
971	831
971	859
971	869
971	944
971	945
971	955
971	975
971	979
971	987
971	990
971	997
972	3
972	63
972	234
972	294
972	312
972	382
972	391
972	398
972	445
972	449
972	454
972	479
972	569
972	585
972	604
972	608
972	654
972	666
972	672
972	743
972	750
972	820
972	842
972	844
972	900
972	904
972	925
972	926
972	927
972	931
972	932
972	945
972	955
972	957
972	961
972	965
972	970
973	30
973	75
973	135
973	167
973	170
973	195
973	303
973	384
973	439
973	500
973	526
973	615
973	631
973	637
973	640
973	647
973	679
973	683
973	685
973	712
973	725
973	758
973	792
973	855
973	867
973	870
973	884
973	901
973	920
973	924
973	947
973	950
973	952
973	960
973	978
973	990
973	991
973	994
974	1
974	103
974	113
974	133
974	146
974	162
974	276
974	326
974	334
974	352
974	370
974	430
974	487
974	517
974	579
974	656
974	690
974	736
974	757
974	820
974	849
974	882
974	883
974	886
974	902
974	908
974	909
974	913
974	915
974	933
974	935
974	943
974	962
974	967
974	976
974	988
974	996
974	1000
975	55
975	72
975	233
975	297
975	323
975	330
975	354
975	389
975	419
975	509
975	599
975	620
975	669
975	682
975	688
975	703
975	713
975	725
975	733
975	771
975	776
975	826
975	836
975	869
975	880
975	885
975	886
975	916
975	922
975	926
975	937
975	938
975	946
975	949
975	968
975	971
975	992
975	993
976	209
976	247
976	248
976	249
976	348
976	385
976	387
976	458
976	461
976	475
976	522
976	566
976	569
976	625
976	656
976	657
976	662
976	671
976	713
976	720
976	747
976	817
976	842
976	879
976	886
976	898
976	902
976	908
976	911
976	915
976	935
976	953
976	962
976	967
976	974
976	1000
977	131
977	151
977	163
977	172
977	205
977	251
977	295
977	298
977	307
977	320
977	325
977	402
977	403
977	437
977	441
977	536
977	549
977	586
977	645
977	732
977	734
977	735
977	744
977	752
977	768
977	817
977	823
977	827
977	828
977	832
977	847
977	860
977	871
977	876
977	900
977	905
977	947
977	948
977	954
977	999
978	4
978	35
978	71
978	74
978	100
978	135
978	142
978	170
978	236
978	252
978	261
978	370
978	384
978	416
978	444
978	456
978	502
978	504
978	533
978	584
978	603
978	613
978	615
978	644
978	683
978	760
978	816
978	870
978	873
978	917
978	919
978	920
978	921
978	924
978	950
978	952
978	960
978	973
978	989
978	991
979	133
979	144
979	165
979	184
979	204
979	279
979	281
979	319
979	329
979	330
979	388
979	400
979	456
979	463
979	464
979	483
979	490
979	518
979	523
979	527
979	532
979	552
979	594
979	615
979	616
979	659
979	677
979	725
979	731
979	740
979	749
979	777
979	783
979	784
979	923
979	939
979	945
979	956
979	971
979	998
980	38
980	95
980	118
980	139
980	149
980	169
980	189
980	230
980	242
980	262
980	264
980	304
980	320
980	322
980	430
980	471
980	480
980	503
980	520
980	544
980	561
980	593
980	596
980	607
980	660
980	689
980	705
980	773
980	795
980	811
980	816
980	832
980	853
980	879
980	884
980	888
980	912
980	923
980	955
980	983
980	997
981	43
981	99
981	168
981	175
981	213
981	224
981	241
981	280
981	360
981	363
981	390
981	402
981	473
981	493
981	531
981	574
981	588
981	593
981	620
981	622
981	671
981	687
981	722
981	728
981	780
981	819
981	820
981	823
981	834
981	847
981	862
981	863
981	865
981	875
981	893
981	950
981	951
981	969
981	987
981	991
981	996
982	29
982	67
982	73
982	95
982	97
982	108
982	111
982	160
982	164
982	202
982	211
982	221
982	240
982	310
982	317
982	350
982	412
982	514
982	516
982	542
982	546
982	602
982	612
982	619
982	628
982	635
982	695
982	699
982	773
982	778
982	793
982	830
982	850
982	856
982	879
982	881
982	930
983	47
983	169
983	200
983	223
983	230
983	231
983	236
983	242
983	262
983	327
983	341
983	369
983	544
983	582
983	596
983	601
983	609
983	663
983	689
983	793
983	798
983	808
983	811
983	816
983	828
983	853
983	859
983	876
983	879
983	884
983	888
983	902
983	906
983	907
983	923
983	928
983	940
983	955
983	967
983	980
983	995
984	11
984	60
984	76
984	82
984	85
984	102
984	205
984	212
984	236
984	274
984	285
984	299
984	305
984	316
984	338
984	351
984	367
984	434
984	446
984	540
984	543
984	558
984	642
984	681
984	694
984	700
984	717
984	753
984	788
984	793
984	831
984	832
984	860
984	863
984	889
984	896
984	898
984	909
984	939
984	944
984	966
985	13
985	73
985	117
985	126
985	132
985	158
985	179
985	181
985	201
985	225
985	254
985	282
985	283
985	345
985	364
985	426
985	436
985	481
985	550
985	557
985	568
985	652
985	675
985	704
985	713
985	730
985	752
985	753
985	767
985	771
985	785
985	790
985	818
985	823
985	845
985	861
985	863
985	872
985	895
985	912
985	914
985	922
986	34
986	88
986	133
986	153
986	155
986	195
986	196
986	242
986	266
986	270
986	319
986	329
986	343
986	408
986	409
986	411
986	464
986	474
986	527
986	532
986	552
986	589
986	591
986	633
986	637
986	673
986	692
986	698
986	701
986	706
986	725
986	740
986	753
986	758
986	784
986	814
986	843
986	848
986	890
986	899
986	956
986	993
986	998
987	28
987	43
987	77
987	104
987	188
987	207
987	224
987	253
987	320
987	352
987	394
987	421
987	433
987	451
987	473
987	493
987	505
987	554
987	610
987	641
987	671
987	687
987	712
987	728
987	749
987	780
987	783
987	785
987	801
987	823
987	824
987	831
987	862
987	865
987	921
987	951
987	969
987	971
987	981
987	991
987	996
987	997
987	1000
988	14
988	46
988	49
988	71
988	84
988	101
988	113
988	134
988	162
988	171
988	195
988	245
988	300
988	301
988	359
988	396
988	461
988	465
988	516
988	517
988	538
988	557
988	579
988	663
988	669
988	676
988	683
988	690
988	738
988	757
988	769
988	812
988	835
988	849
988	882
988	883
988	891
988	909
988	913
988	933
988	943
988	974
988	996
989	4
989	56
989	71
989	100
989	122
989	124
989	129
989	135
989	142
989	213
989	395
989	399
989	405
989	413
989	441
989	444
989	448
989	451
989	500
989	553
989	576
989	615
989	644
989	673
989	679
989	795
989	797
989	848
989	851
989	855
989	917
989	919
989	920
989	924
989	936
989	950
989	952
989	959
989	960
989	978
989	990
989	991
989	993
990	6
990	29
990	44
990	60
990	77
990	112
990	144
990	171
990	182
990	204
990	206
990	218
990	268
990	275
990	279
990	281
990	308
990	330
990	354
990	388
990	400
990	404
990	456
990	463
990	489
990	490
990	510
990	616
990	638
990	665
990	709
990	711
990	722
990	731
990	746
990	777
990	783
990	859
990	869
990	915
990	945
990	971
990	973
990	989
991	43
991	67
991	167
991	175
991	224
991	261
991	384
991	394
991	416
991	421
991	444
991	473
991	474
991	493
991	494
991	502
991	528
991	533
991	581
991	671
991	687
991	728
991	780
991	816
991	823
991	855
991	862
991	865
991	870
991	917
991	919
991	920
991	924
991	943
991	945
991	951
991	952
991	960
991	969
991	973
991	978
991	981
991	987
991	989
991	996
992	7
992	14
992	19
992	26
992	56
992	124
992	129
992	137
992	192
992	213
992	276
992	323
992	330
992	405
992	406
992	413
992	448
992	509
992	553
992	558
992	576
992	599
992	642
992	673
992	688
992	703
992	705
992	710
992	745
992	776
992	795
992	797
992	836
992	839
992	851
992	857
992	869
992	936
992	938
992	946
992	950
992	959
992	968
992	975
992	993
993	68
993	72
993	102
993	114
993	134
993	192
993	197
993	208
993	210
993	216
993	317
993	323
993	349
993	357
993	406
993	407
993	437
993	477
993	478
993	502
993	509
993	511
993	533
993	572
993	599
993	680
993	688
993	695
993	703
993	710
993	721
993	751
993	776
993	808
993	836
993	885
993	890
993	938
993	946
993	963
993	968
993	975
993	986
993	989
993	992
994	2
994	13
994	30
994	45
994	69
994	75
994	105
994	116
994	127
994	161
994	195
994	211
994	273
994	327
994	366
994	371
994	420
994	439
994	440
994	471
994	483
994	503
994	525
994	526
994	590
994	631
994	637
994	640
994	647
994	670
994	680
994	685
994	692
994	712
994	751
994	758
994	792
994	849
994	855
994	867
994	901
994	913
994	943
994	947
994	973
995	18
995	47
995	92
995	101
995	115
995	122
995	140
995	147
995	154
995	200
995	223
995	228
995	238
995	256
995	303
995	341
995	369
995	386
995	473
995	500
995	508
995	514
995	548
995	562
995	601
995	602
995	650
995	652
995	662
995	663
995	720
995	740
995	775
995	781
995	798
995	803
995	808
995	859
995	876
995	902
995	906
995	907
995	928
995	962
995	966
995	983
996	43
996	84
996	159
996	175
996	220
996	224
996	276
996	281
996	286
996	359
996	363
996	396
996	421
996	451
996	461
996	493
996	538
996	585
996	639
996	671
996	683
996	687
996	690
996	728
996	738
996	757
996	769
996	780
996	823
996	849
996	862
996	865
996	882
996	883
996	889
996	909
996	916
996	933
996	943
996	951
996	969
996	974
996	981
996	987
996	988
996	991
997	28
997	53
997	104
997	207
997	214
997	235
997	253
997	262
997	273
997	275
997	278
997	433
997	447
997	480
997	503
997	505
997	544
997	554
997	561
997	563
997	575
997	577
997	593
997	596
997	610
997	641
997	660
997	689
997	691
997	746
997	749
997	783
997	785
997	801
997	811
997	816
997	828
997	831
997	833
997	840
997	879
997	884
997	888
997	923
997	955
997	971
997	980
997	987
998	12
998	34
998	60
998	88
998	141
998	153
998	155
998	255
998	270
998	341
998	343
998	344
998	408
998	409
998	411
998	415
998	429
998	474
998	571
998	580
998	584
998	587
998	589
998	697
998	698
998	706
998	723
998	741
998	743
998	753
998	759
998	796
998	827
998	829
998	843
998	844
998	854
998	888
998	891
998	899
998	901
998	929
998	937
998	940
998	967
998	979
998	986
998	1000
999	2
999	20
999	33
999	48
999	61
999	90
999	163
999	243
999	313
999	332
999	351
999	352
999	373
999	377
999	396
999	448
999	452
999	476
999	495
999	501
999	506
999	509
999	536
999	549
999	623
999	653
999	682
999	702
999	724
999	727
999	735
999	760
999	761
999	813
999	815
999	817
999	827
999	847
999	857
999	860
999	894
999	905
999	934
999	941
999	947
999	948
999	954
999	967
999	977
1000	58
1000	70
1000	103
1000	141
1000	182
1000	306
1000	318
1000	334
1000	385
1000	410
1000	429
1000	458
1000	475
1000	487
1000	492
1000	566
1000	604
1000	646
1000	662
1000	694
1000	697
1000	710
1000	741
1000	743
1000	809
1000	817
1000	827
1000	829
1000	832
1000	846
1000	854
1000	868
1000	886
1000	898
1000	901
1000	902
1000	908
1000	915
1000	929
1000	935
1000	937
1000	940
1000	962
1000	967
1000	970
1000	974
1000	976
1000	987
1000	998
