# The communities at k=3
# from G:\Dropbox\Raghda\CNA\Final Project\other methods\CFinder-2.0.6--1448\G:\Dropbox\Raghda\CNA\Final Project\Datasets\binary_networks\LFR5\network_LFR5_Om4.dat
# at no lower link weight threshold,
# and at no upper link weight threshold.
# Links were treated as undirected.
# No time limit was set for the clique search.

0: 1 669 829 915 991 830 947 953 100 890 899 958 1000 241 255 334 364 433 470 495 543 544 572 632 671 681 690 726 760 784 788 792 833 844 845 847 858 879 884 895 902 909 929 933 937 945 956 965 981 985 987 995 996 992 556 691 840 935 849 969 977 69 738 749 837 957 983 541 813 108 936 940 998 989 11 324 777 878 975 388 436 861 111 814 900 921 841 927 114 797 851 908 967 488 778 980 882 117 764 932 118 875 963 979 478 702 931 836 299 739 920 877 304 750 441 717 901 502 959 990 128 842 857 131 694 964 984 997 133 732 789 928 135 233 870 999 721 978 791 809 894 869 824 396 423 802 891 140 846 930 871 660 700 816 218 786 147 663 680 848 15 881 748 783 710 986 994 903 950 982 154 533 716 898 652 855 755 834 765 862 911 968 517 687 161 941 289 314 863 232 629 912 961 971 693 916 166 973 167 497 976 659 346 743 612 974 514 761 880 172 616 653 972 708 751 946 966 569 917 773 831 942 296 904 772 779 800 907 575 611 867 924 868 955 365 435 537 897 796 19 481 939 190 768 191 639 923 938 413 803 635 650 195 492 228 242 988 197 583 728 787 524 850 775 647 766 832 202 204 599 670 205 886 206 729 906 208 553 757 589 815 21 643 673 826 952 210 744 922 212 962 770 562 216 538 805 949 219 677 970 736 220 808 873 221 222 223 529 719 960 229 285 993 23 621 649 91 235 943 910 499 951 793 799 819 568 838 244 926 607 724 247 954 822 516 742 934 250 429 251 622 866 521 256 698 258 494 948 944 26 856 260 854 520 754 759 810 896 885 737 387 272 281 5 860 790 277 606 825 628 282 893 817 820 449 418 774 674 293 295 919 297 640 828 646 913 305 567 807 309 548 31 561 504 484 313 475 645 733 821 317 64 318 528 762 734 887 7 723 321 843 322 689 323 325 776 865 532 501 330 580 758 771 344 34 892 448 630 697 827 347 780 89 763 349 597 35 585 540 51 657 361 376 615 852 624 804 363 602 450 578 806 637 371 609 372 486 374 430 812 511 38 381 445 382 581 604 889 695 389 573 391 503 393 76 397 40 705 53 587 409 614 918 41 417 414 507 672 769 872 447 564 421 661 591 675 426 644 613 52 432 453 835 560 44 443 664 510 45 707 454 466 509 458 781 925 461 462 638 655 469 584 47 605 474 487 666 668 87 595 746 489 662 678 801 740 500 692 519 682 914 753 522 523 699 811 642 631 715 95 600 558 747 701 571 722 593 576 703 688 598 641 618 648 81 608 620 63 713 685 711 718 97 70 8 752 72 79 
1: 101 794 992 398 
2: 109 113 406 741 386 402 270 
3: 851 115 980 
4: 116 141 720 874 855 917 873 434 536 644 
5: 119 505 888 
6: 895 120 706 818 836 122 877 770 440 
7: 14 802 891 
8: 709 836 142 785 651 753 
9: 844 658 853 153 30 907 419 
10: 844 992 905 727 169 565 199 227 401 914 
11: 731 96 897 762 
12: 515 178 942 340 
13: 792 782 976 653 839 18 437 770 264 586 
14: 878 180 594 
15: 942 186 665 201 
16: 878 927 888 877 262 964 214 619 770 512 506 
17: 952 27 737 534 
18: 603 955 885 828 332 352 592 714 872 43 75 
19: 756 557 610 634 925 60 
20: 253 415 625 886 327 
21: 1000 276 735 798 
22: 999 137 809 894 725 934 696 
23: 935 328 820 
24: 884 267 951 451 
25: 239 384 951 
26: 995 906 367 
27: 798 904 257 291 
28: 566 955 292 
29: 775 737 301 
30: 813 335 322 
31: 403 916 353 
32: 665 868 939 730 499 359 864 422 473 545 
33: 493 964 942 
34: 813 408 993 
35: 927 408 954 518 
36: 977 465 988 
37: 412 596 483 656 
38: 942 485 431 
39: 943 866 400 
40: 617 439 591 
41: 995 556 923 
42: 795 496 859 962 714 
43: 993 542 657 
44: 972 922 503 
45: 894 822 518 
46: 984 823 806 525 
47: 583 944 574 
48: 998 627 589 
49: 627 767 892 
50: 859 577 617 
51: 930 601 801 
52: 654 974 880 
53: 836 994 684 
54: 738 883 745 876 
55: 938 934 704 
56: 772 938 826 
