# The links inside the communities at k=3
# from G:\Dropbox\Raghda\CNA\Final Project\other methods\CFinder-2.0.6--1448\G:\Dropbox\Raghda\CNA\Final Project\Datasets\binary_networks\LFR5\network_LFR5_Om4.dat
# at no lower link weight threshold,
# and at no upper link weight threshold.
# Links were treated as undirected.
# No time limit was set for the clique search.

0:
1 829
1 915
1 991
669 953
669 945
669 856
669 865
829 915
829 991
829 884
829 908
829 986
829 982
829 926
829 448
829 41
829 432
915 991
915 908
915 133
915 986
915 832
915 926
915 448
915 41
915 432
915 746
915 576
991 544
991 884
991 975
991 908
991 750
991 133
991 978
991 986
991 855
991 166
991 973
991 886
991 926
991 448
991 432
991 746
991 576
830 681
830 845
830 937
830 901
830 959
830 946
830 939
830 887
947 989
947 959
947 748
947 191
947 639
947 923
947 583
947 838
947 317
947 64
947 35
947 443
947 781
953 929
953 981
953 556
953 739
953 982
953 862
953 912
953 650
953 23
953 621
953 910
953 822
953 689
953 865
953 585
953 595
953 811
953 558
100 890
100 899
100 958
890 899
890 985
890 969
890 732
890 978
890 783
890 972
890 773
890 907
890 597
890 769
890 648
899 958
899 902
899 732
899 968
899 897
899 639
899 815
899 349
899 597
899 372
899 675
958 908
958 979
958 877
958 894
958 680
958 708
958 946
958 639
958 938
958 599
958 670
958 553
958 815
958 229
958 993
958 649
958 742
958 944
958 774
958 597
958 371
958 447
958 613
958 666
1000 241
1000 255
1000 334
1000 364
1000 433
1000 470
1000 495
1000 543
1000 572
1000 671
1000 681
1000 760
1000 788
1000 792
1000 833
1000 845
1000 847
1000 858
1000 879
1000 895
1000 902
1000 929
1000 933
1000 937
1000 945
1000 956
1000 965
1000 981
1000 985
1000 987
1000 995
1000 996
241 858
241 987
255 364
334 847
334 858
364 788
433 572
433 985
470 845
495 847
495 858
495 965
543 681
543 937
544 133
572 965
572 996
572 950
572 971
632 999
632 710
632 309
671 965
671 985
671 996
671 964
671 897
671 856
671 655
681 937
681 956
690 936
690 967
690 984
690 976
690 923
690 805
726 927
726 979
726 974
726 938
726 832
726 806
726 835
726 500
726 593
760 987
760 995
760 707
784 901
784 800
784 575
784 808
784 993
784 896
784 522
788 902
788 881
788 946
788 674
792 981
792 996
833 987
833 989
833 717
833 789
833 974
833 955
833 673
833 951
833 893
844 863
844 944
844 637
845 937
845 956
845 981
845 761
845 880
845 951
847 858
847 879
847 929
847 808
858 879
858 289
858 808
879 956
879 900
879 921
879 882
879 687
879 772
879 924
879 244
879 948
879 642
879 752
884 980
884 920
884 962
884 221
884 432
895 933
895 965
895 957
895 959
895 994
895 982
895 961
895 166
895 973
895 966
895 949
895 810
895 887
895 918
895 469
895 685
902 929
902 937
902 936
902 967
902 959
902 15
902 881
902 950
902 757
902 822
902 630
902 349
909 749
909 927
909 533
909 974
909 972
909 960
909 943
909 698
909 919
909 313
909 540
909 852
909 466
909 781
929 989
929 908
929 931
929 789
929 791
929 396
929 986
929 912
929 946
929 904
929 993
929 910
929 951
929 822
929 860
929 631
929 576
933 992
933 541
933 989
933 980
933 920
933 997
933 994
933 863
933 966
933 826
933 952
933 962
933 970
933 960
933 944
933 918
933 500
937 981
937 995
937 975
937 959
937 786
937 880
937 946
937 951
937 919
937 887
937 835
945 985
945 837
945 998
945 128
945 842
945 997
945 903
945 917
945 413
945 647
945 766
945 960
945 948
945 856
945 564
945 466
956 995
956 849
956 851
956 979
956 990
956 857
956 978
956 968
956 971
956 916
956 966
956 924
956 210
956 943
956 607
956 759
956 825
956 843
956 892
956 614
956 642
956 715
965 935
965 957
965 964
965 984
965 994
965 982
965 973
965 966
965 904
965 943
965 856
965 260
965 854
965 885
965 812
965 918
965 707
981 987
981 992
981 878
981 980
981 739
981 791
981 629
981 880
981 728
981 787
981 744
981 677
981 954
981 822
981 742
981 418
981 774
981 758
981 804
981 806
981 397
981 925
981 605
981 682
981 753
985 969
985 977
985 738
985 957
985 980
985 117
985 963
985 478
985 842
985 870
985 423
985 802
985 816
985 961
985 976
985 647
985 757
985 970
985 954
985 26
985 856
985 532
985 34
985 892
985 430
985 661
985 835
985 458
985 655
985 519
987 995
987 989
987 878
987 959
987 997
987 786
987 765
987 941
987 955
987 197
987 728
987 787
987 673
987 744
987 970
987 951
987 250
987 429
987 893
987 31
987 852
987 925
987 692
987 598
995 975
995 959
995 990
995 881
995 982
995 968
995 971
995 972
995 924
995 19
995 939
995 962
995 944
995 854
995 790
995 614
995 414
995 507
995 707
995 662
995 692
995 63
996 989
996 900
996 797
996 980
996 764
996 963
996 964
996 663
996 848
996 903
996 950
996 716
996 898
996 755
996 517
996 961
996 971
996 867
996 955
996 922
996 223
996 91
996 26
996 856
996 567
996 325
996 624
996 450
996 591
996 644
996 560
996 454
996 558
996 620
992 541
992 998
992 908
992 739
992 986
992 761
992 728
992 826
992 677
992 960
992 954
992 887
992 372
992 678
992 699
556 862
691 836
691 970
691 520
691 501
691 695
840 837
840 997
840 916
840 494
935 982
935 768
935 815
935 260
935 854
935 323
935 511
849 983
849 998
849 974
849 210
849 821
969 989
969 861
969 963
969 870
969 907
969 647
969 562
969 219
969 970
969 943
969 910
969 281
969 504
969 532
969 430
969 417
969 769
969 52
969 584
969 811
969 715
969 718
977 989
977 117
977 932
977 979
977 441
977 964
977 999
977 978
977 710
977 923
977 826
977 952
977 993
977 272
977 628
977 646
977 548
977 762
977 363
977 454
69 777
69 975
69 962
738 34
749 972
749 988
749 540
749 79
837 978
837 916
837 939
837 803
837 819
837 948
837 913
837 7
957 959
957 978
957 881
957 994
957 982
957 855
957 941
957 961
957 973
957 966
957 897
957 796
957 949
957 943
957 838
957 896
957 64
957 843
957 409
957 918
957 469
957 685
983 813
983 940
983 998
983 967
983 488
983 979
983 502
983 131
983 694
983 871
983 911
983 659
983 751
983 907
983 922
983 736
983 866
983 919
983 821
983 615
983 389
983 573
983 668
983 722
541 952
813 922
108 936
108 940
108 998
936 940
936 998
936 967
936 754
936 293
936 344
936 630
936 697
936 474
940 998
940 990
940 968
940 971
940 973
940 946
940 787
940 202
940 960
940 754
940 919
940 887
940 925
940 63
998 927
998 764
998 891
998 986
998 903
998 968
998 961
998 693
998 976
998 974
998 761
998 972
998 190
998 803
998 202
998 826
998 952
998 220
998 934
998 754
998 865
998 630
998 697
998 827
998 374
998 872
998 510
998 595
998 699
998 688
998 79
989 882
989 932
989 979
989 441
989 964
989 789
989 928
989 999
989 891
989 986
989 898
989 923
989 943
989 910
989 799
989 948
989 944
989 628
989 567
989 325
989 697
989 40
989 454
989 608
11 324
11 777
11 975
324 777
324 975
324 962
777 975
777 212
777 962
878 824
878 787
878 461
975 964
975 997
975 514
975 569
975 228
975 886
975 212
975 962
975 873
975 719
975 993
975 951
975 926
975 724
975 860
975 913
975 330
975 602
975 523
388 836
388 604
388 695
436 974
436 835
861 963
861 990
861 871
861 911
861 968
861 232
861 971
861 907
861 826
861 970
111 814
111 900
111 921
814 900
814 921
814 963
814 923
814 793
814 244
814 866
814 305
900 921
900 963
900 997
900 928
900 848
900 923
900 793
900 258
900 305
900 87
900 914
900 703
921 963
921 928
921 903
921 923
921 793
921 244
921 866
921 258
921 305
921 87
921 801
921 703
841 982
841 242
841 206
841 729
841 906
841 949
841 910
841 640
841 72
927 961
927 693
927 974
927 832
927 374
927 500
927 593
114 797
114 851
114 967
797 967
797 999
797 537
797 922
797 736
797 609
797 445
797 701
851 967
851 999
851 653
851 772
851 843
851 609
851 381
851 445
908 979
908 791
908 986
908 708
908 285
908 993
908 926
908 613
967 778
967 694
967 999
967 978
967 950
967 976
967 537
967 922
967 222
967 293
967 821
967 697
967 584
967 474
967 701
967 722
967 97
488 821
778 997
778 537
778 970
778 520
980 920
980 978
980 950
980 716
980 629
980 831
980 867
980 886
980 208
980 553
980 757
980 962
980 960
980 993
980 499
980 819
980 860
980 825
980 817
980 820
980 776
980 397
980 421
980 835
980 655
980 600
980 70
882 932
882 959
882 857
882 999
882 976
882 946
882 917
882 988
882 993
882 943
882 948
882 759
882 810
117 932
764 663
764 976
764 754
932 979
932 999
932 978
932 710
932 923
932 719
932 993
932 628
932 646
932 548
932 762
932 363
932 918
932 489
118 875
118 963
118 979
875 963
875 825
875 807
875 771
875 578
875 486
875 38
875 638
963 979
963 304
963 990
963 903
963 898
963 968
963 971
963 972
963 771
963 38
963 417
963 769
963 638
963 87
963 801
963 715
963 618
963 718
979 502
979 999
979 680
979 710
979 968
979 974
979 939
979 923
979 938
979 832
979 670
979 952
979 922
979 538
979 993
979 893
979 828
979 821
979 615
979 918
979 722
979 593
478 870
478 999
702 964
702 904
931 836
931 978
931 761
931 946
931 569
931 768
931 860
931 913
931 807
931 740
931 523
931 631
836 860
836 695
836 631
299 964
299 848
739 901
739 791
739 677
920 982
920 962
920 221
920 960
920 819
920 926
920 453
877 924
877 808
877 649
877 954
877 711
877 752
304 990
304 968
304 971
750 997
750 986
750 723
717 974
717 955
717 850
717 605
901 959
901 824
901 930
901 986
901 862
901 973
901 904
901 677
901 993
901 799
901 256
502 922
502 821
502 615
959 748
959 994
959 862
959 941
959 966
959 955
959 939
959 948
959 896
959 317
959 64
959 887
959 918
959 443
990 997
990 732
990 881
990 994
990 755
990 911
990 968
990 971
990 612
990 972
990 481
990 988
990 202
990 873
990 529
990 943
990 297
990 581
990 644
990 668
990 618
128 842
842 816
842 903
842 911
842 968
842 971
842 612
842 917
842 413
857 894
857 946
857 296
857 868
857 210
857 759
857 674
857 843
131 694
694 751
694 907
694 922
694 872
964 663
964 848
964 994
964 971
964 974
964 904
964 435
964 228
964 643
964 949
964 91
964 247
964 272
964 450
964 620
964 8
984 994
984 941
984 973
984 779
984 216
984 805
984 970
984 926
984 516
984 934
984 277
984 606
984 45
984 707
984 522
984 81
984 713
997 978
997 881
997 986
997 903
997 950
997 961
997 916
997 514
997 988
997 832
997 205
997 826
997 952
997 212
997 962
997 562
997 949
997 970
997 808
997 529
997 568
997 926
997 494
997 828
997 602
997 914
997 598
732 968
732 897
732 675
789 396
789 951
789 948
928 903
928 765
928 793
928 866
928 282
928 893
928 697
928 454
928 462
928 914
135 233
135 870
135 999
233 999
870 999
870 863
870 988
870 970
870 529
870 993
870 799
870 382
999 710
999 898
999 772
999 939
999 757
999 993
999 793
999 628
999 309
999 484
999 843
999 363
999 609
999 381
999 445
721 898
721 892
978 950
978 916
978 569
978 831
978 635
978 886
978 272
978 860
978 828
978 913
978 807
978 843
978 391
978 503
978 44
978 925
978 631
978 600
978 641
978 648
791 986
791 708
791 677
791 954
809 949
809 926
894 871
894 973
894 946
894 296
894 988
894 624
894 672
869 982
869 904
869 910
869 926
869 733
869 322
869 689
869 580
869 892
869 747
824 834
824 904
824 960
824 943
824 461
423 661
802 871
802 387
802 532
802 892
802 889
802 661
802 519
891 976
891 567
891 762
891 852
891 40
891 509
891 914
140 846
140 930
846 930
846 973
846 906
846 744
846 949
846 926
930 986
930 863
930 973
930 611
930 955
930 803
930 906
930 949
930 993
930 521
930 944
930 790
871 911
871 659
871 946
871 674
871 892
871 763
871 705
660 941
660 779
660 805
660 516
700 848
700 810
816 976
816 917
816 954
816 622
816 737
816 347
816 89
816 564
816 835
218 982
218 815
786 765
786 951
786 893
786 828
786 758
786 872
147 663
147 848
663 848
663 620
680 204
680 599
680 613
848 903
848 435
848 247
848 810
848 620
15 881
881 971
881 972
881 907
881 949
881 993
881 790
881 414
881 507
881 746
748 941
748 583
748 35
748 443
748 781
783 972
783 773
783 887
783 806
710 628
710 762
986 855
986 863
986 831
986 803
986 562
986 677
986 960
986 822
986 521
986 944
986 825
986 723
986 448
986 374
986 41
986 662
986 678
986 747
986 576
994 982
994 855
994 161
994 941
994 961
994 973
994 346
994 966
994 897
994 796
994 729
994 949
994 943
994 838
994 885
994 409
994 918
994 469
994 722
994 685
903 934
903 810
903 318
903 528
903 462
950 897
950 635
950 757
950 222
950 926
950 817
950 503
950 925
950 584
950 648
950 97
982 966
982 815
982 562
982 949
982 910
982 819
982 926
982 260
982 854
982 689
982 323
982 804
982 587
982 918
982 722
982 685
154 716
154 898
533 867
533 295
533 919
533 692
716 898
716 517
716 961
716 892
898 517
898 961
898 223
898 892
898 707
652 976
652 827
652 688
652 718
855 803
855 825
855 662
755 968
755 620
834 938
834 960
834 943
834 622
765 951
765 893
765 758
765 771
862 912
862 904
862 910
862 640
862 865
862 426
862 811
911 971
911 821
911 615
911 925
968 971
968 612
968 972
968 19
968 481
968 202
968 873
968 943
968 944
968 297
968 372
968 581
968 688
968 618
687 924
687 561
687 889
161 941
941 966
941 779
941 955
941 744
941 606
941 918
289 808
289 954
314 475
314 645
863 799
863 521
863 256
863 944
232 907
629 867
912 650
912 23
912 621
912 640
912 865
912 585
912 804
912 812
912 426
912 811
961 976
961 751
961 966
961 988
961 775
961 970
961 960
961 934
961 251
961 754
961 892
961 624
961 918
961 707
961 79
971 972
971 904
971 955
971 481
971 873
971 943
971 297
971 644
971 781
971 925
971 618
971 620
971 63
971 8
693 973
693 944
916 966
916 939
916 770
916 970
916 494
916 7
916 321
916 44
166 973
973 946
973 966
973 744
973 970
973 799
973 926
973 521
973 944
973 854
973 810
973 887
973 812
973 918
973 595
973 685
167 497
167 976
497 976
497 942
976 917
976 942
976 923
976 766
976 220
976 827
976 872
976 564
976 914
346 885
743 172
743 616
743 972
743 492
743 524
743 47
974 972
974 955
974 938
974 850
974 776
974 827
974 450
974 374
974 918
974 835
974 510
974 593
514 949
761 190
761 951
761 860
880 820
880 919
880 771
880 682
172 616
172 972
616 972
616 868
616 524
616 449
653 609
972 773
972 868
972 492
972 524
972 960
972 235
972 943
972 449
972 919
972 913
972 313
972 887
972 668
708 229
751 922
751 251
751 657
751 615
751 668
946 569
946 939
946 988
946 951
946 860
946 674
946 913
946 887
966 897
966 949
966 970
966 943
966 251
966 759
966 843
966 409
966 918
966 715
966 685
569 913
917 766
917 954
917 737
917 5
917 89
917 564
917 458
773 887
773 806
831 365
831 886
831 825
831 820
831 600
831 641
942 938
942 729
942 838
942 872
942 95
904 910
904 926
904 865
904 811
772 793
772 948
772 484
772 528
779 805
779 516
779 522
800 993
800 896
800 889
907 817
907 769
907 746
907 722
575 896
611 790
611 507
867 960
867 819
867 919
924 643
924 825
924 561
924 780
924 889
924 711
924 718
924 752
868 195
868 492
868 759
868 887
955 850
955 643
955 944
955 605
955 558
955 711
365 886
897 757
897 856
796 282
796 893
19 481
19 939
939 599
939 670
939 828
939 321
939 613
768 988
768 854
768 511
768 631
768 598
191 639
639 443
923 793
923 489
938 832
938 960
938 819
938 838
938 622
938 774
938 51
938 918
803 948
803 790
803 608
635 925
635 648
195 492
228 949
242 910
988 850
988 205
988 886
988 589
988 970
988 529
988 934
988 754
988 361
988 376
988 624
988 382
988 889
988 672
988 801
988 598
988 79
197 728
197 787
728 787
728 250
728 429
728 925
787 250
787 429
787 925
787 605
524 47
850 954
850 734
850 763
850 672
850 664
850 558
850 571
775 960
775 819
647 769
766 458
832 962
832 926
832 806
832 593
204 599
204 670
599 670
599 613
205 886
886 641
206 729
206 906
729 838
729 72
906 949
906 719
906 993
906 926
906 896
906 817
906 682
208 553
208 757
553 993
553 817
757 993
757 817
589 672
815 944
815 854
815 597
815 587
21 673
21 826
21 952
643 620
643 711
673 952
673 951
826 952
826 970
826 827
826 914
952 568
952 934
952 675
952 801
952 713
744 954
922 538
922 736
922 866
922 821
922 872
922 722
212 962
962 221
962 960
962 724
962 812
962 614
962 707
962 500
770 494
562 910
562 747
216 805
805 516
805 277
805 606
949 926
949 828
949 918
219 970
970 960
970 520
970 281
970 812
970 889
970 695
970 417
970 769
970 914
970 598
808 954
808 896
808 828
808 889
873 860
873 913
873 688
873 618
719 993
960 819
960 822
960 887
960 776
960 812
960 453
960 466
960 914
229 285
229 993
285 993
993 896
993 628
993 817
993 363
993 371
993 421
993 666
993 746
993 522
993 70
23 621
621 866
621 865
649 742
649 447
235 943
943 919
943 313
943 852
943 918
943 461
910 640
910 892
910 587
910 811
910 747
499 835
951 948
951 31
951 576
793 258
793 305
799 256
799 944
799 645
799 487
819 948
819 887
819 397
568 914
838 317
926 689
926 682
926 747
607 642
724 602
954 622
954 804
954 372
954 664
954 458
954 753
954 571
742 418
742 774
742 758
934 606
934 510
934 45
934 688
934 713
250 429
622 51
866 821
866 865
521 595
698 919
948 810
948 318
948 528
948 393
948 76
948 608
944 645
944 637
944 662
26 856
856 812
856 591
260 854
854 323
520 695
754 293
754 630
754 697
754 474
759 843
759 892
896 889
387 889
5 564
860 913
860 44
860 523
860 631
790 414
790 507
277 606
606 81
825 578
825 641
825 752
282 893
893 828
893 771
893 852
893 872
893 692
893 914
817 53
817 421
817 746
820 919
674 705
295 919
919 313
919 776
919 771
919 835
919 466
919 692
913 330
913 668
913 523
807 925
807 638
504 769
475 645
475 487
645 487
733 747
317 64
318 528
528 76
762 852
734 571
843 918
843 600
843 641
322 689
776 835
865 585
865 812
865 595
865 811
501 695
580 747
758 806
344 630
344 697
34 892
697 474
827 688
827 718
347 89
780 711
763 705
763 571
349 597
585 804
657 615
361 624
376 624
852 781
852 914
624 889
804 587
804 811
578 486
578 38
806 835
486 638
430 769
430 52
812 811
381 445
604 695
889 661
889 711
889 752
389 573
573 722
391 503
393 76
53 421
409 918
614 715
918 469
918 685
417 769
414 507
672 675
672 801
872 914
872 95
872 722
661 519
675 801
52 584
560 454
45 707
509 914
781 618
925 648
740 523
682 747
753 571
811 558
600 641
620 63
711 752
718 752
1:
101 794
101 992
794 992
794 398
992 398
2:
109 113
109 406
109 741
113 741
113 386
406 741
406 402
406 270
741 386
741 402
741 270
386 270
402 270
3:
851 115
851 980
115 980
4:
116 141
116 720
116 874
141 874
720 874
720 873
720 434
874 855
874 917
874 873
874 434
874 536
874 644
855 536
917 644
873 536
536 644
5:
119 505
119 888
505 888
6:
895 818
895 122
895 440
120 706
120 818
120 836
706 818
706 836
706 122
706 877
706 770
818 122
818 877
818 770
818 440
122 877
7:
14 802
14 891
802 891
8:
709 142
709 785
709 651
836 142
836 785
142 785
785 651
785 753
651 753
9:
844 658
844 853
844 153
658 853
658 153
658 30
658 907
658 419
853 30
853 907
853 419
30 419
10:
844 905
844 227
992 905
992 727
992 169
992 565
992 227
992 401
905 727
905 169
905 565
905 199
905 227
905 914
727 401
169 565
565 199
565 914
11:
731 96
731 897
731 762
96 897
897 762
12:
515 178
515 942
515 340
178 942
942 340
13:
792 782
792 976
792 839
792 18
792 437
792 770
792 264
792 586
782 839
782 770
976 839
976 18
976 586
653 839
653 586
839 264
839 586
437 586
264 586
14:
878 180
878 594
180 594
15:
942 186
942 665
942 201
186 665
665 201
16:
878 927
878 888
878 619
878 512
927 888
927 619
927 506
888 877
888 262
888 964
888 214
888 619
888 770
888 512
888 506
877 964
877 512
262 619
964 512
214 619
214 770
17:
952 27
952 737
952 534
27 737
737 534
18:
603 955
603 885
603 332
603 872
955 885
955 332
955 352
955 75
885 332
885 352
885 592
885 714
885 872
885 43
885 75
828 592
828 43
332 352
352 592
592 872
592 43
714 75
19:
756 557
756 925
756 60
557 610
557 925
557 60
610 634
610 925
634 925
20:
253 415
253 625
253 327
415 625
625 886
625 327
886 327
21:
1000 276
1000 735
1000 798
276 735
735 798
22:
999 809
999 894
999 725
999 934
999 696
137 809
137 894
809 894
809 725
809 934
809 696
894 725
725 934
725 696
934 696
23:
935 328
935 820
328 820
24:
884 267
884 951
884 451
267 951
267 451
25:
239 384
239 951
384 951
26:
995 906
995 367
906 367
27:
798 904
798 257
798 291
904 257
904 291
257 291
28:
566 955
566 292
955 292
29:
775 737
775 301
737 301
30:
813 335
813 322
335 322
31:
403 916
403 353
916 353
32:
665 499
665 359
665 864
868 864
868 545
939 864
939 422
939 545
730 359
730 864
730 422
730 473
730 545
499 864
499 545
359 864
864 422
864 473
864 545
422 473
33:
493 964
493 942
964 942
34:
813 408
813 993
408 993
35:
927 408
927 954
927 518
408 518
954 518
36:
977 465
977 988
465 988
37:
412 596
412 483
596 483
596 656
483 656
38:
942 485
942 431
485 431
39:
943 866
943 400
866 400
40:
617 439
617 591
439 591
41:
995 556
995 923
556 923
42:
795 496
795 859
795 962
795 714
496 859
496 962
859 962
962 714
43:
993 542
993 657
542 657
44:
972 922
972 503
922 503
45:
894 822
894 518
822 518
46:
984 823
984 806
984 525
823 525
806 525
47:
583 944
583 574
944 574
48:
998 627
998 589
627 589
49:
627 767
627 892
767 892
50:
859 577
859 617
577 617
51:
930 601
930 801
601 801
52:
654 974
654 880
974 880
53:
836 994
836 684
994 684
54:
738 883
738 876
883 745
883 876
745 876
55:
938 934
938 704
934 704
56:
772 938
772 826
938 826
