# The links inside the communities at k=5
# from G:\Dropbox\Raghda\CNA\Final Project\other methods\CFinder-2.0.6--1448\G:\Dropbox\Raghda\CNA\Final Project\Datasets\binary_networks\LFR6\network_LFR6_Om2.dat
# at no lower link weight threshold,
# and at no upper link weight threshold.
# Links were treated as undirected.
# No time limit was set for the clique search.

0:
679 984
679 987
679 972
679 989
805 984
805 990
805 987
805 965
805 972
805 896
645 984
645 990
645 987
645 965
645 972
645 989
645 996
645 896
893 984
893 990
893 987
893 965
893 741
893 972
893 989
893 996
893 964
893 896
984 990
984 897
984 838
984 987
984 965
984 741
984 972
984 989
984 996
984 964
984 896
984 549
984 98
990 897
990 838
990 987
990 965
990 741
990 714
990 972
990 754
990 168
990 989
990 996
990 964
990 896
990 816
990 409
990 731
990 735
990 549
990 668
990 98
897 987
897 965
897 741
897 972
897 989
897 996
897 964
897 896
838 987
838 965
838 972
838 989
838 996
838 896
987 965
987 741
987 714
987 972
987 754
987 168
987 989
987 996
987 964
987 896
987 816
987 409
987 731
987 735
987 549
987 668
987 98
965 741
965 714
965 972
965 754
965 989
965 996
965 964
965 896
965 816
965 409
965 731
965 735
965 549
965 668
741 972
741 989
741 996
741 964
741 896
714 972
714 896
972 754
972 168
972 989
972 996
972 964
972 896
972 816
972 409
972 731
972 549
972 668
972 98
754 989
754 896
168 989
989 996
989 964
989 896
989 735
996 964
996 896
996 816
996 409
996 735
996 549
996 668
964 896
896 816
896 731
1:
685 848
685 879
685 891
685 946
837 848
837 879
837 891
837 946
837 904
837 871
837 674
848 879
848 891
848 264
848 946
848 904
848 871
848 823
848 535
848 721
848 674
879 891
879 264
879 946
879 904
879 871
879 823
879 535
879 721
879 674
891 264
891 946
891 904
891 871
891 823
891 535
891 721
891 674
264 946
946 904
946 871
946 823
946 721
946 674
904 823
904 535
904 721
904 674
871 535
871 721
871 674
823 721
823 674
535 721
721 674
2:
902 971
902 947
902 231
902 825
971 947
971 231
971 690
971 825
947 231
947 690
947 825
231 690
231 825
690 825
3:
858 999
858 938
858 977
858 921
858 925
858 975
858 762
858 353
858 687
858 933
858 675
858 662
999 857
999 938
999 977
999 949
999 240
999 921
999 925
999 975
999 762
999 768
999 845
999 353
999 687
999 395
999 933
999 763
999 833
999 478
999 694
999 508
999 585
999 639
999 675
999 662
999 688
857 938
857 925
857 975
857 688
938 977
938 949
938 921
938 925
938 975
938 845
938 687
977 921
977 975
977 845
977 395
977 933
977 585
977 639
977 675
977 662
977 688
949 921
949 925
949 975
949 768
949 395
949 933
949 833
949 662
949 688
240 921
240 925
240 975
921 925
921 975
921 762
921 768
921 845
921 353
921 933
921 763
921 833
921 478
921 508
921 585
921 639
921 675
925 975
925 768
925 845
925 687
925 933
925 478
925 694
925 508
925 662
925 688
975 762
975 768
975 845
975 353
975 687
975 395
975 933
975 763
975 833
975 694
975 508
975 585
975 639
975 675
975 662
975 688
762 763
762 675
845 933
845 694
845 508
845 675
845 662
845 688
395 933
933 478
933 585
933 662
933 688
833 508
508 585
675 662
4:
961 979
961 780
961 950
961 242
961 634
961 643
961 801
979 780
979 950
979 801
780 950
780 242
780 634
780 643
780 801
950 634
950 643
950 801
242 634
242 643
634 643
634 801
5:
968 994
968 875
968 277
968 806
994 875
994 277
994 806
875 277
875 806
277 806
6:
998 818
998 869
998 980
998 995
998 982
998 930
998 843
818 980
818 995
818 982
818 281
818 799
818 922
869 980
869 982
869 930
869 843
980 995
980 982
980 791
980 281
980 689
980 799
980 843
980 922
995 982
995 791
995 281
995 689
995 799
995 843
995 922
982 930
982 791
982 281
982 689
982 799
982 843
930 843
791 799
689 843
799 922
7:
957 916
957 792
957 284
957 728
916 792
916 284
916 728
792 284
792 728
284 728
8:
1000 472
1000 498
1000 635
1000 722
1000 743
1000 750
1000 761
1000 794
1000 805
1000 812
1000 814
1000 831
1000 849
1000 863
1000 907
1000 912
1000 936
1000 939
1000 961
1000 963
1000 968
1000 978
472 722
472 939
472 978
498 635
498 936
498 963
635 863
635 936
635 963
722 814
722 939
722 963
722 978
722 937
743 912
743 939
743 963
743 978
750 812
750 863
750 936
750 939
750 963
750 978
761 907
761 936
761 963
761 978
794 814
794 849
794 907
794 936
794 978
805 814
805 939
805 961
805 963
805 968
812 939
812 961
812 963
814 907
814 936
814 939
814 963
814 937
831 849
831 907
831 963
849 907
849 912
849 963
849 978
863 936
863 939
863 963
907 912
907 936
907 961
907 963
907 978
912 939
912 961
912 963
936 939
936 963
939 961
939 963
939 968
939 978
939 937
961 963
961 968
961 978
963 978
963 937
968 978
9:
822 910
822 966
822 888
822 952
822 885
822 850
822 565
910 966
910 705
910 778
910 952
910 885
910 489
910 739
910 497
910 693
910 669
910 473
910 850
910 647
910 652
966 888
966 705
966 778
966 952
966 885
966 489
966 739
966 497
966 693
966 669
966 473
966 850
966 647
966 565
966 652
888 705
888 778
888 952
888 885
888 739
888 693
705 952
705 885
705 739
705 669
705 652
778 952
778 885
778 497
778 669
778 473
778 850
778 652
952 885
952 489
952 739
952 693
952 669
952 473
952 850
952 647
952 565
952 652
885 489
885 739
885 693
885 473
885 850
885 565
885 652
739 693
739 850
739 565
497 669
693 669
693 647
669 473
850 652
565 652
10:
790 931
790 929
790 962
790 810
790 880
790 889
931 929
931 945
931 962
931 955
931 686
931 810
931 880
931 889
931 416
931 490
931 726
931 471
931 733
931 850
931 574
929 945
929 962
929 955
929 810
929 964
929 889
929 505
929 416
929 726
929 471
929 733
929 850
929 574
945 962
945 772
945 686
945 810
945 964
945 889
945 505
945 416
945 490
945 726
945 733
945 850
945 574
962 772
962 955
962 686
962 810
962 880
962 964
962 889
962 505
962 490
962 726
962 471
962 733
962 850
962 574
772 964
772 726
955 810
955 880
955 964
955 889
955 416
955 726
686 880
686 574
810 964
810 889
810 505
810 416
880 964
880 889
880 574
964 889
964 726
964 733
964 850
889 416
889 726
889 471
889 733
889 850
889 574
505 733
490 850
726 733
471 733
11:
993 870
993 905
993 813
993 419
870 905
870 813
870 419
905 813
905 419
813 419
12:
986 998
986 981
986 992
986 759
986 956
986 944
986 989
986 892
986 904
986 826
986 623
986 506
998 956
998 892
998 826
981 992
981 944
981 904
992 759
992 956
992 944
992 989
992 892
992 904
992 623
992 506
759 956
759 989
759 892
759 826
956 944
956 892
956 826
944 989
944 892
944 904
944 826
944 623
944 506
989 892
989 904
989 623
989 506
892 826
13:
743 771
743 610
743 839
743 613
771 610
771 839
771 613
610 839
610 613
839 613
14:
902 940
902 971
902 716
902 618
940 971
940 716
940 618
971 716
971 618
716 618
15:
865 958
865 979
865 637
865 953
865 724
992 770
992 958
992 979
992 637
992 953
992 760
992 724
770 958
770 953
770 760
958 979
958 637
958 953
958 760
958 701
958 724
979 953
979 760
979 701
979 724
637 953
637 724
953 760
953 701
953 724
760 701
760 724
16:
865 958
865 637
865 906
865 676
992 958
992 637
992 906
992 676
958 637
958 906
958 676
637 906
637 676
906 676
17:
988 782
988 955
988 969
988 973
988 868
988 852
988 655
988 650
782 969
782 868
782 655
955 969
955 785
955 973
955 946
955 868
955 655
955 650
969 828
969 785
969 973
969 946
969 868
969 852
969 655
969 650
828 973
828 946
828 868
785 973
785 946
785 868
785 655
973 946
973 868
973 852
973 650
946 868
946 655
868 655
852 650
18:
673 927
673 970
673 781
673 820
927 970
927 781
927 820
970 781
970 820
781 820
19:
968 994
968 913
968 973
968 692
968 935
968 933
994 973
994 692
994 935
994 933
913 973
913 692
913 935
973 692
973 935
973 933
692 935
692 933
20:
956 979
956 953
956 701
956 766
979 953
979 701
979 766
953 701
953 766
701 766
21:
822 890
822 911
822 846
822 877
890 911
890 846
890 723
890 877
890 802
911 846
911 723
911 877
911 802
846 723
846 877
846 802
723 877
877 802
22:
957 976
957 984
957 919
957 916
957 853
957 949
957 959
957 864
957 887
957 928
957 793
957 715
976 919
976 853
976 864
976 887
984 919
984 916
984 853
984 949
984 864
984 887
984 793
984 715
984 757
919 916
919 949
919 959
919 864
919 887
919 793
919 757
916 853
916 949
916 864
916 887
916 793
916 715
916 757
853 949
853 959
853 864
853 887
853 928
853 715
949 959
949 887
959 864
959 887
864 887
864 928
864 715
887 928
793 757
23:
919 959
919 864
919 867
919 758
959 864
959 867
959 758
864 867
864 758
867 758
24:
991 884
991 960
991 881
991 776
884 960
884 881
884 776
960 881
960 776
881 776
25:
865 958
865 979
865 906
865 774
958 979
958 906
958 774
979 906
979 774
906 774
26:
798 980
798 803
798 915
798 855
980 803
980 915
980 855
803 915
803 855
915 855
27:
818 980
818 982
818 803
818 855
980 982
980 803
980 855
982 803
982 855
803 855
28:
902 971
902 932
902 947
902 834
971 932
971 947
971 834
932 947
932 834
947 834
29:
991 993
991 866
991 898
991 905
993 873
993 866
993 898
993 905
873 866
873 898
873 905
866 898
866 905
898 905
30:
927 903
927 934
927 951
927 908
903 934
903 951
903 908
934 951
934 908
951 908
