# The cliques from G:\Dropbox\Raghda\CNA\Final Project\other methods\CFinder-2.0.6--1448\G:\Dropbox\Raghda\CNA\Final Project\Datasets\binary_networks\LFR4\network_LFR4_Om2.dat
# at no lower link weight threshold,
# and at no upper link weight threshold.
# Links were treated as undirected.
# No time limit was set for the clique search.

0: 805 760 50 
1: 1 892 929 
2: 1 962 974 
3: 10 136 833 
4: 10 491 833 
5: 136 833 120 
6: 100 504 978 
7: 100 960 978 989 
8: 962 974 1000 103 967 
9: 1000 141 998 
10: 962 1000 182 
11: 1000 70 967 
12: 70 965 755 
13: 101 909 988 
14: 102 896 984 
15: 102 963 993 
16: 987 104 971 997 
17: 104 746 997 
18: 105 439 994 
19: 833 107 459 
20: 108 850 881 930 982 
21: 109 602 78 
22: 78 942 916 
23: 896 984 11 717 
24: 110 779 964 
25: 110 794 918 
26: 982 111 699 773 793 
27: 112 77 990 
28: 987 77 712 
29: 974 909 988 113 
30: 27 537 878 
31: 27 559 878 
32: 963 993 114 
33: 963 114 647 
34: 995 115 650 
35: 995 115 740 
36: 995 115 907 
37: 994 116 947 
38: 116 900 947 
39: 117 771 985 
40: 118 816 980 
41: 118 884 980 
42: 19 992 938 
43: 119 594 888 
44: 119 804 852 
45: 998 12 706 843 
46: 191 736 190 
47: 491 833 120 
48: 833 120 64 
49: 833 64 442 
50: 833 64 807 
51: 852 121 787 910 
52: 995 907 122 
53: 995 122 47 
54: 995 47 966 
55: 995 47 983 
56: 123 128 666 821 
57: 123 664 666 821 
58: 128 821 417 
59: 962 915 967 125 
60: 985 126 364 
61: 985 126 785 
62: 994 127 631 
63: 994 127 913 
64: 733 127 913 
65: 970 129 887 
66: 994 13 867 
67: 985 13 481 
68: 965 131 755 
69: 954 131 977 
70: 985 132 895 
71: 132 814 956 
72: 133 319 979 
73: 133 319 986 
74: 993 134 938 946 
75: 978 989 135 
76: 978 135 973 
77: 989 135 851 
78: 992 137 509 
79: 930 982 160 
80: 138 537 822 
81: 138 537 842 
82: 980 888 139 
83: 888 139 840 
84: 988 933 14 
85: 992 851 14 
86: 995 140 652 
87: 995 140 966 
88: 960 978 989 142 
89: 989 142 959 
90: 990 144 859 
91: 990 144 945 
92: 979 144 945 
93: 942 145 626 834 861 
94: 962 974 915 967 146 
95: 995 147 601 
96: 995 147 876 
97: 995 147 906 
98: 491 833 148 828 
99: 833 148 249 
100: 884 980 149 853 955 
101: 954 977 151 847 905 
102: 804 852 152 
103: 152 65 714 
104: 65 714 866 
105: 65 714 296 
106: 998 986 153 
107: 998 843 986 155 
108: 998 986 155 698 
109: 934 156 325 
110: 934 156 431 
111: 80 578 920 
112: 887 157 560 944 
113: 887 157 774 944 
114: 914 985 158 912 
115: 985 895 158 912 
116: 159 897 949 
117: 16 873 874 
118: 994 161 855 
119: 852 910 161 
120: 974 988 162 
121: 5 772 951 
122: 954 977 163 735 999 
123: 789 164 818 875 
124: 956 979 165 
125: 979 165 483 
126: 934 166 534 841 
127: 960 973 167 924 991 
128: 834 893 168 981 
129: 168 819 981 
130: 980 888 169 983 
131: 873 874 17 786 961 
132: 978 973 170 
133: 947 954 170 
134: 947 973 170 
135: 988 171 883 
136: 977 172 871 
137: 914 912 174 
138: 895 912 174 
139: 996 991 981 175 865 
140: 176 799 810 921 968 
141: 177 782 936 
142: 970 766 178 649 
143: 985 895 912 179 436 
144: 18 711 869 
145: 799 810 968 180 
146: 914 985 181 
147: 181 806 952 
148: 965 919 183 
149: 861 183 837 
150: 897 185 668 739 
151: 185 674 739 
152: 946 186 765 
153: 877 187 838 
154: 187 838 872 
155: 970 887 188 
156: 987 971 188 
157: 884 980 189 
158: 980 189 689 
159: 822 40 559 
160: 736 190 592 
161: 993 992 968 192 688 
162: 963 193 197 
163: 963 193 33 
164: 963 193 437 
165: 963 993 197 890 
166: 954 999 33 
167: 873 874 961 194 
168: 994 973 195 
169: 814 986 196 
170: 986 196 411 
171: 958 198 835 
172: 873 874 198 
173: 994 2 327 
174: 905 999 2 
175: 999 20 857 894 941 
176: 902 995 983 200 
177: 995 907 983 200 
178: 914 985 912 201 
179: 985 895 912 201 
180: 666 202 287 
181: 417 202 287 
182: 942 203 916 
183: 789 875 204 
184: 984 205 889 939 
185: 971 990 859 206 
186: 990 206 354 
187: 987 997 801 207 
188: 997 207 575 
189: 963 993 208 751 
190: 962 908 967 976 209 
191: 838 872 21 
192: 838 21 636 
193: 838 21 667 
194: 963 993 210 
195: 963 210 472 
196: 963 210 551 
197: 984 212 788 
198: 938 946 212 
199: 940 22 759 
200: 805 864 22 
201: 984 889 76 
202: 956 23 784 
203: 921 23 824 
204: 873 874 24 
205: 718 25 455 
206: 992 959 26 553 
207: 992 959 26 839 
208: 485 812 94 
209: 747 37 634 
210: 747 37 372 
211: 272 37 634 
212: 987 997 28 
213: 651 9 858 
214: 878 9 858 
215: 799 921 968 66 
216: 982 773 29 
217: 982 29 830 
218: 889 939 3 
219: 957 972 3 
220: 994 973 30 712 
221: 994 30 943 
222: 799 810 968 31 
223: 962 935 967 32 
224: 458 967 32 
225: 762 754 59 
226: 936 903 36 
227: 998 706 986 34 
228: 998 986 34 88 
229: 986 88 637 
230: 960 978 35 
231: 697 934 41 
232: 934 841 41 
233: 980 853 38 
234: 929 953 39 
235: 978 989 924 4 
236: 978 989 4 444 
237: 664 666 42 
238: 971 990 6 
239: 987 996 991 981 43 
240: 988 996 84 
241: 871 911 438 96 
242: 871 911 573 96 
243: 990 44 616 
244: 888 44 465 
245: 994 943 45 
246: 881 930 45 
247: 997 53 749 
248: 984 939 82 
249: 762 754 46 
250: 963 472 81 
251: 963 81 692 
252: 999 857 894 941 48 
253: 965 755 541 52 
254: 959 950 99 
255: 959 531 99 
256: 981 950 99 
257: 981 531 99 
258: 873 874 961 54 
259: 886 922 975 55 
260: 886 975 926 55 
261: 989 851 56 
262: 992 851 745 56 
263: 965 755 57 
264: 946 765 57 
265: 594 888 600 79 
266: 888 600 583 79 
267: 811 596 91 
268: 960 978 603 74 
269: 960 978 920 74 
270: 850 930 61 
271: 999 860 61 
272: 789 818 875 62 
273: 945 957 972 63 
274: 993 885 68 
275: 982 699 67 
276: 960 924 8 
277: 960 952 87 
278: 949 684 90 
279: 999 941 90 
280: 992 851 959 797 7 
281: 978 989 71 
282: 988 849 71 
283: 994 947 973 75 
284: 994 973 712 75 
285: 892 942 916 93 
286: 993 938 946 975 72 
287: 902 995 798 92 
288: 982 773 97 
289: 857 941 97 
290: 794 838 83 
291: 794 838 89 
292: 956 848 89 
293: 962 908 915 967 98 
294: 930 982 95 
295: 980 955 95 
296: 962 1000 306 
297: 306 965 755 541 
298: 962 1000 318 
299: 318 927 931 844 
300: 962 974 1000 334 908 967 
301: 998 344 706 
302: 998 344 474 
303: 988 245 913 
304: 245 961 775 
305: 914 985 283 
306: 283 897 949 
307: 985 364 568 
308: 364 665 568 
309: 364 665 630 
310: 970 291 842 864 
311: 309 272 482 
312: 309 482 362 
313: 956 319 979 
314: 956 319 986 848 
315: 888 227 600 758 
316: 962 976 249 
317: 833 249 442 
318: 987 971 997 253 
319: 977 325 823 
320: 909 988 933 300 
321: 965 755 239 
322: 826 355 805 864 
323: 910 953 232 
324: 907 983 327 
325: 666 821 623 287 
326: 821 417 287 
327: 990 354 709 
328: 990 354 722 
329: 215 361 864 
330: 215 407 805 864 
331: 826 361 864 
332: 826 361 756 778 
333: 963 993 216 
334: 804 852 764 216 
335: 771 845 217 
336: 863 217 718 
337: 990 859 218 
338: 990 218 400 
339: 843 218 393 
340: 964 958 835 219 
341: 964 835 219 812 
342: 835 219 744 
343: 799 810 921 968 220 
344: 850 881 930 982 221 
345: 826 457 805 222 
346: 805 222 760 
347: 960 223 683 
348: 960 223 870 
349: 995 983 223 
350: 987 996 991 981 224 
351: 771 985 225 922 
352: 985 872 225 
353: 946 765 226 
354: 946 226 836 
355: 910 953 246 
356: 995 907 966 906 228 
357: 966 939 228 
358: 893 229 820 
359: 897 949 229 
360: 980 983 230 
361: 980 230 705 
362: 873 874 230 
363: 884 840 231 
364: 884 983 231 
365: 983 689 231 
366: 837 927 234 931 
367: 927 234 931 972 
368: 971 233 975 
369: 762 233 754 
370: 233 880 975 
371: 997 955 235 273 
372: 805 235 756 
373: 994 631 273 
374: 960 978 236 
375: 984 939 236 
376: 970 945 957 237 
377: 957 237 312 
378: 957 972 312 750 
379: 957 312 374 
380: 662 995 238 
381: 995 907 906 238 928 
382: 850 881 930 982 240 
383: 892 942 916 241 
384: 893 981 241 
385: 980 983 242 
386: 956 986 242 
387: 999 941 243 
388: 845 243 719 
389: 984 944 285 
390: 524 250 920 
391: 976 953 247 
392: 794 838 247 
393: 976 953 248 
394: 971 801 248 
395: 914 912 251 
396: 977 744 251 
397: 744 251 259 
398: 948 259 732 
399: 978 924 252 
400: 978 252 370 
401: 914 985 861 254 
402: 914 985 912 254 
403: 985 895 861 254 
404: 985 895 912 254 
405: 908 967 255 
406: 967 998 255 
407: 995 907 859 256 
408: 995 256 514 
409: 907 256 609 
410: 925 257 932 
411: 810 968 257 932 
412: 935 957 258 479 
413: 925 957 258 479 
414: 957 258 294 
415: 949 957 294 
416: 949 824 294 
417: 957 972 294 
418: 799 810 968 260 
419: 978 991 261 
420: 881 930 261 
421: 997 980 262 
422: 980 853 983 262 
423: 918 928 263 
424: 925 928 263 
425: 980 264 593 
426: 970 887 766 265 
427: 970 887 265 917 
428: 986 589 266 
429: 937 826 267 
430: 763 789 875 356 
431: 990 777 268 
432: 990 268 279 
433: 762 754 269 
434: 800 271 899 
435: 998 706 986 270 
436: 998 986 698 270 
437: 998 986 270 408 
438: 602 272 634 
439: 984 717 274 
440: 984 793 939 274 
441: 984 793 274 700 
442: 971 997 801 275 
443: 971 990 275 
444: 990 275 709 
445: 974 996 276 
446: 992 938 968 276 
447: 877 277 532 
448: 877 277 659 
449: 997 689 278 
450: 997 278 811 
451: 958 866 278 
452: 918 819 280 
453: 918 280 640 
454: 925 819 280 
455: 819 981 280 
456: 914 985 912 282 
457: 985 895 912 282 
458: 806 952 284 
459: 957 284 432 
460: 933 996 286 738 
461: 996 286 738 757 
462: 918 288 597 
463: 918 288 716 
464: 789 875 288 
465: 918 640 289 
466: 956 784 289 
467: 960 924 290 
468: 957 904 290 
469: 887 944 917 292 
470: 887 292 499 
471: 924 917 292 
472: 604 919 927 931 293 
473: 965 919 927 931 293 
474: 977 295 734 
475: 897 719 295 
476: 868 714 296 
477: 714 296 776 
478: 664 666 297 
479: 938 968 975 297 
480: 954 977 905 298 
481: 954 977 298 549 
482: 905 298 727 
483: 984 788 299 
484: 964 958 299 
485: 958 299 460 
486: 892 929 301 
487: 909 988 301 882 
488: 942 834 837 302 
489: 942 834 302 401 
490: 942 302 401 767 
491: 995 303 720 
492: 763 789 818 304 
493: 763 789 304 386 
494: 896 984 944 939 305 
495: 896 984 863 939 305 
496: 977 876 948 734 307 768 
497: 990 709 308 
498: 810 968 308 
499: 445 482 362 
500: 982 773 310 546 
501: 982 773 310 635 
502: 946 765 311 581 625 
503: 942 834 313 
504: 942 397 313 
505: 999 857 313 
506: 821 417 314 
507: 948 734 314 
508: 964 958 315 796 
509: 955 957 315 
510: 984 966 889 316 
511: 984 889 788 316 
512: 984 700 316 
513: 993 938 317 
514: 881 930 982 317 
515: 987 320 641 
516: 980 955 320 
517: 948 894 941 321 813 
518: 430 980 322 923 
519: 980 853 322 
520: 980 811 322 923 
521: 993 992 938 975 323 
522: 937 949 324 
523: 949 926 324 389 
524: 962 974 908 915 967 326 
525: 651 328 595 
526: 328 772 951 
527: 956 979 329 552 
528: 956 986 329 552 
529: 992 938 975 330 
530: 970 887 331 
531: 838 667 331 
532: 999 941 332 
533: 952 332 498 
534: 963 333 680 
535: 957 750 333 
536: 946 765 335 
537: 936 335 903 
538: 868 714 336 
539: 868 336 570 
540: 714 776 336 
541: 714 336 497 
542: 776 336 570 
543: 794 838 337 
544: 877 838 337 
545: 877 337 488 
546: 838 872 337 
547: 984 717 338 
548: 984 966 939 338 
549: 873 874 786 961 339 
550: 964 835 340 
551: 995 983 341 
552: 822 878 342 
553: 822 342 639 
554: 878 342 394 
555: 998 843 986 343 
556: 998 986 698 343 
557: 998 986 343 753 
558: 914 985 912 345 675 
559: 985 895 912 345 675 
560: 762 754 903 346 858 
561: 782 936 347 617 
562: 976 879 953 348 911 
563: 993 938 349 
564: 873 874 349 
565: 850 881 930 982 350 856 
566: 915 967 351 
567: 967 999 351 
568: 984 351 558 
569: 974 967 352 
570: 967 999 352 
571: 999 941 352 
572: 871 911 353 438 614 
573: 871 911 353 573 614 
574: 963 993 357 
575: 963 647 357 
576: 900 947 954 905 358 807 
577: 988 933 996 359 690 
578: 969 981 360 
579: 959 893 360 950 
580: 893 981 360 950 
581: 996 981 363 
582: 987 997 783 433 
583: 987 997 641 433 
584: 1000 385 743 829 
585: 1000 385 976 
586: 385 976 953 
587: 410 918 819 
588: 410 918 792 
589: 410 895 912 
590: 1000 429 846 854 937 
591: 1000 429 854 937 998 
592: 1000 458 908 915 967 976 
593: 901 439 994 913 
594: 901 439 994 867 973 
595: 491 833 459 828 807 
596: 833 459 828 636 807 
597: 896 984 367 
598: 984 367 966 
599: 990 463 510 
600: 463 877 899 
601: 994 471 943 
602: 884 980 471 
603: 934 431 534 841 
604: 934 431 841 583 
605: 934 431 841 638 
606: 985 895 912 436 675 
607: 826 457 805 864 
608: 826 457 805 778 
609: 963 993 437 
610: 977 871 948 437 
611: 998 986 698 411 899 
612: 963 993 751 407 
613: 843 806 952 393 
614: 806 393 512 
615: 971 990 945 400 
616: 971 979 945 400 
617: 990 777 945 400 
618: 979 777 945 400 
619: 897 921 428 
620: 771 455 665 
621: 872 455 665 
622: 718 455 665 
623: 960 978 919 370 
624: 978 370 917 
625: 914 391 562 
626: 900 931 972 391 
627: 888 600 758 469 
628: 989 959 448 
629: 989 855 448 
630: 992 959 448 
631: 929 953 380 
632: 998 986 408 899 
633: 998 408 899 415 
634: 998 408 571 
635: 970 955 957 932 432 
636: 994 913 366 943 
637: 994 913 366 685 
638: 994 867 366 943 
639: 969 958 460 
640: 897 949 824 460 
641: 942 626 834 861 401 
642: 995 386 508 
643: 946 765 581 625 803 
644: 965 926 374 
645: 945 957 374 
646: 926 374 672 
647: 989 851 399 
648: 942 861 399 
649: 942 767 399 
650: 507 949 389 
651: 949 922 975 389 
652: 949 975 926 389 
653: 971 997 447 831 
654: 971 711 375 
655: 971 677 375 
656: 897 824 375 
657: 987 991 394 
658: 878 394 858 
659: 962 967 422 
660: 970 917 422 
661: 686 871 911 438 614 
662: 894 941 368 
663: 731 368 404 
664: 746 990 404 
665: 971 990 731 404 
666: 971 990 783 404 
667: 995 740 966 369 
668: 995 966 928 369 
669: 995 966 369 508 
670: 995 983 928 369 
671: 747 482 372 
672: 994 867 371 525 
673: 806 952 371 530 
674: 622 847 373 
675: 954 847 999 373 
676: 964 821 376 
677: 782 936 376 737 
678: 936 376 745 
679: 900 954 735 377 
680: 954 735 999 377 
681: 954 377 496 
682: 927 931 844 378 
683: 931 844 378 443 
684: 931 844 378 618 
685: 836 878 443 
686: 873 874 961 379 
687: 892 910 953 381 
688: 884 853 381 
689: 828 853 381 
690: 475 927 844 382 
691: 790 927 382 
692: 927 972 844 382 
693: 972 382 449 
694: 965 931 972 926 449 
695: 972 904 449 
696: 918 928 383 
697: 925 928 383 
698: 961 383 693 825 
699: 978 973 991 870 384 
700: 978 973 683 384 
701: 887 766 420 
702: 924 920 420 
703: 976 879 953 911 387 522 
704: 990 945 388 
705: 990 869 388 
706: 979 945 388 
707: 945 957 388 
708: 959 819 390 
709: 819 981 390 
710: 981 951 390 
711: 772 951 390 748 
712: 782 903 737 392 
713: 852 787 425 729 
714: 929 953 395 
715: 873 874 961 395 
716: 988 996 396 849 
717: 999 894 941 396 
718: 919 927 931 844 398 
719: 837 927 931 398 
720: 927 931 972 844 398 
721: 978 989 991 952 444 
722: 977 948 768 402 
723: 893 981 820 402 
724: 827 954 977 905 403 
725: 954 403 815 
726: 989 851 936 405 
727: 989 936 405 673 
728: 992 851 936 745 405 
729: 992 936 405 673 
730: 993 992 938 968 688 406 
731: 992 938 968 869 406 
732: 897 739 415 
733: 998 986 474 409 
734: 934 841 409 
735: 850 881 930 982 856 412 
736: 989 959 413 797 
737: 989 795 413 797 
738: 992 959 413 797 
739: 992 795 413 797 
740: 970 944 766 414 
741: 970 944 917 414 
742: 774 944 917 414 
743: 978 919 924 991 416 
744: 978 816 924 991 870 416 
745: 959 893 418 
746: 893 722 418 
747: 960 978 870 456 
748: 937 949 916 975 419 
749: 949 916 975 926 419 
750: 987 996 991 421 
751: 946 765 625 421 
752: 961 775 693 825 423 
753: 961 775 693 423 555 
754: 961 775 423 730 
755: 970 570 424 
756: 843 952 530 424 
757: 985 912 767 426 
758: 985 818 426 
759: 789 818 875 426 
760: 935 945 957 750 427 
761: 935 955 957 750 427 
762: 935 957 904 427 
763: 896 984 788 434 
764: 896 984 700 434 
765: 984 966 434 
766: 918 880 435 
767: 918 727 435 
768: 918 792 435 
769: 925 880 435 
770: 909 988 933 465 
771: 888 758 465 
772: 833 828 807 440 
773: 994 631 867 440 
774: 989 924 917 441 
775: 977 732 441 
776: 984 966 944 889 939 446 
777: 989 851 936 451 
778: 987 996 451 
779: 822 836 452 
780: 960 870 453 
781: 921 824 453 
782: 870 917 453 
783: 935 970 957 904 454 
784: 970 957 972 932 904 454 
785: 976 953 461 
786: 988 996 883 461 
787: 871 911 573 462 
788: 772 951 748 462 
789: 956 979 784 464 
790: 956 986 784 464 
791: 956 986 633 464 
792: 942 626 466 
793: 942 767 466 
794: 959 950 466 
795: 965 887 467 
796: 965 927 467 
797: 887 649 917 467 
798: 837 927 467 
799: 965 927 931 468 
800: 822 878 468 
801: 878 550 468 
802: 933 943 882 470 
803: 871 911 614 470 
804: 892 898 942 916 781 486 761 
805: 892 929 910 953 606 515 547 
806: 965 755 541 567 539 
807: 965 755 541 539 540 
808: 850 881 930 982 542 
809: 982 773 628 542 
810: 782 936 903 617 737 577 
811: 504 978 924 917 
812: 504 963 890 680 
813: 1000 475 967 976 
814: 475 965 927 844 
815: 962 974 1000 487 908 915 967 
816: 962 1000 492 908 915 935 967 
817: 990 489 945 
818: 990 489 638 
819: 990 489 490 
820: 985 481 818 
821: 985 481 922 
822: 985 481 752 
823: 993 992 938 946 509 975 
824: 537 822 878 858 
825: 537 842 878 
826: 495 905 735 999 
827: 969 964 958 485 
828: 964 485 812 
829: 964 485 529 
830: 994 483 943 
831: 697 934 534 
832: 578 524 920 
833: 782 936 472 903 737 
834: 963 551 572 
835: 960 978 991 533 
836: 746 533 831 
837: 995 928 514 
838: 982 699 514 635 628 
839: 935 955 957 479 
840: 925 955 957 972 479 
841: 989 959 553 848 797 
842: 992 959 553 797 
843: 979 945 523 
844: 949 921 824 512 
845: 956 979 532 
846: 956 986 532 
847: 877 670 532 
848: 970 887 499 
849: 843 806 499 
850: 806 732 499 
851: 902 995 548 
852: 995 907 548 
853: 804 852 910 548 
854: 954 977 735 999 549 
855: 954 999 549 815 
856: 980 853 520 
857: 980 811 520 923 
858: 980 811 520 596 
859: 853 520 582 
860: 520 923 582 
861: 982 699 773 793 546 628 
862: 956 986 552 633 
863: 956 552 815 
864: 986 552 673 
865: 552 815 673 
866: 664 806 952 498 556 
867: 806 952 732 498 556 
868: 952 498 691 
869: 714 866 497 
870: 877 667 488 
871: 877 920 899 488 
872: 918 819 716 513 
873: 918 716 513 792 
874: 918 513 791 
875: 925 819 716 513 
876: 994 867 973 526 
877: 850 881 930 526 
878: 998 843 986 474 
879: 998 986 698 474 
880: 662 995 508 
881: 995 907 966 906 508 
882: 817 947 525 
883: 994 947 525 
884: 994 867 525 590 
885: 994 867 525 503 
886: 843 806 952 530 556 
887: 952 530 691 
888: 954 905 496 
889: 954 496 815 
890: 954 496 536 
891: 905 860 496 
892: 860 496 815 
893: 860 496 536 
894: 896 984 889 939 543 
895: 984 966 889 939 543 
896: 984 889 939 831 543 
897: 976 879 953 911 522 569 
898: 878 550 608 
899: 990 777 945 510 
900: 990 777 869 510 
901: 990 777 731 616 510 
902: 987 991 981 473 
903: 995 601 473 
904: 995 906 473 781 
905: 934 999 948 857 894 941 813 476 
906: 963 993 680 477 
907: 963 993 695 477 
908: 963 477 632 
909: 963 477 692 
910: 963 993 478 572 
911: 963 774 478 
912: 942 837 478 
913: 746 997 480 
914: 997 816 980 480 
915: 997 785 480 
916: 997 641 480 
917: 717 889 484 
918: 877 670 484 
919: 877 920 484 
920: 889 788 484 
921: 964 796 529 891 
922: 964 529 803 
923: 796 529 742 891 
924: 990 777 616 490 
925: 990 783 490 
926: 979 777 616 490 
927: 979 677 490 
928: 979 783 490 
929: 987 969 996 991 981 865 862 493 
930: 873 874 961 494 
931: 855 991 494 
932: 924 991 494 
933: 987 971 997 554 
934: 954 977 847 999 536 
935: 977 999 860 536 
936: 623 999 536 
937: 970 887 766 649 535 
938: 887 774 535 
939: 960 989 950 500 
940: 960 973 950 500 
941: 995 876 500 
942: 995 906 500 
943: 817 954 905 999 501 
944: 900 954 905 501 
945: 954 501 645 
946: 960 978 919 991 502 
947: 963 993 721 502 
948: 997 980 503 
949: 997 828 503 
950: 987 971 997 641 505 
951: 987 971 997 610 505 
952: 987 971 712 641 505 
953: 997 575 505 
954: 934 999 857 894 941 813 506 
955: 963 993 890 511 
956: 897 668 739 511 
957: 890 951 511 
958: 892 761 547 
959: 988 943 882 516 
960: 850 930 982 516 
961: 944 882 516 
962: 974 908 967 517 
963: 974 988 933 517 
964: 566 967 517 
965: 814 956 784 518 
966: 814 956 518 701 
967: 956 979 784 518 
968: 956 591 518 
969: 969 964 958 835 519 715 
970: 969 964 958 796 519 
971: 935 945 957 521 
972: 935 955 957 521 
973: 935 957 904 521 
974: 945 957 932 521 
975: 955 957 932 521 
976: 957 932 904 521 
977: 814 956 986 633 527 
978: 814 956 632 527 
979: 956 979 527 
980: 979 725 527 
981: 986 725 527 
982: 725 632 527 
983: 868 866 528 676 
984: 900 672 528 
985: 959 820 588 531 
986: 981 820 588 531 
987: 988 996 883 538 
988: 963 890 751 538 
989: 984 889 939 540 
990: 997 980 888 544 
991: 997 980 544 561 
992: 980 888 983 544 
993: 980 853 983 544 
994: 929 953 545 
995: 762 754 903 545 
996: 953 747 545 
997: 890 756 904 772 951 748 598 
998: 962 1000 566 915 967 976 
999: 962 566 915 967 976 656 
1000: 604 919 927 931 844 
1001: 604 927 931 972 844 
1002: 604 927 931 972 672 
1003: 982 602 773 635 
1004: 594 956 979 784 
1005: 902 995 601 983 
1006: 995 601 983 928 
1007: 601 983 609 
1008: 970 887 560 944 766 
1009: 970 887 560 944 661 
1010: 887 560 944 655 
1011: 976 657 953 911 
1012: 654 657 820 
1013: 578 920 691 
1014: 721 873 874 786 961 825 
1015: 873 874 786 961 825 791 
1016: 961 564 775 800 825 
1017: 961 564 775 800 555 
1018: 961 564 775 693 825 
1019: 961 564 775 693 555 
1020: 961 564 775 730 
1021: 740 956 986 591 
1022: 956 591 815 
1023: 956 591 749 
1024: 809 854 592 
1025: 854 937 592 
1026: 937 826 592 
1027: 998 843 986 589 
1028: 998 986 698 589 899 
1029: 986 589 899 637 
1030: 804 852 787 764 575 
1031: 960 978 924 952 870 603 
1032: 978 924 870 603 917 
1033: 888 600 758 583 
1034: 650 906 609 
1035: 907 966 906 609 
1036: 907 906 983 609 
1037: 997 980 593 
1038: 959 893 593 
1039: 893 981 593 
1040: 822 651 559 
1041: 822 836 559 878 
1042: 822 559 639 
1043: 651 559 595 
1044: 836 559 595 
1045: 918 880 597 
1046: 918 597 792 
1047: 897 845 597 
1048: 897 824 597 
1049: 841 880 597 
1050: 892 910 953 585 
1051: 957 972 585 
1052: 929 646 587 
1053: 929 998 587 
1054: 809 898 940 587 
1055: 898 940 587 891 
1056: 940 998 587 891 
1057: 987 971 997 801 783 610 
1058: 987 971 997 610 749 
1059: 868 627 570 
1060: 984 944 939 558 
1061: 992 851 959 936 558 
1062: 686 871 911 573 614 
1063: 771 985 568 
1064: 771 665 568 
1065: 985 872 752 568 
1066: 872 726 752 568 
1067: 872 665 568 
1068: 959 893 820 588 
1069: 959 893 950 588 
1070: 834 893 981 950 588 
1071: 893 981 820 588 
1072: 962 915 967 607 
1073: 879 980 607 
1074: 980 853 607 660 
1075: 914 912 674 562 704 
1076: 914 912 675 562 704 
1077: 895 912 674 562 704 
1078: 895 912 675 562 704 
1079: 998 706 571 
1080: 918 571 791 643 
1081: 918 571 612 
1082: 961 775 693 555 565 
1083: 850 881 930 982 830 856 778 619 
1084: 994 685 590 
1085: 958 590 770 
1086: 812 590 770 
1087: 963 993 890 751 572 
1088: 963 632 572 
1089: 884 840 582 
1090: 884 853 983 582 
1091: 840 923 582 
1092: 983 923 582 
1093: 997 980 811 596 
1094: 997 840 811 596 
1095: 980 795 596 
1096: 980 983 811 596 
1097: 976 879 953 747 911 569 
1098: 976 879 953 720 911 569 
1099: 997 879 884 980 561 
1100: 997 879 884 840 561 
1101: 997 879 980 923 561 
1102: 997 879 840 923 561 
1103: 965 919 927 608 
1104: 965 927 972 608 
1105: 842 972 608 
1106: 842 878 608 
1107: 878 858 608 
1108: 961 775 709 565 
1109: 961 775 693 629 565 
1110: 961 775 730 565 
1111: 909 988 883 557 
1112: 985 872 557 
1113: 985 922 557 
1114: 929 741 563 
1115: 929 829 563 
1116: 741 854 563 
1117: 829 846 854 563 708 
1118: 832 854 563 708 
1119: 850 881 930 982 612 
1120: 918 701 612 
1121: 925 701 612 
1122: 654 927 574 
1123: 919 927 574 
1124: 919 950 574 
1125: 819 981 950 574 
1126: 927 672 574 
1127: 989 851 959 936 797 576 
1128: 992 851 959 936 745 797 576 
1129: 974 988 933 882 579 
1130: 974 988 933 849 579 
1131: 988 933 738 882 579 769 
1132: 988 933 849 579 769 
1133: 929 829 998 580 
1134: 743 829 998 580 
1135: 829 998 580 584 
1136: 998 753 580 
1137: 829 846 854 584 
1138: 829 854 998 584 
1139: 829 901 998 584 
1140: 832 854 584 
1141: 977 876 948 823 734 768 586 
1142: 977 876 744 586 
1143: 977 948 752 734 768 586 
1144: 993 992 938 946 968 975 703 599 
1145: 884 840 955 605 
1146: 884 840 605 660 
1147: 884 853 955 605 
1148: 884 853 605 660 
1149: 884 795 605 
1150: 840 955 811 605 
1151: 840 811 605 660 
1152: 969 964 958 770 611 
1153: 964 958 803 611 
1154: 964 812 803 611 
1155: 964 812 770 611 
1156: 958 742 770 611 
1157: 929 1000 646 937 
1158: 1000 646 697 846 
1159: 1000 646 846 854 937 
1160: 962 1000 662 967 976 
1161: 962 662 995 
1162: 662 995 859 
1163: 654 927 820 931 972 
1164: 654 927 931 972 844 
1165: 654 931 972 926 844 
1166: 963 647 751 
1167: 994 647 947 973 855 
1168: 994 647 751 
1169: 995 650 906 
1170: 650 877 838 
1171: 650 877 899 
1172: 622 959 893 847 950 
1173: 622 834 893 847 981 950 
1174: 994 947 631 973 
1175: 994 631 867 973 
1176: 994 631 973 792 
1177: 947 623 999 
1178: 995 907 652 906 
1179: 652 762 754 903 858 
1180: 942 626 834 861 837 
1181: 626 861 837 629 
1182: 822 651 858 
1183: 970 887 944 766 649 
1184: 970 887 944 649 917 
1185: 838 636 920 
1186: 868 714 627 866 618 
1187: 969 958 835 627 
1188: 958 835 627 866 
1189: 892 898 942 916 634 
1190: 814 956 659 848 
1191: 956 979 659 
1192: 877 670 659 
1193: 877 899 659 
1194: 994 973 640 685 
1195: 994 973 640 637 
1196: 794 918 928 640 
1197: 982 699 773 793 635 628 
1198: 987 971 997 801 641 
1199: 933 996 883 943 639 
1200: 782 936 903 617 737 707 
1201: 936 903 617 737 696 
1202: 714 866 776 661 
1203: 866 661 676 
1204: 845 922 630 
1205: 890 772 951 630 748 
1206: 814 956 986 848 633 
1207: 814 956 633 749 
1208: 931 926 844 618 
1209: 694 966 939 648 
1210: 694 788 648 
1211: 832 889 939 648 
1212: 717 889 648 
1213: 966 889 939 648 
1214: 889 788 648 
1215: 697 934 638 
1216: 971 990 638 
1217: 746 990 711 616 
1218: 990 777 711 731 616 
1219: 979 777 731 616 
1220: 963 774 632 
1221: 740 956 632 
1222: 914 861 704 645 
1223: 914 912 704 645 
1224: 954 977 645 
1225: 954 815 645 
1226: 978 989 924 615 
1227: 978 973 924 615 
1228: 969 964 875 621 
1229: 762 754 903 858 621 
1230: 921 668 824 655 
1231: 921 719 655 
1232: 962 974 886 908 915 967 976 656 
1233: 918 819 880 716 643 
1234: 918 880 928 716 643 
1235: 918 880 928 791 643 
1236: 918 880 701 643 
1237: 960 973 637 
1238: 994 867 973 637 
1239: 960 978 989 644 
1240: 989 855 644 
1241: 822 878 644 
1242: 842 878 644 
1243: 997 884 980 660 
1244: 997 884 840 660 
1245: 997 980 811 923 660 
1246: 997 840 811 923 660 
1247: 884 980 853 660 
1248: 960 978 924 870 613 
1249: 960 978 924 920 613 
1250: 877 920 613 
1251: 877 613 624 
1252: 940 964 958 624 
1253: 964 958 866 624 
1254: 877 838 624 
1255: 886 975 620 
1256: 959 893 950 620 
1257: 893 981 950 620 
1258: 826 975 620 
1259: 896 984 939 642 
1260: 984 966 939 642 
1261: 992 938 968 869 642 
1262: 934 999 948 857 894 941 813 653 702 
1263: 901 940 658 
1264: 940 964 958 796 658 
1265: 940 964 796 891 658 
1266: 969 964 958 875 658 
1267: 969 964 958 808 658 
1268: 969 964 958 796 658 
1269: 969 964 796 891 658 
1270: 804 852 787 910 764 839 729 678 
1271: 804 852 787 910 764 802 729 678 
1272: 934 999 948 857 894 941 813 702 682 
1273: 694 896 984 793 939 
1274: 694 896 984 944 939 
1275: 694 896 984 944 788 
1276: 694 896 984 863 939 
1277: 694 984 793 966 939 
1278: 694 984 966 944 939 
1279: 694 984 966 863 939 
1280: 1000 697 998 
1281: 697 846 708 
1282: 886 686 916 
1283: 937 686 916 
1284: 940 779 964 958 687 796 
1285: 987 996 991 981 687 
1286: 989 679 952 950 
1287: 973 679 952 870 950 
1288: 971 979 677 
1289: 971 869 677 
1290: 971 677 722 
1291: 897 845 668 739 684 
1292: 897 921 668 824 684 
1293: 897 668 739 824 684 
1294: 949 674 739 
1295: 674 739 719 
1296: 997 816 980 689 
1297: 997 980 955 689 
1298: 997 828 955 689 
1299: 816 980 983 689 
1300: 980 955 983 689 
1301: 828 955 983 689 
1302: 993 992 938 946 968 688 975 
1303: 993 938 946 968 688 975 885 
1304: 794 838 667 
1305: 877 838 667 
1306: 960 978 973 683 
1307: 988 933 996 683 769 
1308: 771 665 730 
1309: 832 896 984 700 
1310: 896 984 793 700 
1311: 896 984 944 700 
1312: 896 984 863 700 
1313: 963 993 721 680 
1314: 963 993 890 751 680 
1315: 963 774 890 751 680 
1316: 994 751 680 
1317: 914 985 861 675 704 
1318: 914 985 912 675 704 
1319: 985 895 861 675 704 
1320: 985 895 912 675 704 
1321: 974 909 988 913 933 883 690 
1322: 974 909 988 913 883 757 690 
1323: 974 909 988 933 996 883 690 
1324: 974 909 988 996 883 757 690 
1325: 901 994 947 913 685 
1326: 901 994 947 973 685 
1327: 994 973 712 685 
1328: 963 993 721 695 
1329: 850 881 930 982 856 695 
1330: 900 927 931 972 672 
1331: 900 931 972 926 672 
1332: 987 969 996 991 981 865 862 951 728 780 
1333: 909 988 913 933 882 669 
1334: 989 936 673 797 
1335: 992 936 673 797 
1336: 814 986 673 
1337: 814 815 673 
1338: 901 994 913 943 692 
1339: 963 751 692 
1340: 994 855 943 692 
1341: 994 751 692 
1342: 877 920 899 691 
1343: 952 920 691 
1344: 872 899 691 
1345: 988 933 883 882 676 
1346: 988 933 883 849 676 
1347: 896 984 939 681 
1348: 984 966 939 681 
1349: 779 964 958 796 681 
1350: 964 796 891 681 
1351: 804 852 787 764 729 696 
1352: 988 883 882 663 
1353: 988 883 849 663 
1354: 995 907 983 928 663 
1355: 736 928 663 
1356: 736 882 663 
1357: 736 849 663 
1358: 897 949 845 739 684 
1359: 897 949 921 824 684 
1360: 897 949 739 824 684 
1361: 897 845 739 719 684 
1362: 897 921 719 684 
1363: 987 969 996 991 981 865 862 951 780 671 
1364: 1000 710 809 854 
1365: 710 993 992 938 
1366: 710 993 938 885 
1367: 710 733 885 
1368: 896 984 717 944 889 
1369: 896 717 889 798 
1370: 998 706 843 986 
1371: 998 706 986 899 753 
1372: 971 990 711 869 
1373: 971 990 711 731 
1374: 990 777 711 869 
1375: 818 872 726 
1376: 863 726 718 
1377: 863 726 922 
1378: 726 718 752 
1379: 809 723 860 
1380: 846 723 860 
1381: 901 998 723 
1382: 901 947 723 
1383: 822 723 878 
1384: 842 723 878 
1385: 884 980 795 705 
1386: 884 840 705 
1387: 992 795 705 
1388: 890 705 904 772 951 748 
1389: 962 902 908 967 976 713 
1390: 826 975 885 713 
1391: 975 713 926 
1392: 961 775 800 709 825 
1393: 918 928 716 727 
1394: 925 819 880 716 
1395: 925 880 928 716 
1396: 918 928 727 791 
1397: 900 947 905 727 
1398: 947 905 999 727 
1399: 995 966 906 928 720 
1400: 993 992 938 946 968 836 975 703 
1401: 993 938 946 968 836 975 885 703 
1402: 992 938 946 968 869 975 703 
1403: 979 784 725 
1404: 986 784 725 
1405: 880 975 725 
1406: 971 990 783 722 
1407: 893 847 981 722 
1408: 893 847 722 724 
1409: 914 985 912 767 704 
1410: 985 895 912 767 704 
1411: 814 956 986 701 
1412: 814 956 815 701 
1413: 925 880 701 
1414: 922 880 701 
1415: 969 964 958 835 715 770 
1416: 969 964 715 891 770 
1417: 779 964 958 835 715 
1418: 958 715 742 770 
1419: 715 742 891 770 
1420: 893 847 950 724 
1421: 847 999 724 
1422: 999 948 894 941 813 724 
1423: 809 827 708 
1424: 809 854 708 
1425: 827 891 708 
1426: 829 901 708 
1427: 832 854 891 708 
1428: 846 854 891 708 
1429: 886 926 707 
1430: 929 1000 741 937 998 
1431: 929 741 937 860 
1432: 1000 741 854 937 998 
1433: 1000 741 898 937 
1434: 1000 741 898 940 
1435: 1000 741 901 940 998 
1436: 741 854 998 759 
1437: 741 940 998 759 
1438: 1000 743 829 846 
1439: 1000 743 829 998 
1440: 743 927 820 931 972 
1441: 743 931 972 926 
1442: 746 997 801 831 
1443: 746 990 859 
1444: 733 947 913 
1445: 733 916 975 885 
1446: 995 740 966 906 
1447: 740 956 979 
1448: 740 956 986 848 
1449: 974 909 736 882 
1450: 974 909 736 849 
1451: 736 878 858 
1452: 900 947 954 977 905 735 
1453: 900 947 954 905 735 807 
1454: 947 954 977 905 735 999 
1455: 971 990 859 731 
1456: 971 979 731 
1457: 990 777 859 731 
1458: 940 835 744 
1459: 977 876 871 744 
1460: 763 945 957 750 
1461: 763 955 957 750 
1462: 935 955 864 957 750 
1463: 945 957 972 750 932 
1464: 955 957 972 750 932 
1465: 977 876 948 732 768 
1466: 909 988 933 996 883 738 943 882 769 
1467: 909 988 996 883 738 757 882 769 
1468: 977 876 871 948 823 734 768 
1469: 914 985 861 753 
1470: 914 985 912 753 
1471: 985 895 861 753 
1472: 985 895 912 753 
1473: 992 851 959 936 839 745 797 
1474: 851 959 839 848 745 797 
1475: 771 985 730 
1476: 985 863 790 730 
1477: 940 958 796 742 
1478: 940 958 742 770 
1479: 940 796 742 891 
1480: 940 742 891 770 
1481: 958 875 866 742 
1482: 958 808 742 
1483: 779 964 958 803 
1484: 779 964 812 803 
1485: 964 821 958 803 
1486: 964 821 812 803 
1487: 987 997 785 749 
1488: 971 979 749 
1489: 956 979 749 
1490: 763 925 955 957 
1491: 763 789 818 875 
1492: 771 985 818 
1493: 771 985 845 922 
1494: 771 922 975 
1495: 887 774 944 917 
1496: 829 854 998 759 
1497: 829 940 998 759 
1498: 799 810 921 968 759 932 
1499: 999 948 857 894 941 760 813 
1500: 805 864 760 
1501: 805 760 756 778 
1502: 994 947 973 758 
1503: 994 867 973 758 
1504: 994 973 758 792 
1505: 826 805 756 778 
1506: 974 909 988 913 883 757 882 
1507: 974 909 988 913 883 757 849 
1508: 974 909 988 996 883 757 882 
1509: 974 909 988 996 883 757 849 
1510: 909 988 996 883 757 849 769 
1511: 934 999 857 894 941 813 761 
1512: 874 880 791 
1513: 909 988 933 996 883 943 849 769 
1514: 940 964 958 835 770 
1515: 940 964 835 812 770 
1516: 940 964 812 891 770 
1517: 964 821 958 770 
1518: 964 821 812 770 
1519: 940 779 964 958 835 
1520: 940 779 964 835 812 
1521: 779 964 958 835 866 
1522: 987 997 785 801 831 
1523: 985 785 845 922 
1524: 985 785 790 
1525: 990 777 859 869 
1526: 896 984 944 889 788 
1527: 984 889 788 831 
1528: 965 919 790 927 931 
1529: 985 818 790 
1530: 837 790 927 931 
1531: 843 986 784 
1532: 814 956 986 784 
1533: 814 956 784 815 
1534: 987 969 996 991 981 865 823 862 
1535: 971 990 945 783 
1536: 971 979 945 783 
1537: 993 992 938 968 975 776 
1538: 992 938 968 869 975 776 
1539: 892 928 781 
1540: 995 907 906 928 781 
1541: 995 876 781 
1542: 1000 809 827 868 
1543: 1000 809 868 898 940 
1544: 809 868 860 
1545: 794 918 792 
1546: 794 925 928 
1547: 987 971 997 801 831 
1548: 989 851 795 848 797 
1549: 879 884 980 795 
1550: 992 851 795 797 
1551: 799 810 921 968 932 923 802 
1552: 872 800 899 
1553: 995 907 966 906 808 
1554: 995 907 906 983 808 
1555: 995 966 876 808 
1556: 995 876 983 808 
1557: 964 812 808 
1558: 940 998 796 891 
1559: 994 913 943 792 
1560: 994 973 855 792 
1561: 994 855 943 792 
1562: 989 851 959 848 797 
1563: 832 896 889 939 798 
1564: 902 995 966 906 798 
1565: 902 995 906 983 798 
1566: 995 907 966 906 798 
1567: 995 907 906 983 798 
1568: 966 889 939 798 
1569: 889 939 831 798 
1570: 962 1000 817 908 915 935 967 976 
1571: 817 915 815 
1572: 817 967 999 
1573: 817 947 954 977 905 999 
1574: 817 954 999 815 
1575: 817 977 905 999 860 
1576: 817 999 860 815 
1577: 960 978 816 924 991 870 
1578: 960 978 816 924 870 950 
1579: 816 980 853 983 
1580: 964 821 958 875 
1581: 985 818 872 
1582: 959 819 950 
1583: 988 835 812 
1584: 988 812 891 
1585: 900 927 820 931 972 
1586: 997 879 980 811 923 
1587: 997 879 840 811 923 
1588: 997 980 955 811 
1589: 997 840 955 811 
1590: 879 980 983 811 923 
1591: 980 955 983 811 
1592: 833 997 828 
1593: 1000 827 937 998 
1594: 827 868 847 
1595: 827 998 891 
1596: 827 947 954 977 905 999 
1597: 827 954 977 847 905 999 
1598: 929 1000 829 998 
1599: 1000 829 846 854 
1600: 1000 829 854 998 
1601: 1000 829 901 940 998 
1602: 1000 832 854 937 
1603: 1000 832 940 
1604: 832 940 891 
1605: 832 896 984 889 939 
1606: 822 836 878 858 
1607: 947 834 950 
1608: 997 888 828 
1609: 888 828 983 
1610: 828 853 955 983 
1611: 937 949 826 975 
1612: 949 826 975 885 
1613: 987 921 824 
1614: 846 937 860 
1615: 846 860 891 
1616: 935 970 842 955 864 957 
1617: 935 976 842 
1618: 970 842 925 955 864 957 
1619: 970 842 925 955 957 972 
1620: 997 884 888 840 
1621: 997 884 840 955 
1622: 841 922 880 
1623: 841 922 885 
1624: 949 845 922 
1625: 900 837 927 931 
1626: 900 837 931 926 
1627: 877 838 920 
1628: 969 964 958 875 835 
1629: 964 958 875 835 866 
1630: 992 936 836 
1631: 965 919 927 931 844 
1632: 965 927 931 972 844 
1633: 965 931 972 926 844 
1634: 974 909 988 913 933 883 943 849 
1635: 974 909 988 933 996 883 943 849 
1636: 994 913 943 849 
1637: 1000 854 935 
1638: 854 998 891 
1639: 995 907 966 859 906 
1640: 995 907 859 906 983 
1641: 995 966 859 876 
1642: 995 859 876 983 
1643: 971 990 859 869 
1644: 884 980 853 955 983 
1645: 989 919 855 991 952 
1646: 989 919 855 952 950 
1647: 994 947 855 943 
1648: 994 867 973 855 
1649: 994 867 855 943 
1650: 947 973 855 950 
1651: 973 855 991 952 870 
1652: 973 855 952 870 950 
1653: 855 991 943 
1654: 896 984 863 889 939 
1655: 984 966 863 889 939 
1656: 985 863 922 
1657: 929 868 860 
1658: 929 1000 868 
1659: 1000 868 901 940 
1660: 1000 898 976 
1661: 898 937 916 
1662: 898 976 911 
1663: 901 994 867 943 
1664: 969 875 981 
1665: 971 869 975 
1666: 993 986 890 
1667: 960 978 973 924 991 952 870 
1668: 960 978 973 924 952 870 950 
1669: 978 924 991 870 917 
1670: 978 924 870 917 950 
1671: 970 925 957 972 932 904 
1672: 970 904 917 
1673: 879 884 980 983 
1674: 913 876 883 
1675: 949 922 880 975 
1676: 974 909 988 913 933 883 943 882 
1677: 974 909 988 933 996 883 943 882 
1678: 966 944 882 
1679: 962 974 1000 886 902 908 915 935 967 976 
1680: 886 916 922 975 
1681: 886 916 975 926 
1682: 901 994 947 913 943 
1683: 962 902 995 
1684: 902 967 983 
1685: 896 984 944 889 939 
1686: 997 884 980 888 
1687: 997 884 980 955 
1688: 884 980 888 983 
1689: 970 887 955 
1690: 887 944 889 
1691: 960 893 950 
1692: 897 921 968 
1693: 949 916 922 975 885 
1694: 970 925 955 957 972 932 
1695: 970 945 957 972 932 
1696: 995 907 966 906 928 
1697: 995 907 906 983 928 
1698: 978 989 924 991 920 917 
1699: 978 989 924 920 917 950 
1700: 960 978 989 919 924 991 952 920 
1701: 960 978 989 919 924 952 920 950 
1702: 919 931 920 
1703: 960 978 973 924 991 952 920 
1704: 960 978 973 924 952 920 950 
1705: 929 937 953 
1706: 1000 935 970 
1707: 935 970 945 957 
1708: 996 991 943 
1709: 977 999 948 
1710: 989 959 950 
1711: 992 959 950 
1712: 971 997 955 
1713: 1000 967 998 
