# The links inside the communities at k=7
# from G:\Dropbox\Raghda\CNA\Final Project\other methods\CFinder-2.0.6--1448\G:\Dropbox\Raghda\CNA\Final Project\Datasets\binary_networks\LFR2\networ_LFR2_Om3.dat
# at no lower link weight threshold,
# and at no upper link weight threshold.
# Links were treated as undirected.
# No time limit was set for the clique search.

0:
1000 610
1000 712
1000 749
1000 750
1000 773
1000 787
1000 847
1000 935
1000 945
1000 948
1000 986
1000 992
610 847
610 935
610 945
610 948
610 986
712 787
712 935
712 945
712 948
712 986
712 992
749 787
749 935
749 945
749 948
749 986
749 992
750 773
750 847
750 935
750 948
750 986
773 847
773 935
773 945
773 948
773 986
773 992
787 945
787 948
787 986
787 992
847 935
847 945
847 948
847 986
847 992
935 945
935 948
935 986
935 992
945 948
945 986
945 992
948 986
948 992
986 992
1:
997 998
997 987
997 930
997 971
997 910
997 911
997 972
997 968
997 926
997 932
997 799
997 593
997 759
998 987
998 930
998 971
998 910
998 911
998 972
998 968
998 926
998 932
998 799
987 971
987 910
987 911
987 972
987 932
987 799
987 759
930 971
930 972
930 968
930 926
930 932
971 910
971 911
971 972
971 968
971 926
971 932
971 799
971 593
971 759
910 911
910 972
910 968
910 926
910 932
910 593
910 759
911 972
911 968
911 926
911 932
911 799
911 759
972 926
972 932
972 799
972 593
972 759
968 926
968 932
968 799
926 932
926 799
926 593
926 759
932 799
932 759
593 759
2:
941 947
941 861
941 804
941 909
941 824
941 743
941 721
941 628
941 599
947 861
947 804
947 909
947 824
947 743
947 721
947 628
947 599
861 804
861 909
861 824
861 743
861 721
861 628
861 599
804 909
804 824
804 743
804 721
804 628
909 824
909 743
909 721
909 628
909 599
824 743
824 721
824 599
743 628
721 599
3:
965 943
965 889
965 811
965 958
965 860
965 960
965 785
965 928
965 899
965 696
943 889
943 811
943 958
943 860
943 960
943 785
943 928
943 899
943 696
889 811
889 958
889 860
889 960
889 785
889 928
889 899
889 696
811 958
811 860
811 960
811 785
811 928
811 899
958 860
958 960
958 785
958 928
958 899
958 696
860 960
860 785
860 928
860 899
960 785
960 928
960 899
960 696
785 928
785 899
928 899
928 696
899 696
4:
853 951
853 966
853 838
853 962
853 991
853 961
853 955
853 890
853 882
951 966
951 990
951 838
951 962
951 991
951 961
951 955
951 890
951 742
951 873
951 882
966 990
966 838
966 962
966 991
966 961
966 955
966 890
966 742
966 873
966 882
990 962
990 991
990 961
990 955
990 890
990 873
990 882
838 962
838 991
838 961
838 955
838 890
838 742
838 873
838 882
962 991
962 961
962 955
962 890
962 742
962 873
962 882
991 961
991 955
991 882
961 955
961 890
961 742
961 873
961 882
955 890
955 742
955 873
955 882
890 742
890 873
890 882
742 873
873 882
5:
978 880
978 992
978 989
978 994
978 988
978 878
978 984
978 896
978 979
978 942
978 833
978 856
978 869
978 740
880 989
880 994
880 988
880 878
880 984
880 896
880 979
880 942
880 833
880 856
880 869
992 989
992 994
992 988
992 878
992 984
992 979
992 833
992 856
989 994
989 988
989 878
989 984
989 896
989 979
989 942
989 833
989 856
989 869
989 740
994 988
994 878
994 979
994 856
988 878
988 984
988 896
988 979
988 942
988 833
988 856
988 869
988 740
878 896
878 979
878 833
878 869
984 896
984 979
984 856
984 740
896 979
896 942
896 833
896 856
896 869
896 740
979 942
979 833
979 856
979 869
979 740
833 869
6:
755 953
755 985
755 973
755 974
755 906
755 916
755 927
953 985
953 973
953 810
953 974
953 970
953 906
953 916
953 927
953 864
953 812
953 933
953 897
985 973
985 974
985 970
985 906
985 916
985 927
985 864
985 812
985 933
985 897
973 810
973 974
973 970
973 906
973 916
973 927
973 864
973 812
973 933
973 897
810 916
810 927
810 812
810 933
974 970
974 906
974 916
974 927
974 864
974 812
974 933
974 897
970 864
970 812
970 933
906 927
906 864
906 812
906 933
906 897
916 927
916 864
916 812
916 933
927 864
927 812
927 933
927 897
864 933
812 933
933 897
7:
895 964
895 863
895 907
895 922
895 903
895 780
895 858
964 863
964 907
964 922
964 903
964 780
964 858
863 907
863 922
863 903
863 780
907 922
907 903
907 780
907 858
922 903
922 780
922 858
903 780
903 858
780 858
8:
832 983
832 993
832 990
832 976
832 865
832 815
983 993
983 990
983 976
983 865
983 815
993 990
993 976
993 865
993 815
990 976
990 865
990 815
976 865
976 815
865 815
