# The links inside the communities at k=8
# from G:\Dropbox\Raghda\CNA\Final Project\other methods\CFinder-2.0.6--1448\G:\Dropbox\Raghda\CNA\Final Project\Datasets\binary_networks\LFR2\networ_LFR2_Om2.dat
# at no lower link weight threshold,
# and at no upper link weight threshold.
# Links were treated as undirected.
# No time limit was set for the clique search.

0:
803 983
803 986
803 993
803 985
803 928
803 900
803 853
803 968
803 808
803 864
983 986
983 993
983 985
983 809
983 928
983 900
983 853
983 798
983 666
983 759
983 968
983 808
983 864
986 993
986 985
986 809
986 928
986 900
986 853
986 798
986 666
986 759
986 968
986 808
986 864
993 985
993 809
993 928
993 900
993 853
993 798
993 666
993 759
993 968
993 808
993 864
985 809
985 928
985 900
985 853
985 798
985 666
985 759
985 968
985 808
985 864
809 928
809 900
809 853
809 798
809 968
809 808
928 900
928 853
928 798
928 666
928 759
928 968
928 808
928 864
900 853
900 798
900 666
900 759
900 968
900 808
900 864
853 798
853 968
853 808
853 864
798 968
798 864
666 968
759 968
759 864
968 808
968 864
1:
907 994
907 802
907 881
907 915
907 847
907 867
907 704
994 802
994 881
994 915
994 847
994 867
994 704
802 881
802 915
802 847
802 867
802 704
881 915
881 847
881 867
881 704
915 847
915 867
915 704
847 867
847 704
867 704
2:
998 959
998 962
998 873
998 963
998 994
998 896
998 970
998 860
998 918
998 904
998 718
998 726
998 714
959 962
959 873
959 963
959 994
959 896
959 970
959 860
959 918
959 904
959 718
959 726
959 714
962 873
962 963
962 994
962 896
962 970
962 860
962 918
962 904
962 718
962 726
962 714
873 963
873 994
873 896
873 970
873 860
873 918
873 904
963 994
963 896
963 970
963 860
963 918
963 904
994 896
994 970
994 860
994 918
994 904
994 718
994 726
994 714
896 970
896 860
896 918
896 904
896 718
896 726
896 714
970 860
970 918
970 904
970 718
970 726
970 714
860 918
860 904
918 904
918 718
918 726
918 714
904 718
3:
981 957
981 992
981 977
981 950
981 940
981 725
981 764
957 992
957 977
957 950
957 940
957 725
957 764
992 977
992 950
992 940
992 725
992 764
977 950
977 940
977 725
977 764
950 940
950 725
950 764
940 725
940 764
725 764
4:
974 997
974 941
974 893
974 995
974 935
974 951
974 924
974 739
997 941
997 893
997 995
997 935
997 951
997 924
997 739
941 893
941 995
941 935
941 951
941 924
941 739
893 995
893 935
893 951
893 924
893 739
995 935
995 951
995 924
995 739
935 951
935 924
935 739
951 924
951 739
5:
966 862
966 922
966 972
966 770
966 921
966 946
966 976
966 870
966 925
966 863
966 797
966 771
862 922
862 972
862 770
862 921
862 946
862 976
862 925
862 797
862 771
922 972
922 770
922 921
922 946
922 976
922 870
922 925
922 863
922 797
922 771
972 770
972 921
972 946
972 976
972 870
972 925
972 863
972 797
972 771
770 946
770 976
770 925
770 863
921 946
921 976
921 870
921 925
921 797
921 771
946 976
946 870
946 925
946 863
946 797
976 870
976 925
976 863
976 797
976 771
870 925
870 863
870 797
925 863
925 797
925 771
797 771
6:
984 964
984 991
984 975
984 988
984 838
984 956
984 965
984 980
984 818
964 991
964 975
964 988
964 838
964 956
964 965
964 980
964 818
991 975
991 988
991 838
991 956
991 965
991 980
991 818
975 988
975 838
975 956
975 980
975 818
988 838
988 956
988 965
988 980
988 818
838 965
838 980
838 818
956 965
956 980
956 818
965 980
965 818
980 818
7:
1000 839
1000 894
1000 911
1000 912
1000 917
1000 929
1000 938
1000 948
1000 990
839 894
839 911
839 917
839 938
839 948
839 990
894 911
894 912
894 917
894 929
894 938
894 948
894 990
911 912
911 917
911 929
911 938
911 948
911 990
912 917
912 929
912 938
912 948
912 990
917 929
917 938
917 948
917 990
929 948
929 990
938 948
938 990
948 990
