# The links inside the communities at k=4
# from G:\Dropbox\Raghda\CNA\Final Project\other methods\CFinder-2.0.6--1448\G:\Dropbox\Raghda\CNA\Final Project\Datasets\binary_networks\LFR3\network_LFR3_Om4.dat
# at no lower link weight threshold,
# and at no upper link weight threshold.
# Links were treated as undirected.
# No time limit was set for the clique search.

0:
1000 110
1000 117
1000 201
1000 312
1000 343
1000 421
1000 490
1000 498
1000 5
1000 50
1000 500
1000 51
1000 524
1000 565
1000 679
1000 7
1000 700
1000 705
1000 751
1000 755
1000 784
1000 792
1000 813
1000 832
1000 851
1000 865
1000 884
1000 901
1000 913
1000 928
1000 936
1000 969
1000 980
1000 984
1000 987
1000 990
1000 995
110 851
110 928
117 969
117 995
201 832
201 990
312 984
312 990
312 995
343 984
343 990
421 813
421 901
421 995
490 884
490 913
490 995
498 851
498 901
498 995
5 984
5 990
5 704
50 865
50 969
50 990
500 969
500 984
500 990
500 995
51 984
51 995
524 679
524 700
524 969
524 984
565 884
565 913
565 928
679 884
679 969
679 984
679 990
679 995
679 877
679 704
7 984
7 990
700 901
700 913
700 928
700 969
700 980
700 990
700 995
705 792
705 832
705 884
705 901
705 928
705 969
705 990
705 880
751 851
751 901
751 969
751 984
751 990
751 220
751 880
755 813
755 884
755 913
755 987
784 913
784 969
792 813
792 832
792 901
792 928
792 936
792 984
792 990
792 880
813 832
813 884
813 901
813 928
813 969
813 984
813 990
813 737
832 865
832 884
832 913
832 969
832 987
832 990
832 995
832 877
851 865
851 884
851 928
851 984
851 990
851 995
851 371
851 220
851 722
865 884
865 913
865 969
865 984
865 990
865 995
865 954
865 877
865 880
865 722
884 913
884 990
884 954
884 722
901 913
901 928
901 936
901 980
901 984
901 990
901 995
901 27
901 880
901 301
913 928
913 969
913 984
913 987
913 990
913 995
913 952
913 880
913 436
913 722
928 969
928 987
928 990
928 995
928 737
928 877
928 952
928 880
928 301
928 436
928 590
928 722
969 987
969 990
969 995
969 737
969 877
969 880
969 436
969 722
984 990
984 995
984 737
984 27
984 371
984 877
984 265
984 880
984 280
984 381
984 704
984 722
987 995
987 952
990 995
990 954
990 27
990 877
990 952
990 220
990 301
990 436
990 704
990 590
990 722
995 737
995 954
995 371
995 952
995 220
995 265
995 880
995 280
995 381
995 704
995 590
995 722
737 877
737 704
954 880
877 301
877 704
877 590
265 880
880 280
880 436
880 590
880 722
280 381
1:
949 944
949 957
949 997
949 919
949 672
949 926
949 847
949 940
949 972
949 982
949 891
949 964
949 974
949 479
949 241
949 902
949 981
949 273
949 933
949 900
949 469
949 803
949 894
949 631
949 648
980 944
980 957
980 940
980 982
980 974
980 981
980 900
102 944
102 957
102 997
944 957
944 997
944 870
944 919
944 926
944 847
944 940
944 972
944 982
944 182
944 964
944 974
944 872
944 902
944 933
944 533
944 402
944 469
944 485
944 803
944 894
944 754
944 631
957 997
957 870
957 919
957 926
957 940
957 972
957 982
957 964
957 974
957 902
957 267
957 981
957 933
957 574
957 900
957 571
957 339
957 698
957 533
957 803
957 894
957 557
957 631
957 640
997 870
997 919
997 672
997 926
997 904
997 847
997 940
997 972
997 150
997 982
997 891
997 964
997 479
997 902
997 267
997 981
997 273
997 933
997 291
997 574
997 571
997 698
997 340
997 361
997 533
997 402
997 469
997 803
997 894
997 557
997 586
997 631
997 648
870 919
870 847
870 972
870 982
870 964
870 974
870 981
870 273
870 933
870 900
870 894
870 609
870 631
870 648
919 926
919 940
919 972
919 982
919 964
919 974
919 902
919 981
919 933
919 900
919 339
919 340
919 469
919 631
672 972
672 982
672 964
672 974
672 981
672 894
926 145
926 847
926 940
926 972
926 150
926 982
926 964
926 974
926 902
926 981
926 933
926 574
926 485
926 803
926 894
926 754
926 640
904 982
904 964
904 974
904 981
145 847
145 940
145 972
847 940
847 972
847 982
847 964
847 900
847 803
847 894
847 557
940 150
940 982
940 964
940 974
940 479
940 902
940 981
940 933
940 574
940 900
940 317
940 571
940 698
940 533
940 803
940 609
940 648
972 982
972 891
972 964
972 974
972 479
972 902
972 933
972 291
972 900
972 328
972 361
972 469
972 485
972 803
972 894
972 557
972 586
972 631
972 640
972 648
150 982
982 964
982 974
982 872
982 902
982 267
982 981
982 273
982 933
982 900
982 317
982 328
982 698
982 361
982 402
982 803
982 894
982 557
982 586
982 609
982 640
891 981
182 964
182 974
964 974
964 241
964 902
964 981
964 933
964 900
964 339
964 698
964 340
964 803
964 894
964 557
964 609
964 640
964 648
974 902
974 981
974 273
974 933
974 574
974 317
974 328
974 340
974 894
974 754
974 586
974 648
479 933
872 981
872 933
241 902
902 981
902 933
902 291
902 900
902 571
902 533
902 586
902 640
267 981
981 933
981 900
981 317
981 571
981 339
981 698
981 340
981 361
981 533
981 402
981 803
981 894
981 586
981 609
981 631
981 640
933 574
933 900
933 571
933 402
933 803
933 586
933 640
900 698
900 469
900 894
900 609
339 698
698 894
485 803
485 894
894 557
894 609
894 648
2:
103 566
103 678
103 840
103 903
566 840
566 903
566 772
566 626
566 844
566 406
678 840
678 903
678 626
678 844
678 709
678 580
678 662
840 903
840 772
840 395
840 844
840 709
840 580
840 662
840 23
840 437
840 508
903 772
903 626
903 844
903 709
903 580
903 662
903 209
903 23
903 437
903 406
903 508
772 844
772 709
772 662
772 406
772 508
395 844
395 437
626 662
626 406
844 709
844 209
844 437
844 406
709 209
709 23
709 437
580 662
580 508
662 508
437 406
3:
106 802
106 817
106 886
106 965
802 886
802 965
802 650
802 829
802 836
802 756
802 158
802 207
802 567
802 379
802 541
817 886
817 965
817 650
817 829
817 836
817 653
817 567
817 40
817 541
886 965
886 650
886 829
886 836
886 348
886 155
886 653
886 158
886 734
886 567
886 887
886 541
965 126
965 650
965 829
965 836
965 135
965 348
965 56
965 155
965 653
965 756
965 158
965 734
965 207
965 567
965 316
965 40
965 887
965 379
965 541
126 650
126 829
126 836
650 836
650 756
650 887
829 836
829 135
829 348
829 653
829 756
829 567
829 316
829 40
836 348
836 56
836 756
836 734
836 567
836 379
836 541
135 348
56 756
155 653
155 756
653 756
653 567
653 379
756 207
756 316
756 379
316 40
4:
905 987
905 615
905 908
905 989
905 910
905 914
905 779
905 871
905 310
905 724
905 554
987 908
987 910
987 914
987 779
107 694
107 908
107 989
615 914
615 871
694 908
694 989
694 899
694 854
908 989
908 899
908 854
908 779
989 976
989 899
989 854
989 914
989 281
989 779
989 310
989 724
989 554
989 762
989 383
976 854
976 281
976 779
976 871
976 762
976 383
910 914
910 871
910 724
854 779
854 383
914 871
914 310
914 554
281 779
779 871
779 724
779 762
871 724
871 762
310 724
5:
980 994
980 998
980 924
980 953
980 952
980 660
994 224
994 510
994 831
994 917
994 998
994 446
994 774
994 924
994 953
994 494
994 952
994 553
994 443
994 812
994 322
994 841
994 432
994 695
994 465
994 660
994 750
994 683
795 958
795 528
795 998
795 924
795 953
795 322
795 834
795 841
795 352
224 998
224 924
958 528
958 917
958 998
958 696
958 774
958 582
958 953
958 834
958 841
958 352
958 763
958 465
958 794
958 750
958 95
510 917
510 774
528 953
528 841
831 998
831 924
917 921
917 774
917 443
917 634
917 738
917 763
917 794
921 998
921 696
921 774
921 924
921 953
921 443
921 634
921 812
921 834
921 841
921 432
921 695
921 794
921 750
998 446
998 696
998 774
998 582
998 924
998 953
998 494
998 553
998 54
998 634
998 812
998 834
998 841
998 738
998 352
998 625
998 432
998 695
998 465
998 579
998 794
998 660
998 750
998 683
998 95
446 924
446 953
696 924
696 432
696 750
774 443
774 738
774 763
774 794
774 683
582 54
582 834
582 841
582 625
924 953
924 553
924 738
924 695
924 465
924 750
953 494
953 952
953 322
953 841
953 465
953 579
953 794
953 750
494 794
952 660
952 750
952 683
553 738
54 841
634 695
634 794
812 841
322 834
322 841
834 841
834 625
834 95
841 579
738 763
738 794
432 695
660 683
6:
109 937
109 947
109 988
876 947
876 773
876 781
876 983
876 739
876 946
876 775
876 823
876 729
876 644
876 798
876 256
876 538
937 947
937 988
937 781
937 983
937 911
937 739
937 646
937 161
937 946
937 172
937 564
937 775
937 211
937 644
937 798
937 256
937 526
937 430
937 491
937 666
947 988
947 120
947 773
947 781
947 983
947 911
947 739
947 646
947 749
947 946
947 564
947 823
947 211
947 732
947 729
947 798
947 256
947 526
947 9
947 632
947 666
988 773
988 781
988 983
988 911
988 806
988 646
988 749
988 946
988 441
988 656
988 186
988 823
988 729
988 249
988 644
988 798
988 526
988 372
988 9
988 538
988 430
988 491
988 632
988 666
120 773
120 781
120 983
773 983
773 911
773 749
773 177
773 656
773 632
781 983
781 911
781 739
781 946
781 656
781 666
983 911
983 806
983 646
983 161
983 946
983 177
983 564
983 656
983 186
983 823
983 336
983 729
983 249
983 644
983 798
983 526
983 372
983 538
983 491
911 646
911 946
911 172
911 186
911 775
911 823
911 732
911 798
911 430
739 646
739 732
739 798
739 632
806 946
806 564
806 729
806 526
806 491
646 775
646 732
749 946
749 441
749 823
749 666
161 946
946 172
946 441
946 564
946 656
946 775
946 211
946 336
946 249
946 644
946 798
946 256
946 372
946 9
441 823
441 798
177 564
177 656
564 656
656 644
775 798
823 538
823 666
336 372
729 798
729 491
249 644
249 798
798 632
372 9
7:
111 785
111 805
111 862
111 907
785 805
785 862
785 907
785 607
785 670
785 830
785 845
785 268
785 384
785 534
805 862
805 907
805 670
805 830
805 146
805 489
805 845
805 149
805 165
805 458
805 81
805 534
862 907
862 607
862 670
862 830
862 489
862 845
862 165
862 268
862 296
862 458
862 384
862 46
907 129
907 607
907 670
907 830
907 146
907 489
907 845
907 149
907 165
907 268
907 458
907 81
907 534
129 607
129 670
129 830
607 670
607 845
607 384
607 46
670 830
670 534
830 489
830 149
830 296
830 458
830 384
830 534
146 489
146 845
489 81
845 149
845 165
845 268
845 384
845 46
845 81
845 534
296 458
8:
743 936
743 920
743 932
743 954
743 950
968 979
968 925
968 920
968 879
968 863
968 931
968 685
968 890
968 856
968 885
968 344
968 624
979 925
979 578
979 789
979 920
979 932
979 879
979 863
979 898
979 718
979 818
979 929
979 890
979 520
979 950
979 856
979 853
979 728
979 810
979 827
979 344
979 466
979 624
936 932
936 954
936 950
669 932
669 863
669 745
925 112
925 789
925 920
925 932
925 863
925 931
925 718
925 929
925 950
925 308
925 728
925 810
925 827
925 885
925 466
925 624
578 890
578 728
112 789
112 920
112 932
789 920
789 932
789 466
920 932
920 879
920 961
920 685
920 818
920 929
920 950
920 810
920 344
920 624
932 863
932 954
932 898
932 931
932 818
932 929
932 950
932 885
932 745
879 685
879 818
879 929
879 890
879 950
879 810
879 827
879 885
863 931
863 856
863 344
863 745
961 818
961 950
898 929
898 856
898 827
931 818
931 929
931 950
931 308
931 853
931 827
931 745
931 624
685 929
685 950
685 885
718 929
718 890
718 520
718 950
818 890
818 950
818 885
929 890
929 853
929 728
929 810
929 827
929 885
929 344
890 950
890 728
890 827
520 950
950 308
950 810
950 885
950 745
950 624
856 827
853 827
810 885
810 624
827 885
885 745
9:
987 916
987 962
987 730
987 912
987 922
987 938
987 410
987 825
987 447
987 487
222 916
222 912
222 938
916 962
916 730
916 912
916 758
916 185
916 922
916 938
916 320
916 39
916 428
916 549
916 740
916 447
916 487
916 777
962 127
962 730
962 912
962 758
962 185
962 922
962 938
962 253
962 294
962 812
962 39
962 428
962 549
962 825
962 431
962 740
962 447
962 487
962 98
962 777
962 8
127 730
127 912
730 912
730 758
730 938
730 253
730 320
730 431
730 740
912 758
912 185
912 922
912 938
912 253
912 294
912 320
912 410
912 549
912 825
912 740
912 447
912 487
912 71
912 8
758 922
758 938
758 253
758 294
758 740
758 71
185 922
922 938
922 253
922 294
922 320
922 39
922 410
922 428
922 549
922 825
922 431
922 740
922 447
922 98
922 8
938 294
938 812
938 320
938 39
938 410
938 428
938 549
938 431
938 740
938 447
938 487
938 98
938 777
938 71
938 8
812 740
410 428
410 549
431 740
487 98
10:
784 971
784 945
784 765
909 971
909 945
909 808
909 942
909 796
971 550
971 717
971 945
971 12
971 808
971 942
971 154
971 592
971 603
971 181
971 512
971 866
971 183
971 255
971 92
971 326
971 765
971 796
971 346
971 367
971 716
971 376
971 378
971 721
550 945
550 808
550 942
550 255
717 945
717 942
717 603
717 183
717 367
717 716
945 12
945 808
945 942
945 603
945 181
945 512
945 866
945 255
945 92
945 32
945 326
945 765
945 796
945 346
945 716
945 376
945 378
945 439
945 721
12 808
12 942
808 942
808 592
808 866
808 92
808 765
808 716
808 439
808 721
942 904
942 154
942 592
942 512
942 866
942 183
942 32
942 765
942 796
942 341
942 367
942 716
942 378
942 439
942 721
904 866
904 32
154 592
592 866
592 796
592 341
603 378
603 721
181 512
181 866
512 866
866 255
866 32
866 765
866 796
866 341
866 346
866 376
866 721
255 92
326 765
326 796
765 796
765 346
765 439
765 721
796 341
796 346
796 367
796 721
367 716
716 376
716 378
716 721
11:
725 787
725 791
725 852
454 791
454 888
454 783
454 852
454 846
13 787
13 791
13 888
787 791
787 888
787 276
787 783
787 852
787 846
787 558
787 764
787 645
791 888
791 783
791 852
791 846
791 558
791 764
791 645
791 96
888 276
888 783
888 852
888 825
888 846
888 754
888 558
888 764
888 645
888 96
276 783
276 852
783 852
783 846
783 558
783 764
783 645
852 825
852 846
852 754
852 558
852 764
852 645
825 846
846 754
846 558
846 764
846 645
846 96
558 764
764 645
12:
994 131
994 375
994 998
131 375
131 998
375 998
13:
393 977
393 786
393 628
591 710
591 867
591 967
591 788
591 860
591 587
936 967
936 977
936 860
936 353
831 967
831 353
831 804
132 710
132 867
132 967
132 977
710 967
710 977
710 839
710 860
710 735
710 216
867 967
867 977
867 954
867 786
867 788
867 839
867 860
867 735
867 804
867 759
967 977
967 838
967 786
967 788
967 839
967 860
967 167
967 882
967 735
967 952
967 216
967 497
967 819
967 306
967 353
967 804
967 628
967 587
967 759
977 954
977 786
977 788
977 860
977 167
977 882
977 742
977 952
977 216
977 497
977 819
977 306
977 804
977 628
977 587
977 759
838 839
838 735
838 952
838 819
954 759
786 742
786 819
786 804
786 628
786 759
788 839
788 742
788 952
788 804
788 628
839 860
839 735
839 804
839 759
860 167
860 952
860 353
860 804
860 628
860 587
167 882
742 952
742 819
742 804
742 587
735 819
952 819
497 819
819 306
819 587
353 804
804 759
587 759
14:
960 849
960 970
960 828
960 702
960 613
960 766
960 878
960 83
980 963
980 878
980 449
849 970
849 136
849 807
849 963
849 828
849 702
849 869
849 266
849 613
849 878
849 449
970 136
970 807
970 963
970 828
970 702
970 766
970 878
970 76
970 83
136 807
807 963
807 828
807 702
807 266
963 816
963 766
963 433
963 878
963 449
828 869
828 266
828 878
828 76
828 83
702 766
816 766
816 433
816 878
869 266
613 878
766 878
433 878
878 76
878 449
15:
859 881
859 930
859 595
859 951
859 956
859 959
859 927
859 939
859 2
859 741
859 560
859 697
859 515
923 881
923 930
923 627
923 956
923 959
923 961
923 939
923 2
923 889
923 733
923 560
923 815
923 822
923 855
923 893
923 616
923 463
923 515
881 951
881 956
881 959
881 961
881 939
881 889
881 288
881 815
881 822
881 893
881 422
881 515
930 951
930 956
930 959
930 939
930 380
930 889
930 741
930 560
930 712
930 288
930 815
930 822
930 302
930 855
930 408
930 422
930 616
930 699
627 956
627 959
627 927
627 939
627 822
627 893
143 951
143 956
143 959
595 956
595 939
595 741
595 733
595 616
951 956
951 959
951 927
951 939
951 741
951 525
951 559
951 712
951 815
951 822
951 302
951 855
951 697
951 408
951 422
951 616
956 959
956 927
956 939
956 2
956 889
956 525
956 559
956 733
956 560
956 822
956 855
956 893
956 697
956 408
956 452
956 422
956 616
956 699
959 18
959 927
959 939
959 380
959 2
959 889
959 741
959 559
959 733
959 560
959 712
959 815
959 822
959 855
959 893
959 4
959 697
959 408
959 463
959 699
961 939
961 855
961 893
18 927
18 939
927 939
927 889
927 741
927 559
927 712
927 288
927 815
927 822
927 855
927 893
927 697
927 408
927 452
927 422
927 699
939 889
939 741
939 525
939 559
939 733
939 302
939 855
939 893
939 697
939 452
939 422
939 616
939 515
380 741
889 525
889 733
889 712
889 288
889 815
889 893
889 616
889 463
889 515
741 712
741 855
741 893
559 712
559 855
733 822
733 463
560 699
712 855
288 815
815 4
815 697
822 855
822 893
822 408
822 452
822 699
302 855
302 893
855 893
893 697
893 515
4 697
452 616
16:
987 999
987 955
987 978
987 843
987 825
987 461
809 996
809 985
809 671
999 996
999 569
999 415
999 75
999 985
999 955
999 184
999 978
999 723
999 850
999 776
999 247
999 906
999 599
999 457
999 304
999 687
999 305
999 689
999 887
999 318
999 327
999 577
999 657
999 760
999 354
999 598
999 826
999 364
999 387
999 825
999 442
999 451
999 461
999 501
999 671
999 517
996 75
996 985
996 955
996 978
996 723
996 233
996 850
996 247
996 363
996 502
996 843
996 304
996 687
996 305
996 689
996 887
996 318
996 327
996 577
996 354
996 598
996 44
996 826
996 364
996 523
996 501
996 671
996 517
569 985
569 955
569 978
569 776
569 760
415 985
415 955
415 843
415 689
75 985
985 955
985 435
985 978
985 723
985 850
985 776
985 906
985 576
985 363
985 502
985 599
985 843
985 457
985 689
985 318
985 577
985 44
985 826
985 442
985 451
985 523
985 833
985 459
985 501
985 671
985 517
955 184
955 978
955 723
955 776
955 247
955 576
955 843
955 457
955 304
955 689
955 887
955 318
955 577
955 354
955 826
955 833
955 459
955 671
435 978
435 850
435 826
184 978
978 233
978 850
978 776
978 576
978 843
978 457
978 305
978 327
978 657
978 598
978 826
978 387
978 442
978 451
978 833
978 459
978 461
978 517
723 850
723 906
723 599
723 826
723 833
233 850
850 906
850 502
850 843
850 657
850 387
776 906
776 687
776 318
776 760
906 576
906 843
906 687
906 657
906 833
906 501
906 671
906 517
576 843
363 44
363 826
502 671
599 577
599 451
599 833
843 689
843 523
843 833
843 459
304 687
305 689
689 833
327 577
577 523
657 451
657 671
354 598
826 364
826 523
826 833
825 461
442 451
17:
527 993
527 991
527 801
527 896
527 858
966 993
966 505
966 991
966 892
966 152
966 719
966 848
966 337
966 543
966 934
966 658
966 238
966 621
966 243
966 896
966 325
966 757
966 396
966 468
966 506
966 858
966 568
966 555
993 793
993 505
993 991
993 663
993 801
993 719
993 848
993 543
993 330
993 814
993 934
993 898
993 227
993 238
993 621
993 243
993 896
993 887
993 456
993 757
993 518
993 468
993 858
993 539
993 555
993 84
793 991
793 934
505 991
505 848
505 896
991 663
991 801
991 892
991 152
991 848
991 337
991 397
991 543
991 330
991 814
991 934
991 898
991 658
991 227
991 238
991 621
991 896
991 456
991 325
991 757
991 518
991 468
991 506
991 858
991 568
991 84
663 892
663 848
663 896
801 892
801 848
801 658
801 896
801 757
801 555
801 84
892 848
892 337
892 934
892 898
892 243
892 456
892 757
892 396
892 858
152 848
719 814
719 858
848 397
848 934
848 658
848 227
848 456
848 757
397 934
543 658
543 621
543 896
330 814
330 934
814 858
934 898
934 658
934 621
934 243
934 896
934 325
934 396
934 506
934 539
898 757
238 621
896 887
896 325
896 518
896 858
896 539
896 568
896 555
887 858
325 757
757 468
757 858
757 568
518 539
468 506
468 858
858 539
555 84
18:
727 973
727 986
727 643
936 992
936 973
936 986
936 895
936 753
936 537
831 992
831 973
831 986
831 895
992 159
992 973
992 986
992 882
992 961
992 176
992 895
992 202
992 492
992 231
992 285
992 753
992 821
992 3
992 94
992 417
992 562
992 748
992 633
992 511
992 655
992 537
992 677
992 777
992 63
992 659
992 88
992 643
992 811
992 675
159 973
159 986
973 986
973 882
973 961
973 176
973 895
973 202
973 492
973 231
973 285
973 753
973 821
973 3
973 417
973 562
973 748
973 633
973 511
973 655
973 537
973 677
973 777
973 63
973 659
973 88
973 643
973 811
986 882
986 961
986 176
986 895
986 202
986 492
986 231
986 285
986 753
986 821
986 3
986 94
986 417
986 562
986 748
986 633
986 511
986 655
986 537
986 677
986 777
986 63
986 659
986 88
986 643
986 811
986 675
882 633
882 659
961 895
961 821
961 643
961 811
176 895
895 231
895 753
895 417
895 562
895 748
895 633
895 537
895 677
895 659
895 643
895 811
895 675
202 492
492 748
285 753
285 821
753 821
753 562
753 511
753 659
753 811
821 3
821 748
821 511
821 655
821 677
821 643
821 811
94 811
417 562
417 748
562 655
748 633
748 655
748 677
748 811
633 659
633 88
511 655
655 677
655 811
537 677
677 811
659 811
643 811
19:
923 930
923 187
923 424
930 187
930 424
187 424
20:
989 976
989 234
989 918
989 509
989 264
989 554
976 910
976 899
976 918
976 854
976 509
976 264
976 635
976 283
976 682
976 871
976 554
976 514
617 910
617 918
617 871
910 899
910 918
910 854
910 635
910 871
910 514
234 918
234 509
899 514
918 509
918 264
918 635
918 682
918 871
918 554
918 514
854 682
854 514
635 283
635 682
635 554
283 682
682 514
21:
909 935
909 941
909 975
909 824
909 873
935 948
935 668
935 198
935 941
935 975
935 673
935 874
935 277
935 824
935 292
935 837
935 861
935 335
935 873
935 943
935 584
935 407
935 746
935 434
935 752
935 610
935 711
948 668
948 198
948 941
948 975
948 673
948 874
948 647
948 824
948 837
948 861
948 335
948 873
948 943
948 359
948 365
948 38
948 584
948 746
948 426
948 434
948 752
948 600
948 610
948 711
668 941
668 975
668 673
668 837
668 873
668 943
668 752
198 941
198 975
941 975
941 673
941 874
941 277
941 647
941 824
941 292
941 837
941 861
941 873
941 943
941 365
941 584
941 746
941 752
941 600
941 610
941 65
941 711
975 673
975 874
975 277
975 647
975 824
975 292
975 837
975 861
975 335
975 873
975 943
975 359
975 38
975 584
975 407
975 746
975 426
975 434
975 752
975 711
673 873
673 943
673 746
874 647
874 824
874 861
874 873
874 365
874 746
874 426
874 752
874 600
874 610
874 711
277 647
277 824
647 837
647 943
647 407
824 837
824 943
824 584
824 610
824 65
824 711
292 837
292 861
837 861
837 873
837 943
837 426
837 65
837 711
861 873
861 359
861 407
861 746
861 752
861 600
861 711
335 873
335 943
873 943
873 584
873 407
873 434
873 752
873 600
943 359
943 365
943 38
943 584
943 407
943 746
943 752
943 600
943 610
943 711
746 434
746 600
746 711
22:
228 731
228 816
228 869
731 816
731 869
816 869
23:
761 556
761 797
761 49
556 797
556 49
797 49
24:
891 649
891 770
891 93
649 770
649 93
770 93
25:
857 952
857 864
857 642
857 82
952 642
952 82
864 642
864 82
642 82
26:
897 334
897 561
897 706
334 561
334 706
561 706
27:
993 257
993 398
993 782
257 398
257 782
398 782
28:
800 897
800 883
800 676
800 691
897 835
897 883
897 612
897 258
897 676
897 691
897 561
897 706
835 883
835 612
835 258
835 691
835 706
835 358
883 612
883 676
883 691
883 561
883 358
612 258
612 706
612 358
691 561
29:
799 761
799 263
799 770
799 797
799 629
761 797
761 629
263 770
263 797
770 797
770 462
770 629
797 462
797 629
462 629
30:
799 269
799 349
799 429
799 474
269 349
269 429
269 474
349 429
349 474
31:
857 542
857 864
857 611
857 484
857 701
857 654
872 864
872 875
872 611
872 642
542 875
542 611
542 701
864 875
864 297
864 611
864 642
864 356
864 484
864 499
864 701
864 654
875 297
875 611
875 642
875 356
875 484
875 499
875 701
875 654
297 611
297 642
611 701
356 499
356 654
484 701
484 654
32:
918 871
918 780
918 390
871 780
871 390
780 390
33:
799 761
799 401
799 429
761 401
761 429
401 429
34:
915 868
915 703
915 664
778 747
778 868
778 736
778 703
778 664
747 868
747 736
747 703
747 400
747 667
868 736
868 703
868 594
868 667
868 664
736 703
736 400
736 667
703 594
703 664
594 664
400 667
35:
617 910
617 899
617 403
910 899
910 403
899 403
36:
979 789
979 853
979 419
789 853
789 419
853 419
37:
960 970
960 636
960 420
960 438
970 636
970 420
970 438
970 630
636 420
636 630
420 438
420 630
38:
976 680
976 762
976 476
680 762
680 476
762 476
39:
970 963
970 620
970 546
963 620
963 546
620 546
40:
958 530
958 622
958 693
530 622
530 693
622 693
41:
968 669
968 863
968 507
669 863
669 507
863 507
42:
915 868
915 540
915 667
868 540
868 667
540 667
43:
968 979
968 931
968 597
968 853
979 597
979 853
931 597
931 853
597 853
44:
849 963
849 731
849 869
849 583
842 731
842 869
842 583
963 731
963 583
731 869
731 583
869 583
45:
958 834
958 763
958 622
834 763
834 622
763 622
46:
980 994
980 917
980 693
994 917
994 693
917 693
