# The contained cliques in the communities at k=4
# from G:\Dropbox\Raghda\CNA\Final Project\other methods\CFinder-2.0.6--1448\G:\Dropbox\Raghda\CNA\Final Project\Datasets\binary_networks\LFR3\network_LFR3_Om4.dat
# at no lower link weight threshold,
# and at no upper link weight threshold.
# Links were treated as undirected.
# No time limit was set for the clique search.

0: 3 1684 204 316 765 768 769 1059 1206 1207 1281 1283 1285 1288 1377 1378 1384 1400 1557 1593 1647 1682 1683 1710 1764 1798 1800 203 9 12 13 320 1209 1382 1401 1558 10 1210 1208 1367 1713 1649 1745 11 1287 1380 1592 1646 1402 8 1284 1286 1556 1591 1648 1205 1407 1408 585 902 1410 586 903 4 1381 1385 1501 1799 708 1379 1383 1715 1749 1750 707 1290 1289 1560 1403 1376 1712 1714 398 423 424 1061 1414 1412 1415 458 1060 457 1366 135 583 1559 584 766 770 771 772 1282 341 
1: 15 848 1188 1190 1584 1585 1724 1725 1781 1792 1793 849 982 991 1352 1586 1588 1773 1794 1795 1796 1797 1814 401 1050 1189 1191 1194 1353 1354 1728 1729 1777 1783 1815 546 654 1042 1219 1355 1731 1732 1734 1735 1776 1784 1787 545 1043 1049 1218 1587 1688 1691 1070 1193 1200 1202 1203 1204 1220 1221 1689 1690 1692 1726 1727 1730 1733 1774 1775 1782 1071 1790 488 1052 1051 1744 505 1742 653 522 519 521 520 983 604 752 1199 1201 1757 603 753 1758 412 411 414 413 146 759 758 231 1480 446 81 91 80 
2: 16 17 905 945 1213 867 868 1099 1314 181 215 650 659 331 651 660 
3: 19 20 110 890 954 1078 891 955 956 1080 330 1427 49 61 1423 48 1079 63 178 566 567 103 1100 102 486 248 247 1081 
4: 22 1297 1298 1539 1537 1541 1348 1536 480 1350 479 986 1349 1751 907 1785 426 568 1475 1477 
5: 23 591 746 950 1361 1483 1650 1810 600 1486 1566 1673 601 1589 1590 748 1485 1511 1564 1307 1308 702 1363 703 701 1129 1130 1127 1513 1512 622 1472 1510 621 780 1471 1473 1474 496 534 782 935 1026 1565 1674 495 497 217 312 936 1672 1638 1636 953 1484 1819 1170 1169 1172 1171 1279 
6: 25 833 1088 1269 1509 1577 761 834 938 1121 1338 1506 1609 762 1603 370 371 516 939 1107 1108 1120 1508 1576 41 378 1337 1419 1504 1608 40 379 188 1420 1179 1422 1178 1177 1424 1271 1425 594 593 595 263 264 1089 1421 1092 1091 841 843 1515 1517 128 1090 351 940 138 137 1106 115 150 696 
7: 27 120 402 592 626 865 866 915 916 1217 1503 83 89 288 82 287 88 570 270 571 435 52 51 
8: 28 1568 1804 1805 749 1184 1186 1610 1620 1718 525 1185 1716 1738 526 527 1695 1621 1228 1611 1622 1625 1657 1224 1229 1230 1225 1231 1616 1626 1612 1615 1328 1739 809 1326 1327 1325 1344 1656 1345 908 1658 1660 1661 1662 1659 1765 1664 1807 1719 1747 1808 1488 1717 1211 1489 1490 1614 1748 1624 1623 352 1187 1663 1613 1397 1396 1395 
9: 37 493 494 722 760 851 1417 1418 1426 149 269 309 448 666 667 669 373 1677 372 50 285 700 1551 286 699 1479 303 668 
10: 39 237 564 709 776 797 924 1301 1357 1370 1371 1578 1595 238 376 377 145 528 562 500 925 1467 100 524 556 555 147 563 565 926 927 251 252 
11: 53 1035 1075 306 419 588 1294 1482 1678 
12: 56 
13: 58 59 198 1302 1492 1573 1579 1055 1144 1434 1493 1494 1514 1574 1580 1053 1054 121 901 1146 1720 1721 122 898 900 1303 1304 1439 1440 1441 1629 1628 467 818 1437 1575 1056 1433 1435 1436 1145 899 536 538 537 315 
14: 64 1320 1598 1599 1318 1319 1655 1456 1457 1458 1687 627 726 725 258 310 966 399 400 
15: 77 664 665 958 1358 1642 1643 1644 1685 1686 1706 691 963 964 965 1083 1085 1157 1339 1368 1369 1447 1449 1453 1634 1639 1640 1641 1645 1703 1759 459 690 692 825 1156 460 1450 1451 1704 1705 1707 141 959 1082 1084 1341 1360 1448 1736 1760 1342 1359 1340 1635 1632 441 743 1452 1631 440 442 170 827 878 921 169 877 1737 919 922 920 674 672 673 1633 273 344 
16: 87 489 862 879 990 1250 1263 1332 1333 1675 1698 364 463 490 539 589 631 911 1251 1667 1761 464 1530 863 880 1248 1264 1334 1137 1136 1135 573 718 715 717 976 977 978 1335 1336 1252 1669 1676 590 736 961 1671 1666 1668 1822 148 738 739 219 596 835 852 1670 597 836 1262 853 854 439 261 962 540 1001 465 503 466 504 912 547 
17: 95 783 1109 1460 1461 1693 1694 211 226 638 750 784 791 792 1093 1113 1463 1708 1780 640 1097 1465 1110 1462 1466 332 499 1037 498 855 1036 751 1464 1756 1766 338 1572 337 1604 775 1310 774 844 883 1094 1709 290 1040 291 1039 845 882 1309 793 232 233 580 334 
18: 111 136 173 218 243 295 296 433 606 677 678 869 870 894 895 1007 1008 1161 1162 1163 1164 1192 1197 1198 1268 1454 1455 1552 1651 1280 274 1196 
19: 152 
20: 153 816 395 987 988 1124 1125 872 1752 871 873 874 875 1087 429 
21: 166 420 447 515 704 705 1005 1006 1072 1073 1122 1123 1214 1215 1216 1236 1386 1387 1388 1389 1390 1487 1627 1665 1753 421 661 662 663 265 544 1064 543 551 1062 1063 1065 550 693 694 300 
22: 213 
23: 278 
24: 280 
25: 298 299 
26: 354 
27: 383 
28: 384 941 942 541 1244 996 1243 1242 
29: 394 1159 741 1158 
30: 403 404 
31: 449 450 980 981 1131 636 813 979 634 637 635 476 475 811 
32: 577 
33: 614 
34: 652 1258 1356 1155 1003 1153 
35: 657 
36: 679 
37: 684 685 686 
38: 754 
39: 803 
40: 821 
41: 830 
42: 838 
43: 946 948 
44: 992 993 994 
45: 1167 
46: 1265 
