# The communities at k=4
# from G:\Dropbox\Raghda\CNA\Final Project\other methods\CFinder-2.0.6--1448\G:\Dropbox\Raghda\CNA\Final Project\Datasets\binary_networks\LFR3\network_LFR3_Om4.dat
# at no lower link weight threshold,
# and at no upper link weight threshold.
# Links were treated as undirected.
# No time limit was set for the clique search.

0: 1000 110 117 201 312 343 421 490 498 5 50 500 51 524 565 679 7 700 705 751 755 784 792 813 832 851 865 884 901 913 928 936 969 980 984 987 990 995 737 954 27 371 877 952 220 265 880 280 381 301 436 704 590 722 
1: 949 980 102 944 957 997 870 919 672 926 904 145 847 940 972 150 982 891 182 964 974 479 872 241 902 267 981 273 933 291 574 900 317 328 571 339 698 340 361 533 402 469 485 803 894 754 557 586 609 631 640 648 
2: 103 566 678 840 903 772 395 626 844 709 580 662 209 23 437 406 508 
3: 106 802 817 886 965 126 650 829 836 135 348 56 155 653 756 158 734 207 567 316 40 887 379 541 
4: 905 987 107 615 694 908 989 976 910 899 854 914 281 779 871 310 724 554 762 383 
5: 980 994 795 224 958 510 528 831 917 921 998 446 696 774 582 924 953 494 952 553 54 443 634 812 322 834 841 738 352 763 625 432 695 465 579 794 660 750 683 95 
6: 109 876 937 947 988 120 773 781 983 911 739 806 646 749 161 946 172 441 177 564 656 186 775 823 211 336 732 729 249 644 798 256 526 372 9 538 430 491 632 666 
7: 111 785 805 862 907 129 607 670 830 146 489 845 149 165 268 296 458 384 46 81 534 
8: 743 968 979 936 669 925 578 112 789 920 932 879 863 954 961 898 931 685 718 818 929 890 520 950 856 308 853 728 810 827 885 344 466 745 624 
9: 987 222 916 962 127 730 912 758 185 922 938 253 294 812 320 39 410 428 549 825 431 740 447 487 98 777 71 8 
10: 784 909 971 550 717 945 12 808 942 904 154 592 603 181 512 866 183 255 92 32 326 765 796 341 346 367 716 376 378 439 721 
11: 725 454 13 787 791 888 276 783 852 825 846 754 558 764 645 96 
12: 994 131 375 998 
13: 393 591 936 831 132 710 867 967 977 838 954 786 788 839 860 167 882 742 735 952 216 497 819 306 353 804 628 587 759 
14: 960 980 849 970 136 807 963 828 702 816 869 266 613 766 433 878 76 449 83 
15: 859 923 881 930 627 143 595 951 956 959 961 18 927 939 380 2 889 741 525 559 733 560 712 288 815 822 302 855 893 4 697 408 452 422 616 463 515 699 
16: 987 809 999 996 569 415 75 985 955 435 184 978 723 233 850 776 247 906 576 363 502 599 843 457 304 687 305 689 887 318 327 577 657 760 354 598 44 826 364 387 825 442 451 523 833 459 461 501 671 517 
17: 527 966 993 793 505 991 663 801 892 152 719 848 337 397 543 330 814 934 898 658 227 238 621 243 896 887 456 325 757 518 396 468 506 858 539 568 555 84 
18: 727 936 831 992 159 973 986 882 961 176 895 202 492 231 285 753 821 3 94 417 562 748 633 511 655 537 677 777 63 659 88 643 811 675 
19: 923 930 187 424 
20: 989 976 617 910 234 899 918 854 509 264 635 283 682 871 554 514 
21: 909 935 948 668 198 941 975 673 874 277 647 824 292 837 861 335 873 943 359 365 38 584 407 746 426 434 752 600 610 65 711 
22: 228 731 816 869 
23: 761 556 797 49 
24: 891 649 770 93 
25: 857 952 864 642 82 
26: 897 334 561 706 
27: 993 257 398 782 
28: 800 897 835 883 612 258 676 691 561 706 358 
29: 799 761 263 770 797 462 629 
30: 799 269 349 429 474 
31: 857 872 542 864 875 297 611 642 356 484 499 701 654 
32: 918 871 780 390 
33: 799 761 401 429 
34: 915 778 747 868 736 703 594 400 667 664 
35: 617 910 899 403 
36: 979 789 853 419 
37: 960 970 636 420 438 630 
38: 976 680 762 476 
39: 970 963 620 546 
40: 958 530 622 693 
41: 968 669 863 507 
42: 915 868 540 667 
43: 968 979 931 597 853 
44: 849 842 963 731 869 583 
45: 958 834 763 622 
46: 980 994 917 693 
