# The contained cliques in the communities at k=4
# from G:\Dropbox\Raghda\CNA\Final Project\other methods\CFinder-2.0.6--1448\G:\Dropbox\Raghda\CNA\Final Project\Datasets\binary_networks\LFR1\networ_LFR1_Om3.dat
# at no lower link weight threshold,
# and at no upper link weight threshold.
# Links were treated as undirected.
# No time limit was set for the clique search.

0: 6 339 643 504 882 113 173 281 475 505 518 464 529 872 465 476 
1: 8 9 10 11 12 13 16 288 486 647 648 773 929 999 1164 1188 1273 1278 1279 1282 1293 1296 487 
2: 17 490 230 667 364 384 439 130 
3: 18 592 796 870 873 908 974 95 108 149 243 269 273 378 480 608 649 650 797 798 871 874 909 942 1092 
4: 19 651 666 23 140 267 
5: 21 916 917 1038 1064 1065 1066 1067 264 366 860 863 915 1039 1040 1041 1042 1069 1070 1071 377 376 375 1068 764 1015 1108 762 763 914 1037 134 136 
6: 24 144 342 777 55 448 220 219 
7: 25 58 383 426 1004 1005 427 678 679 
8: 26 652 254 
9: 27 70 131 252 346 373 607 626 687 723 841 848 849 855 881 913 1046 1047 1074 1114 1160 1163 1187 1204 1280 1281 1297 
10: 28 74 181 204 603 846 898 899 900 902 910 911 995 1043 1073 79 147 274 604 847 901 903 912 996 997 1016 1032 1049 1033 
11: 29 31 372 394 472 712 
12: 30 81 159 620 698 742 794 858 859 926 927 928 1034 1035 1036 1050 1051 1052 1085 1086 1087 1088 1089 1090 1091 1102 1138 1139 1140 1141 1142 1178 1179 1197 1198 1202 1203 1216 1217 151 195 284 287 292 400 550 562 563 717 718 922 923 924 925 990 1272 165 166 474 
13: 32 438 673 1009 1022 52 272 341 674 676 410 317 403 137 957 1010 
14: 35 948 158 509 843 949 1021 157 510 1020 842 844 845 
15: 36 577 659 835 836 893 894 895 975 71 196 218 578 749 771 780 887 888 68 781 69 660 889 750 751 
16: 37 93 371 385 436 437 571 686 696 697 744 745 767 768 838 876 955 956 1006 1007 1031 1057 1058 1059 1061 1062 1063 1115 49 141 146 172 265 396 397 441 442 972 1060 557 837 1072 51 235 401 743 
17: 39 198 257 351 395 454 455 810 811 833 834 952 1000 656 50 352 655 258 1008 
18: 46 57 160 174 215 226 248 336 345 404 405 471 559 564 575 585 586 613 638 639 740 853 854 939 940 941 983 984 985 986 987 1001 1002 1003 1017 1044 1045 1075 1076 1079 1080 1081 1082 1128 1154 1155 1156 1157 1158 1159 1175 1176 1177 1182 1183 1184 1270 1286 1298 1083 1084 1129 1130 576 989 1077 1078 1180 1181 1185 1186 1271 1301 614 988 282 
19: 47 150 713 770 190 
20: 48 77 82 268 594 981 1207 1209 1211 1212 1213 1222 1223 1224 1225 1234 1235 1237 1238 1239 1240 1247 1248 1249 1250 1251 1252 1256 1257 1258 1261 1262 1265 1266 1287 1288 1289 1290 78 1210 1214 1295 1299 934 1208 1215 1221 142 795 932 933 982 1226 1227 1228 1229 1230 1236 1241 1242 1260 1268 1292 143 363 695 1259 1267 1291 194 1243 152 153 83 185 481 482 473 1056 
21: 59 60 61 161 519 84 236 275 72 182 
22: 62 300 374 890 1095 1109 1231 1276 330 334 640 759 787 788 892 919 1098 1099 1111 1112 1117 1274 335 642 765 766 891 918 1096 1097 1116 1167 340 641 1113 456 328 1119 183 1110 110 1118 1232 
23: 76 979 1100 188 347 715 825 852 878 879 976 977 978 980 1030 850 851 880 968 1277 579 784 969 107 422 827 714 826 580 445 
24: 80 246 406 407 408 409 
25: 111 633 761 973 1145 1190 283 632 710 737 760 944 945 946 964 965 966 1144 1189 259 443 503 549 593 605 606 738 803 353 816 711 739 815 1133 1199 1143 548 967 963 962 420 1205 184 214 
26: 121 122 419 706 707 1024 1026 1193 1195 1028 1245 193 399 540 546 547 590 591 624 708 747 748 958 1025 1027 1029 1196 1246 398 709 1194 449 541 625 440 623 
27: 132 315 316 290 291 318 319 
28: 145 516 517 514 515 234 170 
29: 154 386 387 
30: 156 432 752 947 434 684 731 753 729 
31: 167 823 1053 1054 1192 1170 1200 1171 953 1173 358 357 1201 865 1012 1148 1219 1220 864 1285 822 1011 1013 556 1218 
32: 171 627 634 804 885 897 1106 1107 251 704 840 886 416 635 705 369 724 725 
33: 177 720 856 857 971 1094 1103 1104 1105 1150 1152 1153 225 380 558 565 570 719 721 722 758 920 921 1151 1048 581 582 
34: 186 950 951 388 817 818 1023 379 389 271 692 821 270 691 820 533 534 535 536 819 
35: 191 192 430 525 431 496 526 429 428 
36: 199 343 348 
37: 202 203 460 462 466 664 326 663 665 327 463 467 631 461 459 630 662 458 628 629 333 303 304 451 
38: 206 522 528 
39: 209 
40: 211 212 289 242 785 805 884 726 727 728 507 508 943 
41: 239 247 260 368 415 
42: 244 349 775 793 1055 675 791 792 
43: 261 262 469 699 700 701 832 1018 831 830 468 470 694 615 693 616 930 829 
44: 276 452 741 746 769 1093 1101 
45: 311 447 337 370 338 
46: 329 938 936 344 755 800 868 869 937 1168 1233 757 756 783 961 754 610 612 611 960 959 801 799 993 
47: 359 360 361 
48: 417 418 523 491 492 527 
49: 421 621 622 637 702 636 703 
50: 453 774 
51: 499 542 544 
52: 524 689 
53: 530 813 814 
54: 584 595 596 597 617 618 619 877 
55: 681 
56: 1206 
