# The graph of at k=4
# from G:\Dropbox\Raghda\CNA\Final Project\other methods\CFinder-2.0.6--1448\G:\Dropbox\Raghda\CNA\Final Project\Datasets\binary_networks\LFR1\networ_LFR1_Om3.dat
# at no lower link weight threshold,
# and at no upper link weight threshold.
# Links were treated as undirected.
# No time limit was set for the clique search.

0 9 1
0 44 1
1 5 1
1 7 1
1 12 1
1 17 2
1 18 1
1 26 1
1 32 1
1 40 1
1 41 1
1 44 1
1 49 1
2 10 1
2 51 1
3 22 1
3 26 1
3 31 1
3 33 1
3 42 1
3 44 1
4 14 1
4 23 2
4 26 2
4 31 1
4 42 1
5 10 1
5 18 1
5 20 1
5 32 1
5 54 1
7 10 1
7 12 1
7 20 1
7 34 1
7 50 1
9 11 1
9 13 1
9 17 2
9 20 1
9 25 1
9 33 1
9 40 1
9 44 1
9 46 1
9 49 1
9 54 1
9 56 2
10 18 1
10 19 1
10 20 1
10 31 1
10 33 1
10 37 1
10 50 1
10 51 1
11 16 1
11 34 1
11 46 1
11 54 1
12 16 1
12 24 1
12 46 1
13 24 1
13 26 1
14 15 1
14 31 1
14 41 1
15 16 1
15 20 1
15 21 1
15 29 1
15 51 1
16 20 2
16 25 1
16 42 1
16 49 1
16 54 1
17 22 1
17 25 1
17 33 1
17 40 1
17 41 1
17 49 1
18 21 1
18 44 2
19 20 1
20 34 1
20 36 1
20 37 1
20 40 1
20 42 1
20 51 1
20 54 2
20 56 2
21 29 1
21 44 1
22 25 1
22 26 1
22 29 2
22 34 1
22 44 1
22 46 1
22 49 1
22 52 1
23 26 1
23 42 1
24 26 1
25 35 1
25 42 1
25 43 1
25 46 1
25 49 1
26 31 1
26 49 1
29 34 1
29 44 1
30 55 2
31 33 1
31 39 1
31 41 1
31 42 1
31 43 1
31 53 4
33 44 1
34 46 1
35 43 1
36 37 1
37 39 2
38 50 2
39 43 1
40 56 2
46 49 1
47 52 3
