# The communities at k=3
# from G:\Dropbox\Raghda\CNA\Final Project\other methods\CFinder-2.0.6--1448\G:\Dropbox\Raghda\CNA\Final Project\Datasets\binary_networks\LFR2\networ_LFR2_Om6.dat
# at no lower link weight threshold,
# and at no upper link weight threshold.
# Links were treated as undirected.
# No time limit was set for the clique search.

0: 674 943 10 914 955 999 100 579 824 934 1000 144 173 18 184 196 35 358 360 370 382 407 464 480 551 57 572 608 641 694 706 715 727 762 770 795 814 830 837 849 855 869 872 898 900 919 928 944 990 993 101 632 846 984 104 614 93 972 985 995 106 628 772 917 828 963 108 893 918 269 117 937 966 970 994 111 909 959 976 112 899 113 194 755 868 833 115 466 759 950 975 949 726 935 936 119 971 981 988 12 604 791 986 122 978 996 124 720 904 925 125 845 126 991 847 933 967 968 384 134 850 954 987 998 136 80 960 137 472 951 138 716 803 806 139 463 577 848 140 596 910 979 141 980 983 142 227 897 143 875 932 146 580 823 913 974 778 871 992 150 635 989 997 151 568 84 152 698 885 912 154 231 298 59 686 962 771 958 158 964 16 829 929 163 931 922 165 891 167 859 168 169 17 345 462 170 642 171 542 712 839 172 317 663 585 176 177 22 658 730 178 731 722 629 745 183 973 185 186 517 863 369 323 680 857 197 444 536 902 199 460 652 886 952 20 202 926 205 276 514 510 209 709 210 212 365 213 489 214 853 215 612 217 218 941 219 793 221 455 525 841 224 373 42 826 835 228 23 668 906 232 233 411 589 236 738 237 832 239 776 865 862 242 339 481 637 707 735 244 377 718 245 582 815 734 956 548 681 25 804 253 254 817 465 257 40 704 258 259 261 594 263 264 266 391 908 268 595 27 294 622 270 570 903 272 690 273 274 320 279 280 281 748 283 636 819 874 905 286 606 689 287 534 615 289 290 911 953 292 876 620 624 838 296 744 888 957 299 593 530 301 302 528 303 4 307 682 95 413 311 768 312 313 827 314 315 895 381 319 32 322 818 566 6 325 678 703 326 672 328 586 329 330 331 332 454 336 756 761 338 477 736 561 844 346 754 347 349 429 705 352 565 867 353 355 802 940 356 423 782 796 359 361 685 363 366 890 367 37 443 376 378 887 643 388 873 389 39 789 395 396 397 421 398 439 402 408 409 743 609 410 414 417 766 821 894 420 457 684 546 425 640 564 427 497 428 625 430 432 433 436 437 840 440 441 800 60 445 448 870 541 456 496 861 467 746 47 470 66 471 473 842 697 48 49 490 493 785 547 498 5 64 603 784 51 511 512 518 611 52 883 878 524 701 798 535 699 539 801 576 554 556 558 559 56 630 92 583 639 729 578 687 62 749 664 61 610 854 621 741 623 654 822 88 85 70 757 90 91 79 97 811 99 98 94 
1: 814 849 116 809 896 446 175 733 478 282 505 45 
2: 102 309 805 836 942 118 148 760 182 222 835 247 275 55 340 883 749 
3: 103 767 882 921 985 601 833 538 160 132 412 915 968 998 979 394 714 159 901 600 189 19 422 2 952 804 495 277 278 787 647 284 316 889 321 341 710 867 543 670 618 553 598 801 713 
4: 105 351 380 204 732 
5: 693 127 775 123 660 513 128 372 77 781 
6: 982 849 928 415 109 711 879 923 983 992 574 153 907 920 965 901 485 479 952 223 649 763 665 906 520 249 691 250 938 644 876 895 318 557 33 488 344 350 782 781 821 860 67 499 742 502 834 807 667 
7: 700 831 11 937 966 947 964 549 948 238 229 810 938 555 260 813 797 3 889 342 387 717 404 723 484 96 728 883 878 53 560 76 
8: 982 893 120 434 877 977 13 779 946 14 526 932 157 375 773 901 161 737 166 891 835 862 308 348 758 867 782 459 416 673 794 8 492 506 507 81 616 75 
9: 121 533 573 820 835 240 
10: 129 476 651 739 295 364 567 624 
11: 884 29 951 156 816 174 724 243 327 300 38 
12: 657 133 916 930 945 661 892 234 411 827 34 343 648 46 58 588 633 
13: 864 917 991 927 135 987 998 778 891 180 892 188 662 193 216 799 7 563 36 368 721 405 509 861 491 656 677 54 807 587 669 
14: 869 961 550 792 924 933 145 969 475 89 952 206 532 248 334 271 783 876 521 607 337 808 782 400 519 435 44 861 860 545 
15: 149 634 777 780 162 86 379 544 
16: 951 181 333 739 
17: 770 919 962 958 931 922 187 880 939 695 255 676 262 515 442 645 725 878 
18: 288 191 529 28 
19: 984 961 195 692 769 851 858 862 631 267 788 438 905 393 753 834 
20: 943 752 893 958 494 198 747 774 902 226 504 537 812 449 522 500 581 627 
21: 200 21 390 750 201 203 386 540 
22: 562 401 207 514 
23: 786 424 843 866 483 225 825 719 887 433 458 696 646 764 584 883 765 679 74 
24: 503 732 9 
25: 527 719 63 765 
26: 875 835 827 790 392 702 708 43 602 468 
27: 659 426 431 508 293 740 447 71 
28: 617 740 65 
29: 1000 638 856 969 401 881 852 252 653 461 591 592 666 450 688 516 523 801 671 
30: 605 230 256 357 
31: 992 374 418 821 
32: 943 845 383 
33: 993 820 406 
34: 1000 474 898 
35: 452 866 646 
36: 963 896 155 
37: 987 958 285 
38: 915 957 335 
39: 966 605 880 
40: 918 965 571 
41: 945 662 750 
42: 997 948 675 
43: 999 886 619 
44: 715 899 902 
45: 727 988 897 
46: 942 994 777 
47: 795 959 986 
48: 945 931 801 
49: 982 871 825 
50: 955 998 835 
