# The contained cliques in the communities at k=3
# from G:\Dropbox\Raghda\CNA\Final Project\other methods\CFinder-2.0.6--1448\G:\Dropbox\Raghda\CNA\Final Project\Datasets\binary_networks\LFR2\networ_LFR2_Om6.dat
# at no lower link weight threshold,
# and at no upper link weight threshold.
# Links were treated as undirected.
# No time limit was set for the clique search.

0: 0 311 517 767 913 914 966 969 213 678 744 747 968 1005 29 37 56 92 137 198 224 267 328 440 495 496 540 541 656 677 745 746 967 829 970 916 1004 457 587 995 142 456 141 588 750 751 93 249 589 827 785 1032 499 503 786 898 906 907 404 1048 402 403 14 53 91 108 215 237 268 395 396 397 475 497 884 980 981 984 1068 1072 216 269 1073 270 507 863 11 131 147 339 370 377 401 415 528 529 532 628 631 632 695 718 760 919 930 1022 1024 1074 1089 633 634 920 702 798 941 1006 799 34 84 211 226 292 351 353 361 389 418 428 488 490 607 627 636 733 734 928 976 1008 1043 1007 360 1079 625 623 624 626 80 369 373 515 647 648 686 859 888 890 945 994 243 542 860 865 891 543 825 864 998 54 368 687 704 705 706 824 889 959 55 944 322 516 943 709 605 708 886 1087 83 87 107 225 247 248 263 320 343 365 372 409 646 654 655 665 794 874 875 885 1065 59 321 997 366 200 887 1078 1059 233 429 552 643 645 736 813 819 4 5 6 7 8 10 231 232 816 817 900 931 999 1011 1051 1060 1066 1076 815 1002 666 935 1003 145 204 241 74 144 73 240 203 1012 67 98 174 227 277 344 352 371 400 405 484 485 504 505 579 601 602 603 606 622 629 776 949 1044 506 917 918 1035 1052 1069 202 319 354 572 657 668 780 797 856 52 90 101 199 228 236 523 971 993 1018 1042 1046 1049 1045 681 1015 1016 61 314 391 514 774 957 2 100 305 363 434 719 1058 958 17 49 306 367 513 512 26 223 255 511 876 879 1075 683 642 682 684 3 75 329 398 399 576 977 256 121 258 566 120 187 450 186 439 1050 460 1009 462 464 274 463 273 420 421 154 803 771 801 802 71 325 326 413 494 663 664 713 714 715 983 988 932 414 899 667 271 276 830 846 1084 51 157 181 192 207 301 309 419 424 469 585 586 635 1019 1026 1038 1057 182 1017 41 40 22 23 259 264 293 386 422 501 675 809 929 1063 1062 1071 810 1033 1034 333 982 332 148 178 302 331 465 480 500 502 533 565 604 867 1021 1080 1081 134 173 1082 1020 965 853 854 99 217 458 307 459 149 679 150 318 308 855 947 948 235 567 482 171 483 170 568 569 570 312 313 9 138 160 291 346 651 652 676 752 832 1029 161 30 164 163 1085 1083 105 106 126 159 210 296 330 408 472 638 716 739 841 862 866 877 915 1023 1055 1086 60 1001 78 637 639 1088 985 987 158 535 669 759 839 892 924 349 350 731 64 287 300 340 341 384 385 732 974 214 278 773 772 840 593 775 902 531 70 193 530 69 68 288 16 208 1054 1053 21 124 139 143 364 452 486 518 726 1037 1040 140 257 487 1061 991 1067 857 36 62 244 356 393 707 847 858 89 94 848 88 392 245 357 526 934 1077 476 498 97 644 814 908 844 843 431 698 743 842 845 909 194 345 432 742 25 299 697 24 298 230 477 740 229 478 741 986 946 942 
1: 1 27 96 324 441 445 940 323 
2: 12 28 65 104 151 165 279 315 880 937 378 881 166 280 
3: 13 79 317 327 355 467 556 694 878 362 557 992 1028 921 600 1031 1030 38 125 316 438 448 449 591 592 649 650 696 768 769 770 781 782 826 39 660 661 662 112 113 1064 114 379 380 47 238 972 46 239 
4: 15 234 133 
5: 18 35 42 407 559 179 560 
6: 19 822 153 544 659 765 823 882 883 152 658 754 755 805 804 806 72 175 283 383 390 443 451 473 571 927 990 1070 989 1056 975 582 757 581 584 545 583 547 546 758 549 766 550 551 761 762 282 433 358 359 195 821 196 1000 756 
7: 20 254 294 381 412 811 812 833 870 873 951 952 1047 260 425 562 563 640 954 955 1041 205 574 573 295 534 641 871 197 220 219 872 1039 169 956 953 
8: 31 32 435 190 617 620 621 727 783 850 903 904 1014 85 201 242 347 491 537 538 728 851 893 925 1013 86 348 492 539 905 962 57 81 479 618 784 910 58 561 493 852 77 387 619 729 894 1027 76 388 895 961 730 44 222 963 221 
9: 33 272 558 
10: 43 436 338 336 680 337 
11: 45 95 180 275 342 861 
12: 48 176 191 209 265 382 722 723 724 737 738 266 725 
13: 50 102 110 146 162 177 206 406 536 590 598 599 720 721 793 807 868 950 1010 250 597 748 808 
14: 63 111 135 185 281 289 310 444 630 926 936 1025 938 685 939 374 553 960 376 375 555 594 923 554 423 510 580 
15: 66 82 172 410 427 
16: 103 246 
17: 109 290 297 519 521 575 763 764 789 790 828 869 901 1036 520 788 
18: 115 167 
19: 116 117 118 671 119 672 304 466 303 417 674 922 673 911 670 896 912 
20: 122 123 703 710 446 447 525 548 595 609 524 610 711 156 577 578 964 608 712 596 
21: 127 128 129 130 253 132 
22: 136 252 
23: 155 455 838 454 453 897 979 796 701 700 795 218 791 836 792 837 831 509 508 
24: 168 
25: 183 564 
26: 184 416 527 699 835 834 
27: 188 189 334 461 522 335 
28: 212 
29: 251 284 611 735 285 286 612 489 613 689 777 471 470 691 787 690 615 616 614 693 692 779 778 688 
30: 261 262 
31: 394 481 
32: 411 
33: 426 
34: 430 
35: 437 
36: 442 
37: 468 
38: 474 
39: 653 
40: 717 
41: 749 
42: 753 
43: 800 
44: 818 
45: 820 
46: 849 
47: 933 
48: 973 
49: 978 
50: 996 
