# The links inside the communities at k=9
# from G:\Dropbox\Raghda\CNA\Final Project\other methods\CFinder-2.0.6--1448\G:\Dropbox\Raghda\CNA\Final Project\Datasets\binary_networks\LFR3\network_LFR3_Om5.dat
# at no lower link weight threshold,
# and at no upper link weight threshold.
# Links were treated as undirected.
# No time limit was set for the clique search.

0:
873 893
873 930
873 653
873 876
873 787
873 851
873 863
873 815
873 723
893 930
893 653
893 876
893 787
893 851
893 863
893 815
893 723
930 653
930 876
930 787
930 851
930 863
930 815
930 723
653 876
653 787
653 851
653 863
653 815
876 787
876 851
876 863
876 815
876 723
787 851
787 863
787 815
787 723
851 863
851 815
851 723
863 815
863 723
815 723
1:
963 976
963 987
963 867
963 910
963 986
963 959
963 917
963 844
963 948
963 886
976 987
976 867
976 910
976 986
976 959
976 917
976 844
976 948
976 886
987 867
987 910
987 986
987 959
987 917
987 844
987 948
987 886
867 910
867 986
867 959
867 917
867 948
867 886
910 986
910 959
910 917
910 948
910 886
986 959
986 917
986 844
986 948
986 886
959 917
959 844
959 948
959 886
917 844
917 948
917 886
844 948
844 886
948 886
