# The cliques from G:\Dropbox\Raghda\CNA\Final Project\other methods\CFinder-2.0.6--1448\G:\Dropbox\Raghda\CNA\Final Project\Datasets\binary_networks\LFR3\network_LFR3_Om3.dat
# at no lower link weight threshold,
# and at no upper link weight threshold.
# Links were treated as undirected.
# No time limit was set for the clique search.

0: 941 946 27 
1: 988 989 54 
2: 1 157 948 
3: 1 549 948 
4: 157 948 442 
5: 157 948 947 
6: 10 287 924 932 
7: 10 705 924 932 
8: 100 1000 786 963 
9: 100 1000 939 963 
10: 1000 205 41 
11: 1000 205 437 
12: 1000 233 966 976 
13: 1000 963 41 
14: 1000 41 569 
15: 56 944 658 
16: 1000 939 58 
17: 1000 58 626 
18: 102 649 895 
19: 102 649 931 
20: 96 996 935 
21: 104 857 889 941 946 
22: 105 306 960 
23: 105 907 960 
24: 106 660 995 
25: 107 359 965 
26: 107 836 942 965 
27: 857 941 946 108 
28: 941 946 108 670 
29: 109 819 990 
30: 11 913 956 
31: 981 886 110 
32: 886 110 200 
33: 886 200 47 
34: 111 761 945 
35: 113 776 984 
36: 113 921 940 984 
37: 964 952 114 911 
38: 712 115 996 
39: 115 296 996 
40: 162 938 884 
41: 117 595 973 
42: 117 958 973 
43: 118 622 951 
44: 118 915 951 
45: 952 911 119 
46: 911 119 683 
47: 13 838 818 866 
48: 993 120 936 957 985 
49: 951 121 800 
50: 951 121 829 
51: 965 122 138 
52: 965 122 852 
53: 942 965 138 253 
54: 123 869 935 959 
55: 123 935 938 
56: 990 124 719 822 898 
57: 981 858 125 
58: 981 800 125 
59: 822 898 126 779 
60: 898 126 295 
61: 539 127 838 
62: 127 440 838 
63: 996 128 899 
64: 128 688 899 
65: 996 938 129 
66: 996 129 305 
67: 952 131 591 
68: 984 132 661 874 
69: 995 159 909 
70: 133 713 789 903 922 
71: 978 134 773 810 
72: 978 134 780 810 
73: 719 898 135 
74: 898 135 497 
75: 136 603 628 
76: 137 767 807 879 912 
77: 978 139 422 
78: 978 139 722 
79: 139 216 722 
80: 780 216 722 
81: 216 722 599 
82: 924 932 14 541 
83: 924 14 541 606 
84: 925 929 966 999 141 
85: 978 780 142 896 
86: 978 142 823 896 
87: 958 143 634 
88: 958 143 777 
89: 990 822 144 732 
90: 822 144 944 
91: 956 145 419 
92: 956 145 784 
93: 147 393 565 975 
94: 147 565 975 986 
95: 993 148 792 
96: 993 148 796 
97: 762 983 149 933 
98: 992 149 933 
99: 15 510 738 
100: 903 922 150 
101: 997 977 151 928 998 
102: 889 941 946 152 
103: 958 973 153 949 
104: 958 153 949 955 
105: 660 155 994 
106: 986 155 909 994 
107: 879 912 156 607 875 
108: 158 685 980 
109: 996 935 16 
110: 179 674 841 
111: 836 965 160 749 
112: 957 985 207 864 
113: 996 828 161 
114: 996 161 460 
115: 996 161 884 
116: 997 164 625 
117: 997 164 900 
118: 919 994 166 865 
119: 919 166 865 982 
120: 789 922 167 782 
121: 997 928 998 169 848 
122: 951 17 855 
123: 895 170 878 
124: 997 998 171 751 
125: 935 177 918 
126: 899 177 918 
127: 996 172 64 
128: 996 938 64 
129: 975 982 173 860 
130: 982 173 758 860 
131: 964 911 174 580 612 
132: 923 176 617 901 
133: 923 176 901 979 
134: 886 905 178 
135: 18 550 971 
136: 18 730 971 
137: 964 952 911 180 
138: 790 966 999 181 
139: 960 212 788 868 
140: 948 442 182 862 
141: 948 182 590 
142: 954 983 183 
143: 913 945 186 516 
144: 761 945 186 
145: 623 187 771 
146: 738 187 771 
147: 879 912 875 188 
148: 776 984 189 893 
149: 940 984 189 893 
150: 923 901 979 19 
151: 901 979 19 695 
152: 993 957 985 190 851 
153: 978 422 211 
154: 727 818 193 
155: 818 193 391 641 
156: 984 194 627 824 
157: 938 914 195 
158: 959 195 665 
159: 995 986 982 197 
160: 986 994 197 
161: 986 198 763 
162: 995 199 297 
163: 995 199 861 
164: 939 756 999 2 
165: 954 983 980 20 
166: 983 20 511 
167: 886 915 47 
168: 915 951 47 
169: 995 975 201 
170: 995 201 436 
171: 975 994 201 
172: 994 201 436 
173: 995 986 202 
174: 997 998 848 203 
175: 998 203 906 
176: 204 671 802 
177: 993 957 985 206 
178: 719 898 779 208 
179: 884 209 753 
180: 958 21 743 
181: 991 971 210 832 
182: 879 912 875 213 969 
183: 931 973 214 
184: 973 949 214 876 
185: 935 918 215 
186: 918 215 299 
187: 964 683 969 217 
188: 992 997 998 218 
189: 997 998 218 638 
190: 995 986 861 22 507 
191: 221 747 798 
192: 924 932 974 222 774 
193: 979 970 223 390 
194: 995 975 909 224 
195: 995 975 982 224 
196: 945 892 225 
197: 892 225 805 
198: 952 911 226 
199: 942 227 902 
200: 964 952 630 228 
201: 964 952 228 536 
202: 912 875 969 229 724 
203: 981 858 235 
204: 981 235 814 
205: 995 975 986 230 
206: 993 985 796 231 
207: 993 985 864 231 
208: 705 924 932 232 
209: 924 932 974 232 
210: 995 861 234 
211: 995 234 343 
212: 963 925 976 236 
213: 993 936 237 910 
214: 978 773 823 896 238 
215: 995 860 861 240 
216: 836 942 965 241 
217: 942 965 241 696 
218: 979 970 242 
219: 970 242 844 
220: 935 938 243 
221: 978 773 896 33 
222: 978 246 33 
223: 914 25 833 
224: 984 874 26 
225: 955 39 873 
226: 772 30 492 
227: 30 492 804 
228: 996 899 95 
229: 996 884 95 
230: 903 922 277 72 
231: 903 922 72 817 
232: 913 805 28 781 
233: 913 28 768 
234: 984 98 842 
235: 984 98 90 
236: 993 936 985 3 585 
237: 991 971 816 31 
238: 991 31 598 
239: 973 876 32 
240: 973 32 843 
241: 802 804 97 
242: 804 97 73 
243: 956 890 67 
244: 933 930 65 
245: 933 341 65 
246: 873 843 35 
247: 873 706 35 
248: 953 970 894 36 677 
249: 923 979 970 37 
250: 994 865 46 
251: 994 372 46 
252: 865 982 46 
253: 954 983 86 
254: 942 965 852 394 6 
255: 945 572 4 
256: 768 572 4 
257: 960 926 868 40 
258: 960 868 839 40 
259: 953 967 979 970 42 
260: 836 942 965 9 
261: 942 965 431 9 
262: 915 700 44 
263: 915 44 799 
264: 924 932 974 62 
265: 924 932 469 62 
266: 991 971 472 69 
267: 991 971 69 60 
268: 956 945 82 
269: 994 861 81 
270: 994 476 81 
271: 981 827 855 48 
272: 981 709 48 
273: 939 999 897 49 
274: 929 999 897 49 
275: 988 989 943 962 5 
276: 945 892 890 50 
277: 807 879 912 969 51 
278: 981 698 94 
279: 836 942 965 52 
280: 942 965 680 52 
281: 993 957 985 851 53 
282: 940 984 602 55 
283: 984 533 55 
284: 802 567 74 
285: 789 903 782 57 
286: 903 782 817 57 
287: 991 816 834 88 
288: 991 581 88 
289: 809 753 59 
290: 938 918 59 
291: 991 971 816 71 
292: 991 598 71 
293: 991 971 832 60 
294: 924 932 7 
295: 924 606 7 
296: 809 863 61 
297: 940 984 627 83 
298: 984 874 627 83 
299: 954 980 950 63 
300: 954 693 63 
301: 988 989 968 68 
302: 895 853 89 
303: 958 853 699 89 
304: 727 818 99 
305: 949 955 873 75 
306: 949 744 75 
307: 988 989 943 968 76 
308: 981 800 799 77 
309: 981 827 77 
310: 907 960 926 868 79 
311: 998 848 8 
312: 961 976 999 80 
313: 889 941 946 825 87 
314: 997 998 91 
315: 996 869 84 
316: 996 828 84 
317: 996 884 84 
318: 991 971 832 92 
319: 992 988 989 962 85 
320: 984 874 90 
321: 287 924 932 553 
322: 1000 247 976 999 
323: 247 999 358 
324: 1000 263 966 976 999 
325: 1000 288 883 925 976 999 
326: 1000 963 326 966 976 999 
327: 1000 963 353 976 
328: 1000 353 756 976 
329: 1000 355 927 961 
330: 1000 355 961 976 
331: 306 960 926 620 835 
332: 362 919 994 
333: 362 919 982 
334: 359 965 944 
335: 359 965 414 
336: 359 965 632 
337: 313 930 254 
338: 313 930 648 
339: 244 838 866 
340: 819 990 295 
341: 990 898 295 327 
342: 727 245 818 
343: 938 276 884 
344: 996 899 305 
345: 942 253 279 
346: 965 253 573 
347: 253 279 573 
348: 927 961 999 256 
349: 961 976 999 256 
350: 716 775 317 
351: 524 317 690 
352: 995 297 708 
353: 841 281 811 
354: 995 986 343 734 
355: 519 303 700 
356: 981 951 381 731 
357: 284 483 742 
358: 978 990 246 666 
359: 978 246 485 
360: 929 966 999 358 897 
361: 919 982 248 
362: 982 592 248 
363: 982 248 637 
364: 857 889 941 946 249 801 
365: 991 971 250 718 
366: 991 971 250 816 
367: 948 947 862 251 920 
368: 948 251 640 
369: 714 927 999 252 
370: 925 927 999 252 
371: 942 852 944 279 
372: 852 279 573 
373: 933 930 254 
374: 930 254 820 
375: 809 996 255 
376: 996 938 833 255 
377: 688 833 255 
378: 953 923 979 257 
379: 953 923 844 257 
380: 991 550 971 258 
381: 971 258 369 
382: 987 971 369 
383: 971 369 834 
384: 971 369 755 
385: 908 960 959 868 259 
386: 908 960 259 891 
387: 953 923 901 970 260 
388: 953 970 260 491 
389: 889 941 946 261 568 
390: 988 989 262 943 962 968 
391: 993 936 985 851 264 
392: 993 936 985 910 264 
393: 997 998 265 881 
394: 998 906 265 
395: 953 979 970 266 894 
396: 953 970 844 266 894 
397: 907 960 926 868 268 
398: 923 901 979 970 269 
399: 972 793 494 270 
400: 972 877 270 
401: 908 907 960 271 835 
402: 973 759 272 
403: 973 272 412 
404: 973 272 847 
405: 996 884 273 
406: 996 273 420 
407: 996 273 863 
408: 908 907 960 926 868 275 
409: 713 903 922 277 682 
410: 964 952 630 278 659 
411: 981 905 280 
412: 981 280 398 
413: 859 915 294 
414: 859 294 698 
415: 945 311 588 
416: 945 311 803 
417: 716 603 283 
418: 716 771 283 
419: 727 818 338 
420: 818 866 338 
421: 939 883 927 961 999 285 
422: 948 590 640 286 
423: 948 862 286 
424: 899 914 289 
425: 899 289 645 
426: 996 987 319 
427: 996 420 319 
428: 548 382 404 
429: 940 984 977 290 
430: 940 984 290 602 
431: 984 290 533 
432: 892 291 572 
433: 892 291 679 
434: 907 960 292 
435: 810 292 500 
436: 988 989 962 968 293 
437: 940 984 298 842 
438: 953 979 970 378 
439: 979 970 378 302 
440: 988 989 962 968 300 885 
441: 892 301 745 
442: 892 301 890 
443: 923 979 970 894 302 
444: 991 787 304 834 
445: 991 304 715 
446: 903 922 947 339 
447: 903 947 339 694 
448: 978 990 823 307 
449: 978 990 666 307 
450: 985 977 796 308 856 
451: 985 792 308 856 
452: 942 965 309 
453: 908 960 926 310 
454: 908 960 310 839 
455: 958 777 955 312 
456: 958 955 847 312 
457: 958 847 312 826 
458: 964 952 911 314 
459: 964 952 703 314 
460: 980 737 315 
461: 980 315 764 
462: 980 315 872 
463: 797 986 316 
464: 975 986 316 
465: 737 930 318 
466: 737 318 934 
467: 869 918 833 320 
468: 918 833 320 405 
469: 993 985 796 851 321 
470: 908 907 960 835 322 
471: 650 975 323 
472: 975 323 813 
473: 865 323 813 
474: 945 987 890 324 
475: 987 890 324 887 
476: 992 325 335 
477: 992 325 740 
478: 934 325 335 
479: 934 325 740 
480: 565 986 328 
481: 986 763 328 
482: 713 903 922 329 
483: 903 922 782 329 817 
484: 978 990 330 
485: 978 780 330 
486: 978 330 473 
487: 940 984 893 842 332 
488: 954 333 871 950 
489: 948 862 334 
490: 802 804 334 
491: 997 928 998 900 336 
492: 997 928 998 336 711 
493: 953 923 979 894 337 
494: 953 967 979 894 337 
495: 981 951 855 340 880 
496: 933 740 341 
497: 872 740 341 
498: 940 984 342 
499: 997 998 849 344 
500: 997 998 344 675 904 
501: 948 920 345 
502: 948 345 459 
503: 948 345 631 
504: 940 984 346 791 
505: 984 874 533 346 
506: 984 874 346 791 
507: 996 935 918 347 
508: 996 935 863 347 
509: 996 636 347 
510: 767 807 879 912 875 348 
511: 995 982 349 644 
512: 956 784 350 795 
513: 987 350 366 
514: 987 350 795 
515: 945 987 608 366 
516: 953 901 979 894 351 
517: 979 351 639 
518: 990 719 898 352 
519: 990 898 352 684 
520: 719 898 779 352 
521: 898 779 352 684 
522: 953 967 979 970 354 
523: 991 987 971 356 
524: 991 971 834 356 
525: 991 971 356 655 
526: 898 779 497 684 360 
527: 898 779 944 684 360 
528: 973 777 949 361 
529: 949 361 427 
530: 807 879 912 875 969 363 
531: 716 771 364 
532: 623 771 364 
533: 771 690 364 
534: 822 898 779 944 365 
535: 543 944 365 
536: 997 998 969 368 
537: 997 368 529 
538: 995 986 370 672 
539: 986 994 370 672 
540: 994 370 445 
541: 988 989 943 962 968 371 
542: 975 909 994 372 
543: 909 994 920 372 
544: 993 957 985 373 681 
545: 993 985 850 373 
546: 980 764 374 
547: 857 889 941 946 375 
548: 889 941 946 568 375 
549: 948 920 376 578 
550: 948 376 629 
551: 998 920 376 
552: 990 719 898 377 
553: 898 944 377 
554: 543 944 377 
555: 967 934 379 
556: 379 383 554 
557: 931 878 383 
558: 948 862 891 380 
559: 948 640 891 380 
560: 948 631 380 
561: 924 932 974 774 384 
562: 924 932 774 384 415 
563: 1000 411 966 
564: 411 931 973 
565: 411 942 965 
566: 423 991 971 832 
567: 423 991 971 830 
568: 423 991 971 564 
569: 1000 963 437 
570: 1000 437 736 
571: 963 437 897 
572: 437 736 897 
573: 1000 461 925 927 929 999 
574: 1000 963 463 605 
575: 1000 963 463 840 966 
576: 468 951 916 
577: 468 916 540 
578: 440 838 641 
579: 440 838 742 
580: 440 587 742 
581: 443 879 912 875 969 724 
582: 978 773 422 
583: 956 419 701 
584: 956 419 781 
585: 393 975 982 
586: 948 442 631 
587: 712 996 460 
588: 996 947 460 
589: 947 460 841 
590: 981 800 484 
591: 981 484 397 
592: 981 484 723 
593: 539 838 391 641 
594: 838 818 391 641 
595: 838 818 391 742 
596: 993 985 475 
597: 995 909 436 
598: 909 994 436 
599: 909 436 651 
600: 994 808 436 
601: 975 994 476 
602: 975 476 522 
603: 978 780 810 896 490 
604: 978 780 722 490 
605: 948 947 862 418 
606: 948 862 418 741 
607: 948 418 640 
608: 923 979 970 390 
609: 923 970 390 844 
610: 967 979 970 390 
611: 945 448 890 
612: 784 448 887 
613: 448 890 887 
614: 448 890 552 
615: 909 994 426 
616: 994 808 426 
617: 808 982 426 
618: 907 926 485 
619: 983 485 872 
620: 953 979 970 491 894 
621: 980 517 416 
622: 980 416 765 
623: 595 973 412 
624: 595 412 867 
625: 958 973 412 
626: 996 674 420 
627: 996 420 811 
628: 981 951 398 916 
629: 951 609 398 
630: 398 916 555 
631: 986 982 489 387 
632: 986 982 489 593 
633: 986 642 465 
634: 986 861 465 
635: 596 483 742 
636: 596 483 752 
637: 483 742 560 
638: 986 994 861 387 
639: 935 914 406 
640: 987 451 887 846 
641: 956 805 464 
642: 956 464 769 
643: 997 928 998 881 486 
644: 997 998 969 881 486 
645: 918 405 402 
646: 942 965 749 680 431 
647: 978 773 896 473 
648: 991 730 971 385 830 
649: 991 971 834 385 830 
650: 948 590 459 741 
651: 948 862 459 629 741 
652: 990 791 392 
653: 836 942 965 749 414 
654: 942 965 696 414 
655: 949 873 427 
656: 984 824 445 
657: 747 871 445 
658: 980 548 404 
659: 980 872 404 
660: 980 950 404 
661: 872 404 778 
662: 950 404 778 
663: 924 932 774 415 710 
664: 789 903 922 947 386 
665: 789 903 922 386 534 
666: 922 386 417 
667: 713 922 417 
668: 922 782 817 417 
669: 776 984 893 388 
670: 940 984 893 388 
671: 981 886 709 389 
672: 981 951 389 
673: 886 915 389 
674: 915 951 389 
675: 895 949 438 
676: 949 759 438 
677: 949 843 438 
678: 942 965 852 944 394 
679: 993 936 957 985 796 395 
680: 924 932 396 469 
681: 924 932 396 520 710 
682: 705 924 932 469 
683: 981 814 397 916 
684: 981 880 397 
685: 981 397 434 916 
686: 981 859 434 916 
687: 981 905 434 
688: 981 951 434 916 
689: 671 802 804 399 
690: 671 802 399 424 450 
691: 802 804 399 658 
692: 944 671 802 450 
693: 992 997 998 904 449 
694: 997 998 881 904 449 
695: 993 936 985 906 910 400 
696: 993 936 985 910 681 400 
697: 840 925 937 401 
698: 925 937 999 401 
699: 999 401 618 
700: 935 938 918 402 
701: 938 636 402 
702: 908 907 960 926 407 624 
703: 960 407 867 
704: 857 889 941 946 408 825 
705: 953 923 979 970 480 
706: 953 923 970 844 480 
707: 942 965 852 944 409 
708: 942 965 852 409 615 
709: 965 852 573 409 
710: 997 998 920 410 
711: 997 998 410 600 
712: 997 998 410 646 
713: 948 947 413 
714: 959 954 413 
715: 959 947 413 
716: 901 979 413 
717: 948 920 741 421 
718: 948 891 741 421 
719: 948 631 421 
720: 996 884 425 
721: 996 425 506 
722: 688 914 425 
723: 884 914 425 
724: 914 425 506 
725: 975 986 994 428 
726: 986 994 865 428 
727: 991 971 718 429 668 
728: 991 971 755 429 
729: 991 429 581 
730: 993 957 985 910 430 
731: 993 985 850 910 430 
732: 964 952 432 467 
733: 964 952 432 502 
734: 964 952 432 678 754 
735: 964 952 911 591 467 
736: 964 794 467 
737: 988 989 917 968 885 433 
738: 988 989 917 968 433 882 
739: 924 932 435 
740: 993 923 435 
741: 993 864 435 
742: 923 639 435 
743: 991 987 439 
744: 991 730 830 439 
745: 991 834 830 439 
746: 991 439 472 
747: 991 971 787 472 
748: 991 787 581 472 
749: 964 952 911 754 441 
750: 964 794 441 
751: 654 444 717 
752: 777 444 717 
753: 705 932 447 
754: 932 823 447 
755: 991 550 971 452 
756: 991 971 755 564 452 
757: 971 837 452 
758: 964 952 969 502 453 
759: 964 952 659 453 
760: 964 794 453 
761: 776 984 874 893 454 
762: 940 984 893 454 
763: 964 952 911 580 455 
764: 964 952 911 659 455 
765: 964 911 580 612 455 
766: 997 998 456 
767: 827 880 456 
768: 929 999 457 
769: 984 977 457 
770: 903 817 457 
771: 931 958 873 458 
772: 931 878 458 
773: 958 949 873 458 
774: 949 878 458 
775: 954 934 462 
776: 854 934 462 
777: 739 778 462 
778: 934 778 462 
779: 705 932 466 
780: 988 989 466 
781: 957 985 470 
782: 912 875 470 
783: 983 471 770 
784: 953 967 901 979 970 474 
785: 988 989 962 882 477 760 
786: 762 877 478 
787: 954 877 478 
788: 877 478 815 
789: 995 865 982 479 
790: 994 865 479 
791: 907 960 926 788 481 
792: 907 960 788 839 481 
793: 767 807 879 912 875 482 
794: 953 970 487 
795: 905 970 487 
796: 997 998 904 488 538 
797: 997 998 904 488 725 
798: 549 993 936 
799: 1000 963 515 966 976 999 
800: 1000 515 790 966 976 999 
801: 1000 963 542 888 929 999 
802: 1000 963 542 888 976 999 
803: 1000 542 888 929 961 999 
804: 1000 542 888 961 976 999 
805: 539 727 838 
806: 524 628 738 771 
807: 524 510 738 771 690 
808: 915 519 700 
809: 915 519 880 
810: 990 822 898 497 684 
811: 822 898 779 497 684 
812: 705 924 932 541 774 
813: 924 541 606 774 
814: 978 990 810 505 
815: 978 990 823 505 
816: 990 940 505 
817: 565 975 860 
818: 716 510 771 
819: 954 980 523 
820: 954 523 747 
821: 954 523 647 
822: 980 523 764 
823: 924 932 974 553 710 
824: 767 807 879 912 875 557 724 
825: 983 980 517 950 
826: 983 517 950 815 
827: 980 517 950 547 
828: 954 983 980 548 
829: 983 548 733 
830: 991 550 971 787 
831: 991 550 971 655 
832: 913 516 552 
833: 945 516 890 
834: 516 890 552 
835: 516 890 576 
836: 972 959 511 
837: 972 983 511 950 
838: 995 986 982 507 
839: 941 946 551 
840: 990 940 984 551 
841: 972 793 494 739 
842: 972 494 764 950 
843: 964 952 911 536 614 
844: 964 952 536 703 
845: 983 933 493 
846: 983 877 493 
847: 983 854 493 
848: 933 493 750 
849: 984 874 893 533 
850: 984 533 545 
851: 978 773 810 896 500 
852: 978 780 810 896 500 
853: 978 500 769 
854: 883 976 496 
855: 976 938 496 
856: 979 970 496 
857: 935 938 918 527 
858: 921 893 532 
859: 661 893 532 
860: 893 532 663 
861: 772 492 567 
862: 944 492 804 658 561 
863: 944 492 804 567 
864: 981 859 512 
865: 981 951 814 512 
866: 859 915 512 
867: 915 951 814 512 
868: 931 973 843 499 
869: 931 843 499 821 
870: 973 967 499 
871: 973 876 499 
872: 876 499 821 
873: 720 954 983 495 
874: 954 983 980 495 
875: 983 495 815 
876: 898 732 529 
877: 973 949 759 554 
878: 973 949 873 554 
879: 949 955 759 554 
880: 949 955 873 554 
881: 996 899 828 918 537 
882: 996 884 537 
883: 789 903 694 534 
884: 903 922 794 534 
885: 903 922 817 534 
886: 903 817 694 534 
887: 924 932 974 774 520 710 
888: 800 731 555 
889: 800 709 555 
890: 731 916 555 
891: 944 802 804 658 561 
892: 965 528 656 
893: 979 639 528 
894: 995 919 986 522 
895: 995 975 986 522 
896: 919 986 808 522 
897: 975 986 808 522 
898: 991 987 971 718 564 
899: 996 869 506 
900: 996 828 506 
901: 996 665 506 
902: 869 914 506 
903: 964 952 911 969 502 
904: 973 949 509 
905: 903 922 509 
906: 913 987 552 
907: 913 805 552 
908: 987 890 552 
909: 838 866 501 
910: 838 742 501 
911: 906 501 560 
912: 742 501 560 
913: 905 829 814 540 
914: 829 814 916 540 
915: 727 818 742 560 
916: 818 906 560 
917: 906 587 560 
918: 587 742 560 
919: 997 998 900 849 538 
920: 997 998 900 904 538 
921: 997 998 969 849 538 
922: 993 957 985 977 910 498 
923: 993 957 985 792 910 498 
924: 908 907 960 926 788 624 503 
925: 908 960 926 620 503 
926: 988 989 917 943 962 968 504 735 
927: 866 922 817 508 
928: 713 789 922 508 
929: 713 922 682 508 
930: 789 922 782 508 
931: 922 782 817 508 
932: 922 682 817 508 
933: 992 933 513 
934: 942 513 656 
935: 623 771 513 
936: 738 771 513 
937: 931 958 955 514 
938: 931 955 878 514 
939: 958 949 955 514 
940: 958 955 847 514 
941: 949 955 878 514 
942: 972 980 934 547 
943: 972 980 950 547 
944: 972 747 950 547 
945: 902 950 547 
946: 988 989 917 943 962 968 518 845 
947: 981 859 886 827 521 
948: 981 859 886 916 521 
949: 981 829 827 521 
950: 981 829 916 521 
951: 859 886 915 916 521 
952: 915 829 916 521 
953: 866 923 979 970 525 
954: 923 901 979 970 894 525 
955: 953 617 901 970 894 526 
956: 953 901 979 970 894 526 
957: 974 588 887 530 
958: 588 887 846 530 
959: 988 989 943 962 968 882 531 
960: 940 984 824 842 545 
961: 940 984 842 545 570 
962: 940 984 663 545 
963: 924 932 535 
964: 964 952 535 
965: 993 985 792 850 910 856 544 
966: 995 919 982 546 
967: 995 975 982 546 
968: 919 994 546 
969: 975 994 546 
970: 993 977 796 856 556 
971: 993 977 864 910 856 556 
972: 924 928 558 
973: 997 928 998 900 881 904 558 
974: 972 954 983 980 950 559 
975: 972 954 980 934 559 
976: 972 983 933 980 950 559 
977: 948 947 629 562 
978: 948 640 562 
979: 948 578 741 562 
980: 948 629 741 562 
981: 959 912 563 
982: 879 912 563 
983: 738 690 563 
984: 866 922 817 566 
985: 789 903 922 566 
986: 903 922 682 817 566 
987: 1000 569 652 966 
988: 1000 569 664 883 927 961 966 
989: 1000 963 605 888 937 976 
990: 1000 605 736 976 
991: 974 595 967 
992: 595 973 967 
993: 595 973 878 876 
994: 595 876 867 
995: 596 818 906 
996: 596 818 742 
997: 596 906 587 
998: 596 587 742 
999: 964 952 911 591 969 754 
1000: 964 952 591 678 754 
1001: 716 603 628 
1002: 603 628 623 
1003: 603 628 738 
1004: 603 738 690 
1005: 924 974 606 774 710 
1006: 594 980 750 765 
1007: 594 980 579 
1008: 594 778 765 
1009: 767 807 879 912 607 875 724 
1010: 964 952 911 580 614 
1011: 964 911 683 580 614 
1012: 964 911 612 969 
1013: 964 612 678 
1014: 956 945 604 
1015: 956 604 704 
1016: 948 590 631 
1017: 808 582 763 
1018: 865 582 734 
1019: 865 582 593 
1020: 978 990 921 810 896 599 
1021: 978 921 722 599 
1022: 990 921 984 599 
1023: 956 945 608 
1024: 956 784 608 
1025: 945 608 588 
1026: 905 609 799 
1027: 951 800 609 799 
1028: 883 937 961 611 
1029: 888 929 937 961 611 897 
1030: 994 763 592 
1031: 994 592 672 
1032: 982 763 592 
1033: 982 592 672 
1034: 996 869 987 610 
1035: 996 987 610 645 
1036: 996 884 610 
1037: 836 965 852 573 
1038: 965 794 573 
1039: 889 941 946 670 568 
1040: 889 941 946 568 825 
1041: 990 940 984 602 842 
1042: 984 695 602 
1043: 945 892 572 
1044: 945 701 572 
1045: 784 701 572 
1046: 892 768 572 
1047: 935 987 863 575 
1048: 899 987 645 575 
1049: 987 863 645 575 
1050: 993 936 957 985 864 910 585 
1051: 991 598 655 830 
1052: 991 598 755 830 657 
1053: 945 588 846 
1054: 704 588 887 846 
1055: 768 745 574 
1056: 768 574 795 
1057: 948 862 920 578 741 
1058: 948 862 891 578 741 
1059: 944 671 802 804 567 
1060: 992 997 998 900 751 600 
1061: 997 998 900 675 600 
1062: 993 957 985 851 856 601 
1063: 993 957 985 910 856 601 
1064: 993 985 850 851 856 601 
1065: 993 985 850 910 856 601 
1066: 762 972 980 586 
1067: 931 955 586 
1068: 908 960 926 583 
1069: 991 987 832 581 
1070: 991 987 787 581 
1071: 991 832 581 657 
1072: 762 972 980 950 579 
1073: 902 950 579 
1074: 995 919 986 865 982 593 
1075: 995 919 982 691 593 
1076: 974 956 890 887 576 
1077: 974 890 803 887 576 
1078: 956 887 846 576 
1079: 990 776 984 893 570 
1080: 990 940 984 893 842 570 
1081: 993 936 957 985 851 571 
1082: 993 936 957 985 910 571 
1083: 993 936 985 850 851 571 
1084: 993 936 985 850 910 571 
1085: 965 749 577 
1086: 965 696 577 
1087: 988 989 577 
1088: 949 826 577 
1089: 972 685 589 
1090: 972 877 589 
1091: 972 934 589 
1092: 647 934 589 
1093: 872 934 589 
1094: 934 871 589 
1095: 988 989 917 943 962 968 885 584 
1096: 997 928 998 900 881 597 
1097: 997 928 998 900 849 597 
1098: 997 928 998 900 675 597 
1099: 993 936 957 985 792 613 
1100: 993 936 957 985 906 613 
1101: 993 936 985 792 850 613 
1102: 1000 963 626 748 929 937 
1103: 1000 963 626 888 929 937 
1104: 1000 626 748 929 937 961 
1105: 1000 626 888 929 937 961 
1106: 1000 939 963 643 840 937 
1107: 1000 939 963 643 927 937 999 
1108: 1000 643 736 927 999 
1109: 1000 652 756 925 976 
1110: 1000 652 757 
1111: 1000 652 888 929 966 
1112: 1000 652 888 966 976 
1113: 1000 652 925 929 966 
1114: 1000 652 925 966 976 
1115: 649 895 973 949 
1116: 649 895 973 717 
1117: 649 931 973 843 
1118: 649 931 843 821 
1119: 649 973 949 843 
1120: 660 995 975 860 
1121: 660 995 975 813 
1122: 660 975 994 860 
1123: 660 975 994 813 
1124: 895 654 949 
1125: 895 654 717 
1126: 654 949 876 
1127: 654 949 873 
1128: 654 873 717 
1129: 654 873 728 
1130: 921 858 622 
1131: 921 622 951 723 
1132: 622 951 829 880 
1133: 622 951 880 723 
1134: 995 650 975 986 982 
1135: 995 650 975 982 616 
1136: 650 975 986 994 
1137: 650 975 994 616 
1138: 650 982 758 616 
1139: 984 661 874 893 824 
1140: 984 661 874 893 791 
1141: 984 661 893 824 842 
1142: 984 661 893 842 791 
1143: 716 775 628 771 
1144: 628 623 771 
1145: 964 952 630 969 754 
1146: 964 952 630 659 678 
1147: 964 952 630 678 754 
1148: 895 634 955 721 
1149: 895 634 706 721 
1150: 931 958 634 955 
1151: 931 958 634 706 
1152: 931 958 634 821 
1153: 958 634 955 721 
1154: 958 634 706 721 
1155: 958 634 821 721 
1156: 908 960 926 959 620 835 
1157: 908 960 959 620 835 839 
1158: 757 998 625 881 
1159: 992 997 928 998 625 904 
1160: 997 928 998 625 881 904 
1161: 953 923 617 901 970 844 894 
1162: 995 919 986 982 642 
1163: 995 982 642 616 
1164: 919 986 994 808 642 
1165: 919 986 808 982 642 
1166: 994 642 616 
1167: 940 984 977 627 824 
1168: 940 984 977 627 791 663 
1169: 984 977 874 627 824 
1170: 984 977 874 627 791 
1171: 996 938 899 636 
1172: 996 938 636 811 
1173: 938 899 914 636 
1174: 997 977 928 998 900 638 
1175: 997 928 998 900 638 675 904 
1176: 954 983 647 950 
1177: 954 693 647 
1178: 954 647 934 
1179: 983 933 647 950 
1180: 933 693 647 
1181: 995 865 982 637 
1182: 995 982 763 637 
1183: 995 861 637 
1184: 994 865 637 
1185: 994 763 637 
1186: 994 861 637 
1187: 961 899 645 
1188: 996 899 987 645 
1189: 996 987 863 645 
1190: 762 972 648 
1191: 972 959 854 648 
1192: 854 930 648 
1193: 930 648 785 
1194: 798 648 785 
1195: 775 972 653 
1196: 972 720 653 
1197: 972 653 934 
1198: 720 798 653 
1199: 919 986 766 651 
1200: 919 986 909 651 
1201: 975 986 766 651 
1202: 975 986 909 651 
1203: 975 651 616 
1204: 948 947 631 629 
1205: 959 947 631 
1206: 995 975 986 909 644 
1207: 995 975 986 982 644 
1208: 995 986 982 708 644 
1209: 975 986 909 994 644 
1210: 986 994 708 644 
1211: 923 979 970 639 
1212: 923 970 844 639 
1213: 979 970 639 677 
1214: 970 844 639 677 
1215: 991 971 832 715 655 
1216: 991 971 655 830 
1217: 836 942 965 852 632 
1218: 942 965 852 680 632 
1219: 942 965 852 902 632 
1220: 942 965 852 696 632 
1221: 942 965 794 632 
1222: 948 947 862 629 
1223: 939 999 618 
1224: 964 952 618 754 
1225: 999 997 618 
1226: 941 946 618 
1227: 908 907 960 926 959 624 
1228: 908 907 960 926 624 673 
1229: 836 942 965 852 615 
1230: 942 965 852 680 615 
1231: 942 965 852 902 615 
1232: 942 965 852 696 615 
1233: 997 998 900 881 904 646 
1234: 997 998 900 849 646 
1235: 997 998 848 849 646 
1236: 997 998 848 904 646 
1237: 988 989 917 943 962 968 621 845 
1238: 988 989 917 943 962 968 621 726 
1239: 836 942 965 749 656 
1240: 942 965 749 680 656 
1241: 942 965 749 902 656 
1242: 964 952 911 969 614 
1243: 964 952 678 614 
1244: 964 911 683 969 614 
1245: 991 730 830 657 
1246: 991 832 834 657 
1247: 991 834 830 657 
1248: 988 989 943 962 968 885 870 619 
1249: 988 989 943 962 968 870 882 619 
1250: 931 989 633 
1251: 988 989 917 943 962 968 870 882 633 
1252: 939 840 925 937 961 976 635 
1253: 939 925 937 961 976 999 635 
1254: 840 925 937 961 966 976 635 
1255: 925 937 961 966 976 999 635 
1256: 1000 963 664 883 927 966 999 
1257: 1000 963 664 888 927 966 999 
1258: 1000 664 883 927 961 966 999 
1259: 1000 664 888 927 961 966 999 
1260: 1000 939 963 686 937 976 999 
1261: 1000 939 686 756 961 976 999 
1262: 1000 939 686 937 961 976 999 
1263: 939 963 686 937 999 897 
1264: 939 686 756 961 999 897 
1265: 939 686 937 961 999 897 
1266: 889 941 946 670 806 
1267: 889 941 946 670 801 662 
1268: 889 941 946 670 801 687 
1269: 964 911 683 969 754 
1270: 935 688 987 914 
1271: 935 688 914 833 
1272: 935 688 783 
1273: 688 899 987 914 
1274: 688 899 783 
1275: 762 972 933 685 980 950 
1276: 972 685 980 737 
1277: 685 980 765 
1278: 954 877 693 785 
1279: 954 693 765 
1280: 933 693 930 785 
1281: 877 693 930 785 
1282: 809 996 674 
1283: 809 674 841 
1284: 996 935 674 833 
1285: 995 919 909 691 
1286: 995 975 909 691 
1287: 995 975 982 691 
1288: 919 909 994 691 920 
1289: 919 982 691 920 
1290: 975 909 994 691 
1291: 776 984 695 
1292: 901 695 844 
1293: 996 935 665 863 
1294: 996 935 665 811 
1295: 996 947 665 863 
1296: 996 947 665 811 
1297: 996 884 665 
1298: 935 959 665 
1299: 959 947 665 
1300: 953 923 667 894 
1301: 988 989 667 968 
1302: 993 957 985 667 
1303: 993 923 667 
1304: 978 990 896 692 
1305: 942 965 852 944 696 
1306: 978 990 921 896 666 
1307: 978 990 773 896 666 
1308: 978 921 722 666 
1309: 978 780 722 666 
1310: 978 780 896 666 
1311: 713 903 922 947 682 
1312: 903 947 682 694 
1313: 903 682 817 694 
1314: 974 956 701 679 
1315: 974 679 803 
1316: 913 956 945 892 679 
1317: 913 956 704 679 
1318: 913 945 892 679 803 
1319: 956 945 701 679 
1320: 981 859 858 698 
1321: 981 859 698 880 
1322: 981 951 814 698 
1323: 981 951 698 731 
1324: 981 951 698 880 
1325: 866 817 694 
1326: 789 903 947 782 694 
1327: 903 782 817 694 
1328: 990 822 898 732 684 
1329: 822 898 779 732 684 
1330: 822 898 779 944 684 
1331: 822 722 684 
1332: 772 953 979 970 677 
1333: 953 901 979 970 894 677 
1334: 953 901 970 844 894 677 
1335: 995 919 986 982 672 
1336: 995 975 986 982 672 
1337: 919 986 766 994 672 
1338: 919 986 766 982 672 
1339: 975 986 766 994 672 
1340: 975 986 766 982 672 
1341: 993 936 957 985 864 910 856 681 
1342: 988 989 917 962 968 885 870 689 812 
1343: 988 989 917 962 968 870 689 882 812 
1344: 991 987 971 787 668 
1345: 991 987 971 718 668 
1346: 991 987 971 715 668 
1347: 991 730 971 715 668 
1348: 991 730 971 830 668 
1349: 991 971 718 830 668 
1350: 857 889 941 946 801 825 662 669 676 
1351: 990 940 984 977 893 791 663 
1352: 857 889 941 946 801 825 687 669 676 
1353: 908 907 960 926 868 835 673 
1354: 908 907 960 868 835 839 673 
1355: 908 960 926 891 673 
1356: 988 989 917 943 962 968 885 845 697 
1357: 988 989 917 943 962 968 885 812 697 
1358: 705 924 932 774 710 
1359: 1000 939 714 927 937 961 999 
1360: 1000 939 714 937 961 976 999 
1361: 1000 714 927 929 937 961 999 
1362: 712 996 869 935 918 833 
1363: 712 996 935 938 918 833 
1364: 712 869 935 959 
1365: 727 838 818 742 
1366: 990 719 822 898 732 
1367: 719 822 898 779 732 
1368: 972 720 954 983 
1369: 720 954 765 
1370: 720 983 733 
1371: 720 778 765 
1372: 713 789 903 922 947 
1373: 978 921 722 823 
1374: 819 990 822 732 
1375: 730 971 837 
1376: 974 956 701 887 
1377: 956 784 701 887 
1378: 701 837 887 
1379: 931 958 955 853 699 
1380: 931 955 699 843 
1381: 958 949 955 853 699 
1382: 958 949 955 876 699 
1383: 949 955 853 759 699 
1384: 949 955 699 843 
1385: 955 876 699 867 
1386: 767 807 879 912 875 969 724 
1387: 964 936 703 
1388: 993 958 703 
1389: 993 936 864 703 
1390: 913 956 704 745 
1391: 913 956 704 846 
1392: 956 704 745 887 
1393: 956 704 887 846 
1394: 956 704 795 
1395: 991 971 718 834 830 
1396: 991 977 702 
1397: 991 832 702 
1398: 972 877 702 
1399: 972 702 950 
1400: 997 977 998 702 
1401: 997 998 702 904 
1402: 908 960 926 729 
1403: 908 960 729 839 
1404: 992 997 998 729 
1405: 995 919 986 982 708 
1406: 995 982 860 708 
1407: 919 986 994 708 
1408: 994 860 708 
1409: 981 905 731 723 
1410: 981 951 800 731 
1411: 981 951 746 731 
1412: 981 951 731 916 723 
1413: 981 886 858 700 
1414: 981 886 700 916 
1415: 981 951 814 700 916 
1416: 886 915 700 916 
1417: 915 951 814 700 916 
1418: 991 987 971 832 816 715 
1419: 991 971 746 715 
1420: 992 917 733 
1421: 992 733 871 
1422: 992 733 815 
1423: 983 733 764 
1424: 983 733 871 
1425: 983 733 815 
1426: 981 886 905 709 880 
1427: 981 905 814 709 
1428: 981 905 709 799 
1429: 981 800 709 799 
1430: 895 973 949 706 
1431: 895 973 706 721 
1432: 931 958 973 873 706 
1433: 958 973 949 873 706 
1434: 958 973 706 721 
1435: 997 928 998 881 711 904 725 
1436: 997 928 998 849 711 725 
1437: 997 998 969 881 711 
1438: 997 998 969 849 711 
1439: 928 998 906 711 904 
1440: 895 973 878 853 707 
1441: 895 955 878 853 707 
1442: 931 973 878 853 707 
1443: 931 955 878 853 707 
1444: 973 967 853 826 707 
1445: 973 878 853 759 707 
1446: 955 967 853 707 
1447: 955 878 853 759 707 
1448: 895 973 878 717 
1449: 895 955 878 717 
1450: 958 973 777 717 
1451: 958 973 873 717 
1452: 958 777 955 717 
1453: 958 955 873 717 
1454: 973 777 878 717 
1455: 777 955 878 717 
1456: 981 905 880 723 
1457: 981 951 880 723 
1458: 775 951 723 
1459: 921 951 916 723 
1460: 997 977 928 998 848 849 725 
1461: 997 928 998 848 904 725 
1462: 958 973 876 847 721 
1463: 958 973 847 826 721 
1464: 958 955 876 847 721 
1465: 958 876 847 821 721 
1466: 992 988 989 917 943 962 968 726 
1467: 988 989 917 943 962 968 870 726 812 
1468: 939 963 728 
1469: 963 966 728 
1470: 973 873 728 
1471: 997 998 969 728 
1472: 1000 736 883 927 961 966 999 
1473: 1000 736 883 961 966 976 999 
1474: 736 927 961 966 999 897 
1475: 1000 963 748 925 929 937 966 999 
1476: 1000 963 748 925 937 966 976 999 
1477: 1000 748 925 929 937 961 966 999 
1478: 1000 748 925 937 961 966 976 999 
1479: 1000 939 756 925 961 976 999 
1480: 939 756 925 961 999 897 
1481: 942 965 944 749 
1482: 972 983 980 737 770 
1483: 972 980 737 934 
1484: 972 737 747 
1485: 983 980 737 930 
1486: 992 997 928 998 900 751 
1487: 997 977 928 998 900 751 
1488: 997 928 998 900 751 881 
1489: 997 928 998 751 837 
1490: 997 998 751 969 881 
1491: 995 975 746 
1492: 991 971 746 787 
1493: 975 994 746 
1494: 809 828 753 783 
1495: 809 753 811 
1496: 884 914 753 
1497: 884 753 783 
1498: 895 973 743 744 
1499: 895 955 743 
1500: 931 958 973 743 
1501: 931 958 955 743 
1502: 931 958 743 821 
1503: 931 973 743 843 
1504: 931 955 743 843 
1505: 931 743 843 821 
1506: 974 958 955 743 
1507: 974 958 743 821 
1508: 974 743 744 821 
1509: 958 973 743 876 
1510: 958 955 743 876 
1511: 958 743 876 821 
1512: 972 954 747 950 
1513: 954 747 871 950 
1514: 747 871 950 778 
1515: 972 933 793 739 
1516: 972 877 739 
1517: 933 967 739 
1518: 793 739 778 
1519: 877 967 739 
1520: 913 956 945 892 745 
1521: 913 956 892 768 745 
1522: 913 956 781 745 
1523: 956 761 945 892 745 
1524: 956 761 781 745 
1525: 992 933 740 
1526: 992 740 871 
1527: 983 933 930 740 
1528: 983 854 930 740 871 
1529: 983 764 740 
1530: 983 872 740 
1531: 854 934 740 871 
1532: 764 934 740 
1533: 872 934 740 
1534: 895 973 949 744 
1535: 972 933 980 750 
1536: 972 980 750 770 
1537: 933 980 930 750 
1538: 980 872 750 765 
1539: 995 975 986 909 734 
1540: 995 975 986 982 734 
1541: 995 975 986 813 734 
1542: 995 986 865 982 734 
1543: 995 986 865 813 734 
1544: 975 986 909 994 734 
1545: 975 986 994 813 734 
1546: 986 994 865 813 734 
1547: 909 734 752 
1548: 991 971 787 816 755 
1549: 991 971 816 755 830 
1550: 857 941 946 752 
1551: 946 838 752 
1552: 992 988 989 917 943 962 968 885 735 
1553: 992 988 989 917 943 962 968 882 735 
1554: 988 989 917 943 962 968 885 870 735 
1555: 988 989 917 943 962 968 870 882 735 
1556: 762 972 983 933 980 950 
1557: 762 972 983 877 
1558: 1000 786 757 961 
1559: 757 998 900 881 
1560: 1000 939 963 772 999 
1561: 939 772 970 
1562: 956 761 945 892 890 
1563: 956 761 945 890 795 
1564: 956 761 945 846 
1565: 956 761 784 781 795 
1566: 956 761 781 890 795 
1567: 956 761 781 846 
1568: 775 951 829 
1569: 990 776 984 977 874 893 
1570: 776 984 977 874 893 824 
1571: 978 990 773 810 896 
1572: 978 990 773 823 896 
1573: 978 780 896 902 
1574: 931 958 973 777 
1575: 931 958 777 955 
1576: 931 973 777 878 
1577: 931 777 955 878 
1578: 958 973 777 949 876 
1579: 958 777 949 955 876 
1580: 973 777 949 878 876 
1581: 777 949 955 878 876 
1582: 975 766 994 860 
1583: 975 766 982 860 
1584: 766 982 758 860 
1585: 789 903 922 947 782 
1586: 903 922 782 794 
1587: 758 860 861 
1588: 995 986 909 763 
1589: 995 986 982 763 
1590: 956 763 769 
1591: 986 909 994 763 
1592: 986 994 808 763 
1593: 986 808 982 763 
1594: 973 949 878 853 759 
1595: 949 955 878 853 759 
1596: 974 956 768 795 
1597: 974 768 803 
1598: 913 956 768 846 
1599: 913 892 768 803 
1600: 913 956 805 781 
1601: 913 956 781 846 
1602: 956 784 805 781 795 
1603: 956 781 831 846 
1604: 972 959 764 
1605: 972 983 980 764 950 
1606: 972 980 764 934 
1607: 793 934 778 
1608: 872 934 778 765 
1609: 934 871 778 
1610: 992 954 980 765 
1611: 954 980 934 765 
1612: 980 872 934 765 
1613: 809 996 828 783 
1614: 809 996 863 783 
1615: 809 841 783 
1616: 996 935 863 783 
1617: 996 899 828 783 
1618: 996 947 863 783 
1619: 996 884 783 
1620: 899 841 783 
1621: 947 841 783 
1622: 884 841 783 
1623: 978 823 902 769 
1624: 913 956 769 
1625: 913 803 769 
1626: 993 957 985 769 
1627: 993 985 850 769 
1628: 972 983 980 854 770 
1629: 972 983 980 950 770 
1630: 972 793 854 770 
1631: 983 980 854 871 770 
1632: 983 980 871 950 770 
1633: 983 854 770 815 
1634: 983 950 770 815 
1635: 992 988 989 917 943 962 968 882 760 845 
1636: 988 989 917 943 962 968 870 882 760 845 
1637: 988 989 917 943 962 968 870 882 760 812 
1638: 1000 786 963 883 927 937 966 999 
1639: 1000 786 963 883 937 966 976 999 
1640: 1000 786 963 888 927 929 937 966 999 
1641: 1000 786 963 888 937 966 976 999 
1642: 1000 786 883 927 937 961 966 999 
1643: 1000 786 883 937 961 966 976 999 
1644: 1000 786 888 927 929 937 961 966 999 
1645: 1000 786 888 937 961 966 976 999 
1646: 1000 939 790 840 925 937 976 
1647: 1000 939 790 925 927 937 999 
1648: 1000 939 790 925 937 976 999 
1649: 1000 790 840 925 937 966 976 
1650: 1000 790 925 927 929 937 966 999 
1651: 1000 790 925 937 966 976 999 
1652: 939 790 840 925 937 897 
1653: 939 790 925 927 937 999 897 
1654: 790 840 925 937 966 897 
1655: 790 925 927 929 937 966 999 897 
1656: 809 996 811 
1657: 809 841 811 
1658: 981 951 800 799 
1659: 921 951 800 
1660: 915 951 800 799 
1661: 988 797 989 943 968 885 
1662: 991 797 971 832 
1663: 956 784 805 887 
1664: 784 803 887 
1665: 993 936 957 985 792 910 856 
1666: 993 936 985 792 850 910 856 
1667: 993 936 957 985 977 796 851 856 
1668: 972 793 854 934 
1669: 933 793 930 
1670: 793 854 930 
1671: 919 986 994 808 813 
1672: 975 986 994 808 813 
1673: 975 986 808 982 
1674: 908 907 960 926 788 868 835 
1675: 908 907 960 788 868 835 839 
1676: 908 960 926 788 891 
1677: 960 788 868 835 839 867 
1678: 933 980 798 785 
1679: 913 956 892 805 
1680: 976 938 806 
1681: 972 983 806 
1682: 938 918 806 
1683: 828 918 806 
1684: 991 987 971 787 816 
1685: 991 971 787 816 834 
1686: 857 941 946 819 801 
1687: 945 892 890 803 
1688: 990 940 984 893 842 791 
1689: 990 984 977 874 893 791 
1690: 991 977 791 
1691: 974 956 890 795 
1692: 945 987 890 795 
1693: 819 905 799 
1694: 905 915 799 
1695: 954 983 980 785 
1696: 954 983 877 785 
1697: 954 980 934 785 
1698: 983 933 980 930 785 
1699: 983 980 872 785 
1700: 983 877 930 785 
1701: 980 872 934 785 
1702: 934 831 785 
1703: 819 990 916 
1704: 819 905 827 
1705: 819 858 827 
1706: 981 905 829 827 855 880 
1707: 981 905 829 855 814 
1708: 981 951 829 855 814 916 
1709: 981 951 829 855 880 
1710: 905 915 829 855 814 
1711: 905 915 829 855 880 
1712: 915 951 829 855 814 916 
1713: 915 951 829 855 880 
1714: 997 818 866 
1715: 981 859 886 858 827 
1716: 981 859 886 827 880 
1717: 981 859 858 827 855 
1718: 981 859 827 855 880 
1719: 981 886 905 827 880 
1720: 978 990 921 823 896 902 
1721: 996 828 820 
1722: 921 940 984 893 824 842 
1723: 940 984 977 893 824 
1724: 991 971 832 816 834 
1725: 991 971 816 834 830 
1726: 996 983 820 
1727: 996 987 820 
1728: 996 820 811 
1729: 983 930 820 
1730: 975 860 820 
1731: 841 820 811 
1732: 996 935 938 811 
1733: 947 841 811 
1734: 958 973 949 853 826 
1735: 958 973 853 847 826 
1736: 973 949 826 843 
1737: 973 967 853 847 826 
1738: 973 847 826 843 
1739: 959 967 826 
1740: 995 919 986 865 813 
1741: 919 986 994 865 813 
1742: 974 956 831 
1743: 974 967 831 
1744: 972 934 831 
1745: 972 831 846 
1746: 975 909 831 
1747: 967 934 831 
1748: 992 933 815 
1749: 983 933 930 950 815 
1750: 983 877 930 815 
1751: 983 854 930 815 
1752: 983 872 815 
1753: 931 958 873 821 
1754: 931 878 821 
1755: 931 873 843 821 
1756: 974 958 847 821 
1757: 878 876 821 
1758: 847 843 821 
1759: 988 989 917 943 962 968 885 870 812 
1760: 1000 939 963 840 888 937 976 
1761: 1000 939 963 840 925 937 976 
1762: 1000 939 840 888 937 961 976 
1763: 1000 939 840 925 937 961 976 
1764: 1000 963 840 888 937 966 976 
1765: 1000 963 840 925 937 966 976 
1766: 1000 840 888 937 961 966 976 
1767: 1000 840 925 937 961 966 976 
1768: 939 963 840 888 937 897 
1769: 939 963 840 925 937 897 
1770: 939 840 888 937 961 897 
1771: 939 840 925 937 961 897 
1772: 963 840 888 937 966 897 
1773: 963 840 925 937 966 897 
1774: 840 888 937 961 966 897 
1775: 840 925 937 961 966 897 
1776: 992 997 928 998 848 849 
1777: 992 997 928 998 848 904 
1778: 997 928 998 848 837 
1779: 997 998 848 969 849 
1780: 899 918 841 
1781: 974 971 832 
1782: 996 935 938 833 863 
1783: 996 938 884 833 
1784: 869 935 918 914 833 
1785: 935 938 918 914 833 
1786: 938 884 914 833 
1787: 999 997 837 
1788: 908 907 960 926 959 868 835 
1789: 908 907 960 959 868 835 839 
1790: 974 958 955 847 
1791: 974 955 967 847 
1792: 958 955 853 847 
1793: 955 967 853 847 
1794: 955 847 843 
1795: 990 921 940 984 893 842 
1796: 972 959 839 
1797: 959 967 839 
1798: 931 973 873 843 
1799: 931 955 873 843 
1800: 973 949 873 843 
1801: 949 955 873 843 
1802: 913 956 945 846 
1803: 913 945 987 846 
1804: 992 988 989 917 943 962 968 885 845 
1805: 988 989 917 943 962 968 885 870 845 
1806: 981 859 855 916 
1807: 859 886 915 880 
1808: 859 915 855 880 
1809: 859 915 855 916 
1810: 921 858 855 
1811: 972 980 854 934 
1812: 983 980 854 930 871 
1813: 980 854 934 871 
1814: 921 951 855 916 
1815: 995 975 909 860 861 
1816: 995 975 982 860 
1817: 995 865 982 860 
1818: 975 909 994 860 861 
1819: 994 865 860 
1820: 993 936 985 850 851 864 856 
1821: 993 936 985 850 864 910 856 
1822: 993 936 985 850 864 867 
1823: 993 936 957 985 977 851 864 856 
1824: 895 973 949 878 853 
1825: 895 949 955 878 853 
1826: 931 958 973 853 873 
1827: 931 958 955 853 873 
1828: 958 973 949 853 873 
1829: 958 949 955 853 873 
1830: 995 975 986 909 861 
1831: 975 986 909 994 861 
1832: 996 935 987 863 
1833: 992 997 928 998 900 849 
1834: 992 997 928 998 920 849 
1835: 997 977 928 998 900 849 
1836: 993 936 957 985 977 864 910 856 
1837: 977 998 856 
1838: 996 869 935 987 
1839: 869 935 987 914 
1840: 953 866 923 979 970 
1841: 992 954 980 871 
1842: 954 983 980 871 950 
1843: 954 980 934 871 
1844: 983 980 930 871 950 
1845: 972 954 983 877 
1846: 877 967 930 
1847: 983 902 872 
1848: 980 967 872 934 
1849: 1000 939 963 883 925 927 937 999 
1850: 1000 939 963 883 925 937 976 999 
1851: 1000 939 883 925 927 937 961 999 
1852: 1000 939 883 925 937 961 976 999 
1853: 1000 963 883 925 927 937 966 999 
1854: 1000 963 883 925 937 966 976 999 
1855: 1000 883 925 927 937 961 966 999 
1856: 1000 883 925 937 961 966 976 999 
1857: 886 905 915 880 
1858: 997 928 998 920 881 904 
1859: 1000 939 963 888 927 937 999 
1860: 1000 939 963 888 937 976 999 
1861: 1000 939 888 927 937 961 999 
1862: 1000 939 888 937 961 976 999 
1863: 939 963 888 927 937 999 897 
1864: 939 888 927 937 961 999 897 
1865: 963 888 927 929 937 966 999 897 
1866: 888 927 929 937 961 966 999 897 
1867: 913 945 987 892 
1868: 913 986 892 
1869: 945 987 892 890 
1870: 953 923 901 979 970 891 894 
1871: 953 967 901 979 970 894 
1872: 996 938 899 918 
1873: 938 899 918 914 
1874: 992 997 928 998 900 904 
1875: 939 963 925 927 937 999 897 
1876: 939 925 927 937 961 999 897 
1877: 963 925 927 929 937 966 999 897 
1878: 925 927 929 937 961 966 999 897 
1879: 995 919 986 909 
1880: 919 986 909 994 920 
1881: 993 936 957 985 977 906 910 
1882: 977 928 998 906 
1883: 983 902 950 
1884: 992 997 928 998 920 904 
1885: 990 921 916 
1886: 919 986 982 920 
1887: 1000 963 925 927 929 937 966 999 
1888: 1000 925 927 929 937 961 966 999 
1889: 983 933 980 930 950 
1890: 933 980 967 930 950 
1891: 992 933 980 
1892: 973 933 967 
1893: 974 956 996 
1894: 972 959 954 
