# The links from G:\Dropbox\Raghda\CNA\Final Project\other methods\CFinder-2.0.6--1448\G:\Dropbox\Raghda\CNA\Final Project\Datasets\binary_networks\LFR3\network_LFR3_Om3.dat
# at no lower link weight threshold,
# and at no upper link weight threshold.
# Links were treated as undirected.
# No time limit was set for the clique search.
# (mutual links and self-links were removed)

1 157
1 549
1 762
1 948
10 287
10 705
10 924
10 932
100 1000
100 786
100 939
100 963
1000 100
1000 205
1000 233
1000 247
1000 263
1000 288
1000 326
1000 353
1000 355
1000 41
1000 411
1000 423
1000 437
1000 461
1000 463
1000 515
1000 542
1000 56
1000 569
1000 58
1000 605
1000 626
1000 643
1000 652
1000 664
1000 686
1000 714
1000 736
1000 748
1000 756
1000 757
1000 772
1000 786
1000 790
1000 840
1000 883
1000 888
1000 908
1000 925
1000 927
1000 929
1000 937
1000 939
1000 961
1000 963
1000 964
1000 966
1000 976
1000 981
1000 999
101 716
101 859
101 978
101 992
102 649
102 895
102 931
102 974
103 38
103 539
103 809
103 96
104 857
104 889
104 941
104 946
105 185
105 306
105 907
105 960
106 362
106 524
106 660
106 995
107 359
107 836
107 942
107 965
108 670
108 857
108 941
108 946
109 819
109 886
109 952
109 990
11 913
11 953
11 956
11 988
110 200
110 857
110 886
110 981
111 761
111 929
111 945
111 993
112 468
112 712
112 775
112 905
113 776
113 921
113 940
113 984
114 911
114 926
114 952
114 964
115 162
115 296
115 712
115 996
116 313
116 858
116 978
116 991
117 595
117 654
117 958
117 973
118 622
118 915
118 951
118 972
119 650
119 683
119 911
119 952
12 13
12 244
12 596
12 727
120 936
120 957
120 985
120 993
121 800
121 829
121 859
121 951
122 138
122 852
122 965
122 997
123 869
123 935
123 938
123 959
124 719
124 822
124 898
124 990
125 519
125 800
125 858
125 981
126 295
126 779
126 822
126 898
127 245
127 440
127 539
127 838
128 276
128 688
128 899
128 996
129 305
129 443
129 938
129 996
13 12
13 818
13 838
13 866
130 140
130 720
130 797
130 919
131 591
131 683
131 952
131 977
132 159
132 661
132 874
132 984
133 713
133 789
133 903
133 922
134 773
134 780
134 810
134 978
135 497
135 543
135 719
135 898
136 603
136 628
136 954
136 984
137 767
137 807
137 879
137 912
138 122
138 253
138 942
138 965
139 216
139 422
139 722
139 978
14 541
14 606
14 924
14 932
140 130
140 630
140 827
140 948
141 925
141 929
141 966
141 999
142 780
142 823
142 896
142 978
143 505
143 634
143 777
143 958
144 732
144 822
144 944
144 990
145 419
145 784
145 956
145 990
146 239
146 594
146 983
146 984
147 393
147 565
147 975
147 986
148 256
148 792
148 796
148 993
149 762
149 933
149 983
149 992
15 510
15 623
15 738
15 938
150 766
150 903
150 922
150 923
151 928
151 977
151 997
151 998
152 649
152 889
152 941
152 946
153 949
153 955
153 958
153 973
154 828
154 898
154 958
154 987
155 660
155 909
155 986
155 994
156 607
156 875
156 879
156 912
157 1
157 442
157 947
157 948
158 331
158 685
158 793
158 980
159 132
159 808
159 909
159 995
16 179
16 274
16 935
16 996
160 207
160 749
160 836
160 965
161 460
161 828
161 884
161 996
162 115
162 869
162 884
162 938
163 519
163 877
163 899
163 946
164 620
164 625
164 900
164 997
165 23
165 523
165 693
165 737
166 865
166 919
166 982
166 994
167 317
167 782
167 789
167 922
168 553
168 854
168 967
168 988
169 848
169 928
169 997
169 998
17 446
17 855
17 886
17 951
170 557
170 878
170 895
170 958
171 177
171 751
171 997
171 998
172 623
172 64
172 874
172 996
173 758
173 860
173 975
173 982
174 580
174 612
174 911
174 964
175 517
175 548
175 930
175 972
176 617
176 901
176 923
176 979
177 171
177 899
177 918
177 935
178 446
178 484
178 886
178 905
179 16
179 674
179 841
179 914
18 367
18 550
18 730
18 971
180 604
180 911
180 952
180 964
181 212
181 790
181 966
181 999
182 442
182 590
182 862
182 948
183 793
183 829
183 954
183 983
184 642
184 691
184 766
184 954
185 105
185 936
185 946
185 965
186 516
186 761
186 913
186 945
187 623
187 738
187 771
187 850
188 874
188 875
188 879
188 912
189 776
189 893
189 940
189 984
19 695
19 901
19 923
19 979
190 851
190 957
190 985
190 993
191 924
191 970
191 978
191 989
192 211
192 853
192 926
192 981
193 391
193 641
193 727
193 818
194 582
194 627
194 824
194 984
195 665
195 914
195 938
195 959
196 892
196 914
196 948
196 985
197 982
197 986
197 994
197 995
198 475
198 758
198 763
198 986
199 297
199 582
199 861
199 995
2 667
2 756
2 939
2 999
20 511
20 954
20 980
20 983
200 110
200 47
200 874
200 886
201 436
201 975
201 994
201 995
202 476
202 58
202 986
202 995
203 848
203 906
203 997
203 998
204 45
204 671
204 692
204 802
205 1000
205 41
205 437
205 746
206 490
206 957
206 985
206 993
207 160
207 864
207 957
207 985
208 680
208 719
208 779
208 898
209 281
209 636
209 753
209 884
21 743
21 759
21 915
21 958
210 543
210 832
210 971
210 991
211 192
211 422
211 794
211 978
212 181
212 788
212 868
212 960
213 875
213 879
213 912
213 969
214 876
214 931
214 949
214 973
215 274
215 299
215 918
215 935
216 139
216 599
216 722
216 780
217 418
217 683
217 964
217 969
218 638
218 992
218 997
218 998
219 608
219 701
219 913
219 917
22 507
22 861
22 986
22 995
220 551
220 609
220 915
220 981
221 494
221 747
221 798
221 854
222 774
222 924
222 932
222 974
223 390
223 970
223 979
223 981
224 909
224 975
224 982
224 995
225 699
225 805
225 892
225 945
226 911
226 952
226 973
226 978
227 739
227 806
227 902
227 942
228 536
228 630
228 952
228 964
229 724
229 875
229 912
229 969
23 165
23 235
23 468
23 859
230 776
230 975
230 986
230 995
231 796
231 864
231 985
231 993
232 705
232 924
232 932
232 974
233 1000
233 611
233 966
233 976
234 343
234 592
234 861
234 995
235 23
235 814
235 858
235 981
236 448
236 925
236 963
236 976
237 910
237 936
237 963
237 993
238 773
238 823
238 896
238 978
239 146
239 303
239 381
239 695
24 493
24 507
24 858
24 930
240 647
240 860
240 861
240 995
241 696
241 836
241 942
241 965
242 844
242 970
242 979
242 998
243 426
243 610
243 935
243 938
244 12
244 284
244 587
244 838
244 866
245 127
245 703
245 727
245 732
245 818
246 33
246 485
246 666
246 978
246 990
247 1000
247 358
247 787
247 976
247 999
248 592
248 637
248 704
248 919
248 982
249 801
249 857
249 889
249 941
249 946
25 833
25 906
25 914
25 979
250 355
250 718
250 816
250 971
250 991
251 640
251 862
251 920
251 947
251 948
252 714
252 925
252 927
252 955
252 999
253 138
253 279
253 573
253 942
253 965
254 313
254 820
254 861
254 930
254 933
255 688
255 809
255 833
255 938
255 996
256 148
256 927
256 961
256 976
256 999
257 844
257 923
257 953
257 979
257 991
258 369
258 550
258 851
258 971
258 991
259 868
259 891
259 908
259 959
259 960
26 426
26 874
26 932
26 984
260 491
260 901
260 923
260 953
260 970
261 568
261 866
261 889
261 941
261 946
262 943
262 962
262 968
262 988
262 989
263 1000
263 966
263 976
263 996
263 999
264 851
264 910
264 936
264 985
264 993
265 637
265 881
265 906
265 997
265 998
266 844
266 894
266 953
266 970
266 979
267 39
267 702
267 837
267 970
267 985
268 622
268 868
268 907
268 926
268 960
269 873
269 901
269 923
269 970
269 979
27 623
27 941
27 946
270 416
270 494
270 793
270 877
270 972
271 835
271 907
271 908
271 955
271 960
272 412
272 759
272 847
272 947
272 973
273 30
273 420
273 863
273 884
273 996
274 16
274 215
274 357
274 841
274 95
275 868
275 907
275 908
275 926
275 960
276 128
276 869
276 884
276 938
276 966
277 682
277 713
277 72
277 903
277 922
278 630
278 659
278 952
278 964
278 984
279 253
279 573
279 852
279 942
279 944
28 768
28 781
28 805
28 913
280 294
280 398
280 905
280 98
280 981
281 209
281 367
281 811
281 841
281 853
282 311
282 489
282 748
282 897
282 987
283 465
283 491
283 603
283 716
283 771
284 244
284 338
284 483
284 742
284 954
285 883
285 927
285 939
285 961
285 999
286 590
286 640
286 775
286 862
286 948
287 10
287 387
287 553
287 924
287 932
288 1000
288 883
288 925
288 976
288 999
289 319
289 645
289 849
289 899
289 914
29 382
29 666
29 729
29 877
290 533
290 602
290 940
290 977
290 984
291 572
291 679
291 837
291 892
291 980
292 500
292 810
292 907
292 953
292 960
293 937
293 962
293 968
293 988
293 989
294 280
294 381
294 698
294 859
294 915
295 126
295 327
295 819
295 898
295 990
296 115
296 496
296 527
296 988
296 996
297 199
297 592
297 708
297 731
297 995
298 378
298 532
298 842
298 940
298 984
299 215
299 406
299 575
299 809
299 918
3 585
3 936
3 985
3 993
30 273
30 492
30 772
30 804
300 885
300 962
300 968
300 988
300 989
301 451
301 464
301 745
301 890
301 892
302 378
302 894
302 923
302 970
302 979
303 239
303 512
303 519
303 565
303 700
304 339
304 715
304 787
304 834
304 991
305 129
305 43
305 883
305 899
305 996
306 105
306 620
306 835
306 926
306 960
307 666
307 823
307 978
307 985
307 990
308 792
308 796
308 856
308 977
308 985
309 708
309 733
309 870
309 942
309 965
31 598
31 816
31 971
31 991
310 839
310 885
310 908
310 926
310 960
311 282
311 588
311 803
311 945
311 978
312 777
312 826
312 847
312 955
312 958
313 116
313 254
313 648
313 775
313 930
314 703
314 709
314 911
314 952
314 964
315 653
315 737
315 764
315 872
315 980
316 486
316 758
316 797
316 975
316 986
317 167
317 524
317 690
317 716
317 775
318 737
318 779
318 930
318 934
318 959
319 289
319 38
319 420
319 987
319 996
32 843
32 876
32 973
32 974
320 405
320 431
320 833
320 869
320 918
321 796
321 851
321 890
321 985
321 993
322 499
322 835
322 907
322 908
322 960
323 507
323 650
323 813
323 865
323 975
324 464
324 887
324 890
324 945
324 987
325 335
325 495
325 740
325 934
325 992
326 1000
326 963
326 966
326 976
326 999
327 295
327 543
327 651
327 898
327 990
328 565
328 758
328 763
328 97
328 986
329 713
329 782
329 817
329 903
329 922
33 246
33 773
33 896
33 978
330 473
330 780
330 801
330 978
330 990
331 158
331 575
331 720
331 841
331 988
332 34
332 842
332 893
332 940
332 984
333 798
333 871
333 950
333 954
333 971
334 706
334 802
334 804
334 862
334 948
335 325
335 798
335 934
335 950
335 992
336 711
336 900
336 928
336 997
336 998
337 894
337 923
337 953
337 967
337 979
338 284
338 727
338 818
338 866
338 905
339 304
339 694
339 903
339 922
339 947
34 332
34 574
34 67
34 892
340 855
340 865
340 880
340 951
340 981
341 65
341 733
341 740
341 872
341 933
342 744
342 750
342 934
342 940
342 984
343 234
343 385
343 734
343 986
343 995
344 675
344 849
344 904
344 997
344 998
345 459
345 631
345 902
345 920
345 948
346 533
346 791
346 874
346 940
346 984
347 636
347 863
347 918
347 935
347 996
348 767
348 807
348 875
348 879
348 912
349 644
349 820
349 878
349 982
349 995
35 392
35 706
35 843
35 873
350 366
350 784
350 795
350 956
350 987
351 639
351 894
351 901
351 953
351 979
352 684
352 719
352 779
352 898
352 990
353 1000
353 711
353 756
353 963
353 976
354 878
354 953
354 967
354 970
354 979
355 1000
355 250
355 927
355 961
355 976
356 655
356 834
356 971
356 987
356 991
357 274
357 759
357 895
357 995
357 996
358 247
358 897
358 929
358 966
358 999
359 107
359 414
359 632
359 944
359 965
36 677
36 894
36 953
36 970
360 497
360 684
360 779
360 898
360 944
361 427
361 777
361 890
361 949
361 973
362 106
362 465
362 919
362 982
362 994
363 807
363 875
363 879
363 912
363 969
364 623
364 690
364 716
364 771
364 907
365 543
365 779
365 822
365 898
365 944
366 350
366 608
366 805
366 945
366 987
367 18
367 281
367 692
367 712
367 828
368 529
368 707
368 969
368 997
368 998
369 258
369 755
369 834
369 971
369 987
37 885
37 923
37 970
37 979
370 445
370 672
370 986
370 994
370 995
371 943
371 962
371 968
371 988
371 989
372 46
372 909
372 920
372 975
372 994
373 681
373 850
373 957
373 985
373 993
374 764
374 806
374 86
374 925
374 980
375 568
375 857
375 889
375 941
375 946
376 578
376 629
376 920
376 948
376 998
377 543
377 719
377 898
377 944
377 990
378 298
378 302
378 953
378 970
378 979
379 383
379 554
379 744
379 934
379 967
38 103
38 319
38 537
38 994
380 631
380 640
380 862
380 891
380 948
381 239
381 294
381 731
381 951
381 981
382 29
382 404
382 548
382 793
382 906
383 379
383 554
383 816
383 878
383 931
384 415
384 774
384 924
384 932
384 974
385 343
385 730
385 830
385 834
385 971
385 991
386 417
386 534
386 789
386 903
386 922
386 947
387 287
387 489
387 861
387 982
387 986
387 994
388 392
388 715
388 776
388 893
388 940
388 984
389 709
389 809
389 886
389 915
389 951
389 981
39 267
39 438
39 873
39 955
390 223
390 844
390 923
390 967
390 970
390 979
391 193
391 539
391 641
391 742
391 818
391 838
392 35
392 388
392 532
392 791
392 824
392 990
393 147
393 565
393 752
393 975
393 980
393 982
394 6
394 831
394 852
394 942
394 944
394 965
395 796
395 936
395 957
395 960
395 985
395 993
396 469
396 520
396 689
396 710
396 924
396 932
397 434
397 484
397 814
397 880
397 916
397 981
398 280
398 555
398 609
398 916
398 951
398 981
399 424
399 450
399 658
399 671
399 802
399 804
4 449
4 572
4 768
4 945
40 839
40 868
40 926
40 960
400 681
400 906
400 910
400 936
400 985
400 993
401 618
401 840
401 870
401 925
401 937
401 999
402 405
402 567
402 636
402 918
402 935
402 938
403 56
403 561
403 66
403 753
403 797
403 838
404 382
404 548
404 778
404 872
404 950
404 980
405 320
405 402
405 528
405 645
405 833
405 918
406 299
406 537
406 806
406 855
406 914
406 935
407 624
407 867
407 907
407 908
407 926
407 960
408 480
408 825
408 857
408 889
408 941
408 946
409 573
409 615
409 852
409 942
409 944
409 965
41 1000
41 205
41 569
41 963
410 600
410 646
410 803
410 920
410 997
410 998
411 1000
411 931
411 942
411 965
411 966
411 973
412 272
412 595
412 867
412 872
412 958
412 973
413 901
413 947
413 948
413 954
413 959
413 979
414 359
414 696
414 749
414 836
414 942
414 965
415 384
415 446
415 710
415 774
415 924
415 932
416 270
416 517
416 714
416 739
416 765
416 980
417 386
417 522
417 713
417 782
417 817
417 922
418 217
418 640
418 741
418 862
418 947
418 948
419 145
419 451
419 701
419 759
419 781
419 956
42 953
42 967
42 970
42 979
420 273
420 319
420 621
420 674
420 811
420 996
421 601
421 631
421 741
421 891
421 920
421 948
422 139
422 211
422 586
422 749
422 773
422 978
423 1000
423 564
423 830
423 832
423 971
423 991
424 399
424 450
424 671
424 692
424 802
424 894
425 506
425 688
425 78
425 884
425 914
425 996
426 243
426 26
426 808
426 909
426 982
426 994
427 361
427 583
427 707
427 784
427 873
427 949
428 757
428 865
428 962
428 975
428 986
428 994
429 581
429 668
429 718
429 755
429 971
429 991
43 305
43 783
43 913
43 919
430 850
430 910
430 957
430 963
430 985
430 993
431 320
431 680
431 749
431 9
431 942
431 965
432 467
432 502
432 678
432 754
432 952
432 964
433 882
433 885
433 917
433 968
433 988
433 989
434 397
434 859
434 905
434 916
434 951
434 981
435 639
435 864
435 923
435 924
435 932
435 993
436 201
436 651
436 808
436 909
436 994
436 995
437 1000
437 205
437 736
437 897
437 944
437 963
438 39
438 686
438 759
438 843
438 895
438 949
439 472
439 730
439 830
439 834
439 987
439 991
44 700
44 746
44 799
44 915
440 127
440 587
440 641
440 742
440 838
440 981
441 754
441 794
441 911
441 952
441 964
441 987
442 157
442 182
442 606
442 631
442 862
442 948
443 129
443 724
443 875
443 879
443 912
443 969
444 654
444 662
444 717
444 744
444 777
444 826
445 370
445 747
445 824
445 871
445 984
445 994
446 17
446 178
446 415
446 509
446 799
446 916
447 705
447 758
447 810
447 823
447 932
447 994
448 236
448 552
448 784
448 887
448 890
448 945
449 4
449 881
449 904
449 992
449 997
449 998
45 204
45 804
45 912
45 978
450 399
450 424
450 671
450 772
450 802
450 944
451 301
451 419
451 846
451 887
451 920
451 987
452 550
452 564
452 755
452 837
452 971
452 991
453 502
453 659
453 794
453 952
453 964
453 969
454 776
454 874
454 877
454 893
454 940
454 984
455 580
455 612
455 659
455 911
455 952
455 964
456 658
456 671
456 827
456 880
456 997
456 998
457 817
457 903
457 929
457 977
457 984
457 999
458 873
458 878
458 931
458 949
458 958
458 968
459 345
459 590
459 629
459 741
459 862
459 948
46 372
46 865
46 982
46 994
460 161
460 712
460 841
460 914
460 947
460 996
461 1000
461 835
461 925
461 927
461 929
461 999
462 739
462 778
462 798
462 854
462 934
462 954
463 1000
463 605
463 840
463 862
463 963
463 966
464 301
464 324
464 769
464 805
464 922
464 956
465 283
465 362
465 592
465 642
465 861
465 986
466 501
466 705
466 932
466 988
466 989
466 999
467 432
467 591
467 794
467 911
467 952
467 964
468 112
468 23
468 540
468 729
468 916
468 951
469 396
469 62
469 705
469 924
469 932
469 934
47 200
47 886
47 915
47 951
470 752
470 831
470 875
470 912
470 957
470 985
471 770
471 805
471 890
471 900
471 978
471 983
472 439
472 581
472 69
472 787
472 971
472 991
473 330
473 702
473 773
473 82
473 896
473 978
474 718
474 901
474 953
474 967
474 970
474 979
475 198
475 579
475 813
475 983
475 985
475 993
476 202
476 522
476 81
476 949
476 975
476 994
477 760
477 882
477 962
477 983
477 988
477 989
478 729
478 762
478 815
478 831
478 877
478 954
479 651
479 865
479 982
479 994
479 995
479 999
48 709
48 827
48 855
48 981
480 408
480 844
480 923
480 953
480 970
480 979
481 788
481 839
481 907
481 926
481 950
481 960
482 723
482 767
482 807
482 875
482 879
482 912
483 284
483 560
483 596
483 641
483 742
483 752
484 178
484 397
484 723
484 800
484 897
484 981
485 246
485 872
485 907
485 926
485 978
485 983
486 316
486 881
486 928
486 969
486 997
486 998
487 690
487 701
487 716
487 905
487 953
487 970
488 538
488 725
488 904
488 935
488 997
488 998
489 282
489 387
489 593
489 660
489 982
489 986
49 897
49 929
49 939
49 999
490 206
490 722
490 780
490 810
490 896
490 978
491 260
491 283
491 894
491 953
491 970
491 979
492 30
492 561
492 567
492 658
492 772
492 804
492 944
493 24
493 750
493 854
493 877
493 933
493 983
493 991
494 221
494 270
494 739
494 764
494 793
494 950
494 972
495 325
495 655
495 720
495 815
495 954
495 980
495 983
496 296
496 883
496 926
496 938
496 970
496 976
496 979
497 135
497 360
497 684
497 779
497 822
497 898
497 990
498 792
498 813
498 910
498 957
498 977
498 985
498 993
499 322
499 821
499 843
499 876
499 931
499 967
499 973
5 943
5 962
5 988
5 989
50 574
50 890
50 892
50 945
500 292
500 769
500 773
500 780
500 810
500 896
500 978
501 466
501 560
501 703
501 742
501 838
501 866
501 906
502 432
502 453
502 911
502 952
502 964
502 969
502 975
503 620
503 624
503 788
503 907
503 908
503 926
503 960
504 735
504 917
504 943
504 962
504 968
504 988
504 989
505 143
505 529
505 810
505 823
505 940
505 978
505 990
506 425
506 665
506 828
506 869
506 914
506 945
506 996
507 22
507 24
507 323
507 861
507 982
507 986
507 995
508 682
508 713
508 782
508 789
508 817
508 866
508 922
509 446
509 903
509 922
509 949
509 966
509 973
509 981
51 807
51 879
51 912
51 969
510 15
510 524
510 690
510 716
510 738
510 771
510 978
511 20
511 924
511 950
511 959
511 972
511 983
511 992
512 303
512 814
512 859
512 915
512 943
512 951
512 981
513 623
513 656
513 738
513 771
513 933
513 942
513 992
514 834
514 847
514 878
514 931
514 949
514 955
514 958
515 1000
515 710
515 790
515 963
515 966
515 976
515 999
516 186
516 552
516 576
516 837
516 890
516 913
516 945
517 175
517 416
517 547
517 815
517 950
517 980
517 983
518 845
518 917
518 943
518 962
518 968
518 988
518 989
519 125
519 163
519 303
519 700
519 880
519 915
519 94
52 680
52 836
52 942
52 965
520 396
520 708
520 710
520 774
520 924
520 932
520 974
521 827
521 829
521 859
521 886
521 915
521 916
521 981
522 417
522 476
522 808
522 919
522 975
522 986
522 995
523 165
523 647
523 747
523 764
523 899
523 954
523 980
524 106
524 317
524 510
524 628
524 690
524 738
524 771
525 866
525 894
525 896
525 901
525 923
525 970
525 979
526 617
526 894
526 901
526 904
526 953
526 970
526 979
527 296
527 753
527 896
527 918
527 935
527 938
527 947
528 405
528 639
528 656
528 674
528 965
528 979
528 987
529 368
529 505
529 543
529 732
529 896
529 898
529 997
53 851
53 957
53 985
53 993
530 574
530 588
530 604
530 811
530 846
530 887
530 974
531 826
531 882
531 943
531 962
531 968
531 988
531 989
532 298
532 392
532 659
532 661
532 663
532 893
532 921
533 290
533 346
533 545
533 55
533 874
533 893
533 984
534 386
534 694
534 789
534 794
534 817
534 903
534 922
535 625
535 744
535 924
535 932
535 952
535 955
535 964
536 228
536 614
536 703
536 911
536 952
536 963
536 964
537 38
537 406
537 828
537 884
537 899
537 918
537 996
538 488
538 849
538 900
538 904
538 969
538 997
538 998
539 103
539 127
539 391
539 641
539 727
539 838
539 906
54 579
54 988
54 989
540 468
540 721
540 800
540 814
540 829
540 905
540 916
541 14
541 606
541 705
541 765
541 774
541 924
541 932
542 1000
542 888
542 929
542 961
542 963
542 976
542 999
543 135
543 210
543 327
543 365
543 377
543 529
543 944
544 792
544 850
544 856
544 910
544 979
544 985
544 993
545 533
545 570
545 663
545 824
545 842
545 940
545 984
546 757
546 891
546 919
546 975
546 982
546 994
546 995
547 517
547 747
547 902
547 934
547 950
547 972
547 980
548 175
548 382
548 404
548 733
548 954
548 980
548 983
549 1
549 863
549 872
549 914
549 936
549 948
549 993
55 533
55 602
55 940
55 984
550 18
550 258
550 452
550 655
550 787
550 971
550 991
551 220
551 905
551 940
551 941
551 946
551 984
551 990
552 448
552 516
552 805
552 831
552 890
552 913
552 987
553 168
553 287
553 710
553 855
553 924
553 932
553 974
554 379
554 383
554 759
554 873
554 949
554 955
554 973
555 398
555 622
555 709
555 731
555 753
555 800
555 916
556 761
556 796
556 856
556 864
556 910
556 977
556 993
557 170
557 724
557 767
557 807
557 875
557 879
557 912
558 881
558 900
558 904
558 924
558 928
558 997
558 998
559 933
559 934
559 950
559 954
559 972
559 980
559 983
56 1000
56 403
56 658
56 944
560 483
560 501
560 587
560 727
560 742
560 818
560 906
561 403
561 492
561 658
561 802
561 804
561 859
561 944
562 578
562 629
562 640
562 741
562 822
562 947
562 948
563 690
563 738
563 879
563 912
563 914
563 930
563 959
564 423
564 452
564 718
564 755
564 971
564 987
564 991
565 147
565 303
565 328
565 393
565 860
565 975
565 986
566 587
566 682
566 789
566 817
566 866
566 903
566 922
567 402
567 492
567 671
567 74
567 772
567 802
567 804
567 944
568 261
568 375
568 670
568 690
568 825
568 889
568 941
568 946
569 1000
569 41
569 652
569 664
569 883
569 927
569 961
569 966
57 782
57 789
57 817
57 903
570 545
570 776
570 783
570 842
570 893
570 940
570 984
570 990
571 825
571 850
571 851
571 910
571 936
571 957
571 985
571 993
572 291
572 4
572 701
572 704
572 768
572 784
572 892
572 945
573 253
573 279
573 409
573 794
573 836
573 852
573 914
573 965
574 34
574 50
574 530
574 70
574 745
574 768
574 795
574 937
575 299
575 331
575 645
575 792
575 863
575 899
575 935
575 987
576 516
576 803
576 846
576 887
576 890
576 956
576 974
576 993
577 696
577 749
577 799
577 826
577 949
577 965
577 988
577 989
578 376
578 562
578 589
578 741
578 862
578 891
578 920
578 948
579 475
579 54
579 594
579 762
579 902
579 950
579 972
579 980
58 1000
58 202
58 626
58 939
580 174
580 455
580 612
580 614
580 683
580 911
580 952
580 964
581 429
581 472
581 657
581 787
581 832
581 88
581 987
581 991
582 194
582 199
582 593
582 734
582 763
582 808
582 820
582 865
583 427
583 683
583 799
583 880
583 908
583 926
583 931
583 960
584 687
584 885
584 917
584 943
584 962
584 968
584 988
584 989
585 3
585 638
585 864
585 910
585 936
585 957
585 985
585 993
586 422
586 691
586 762
586 896
586 931
586 955
586 972
586 980
587 244
587 440
587 560
587 566
587 596
587 742
587 82
587 906
588 311
588 530
588 608
588 704
588 846
588 887
588 945
588 974
589 578
589 647
589 685
589 871
589 872
589 877
589 934
589 972
59 753
59 809
59 918
59 938
590 182
590 286
590 459
590 597
590 631
590 640
590 741
590 948
591 131
591 467
591 678
591 754
591 911
591 952
591 964
591 969
592 234
592 248
592 297
592 465
592 672
592 763
592 982
592 994
593 489
593 582
593 691
593 865
593 919
593 982
593 986
593 995
594 146
594 579
594 733
594 750
594 765
594 778
594 973
594 980
595 117
595 412
595 867
595 876
595 878
595 967
595 973
595 974
596 12
596 483
596 587
596 742
596 752
596 774
596 818
596 906
597 590
597 675
597 849
597 881
597 900
597 928
597 997
597 998
598 31
598 655
598 657
598 71
598 755
598 830
598 860
598 991
599 216
599 722
599 810
599 896
599 921
599 978
599 984
599 990
6 394
6 852
6 942
6 965
60 69
60 832
60 971
60 991
600 410
600 675
600 751
600 900
600 960
600 992
600 997
600 998
601 421
601 850
601 851
601 856
601 910
601 957
601 985
601 993
602 290
602 55
602 695
602 736
602 842
602 940
602 984
602 990
603 136
603 283
603 623
603 628
603 690
603 716
603 738
603 976
604 180
604 530
604 70
604 704
604 837
604 945
604 953
604 956
605 1000
605 463
605 736
605 888
605 937
605 963
605 976
605 982
606 14
606 442
606 541
606 7
606 710
606 774
606 924
606 974
607 156
607 724
607 767
607 807
607 871
607 875
607 879
607 912
608 219
608 366
608 588
608 660
608 784
608 945
608 956
608 987
609 220
609 398
609 799
609 800
609 847
609 858
609 905
609 951
61 809
61 863
61 883
61 918
610 243
610 645
610 78
610 845
610 869
610 884
610 987
610 996
611 233
611 883
611 888
611 897
611 918
611 929
611 937
611 961
612 174
612 455
612 580
612 665
612 678
612 911
612 964
612 969
613 792
613 850
613 906
613 936
613 957
613 985
613 987
613 993
614 536
614 580
614 678
614 683
614 907
614 911
614 952
614 964
614 969
615 409
615 680
615 696
615 836
615 852
615 888
615 902
615 942
615 965
616 642
616 650
616 651
616 758
616 797
616 975
616 982
616 994
616 995
617 176
617 526
617 664
617 844
617 894
617 901
617 923
617 953
617 970
618 401
618 754
618 939
618 941
618 946
618 952
618 964
618 997
618 999
619 870
619 882
619 885
619 943
619 962
619 968
619 988
619 989
619 999
62 469
62 924
62 932
62 974
620 164
620 306
620 503
620 835
620 839
620 908
620 926
620 959
620 960
621 420
621 726
621 845
621 917
621 943
621 962
621 968
621 988
621 989
622 118
622 268
622 555
622 723
622 829
622 858
622 880
622 921
622 951
623 15
623 172
623 187
623 27
623 364
623 513
623 603
623 628
623 771
624 407
624 503
624 673
624 788
624 907
624 908
624 926
624 959
624 960
625 164
625 535
625 757
625 881
625 904
625 928
625 992
625 997
625 998
626 1000
626 58
626 748
626 888
626 929
626 937
626 961
626 963
626 984
627 194
627 663
627 791
627 824
627 83
627 874
627 940
627 977
627 984
628 136
628 524
628 603
628 623
628 713
628 716
628 738
628 771
628 775
629 376
629 459
629 562
629 631
629 675
629 741
629 862
629 947
629 948
63 693
63 950
63 954
63 980
630 140
630 228
630 278
630 659
630 678
630 754
630 952
630 964
630 969
631 345
631 380
631 421
631 442
631 590
631 629
631 947
631 948
631 959
632 359
632 680
632 696
632 794
632 836
632 852
632 902
632 942
632 965
633 870
633 882
633 917
633 931
633 943
633 962
633 968
633 988
633 989
634 143
634 706
634 721
634 821
634 895
634 901
634 931
634 955
634 958
635 840
635 925
635 937
635 939
635 951
635 961
635 966
635 976
635 999
636 209
636 347
636 402
636 811
636 842
636 899
636 914
636 938
636 996
637 248
637 265
637 763
637 861
637 865
637 93
637 982
637 994
637 995
638 218
638 585
638 675
638 900
638 904
638 928
638 977
638 997
638 998
639 351
639 435
639 528
639 677
639 844
639 923
639 970
639 972
639 979
64 172
64 735
64 938
64 996
640 251
640 286
640 380
640 418
640 562
640 590
640 891
640 948
640 993
641 193
641 391
641 440
641 483
641 539
641 703
641 818
641 838
641 994
642 184
642 465
642 616
642 808
642 919
642 982
642 986
642 994
642 995
643 1000
643 736
643 840
643 894
643 927
643 937
643 939
643 963
643 999
644 349
644 708
644 792
644 909
644 975
644 982
644 986
644 994
644 995
645 289
645 405
645 575
645 610
645 863
645 899
645 961
645 987
645 996
646 410
646 802
646 848
646 849
646 881
646 900
646 904
646 997
646 998
647 240
647 523
647 589
647 693
647 933
647 934
647 950
647 954
647 983
648 313
648 762
648 785
648 798
648 854
648 889
648 930
648 959
648 972
649 102
649 152
649 717
649 821
649 843
649 895
649 931
649 949
649 973
65 341
65 930
65 933
65 954
650 119
650 323
650 616
650 758
650 975
650 982
650 986
650 994
650 995
651 327
651 436
651 479
651 616
651 766
651 909
651 919
651 975
651 986
652 1000
652 569
652 756
652 757
652 888
652 925
652 929
652 966
652 976
653 315
653 720
653 775
653 798
653 93
653 930
653 934
653 947
653 972
654 117
654 444
654 717
654 728
654 873
654 876
654 895
654 949
654 964
655 356
655 495
655 550
655 598
655 715
655 830
655 832
655 971
655 991
656 513
656 528
656 680
656 749
656 836
656 902
656 942
656 965
656 998
657 581
657 598
657 730
657 755
657 830
657 832
657 834
657 844
657 991
658 399
658 456
658 492
658 56
658 561
658 692
658 802
658 804
658 944
659 278
659 453
659 455
659 532
659 630
659 678
659 911
659 952
659 964
66 403
66 841
66 959
66 989
660 106
660 155
660 489
660 608
660 813
660 860
660 975
660 994
660 995
661 132
661 532
661 791
661 824
661 842
661 874
661 893
661 984
661 988
662 444
662 669
662 670
662 676
662 801
662 825
662 857
662 889
662 941
662 946
663 532
663 545
663 627
663 791
663 893
663 940
663 948
663 977
663 984
663 990
664 1000
664 569
664 617
664 883
664 888
664 927
664 961
664 963
664 966
664 999
665 195
665 506
665 612
665 811
665 863
665 884
665 935
665 947
665 959
665 996
666 246
666 29
666 307
666 722
666 773
666 780
666 896
666 921
666 978
666 990
667 2
667 894
667 923
667 953
667 957
667 968
667 985
667 988
667 989
667 993
668 429
668 715
668 718
668 730
668 787
668 830
668 940
668 971
668 987
668 991
669 662
669 676
669 687
669 801
669 825
669 857
669 889
669 941
669 946
669 979
67 34
67 840
67 890
67 956
670 108
670 568
670 662
670 687
670 801
670 806
670 889
670 941
670 942
670 946
671 204
671 399
671 424
671 450
671 456
671 567
671 802
671 804
671 843
671 944
672 370
672 592
672 73
672 766
672 919
672 975
672 982
672 986
672 994
672 995
673 624
673 835
673 839
673 868
673 891
673 907
673 908
673 926
673 960
673 965
674 179
674 420
674 528
674 806
674 809
674 833
674 841
674 935
674 952
674 996
675 344
675 597
675 600
675 629
675 638
675 900
675 904
675 928
675 997
675 998
676 662
676 669
676 687
676 789
676 801
676 825
676 857
676 889
676 941
676 946
677 36
677 639
677 772
677 844
677 886
677 894
677 901
677 953
677 970
677 979
678 432
678 591
678 612
678 614
678 630
678 659
678 754
678 902
678 952
678 964
679 291
679 701
679 704
679 803
679 892
679 913
679 945
679 956
679 974
679 992
68 814
68 968
68 988
68 989
680 208
680 431
680 52
680 615
680 632
680 656
680 749
680 852
680 942
680 965
681 373
681 400
681 856
681 864
681 910
681 916
681 936
681 957
681 985
681 993
682 277
682 508
682 566
682 692
682 694
682 713
682 817
682 903
682 922
682 947
683 119
683 131
683 217
683 580
683 583
683 614
683 754
683 911
683 964
683 969
684 352
684 360
684 497
684 722
684 732
684 779
684 822
684 898
684 944
684 990
685 158
685 589
685 737
685 762
685 765
685 933
685 950
685 953
685 972
685 980
686 1000
686 438
686 756
686 897
686 937
686 939
686 961
686 963
686 976
686 999
687 584
687 669
687 670
687 676
687 801
687 825
687 857
687 889
687 941
687 946
688 128
688 255
688 425
688 783
688 833
688 851
688 899
688 914
688 935
688 987
689 396
689 812
689 870
689 882
689 885
689 917
689 962
689 968
689 988
689 989
69 472
69 60
69 971
69 991
690 317
690 364
690 487
690 510
690 524
690 563
690 568
690 603
690 738
690 771
691 184
691 586
691 593
691 909
691 919
691 920
691 975
691 982
691 994
691 995
692 204
692 367
692 424
692 658
692 682
692 811
692 869
692 896
692 978
692 990
693 165
693 63
693 647
693 765
693 785
693 877
693 915
693 930
693 933
693 954
694 339
694 534
694 682
694 718
694 782
694 789
694 817
694 866
694 903
694 947
695 19
695 239
695 602
695 776
695 844
695 858
695 901
695 915
695 979
695 984
696 241
696 414
696 577
696 615
696 632
696 852
696 911
696 942
696 944
696 965
697 812
697 845
697 885
697 891
697 917
697 943
697 962
697 968
697 988
697 989
698 294
698 731
698 814
698 858
698 859
698 880
698 94
698 951
698 952
698 981
699 225
699 759
699 843
699 853
699 867
699 876
699 89
699 931
699 949
699 955
699 958
7 606
7 805
7 924
7 932
70 574
70 604
70 940
70 978
700 303
700 44
700 519
700 814
700 858
700 886
700 915
700 916
700 951
700 981
700 982
701 219
701 419
701 487
701 572
701 679
701 784
701 837
701 887
701 945
701 956
701 974
702 267
702 473
702 832
702 877
702 904
702 950
702 972
702 977
702 991
702 997
702 998
703 245
703 314
703 501
703 536
703 641
703 864
703 936
703 952
703 958
703 964
703 993
704 248
704 572
704 588
704 604
704 679
704 745
704 795
704 846
704 887
704 913
704 956
705 10
705 232
705 447
705 466
705 469
705 541
705 710
705 766
705 774
705 924
705 932
706 334
706 35
706 634
706 721
706 863
706 873
706 895
706 931
706 949
706 958
706 973
707 368
707 427
707 759
707 826
707 853
707 878
707 895
707 931
707 955
707 967
707 973
708 297
708 309
708 520
708 644
708 831
708 860
708 919
708 982
708 986
708 994
708 995
709 314
709 389
709 48
709 555
709 799
709 800
709 814
709 880
709 886
709 905
709 981
71 598
71 816
71 971
71 991
710 396
710 415
710 515
710 520
710 553
710 606
710 705
710 774
710 924
710 932
710 974
711 336
711 353
711 725
711 849
711 881
711 904
711 906
711 928
711 969
711 997
711 998
712 112
712 115
712 367
712 460
712 833
712 869
712 918
712 935
712 938
712 959
712 996
713 133
713 277
713 329
713 417
713 508
713 628
713 682
713 789
713 903
713 922
713 947
714 1000
714 252
714 416
714 81
714 927
714 929
714 937
714 939
714 961
714 976
714 999
715 304
715 388
715 655
715 668
715 730
715 746
715 816
715 832
715 971
715 987
715 991
716 101
716 283
716 317
716 364
716 487
716 510
716 603
716 628
716 771
716 775
716 881
717 444
717 649
717 654
717 777
717 873
717 878
717 895
717 955
717 958
717 971
717 973
718 250
718 429
718 474
718 564
718 668
718 694
718 830
718 834
718 971
718 987
718 991
719 124
719 135
719 208
719 352
719 377
719 732
719 779
719 822
719 865
719 898
719 990
72 277
72 817
72 903
72 922
720 130
720 331
720 495
720 653
720 733
720 765
720 778
720 798
720 954
720 972
720 983
721 540
721 634
721 706
721 821
721 826
721 847
721 876
721 895
721 955
721 958
721 973
722 139
722 216
722 490
722 599
722 666
722 684
722 780
722 822
722 823
722 921
722 978
723 482
723 484
723 622
723 731
723 775
723 880
723 905
723 916
723 921
723 951
723 981
724 229
724 443
724 557
724 607
724 767
724 807
724 875
724 879
724 912
724 934
724 969
725 488
725 711
725 774
725 848
725 849
725 881
725 904
725 928
725 977
725 997
725 998
726 621
726 812
726 870
726 917
726 943
726 962
726 968
726 977
726 988
726 989
726 992
727 12
727 193
727 245
727 338
727 539
727 560
727 742
727 818
727 838
727 961
727 99
728 654
728 771
728 820
728 873
728 939
728 963
728 966
728 969
728 973
728 997
728 998
729 29
729 468
729 478
729 770
729 839
729 908
729 926
729 960
729 992
729 997
729 998
73 672
73 74
73 804
73 97
730 18
730 385
730 439
730 657
730 668
730 715
730 830
730 837
730 971
730 989
730 991
731 297
731 381
731 555
731 698
731 723
731 746
731 800
731 905
731 916
731 951
731 981
732 144
732 245
732 529
732 684
732 719
732 779
732 819
732 822
732 898
732 913
732 990
733 309
733 341
733 548
733 594
733 720
733 764
733 815
733 871
733 917
733 983
733 992
734 343
734 582
734 752
734 813
734 865
734 906
734 909
734 975
734 982
734 986
734 994
734 995
735 504
735 64
735 870
735 882
735 885
735 917
735 943
735 962
735 968
735 988
735 989
735 992
736 1000
736 437
736 602
736 605
736 643
736 883
736 897
736 927
736 961
736 966
736 976
736 999
737 165
737 315
737 318
737 685
737 747
737 770
737 930
737 934
737 964
737 972
737 980
737 983
738 15
738 187
738 510
738 513
738 524
738 563
738 603
738 628
738 690
738 771
738 967
738 982
739 227
739 416
739 462
739 494
739 778
739 793
739 795
739 820
739 877
739 933
739 967
739 972
74 567
74 73
74 802
74 986
740 325
740 341
740 764
740 854
740 871
740 872
740 930
740 933
740 934
740 983
740 992
740 995
741 418
741 421
741 459
741 562
741 578
741 590
741 629
741 824
741 862
741 891
741 920
741 948
742 284
742 391
742 440
742 483
742 501
742 560
742 587
742 596
742 727
742 818
742 838
742 967
743 21
743 744
743 821
743 843
743 876
743 895
743 931
743 955
743 958
743 973
743 974
743 983
744 342
744 379
744 444
744 535
744 743
744 75
744 821
744 895
744 935
744 949
744 973
744 974
745 301
745 574
745 704
745 751
745 761
745 768
745 781
745 887
745 892
745 913
745 945
745 956
746 205
746 44
746 715
746 731
746 787
746 951
746 971
746 975
746 981
746 991
746 994
746 995
747 221
747 445
747 523
747 547
747 737
747 778
747 798
747 871
747 898
747 950
747 954
747 972
748 1000
748 282
748 626
748 875
748 925
748 929
748 937
748 961
748 963
748 966
748 976
748 999
749 160
749 414
749 422
749 431
749 577
749 656
749 680
749 836
749 902
749 942
749 944
749 965
75 744
75 873
75 949
75 955
750 342
750 493
750 594
750 765
750 770
750 852
750 872
750 930
750 933
750 946
750 972
750 980
751 171
751 600
751 745
751 837
751 881
751 900
751 928
751 969
751 977
751 992
751 997
751 998
752 393
752 470
752 483
752 596
752 734
752 838
752 857
752 909
752 933
752 941
752 946
752 99
753 209
753 403
753 527
753 555
753 59
753 78
753 783
753 809
753 811
753 828
753 884
753 914
754 432
754 441
754 591
754 618
754 630
754 678
754 683
754 911
754 927
754 952
754 964
754 969
755 369
755 429
755 452
755 564
755 598
755 657
755 787
755 816
755 830
755 868
755 971
755 991
756 1000
756 2
756 353
756 652
756 686
756 881
756 897
756 925
756 939
756 961
756 976
756 999
757 1000
757 428
757 546
757 625
757 652
757 786
757 813
757 881
757 900
757 956
757 961
757 989
757 998
758 173
758 198
758 316
758 328
758 447
758 616
758 650
758 766
758 813
758 860
758 861
758 957
758 982
759 21
759 272
759 357
759 419
759 438
759 554
759 699
759 707
759 853
759 878
759 949
759 955
759 973
76 943
76 968
76 988
76 989
760 477
760 812
760 845
760 870
760 882
760 917
760 943
760 949
760 962
760 968
760 988
760 989
760 992
761 111
761 186
761 556
761 745
761 781
761 784
761 795
761 846
761 890
761 892
761 945
761 956
761 962
762 1
762 149
762 478
762 579
762 586
762 648
762 685
762 877
762 933
762 950
762 972
762 980
762 983
763 198
763 328
763 582
763 592
763 637
763 769
763 808
763 909
763 956
763 982
763 986
763 994
763 995
764 315
764 374
764 494
764 523
764 733
764 740
764 922
764 934
764 950
764 959
764 972
764 980
764 983
765 416
765 541
765 594
765 685
765 693
765 720
765 750
765 778
765 872
765 934
765 954
765 980
765 992
766 150
766 184
766 651
766 672
766 705
766 758
766 799
766 860
766 919
766 975
766 982
766 986
766 994
767 137
767 348
767 482
767 557
767 607
767 724
767 807
767 875
767 879
767 912
767 969
767 986
767 999
768 28
768 4
768 572
768 574
768 745
768 795
768 803
768 836
768 846
768 892
768 913
768 956
768 974
769 464
769 500
769 763
769 803
769 823
769 850
769 902
769 913
769 956
769 957
769 978
769 985
769 993
77 799
77 800
77 827
77 981
770 471
770 729
770 737
770 750
770 793
770 815
770 854
770 871
770 921
770 950
770 972
770 980
770 983
771 187
771 283
771 364
771 510
771 513
771 524
771 623
771 628
771 690
771 716
771 728
771 738
771 775
772 1000
772 30
772 450
772 492
772 567
772 677
772 918
772 939
772 953
772 963
772 970
772 979
772 999
773 134
773 238
773 33
773 422
773 473
773 500
773 666
773 810
773 823
773 896
773 965
773 978
773 990
774 222
774 384
774 415
774 520
774 541
774 596
774 606
774 705
774 710
774 725
774 924
774 932
774 974
775 112
775 286
775 313
775 317
775 628
775 653
775 716
775 723
775 771
775 829
775 872
775 951
775 972
776 113
776 189
776 230
776 388
776 454
776 570
776 695
776 824
776 874
776 893
776 977
776 984
776 990
777 143
777 312
777 361
777 444
777 717
777 876
777 878
777 931
777 949
777 955
777 958
777 973
777 994
778 404
778 462
778 594
778 720
778 739
778 747
778 765
778 793
778 871
778 872
778 880
778 934
778 950
779 126
779 208
779 318
779 352
779 360
779 365
779 497
779 684
779 719
779 732
779 822
779 898
779 944
78 425
78 610
78 753
78 938
780 134
780 142
780 216
780 330
780 490
780 500
780 666
780 722
780 810
780 896
780 902
780 94
780 978
781 28
781 419
781 745
781 761
781 784
781 795
781 805
781 831
781 846
781 890
781 913
781 943
781 956
782 167
782 329
782 417
782 508
782 57
782 694
782 789
782 794
782 817
782 849
782 903
782 922
782 947
783 43
783 570
783 688
783 753
783 809
783 828
783 841
783 863
783 884
783 899
783 935
783 947
783 996
784 145
784 350
784 427
784 448
784 572
784 608
784 701
784 761
784 781
784 795
784 803
784 805
784 887
784 956
785 648
785 693
785 798
785 831
785 864
785 872
785 877
785 930
785 933
785 934
785 941
785 954
785 980
785 983
786 100
786 1000
786 757
786 883
786 888
786 927
786 929
786 937
786 954
786 961
786 963
786 966
786 976
786 999
787 247
787 304
787 472
787 550
787 581
787 668
787 746
787 755
787 816
787 834
787 944
787 971
787 987
787 991
788 212
788 481
788 503
788 624
788 835
788 838
788 839
788 867
788 868
788 891
788 907
788 908
788 926
788 960
789 133
789 167
789 386
789 508
789 534
789 566
789 57
789 676
789 694
789 713
789 782
789 903
789 922
789 947
79 868
79 907
79 926
79 960
790 1000
790 181
790 515
790 840
790 897
790 925
790 927
790 929
790 937
790 939
790 966
790 976
790 980
790 999
791 346
791 392
791 627
791 661
791 663
791 842
791 874
791 893
791 940
791 968
791 977
791 984
791 990
791 991
792 148
792 308
792 498
792 544
792 575
792 613
792 644
792 850
792 856
792 910
792 936
792 957
792 985
792 993
793 158
793 183
793 270
793 382
793 494
793 739
793 770
793 778
793 854
793 930
793 933
793 934
793 972
793 974
794 211
794 441
794 453
794 467
794 534
794 573
794 632
794 782
794 903
794 922
794 933
794 942
794 964
794 965
795 350
795 574
795 704
795 739
795 761
795 768
795 781
795 784
795 805
795 890
795 945
795 956
795 974
795 987
796 148
796 231
796 308
796 321
796 395
796 556
796 851
796 856
796 936
796 957
796 977
796 978
796 985
796 993
797 130
797 316
797 403
797 616
797 821
797 832
797 885
797 943
797 968
797 971
797 986
797 988
797 989
797 991
798 221
798 333
798 335
798 462
798 648
798 653
798 720
798 747
798 785
798 825
798 86
798 902
798 933
798 980
799 44
799 446
799 577
799 583
799 609
799 709
799 766
799 77
799 800
799 819
799 905
799 915
799 951
799 981
8 848
8 974
8 991
8 998
80 961
80 976
80 987
80 999
800 121
800 125
800 484
800 540
800 555
800 609
800 709
800 731
800 77
800 799
800 915
800 921
800 951
800 981
801 249
801 330
801 662
801 669
801 670
801 676
801 687
801 819
801 825
801 857
801 889
801 941
801 946
801 966
802 204
802 334
802 399
802 424
802 450
802 561
802 567
802 646
802 658
802 671
802 74
802 804
802 944
802 97
803 311
803 410
803 576
803 679
803 768
803 769
803 784
803 887
803 890
803 892
803 913
803 925
803 945
803 974
804 30
804 334
804 399
804 45
804 492
804 561
804 567
804 658
804 671
804 73
804 802
804 944
804 97
804 989
805 225
805 28
805 366
805 464
805 471
805 552
805 7
805 781
805 784
805 795
805 887
805 892
805 913
805 956
806 227
806 374
806 406
806 670
806 674
806 828
806 889
806 918
806 938
806 941
806 946
806 972
806 976
806 983
807 137
807 348
807 363
807 482
807 51
807 557
807 607
807 724
807 767
807 875
807 879
807 912
807 969
807 988
808 159
808 426
808 436
808 522
808 582
808 642
808 763
808 813
808 876
808 919
808 975
808 982
808 986
808 994
809 103
809 255
809 299
809 389
809 59
809 61
809 674
809 753
809 783
809 811
809 828
809 841
809 863
809 996
81 476
81 714
81 861
81 994
810 134
810 292
810 447
810 490
810 500
810 505
810 599
810 773
810 780
810 867
810 896
810 921
810 978
810 990
811 281
811 420
811 530
811 636
811 665
811 692
811 753
811 809
811 820
811 841
811 852
811 935
811 938
811 947
811 996
812 689
812 697
812 726
812 760
812 834
812 870
812 882
812 885
812 917
812 943
812 962
812 968
812 983
812 988
812 989
813 323
813 475
813 498
813 660
813 734
813 757
813 758
813 808
813 865
813 919
813 921
813 975
813 986
813 994
813 995
814 235
814 397
814 512
814 540
814 68
814 698
814 700
814 709
814 829
814 855
814 905
814 915
814 916
814 951
814 981
815 478
815 495
815 517
815 733
815 770
815 854
815 872
815 877
815 895
815 911
815 930
815 933
815 950
815 983
815 992
816 250
816 31
816 383
816 71
816 715
816 755
816 787
816 830
816 832
816 834
816 88
816 969
816 971
816 987
816 991
817 329
817 417
817 457
817 508
817 534
817 566
817 57
817 682
817 694
817 72
817 782
817 866
817 903
817 922
817 946
818 13
818 193
818 245
818 338
818 391
818 560
818 596
818 641
818 727
818 742
818 838
818 866
818 906
818 99
818 997
819 109
819 295
819 732
819 799
819 801
819 822
819 827
819 857
819 858
819 905
819 916
819 941
819 946
819 985
819 990
82 473
82 587
82 945
82 956
820 254
820 349
820 582
820 728
820 739
820 811
820 828
820 841
820 860
820 930
820 975
820 983
820 987
820 992
820 996
821 499
821 634
821 649
821 721
821 743
821 744
821 797
821 843
821 847
821 873
821 876
821 878
821 931
821 958
821 974
822 124
822 126
822 144
822 365
822 497
822 562
822 684
822 719
822 722
822 732
822 779
822 819
822 898
822 944
822 990
823 142
823 238
823 307
823 447
823 505
823 722
823 769
823 773
823 863
823 896
823 902
823 921
823 932
823 978
823 990
824 194
824 392
824 445
824 545
824 627
824 661
824 741
824 776
824 842
824 874
824 893
824 921
824 940
824 977
824 984
825 408
825 568
825 571
825 662
825 669
825 676
825 687
825 798
825 801
825 857
825 87
825 889
825 896
825 941
825 946
826 312
826 444
826 531
826 577
826 707
826 721
826 843
826 847
826 853
826 91
826 949
826 958
826 959
826 967
826 973
827 140
827 456
827 48
827 521
827 77
827 819
827 829
827 855
827 858
827 859
827 880
827 886
827 905
827 929
827 981
828 154
828 161
828 367
828 506
828 537
828 753
828 783
828 806
828 809
828 820
828 84
828 892
828 899
828 918
828 996
829 121
829 183
829 521
829 540
829 622
829 775
829 814
829 827
829 855
829 880
829 905
829 915
829 916
829 951
829 981
83 627
83 874
83 940
83 984
830 385
830 423
830 439
830 598
830 655
830 657
830 668
830 718
830 730
830 755
830 816
830 834
830 971
830 973
830 991
831 394
831 470
831 478
831 552
831 708
831 781
831 785
831 846
831 909
831 934
831 956
831 967
831 972
831 974
831 975
832 210
832 423
832 581
832 60
832 655
832 657
832 702
832 715
832 797
832 816
832 834
832 92
832 971
832 974
832 987
832 991
833 25
833 255
833 320
833 405
833 674
833 688
833 712
833 863
833 869
833 884
833 914
833 918
833 935
833 938
833 99
833 996
834 304
834 356
834 369
834 385
834 439
834 514
834 657
834 718
834 787
834 812
834 816
834 830
834 832
834 88
834 971
834 991
835 271
835 306
835 322
835 461
835 620
835 673
835 788
835 839
835 867
835 868
835 907
835 908
835 926
835 937
835 959
835 960
836 107
836 160
836 241
836 414
836 52
836 573
836 615
836 632
836 656
836 749
836 768
836 852
836 9
836 901
836 942
836 965
837 267
837 291
837 452
837 516
837 604
837 701
837 730
837 751
837 848
837 887
837 918
837 928
837 971
837 997
837 998
837 999
838 127
838 13
838 244
838 391
838 403
838 440
838 501
838 539
838 641
838 727
838 742
838 752
838 788
838 818
838 866
838 946
839 310
839 40
839 481
839 620
839 673
839 729
839 788
839 835
839 867
839 868
839 907
839 908
839 959
839 960
839 967
839 972
84 828
84 869
84 884
84 996
840 1000
840 401
840 463
840 635
840 643
840 67
840 790
840 888
840 897
840 925
840 937
840 939
840 961
840 963
840 966
840 976
841 179
841 274
841 281
841 331
841 460
841 66
841 674
841 783
841 809
841 811
841 820
841 882
841 884
841 899
841 918
841 947
842 298
842 332
842 545
842 570
842 602
842 636
842 661
842 791
842 824
842 893
842 921
842 940
842 952
842 98
842 984
842 990
843 32
843 35
843 438
843 499
843 649
843 671
843 699
843 743
843 821
843 826
843 847
843 873
843 931
843 949
843 955
843 973
844 242
844 257
844 266
844 390
844 480
844 617
844 639
844 657
844 677
844 695
844 882
844 894
844 901
844 923
844 953
844 970
845 518
845 610
845 621
845 697
845 760
845 870
845 882
845 885
845 917
845 943
845 962
845 968
845 969
845 988
845 989
845 992
846 451
846 530
846 576
846 588
846 704
846 761
846 768
846 781
846 831
846 887
846 913
846 945
846 956
846 972
846 979
846 987
847 272
847 312
847 514
847 609
847 721
847 821
847 826
847 843
847 853
847 876
847 955
847 958
847 967
847 973
847 974
847 995
848 169
848 203
848 646
848 725
848 8
848 837
848 849
848 904
848 928
848 93
848 945
848 969
848 977
848 992
848 997
848 998
849 289
849 344
849 538
849 597
849 646
849 711
849 725
849 782
849 848
849 900
849 920
849 928
849 969
849 977
849 992
849 997
849 998
85 962
85 988
85 989
85 992
850 187
850 373
850 430
850 544
850 571
850 601
850 613
850 769
850 792
850 851
850 856
850 864
850 867
850 910
850 936
850 985
850 993
851 190
851 258
851 264
851 321
851 53
851 571
851 601
851 688
851 796
851 850
851 856
851 864
851 936
851 957
851 977
851 985
851 993
852 122
852 279
852 394
852 409
852 573
852 6
852 615
852 632
852 680
852 696
852 750
852 811
852 836
852 902
852 942
852 944
852 965
853 192
853 281
853 699
853 707
853 759
853 826
853 847
853 873
853 878
853 89
853 895
853 931
853 949
853 955
853 958
853 967
853 973
854 168
854 221
854 462
854 493
854 648
854 740
854 770
854 793
854 815
854 871
854 930
854 934
854 955
854 959
854 972
854 980
854 983
855 17
855 340
855 406
855 48
855 553
855 814
855 827
855 829
855 858
855 859
855 880
855 905
855 915
855 916
855 921
855 951
855 981
856 308
856 544
856 556
856 601
856 681
856 792
856 796
856 850
856 851
856 864
856 910
856 936
856 957
856 977
856 985
856 993
856 998
857 104
857 108
857 110
857 249
857 375
857 408
857 662
857 669
857 676
857 687
857 752
857 801
857 819
857 825
857 889
857 941
857 946
858 116
858 125
858 235
858 24
858 609
858 622
858 695
858 698
858 700
858 819
858 827
858 855
858 859
858 886
858 921
858 981
858 986
859 101
859 121
859 23
859 294
859 434
859 512
859 521
859 561
859 698
859 827
859 855
859 858
859 880
859 886
859 915
859 916
859 981
86 374
86 798
86 954
86 983
860 173
860 240
860 565
860 598
860 660
860 708
860 758
860 766
860 820
860 861
860 865
860 909
860 975
860 982
860 985
860 994
860 995
861 199
861 22
861 234
861 240
861 254
861 387
861 465
861 507
861 637
861 758
861 81
861 860
861 909
861 975
861 986
861 994
861 995
862 182
862 251
862 286
862 334
862 380
862 418
862 442
862 459
862 463
862 578
862 629
862 741
862 891
862 920
862 947
862 948
862 980
863 273
863 347
863 549
863 575
863 61
863 645
863 665
863 706
863 783
863 809
863 823
863 833
863 935
863 938
863 947
863 987
863 996
864 207
864 231
864 435
864 556
864 585
864 681
864 703
864 785
864 850
864 851
864 856
864 867
864 910
864 936
864 957
864 977
864 985
864 993
865 166
865 323
865 340
865 428
865 46
865 479
865 582
865 593
865 637
865 719
865 734
865 813
865 860
865 919
865 982
865 986
865 994
865 995
866 13
866 244
866 261
866 338
866 501
866 508
866 525
866 566
866 694
866 817
866 818
866 838
866 922
866 923
866 953
866 970
866 979
866 997
867 407
867 412
867 595
867 699
867 788
867 810
867 835
867 839
867 850
867 864
867 868
867 876
867 936
867 940
867 955
867 960
867 985
867 993
868 212
868 259
868 268
868 275
868 40
868 673
868 755
868 788
868 79
868 835
868 839
868 867
868 893
868 907
868 908
868 926
868 959
868 960
869 123
869 162
869 276
869 320
869 506
869 610
869 692
869 712
869 833
869 84
869 888
869 910
869 914
869 918
869 935
869 959
869 987
869 996
87 825
87 889
87 941
87 946
870 309
870 401
870 619
870 633
870 689
870 726
870 735
870 760
870 812
870 845
870 882
870 885
870 917
870 943
870 962
870 968
870 988
870 989
871 333
871 445
871 589
871 607
871 733
871 740
871 747
871 770
871 778
871 854
871 930
871 934
871 950
871 954
871 980
871 981
871 983
871 992
872 315
872 341
872 404
872 412
872 485
872 549
872 589
872 740
872 750
872 765
872 775
872 778
872 785
872 815
872 902
872 934
872 967
872 980
872 983
873 269
873 35
873 39
873 427
873 458
873 554
873 654
873 706
873 717
873 728
873 75
873 821
873 843
873 853
873 931
873 949
873 955
873 958
873 973
874 132
874 172
874 188
874 200
874 26
874 346
874 454
874 533
874 627
874 661
874 776
874 791
874 824
874 83
874 893
874 90
874 977
874 984
874 990
875 156
875 188
875 213
875 229
875 348
875 363
875 443
875 470
875 482
875 557
875 607
875 724
875 748
875 767
875 807
875 879
875 912
875 916
875 969
876 214
876 32
876 499
876 595
876 654
876 699
876 721
876 743
876 777
876 808
876 821
876 847
876 867
876 878
876 949
876 955
876 958
876 969
876 973
877 163
877 270
877 29
877 454
877 478
877 493
877 589
877 693
877 702
877 739
877 762
877 785
877 815
877 930
877 939
877 954
877 967
877 972
877 983
878 170
878 349
878 354
878 383
878 458
878 514
878 595
878 707
878 717
878 759
878 777
878 821
878 853
878 876
878 895
878 931
878 949
878 955
878 973
879 137
879 156
879 188
879 213
879 348
879 363
879 443
879 482
879 51
879 557
879 563
879 607
879 724
879 767
879 807
879 875
879 912
879 923
879 967
879 969
88 581
88 816
88 834
88 991
880 340
880 397
880 456
880 519
880 583
880 622
880 698
880 709
880 723
880 778
880 827
880 829
880 855
880 859
880 886
880 905
880 915
880 928
880 951
880 981
881 265
881 449
881 486
881 558
881 597
881 625
881 646
881 711
881 716
881 725
881 751
881 756
881 757
881 900
881 904
881 920
881 928
881 969
881 997
881 998
882 433
882 477
882 531
882 619
882 633
882 689
882 735
882 760
882 812
882 841
882 844
882 845
882 870
882 917
882 943
882 962
882 968
882 988
882 989
882 992
883 1000
883 285
883 288
883 305
883 496
883 569
883 61
883 611
883 664
883 736
883 786
883 925
883 927
883 937
883 939
883 961
883 963
883 966
883 976
883 999
884 161
884 162
884 209
884 273
884 276
884 425
884 537
884 610
884 665
884 753
884 783
884 833
884 84
884 841
884 914
884 927
884 932
884 938
884 95
884 996
885 300
885 310
885 37
885 433
885 584
885 619
885 689
885 697
885 735
885 797
885 812
885 845
885 870
885 917
885 943
885 962
885 968
885 988
885 989
885 992
886 109
886 110
886 17
886 178
886 200
886 389
886 47
886 521
886 677
886 700
886 709
886 827
886 858
886 859
886 880
886 905
886 915
886 916
886 959
886 981
887 324
887 448
887 451
887 530
887 576
887 588
887 701
887 704
887 745
887 784
887 803
887 805
887 837
887 846
887 890
887 956
887 966
887 974
887 987
887 992
888 1000
888 542
888 605
888 611
888 615
888 626
888 652
888 664
888 786
888 840
888 869
888 897
888 927
888 929
888 937
888 939
888 961
888 963
888 966
888 976
888 999
889 104
889 152
889 249
889 261
889 375
889 408
889 568
889 648
889 662
889 669
889 670
889 676
889 687
889 801
889 806
889 825
889 857
889 87
889 941
889 946
889 994
89 699
89 853
89 895
89 958
890 301
890 321
890 324
890 361
890 448
890 471
890 50
890 516
890 552
890 576
890 67
890 761
890 781
890 795
890 803
890 887
890 892
890 945
890 956
890 974
890 987
891 259
891 380
891 421
891 546
891 578
891 640
891 673
891 697
891 741
891 788
891 862
891 894
891 901
891 908
891 923
891 926
891 948
891 953
891 960
891 970
891 979
892 196
892 225
892 291
892 301
892 34
892 50
892 572
892 679
892 745
892 761
892 768
892 803
892 805
892 828
892 890
892 913
892 945
892 956
892 983
892 986
892 987
893 189
893 332
893 388
893 454
893 532
893 533
893 570
893 661
893 663
893 776
893 791
893 824
893 842
893 868
893 874
893 921
893 930
893 940
893 977
893 984
893 990
894 266
894 302
894 337
894 351
894 36
894 424
894 491
894 525
894 526
894 617
894 643
894 667
894 677
894 844
894 891
894 901
894 923
894 953
894 967
894 970
894 979
895 102
895 170
895 357
895 438
895 634
895 649
895 654
895 706
895 707
895 717
895 721
895 743
895 744
895 815
895 853
895 878
895 89
895 932
895 949
895 955
895 973
895 990
896 142
896 238
896 33
896 473
896 490
896 500
896 525
896 527
896 529
896 586
896 599
896 666
896 692
896 773
896 780
896 810
896 823
896 825
896 902
896 921
896 978
896 990
897 282
897 358
897 437
897 484
897 49
897 611
897 686
897 736
897 756
897 790
897 840
897 888
897 925
897 927
897 929
897 937
897 939
897 961
897 963
897 966
897 982
897 999
898 124
898 126
898 135
898 154
898 208
898 295
898 327
898 352
898 360
898 365
898 377
898 497
898 529
898 684
898 719
898 732
898 747
898 779
898 822
898 944
898 988
898 990
899 128
899 163
899 177
899 289
899 305
899 523
899 537
899 575
899 636
899 645
899 688
899 783
899 828
899 841
899 914
899 918
899 938
899 95
899 959
899 961
899 987
899 996
9 431
9 836
9 942
9 965
90 874
90 900
90 98
90 984
900 164
900 336
900 471
900 538
900 558
900 597
900 600
900 638
900 646
900 675
900 751
900 757
900 849
900 881
900 90
900 904
900 928
900 950
900 977
900 992
900 997
900 998
901 176
901 19
901 260
901 269
901 351
901 413
901 474
901 525
901 526
901 617
901 634
901 677
901 695
901 836
901 844
901 891
901 894
901 923
901 953
901 967
901 970
901 979
902 227
902 345
902 547
902 579
902 615
902 632
902 656
902 678
902 749
902 769
902 780
902 798
902 823
902 852
902 872
902 896
902 921
902 942
902 950
902 965
902 978
902 983
902 990
903 133
903 150
903 277
903 329
903 339
903 386
903 457
903 509
903 534
903 566
903 57
903 682
903 694
903 713
903 72
903 782
903 789
903 794
903 817
903 908
903 919
903 922
903 947
904 344
904 449
904 488
904 526
904 538
904 558
904 625
904 638
904 646
904 675
904 702
904 711
904 725
904 848
904 881
904 900
904 906
904 920
904 928
904 951
904 992
904 997
904 998
905 112
905 178
905 280
905 338
905 434
905 487
905 540
905 551
905 609
905 709
905 723
905 731
905 799
905 814
905 819
905 827
905 829
905 855
905 880
905 886
905 915
905 970
905 981
906 203
906 25
906 265
906 382
906 400
906 501
906 539
906 560
906 587
906 596
906 613
906 711
906 734
906 818
906 904
906 910
906 928
906 936
906 957
906 977
906 985
906 993
906 998
907 105
907 268
907 271
907 275
907 292
907 322
907 364
907 407
907 481
907 485
907 503
907 614
907 624
907 673
907 788
907 79
907 835
907 839
907 868
907 908
907 926
907 959
907 960
908 1000
908 259
908 271
908 275
908 310
908 322
908 407
908 503
908 583
908 620
908 624
908 673
908 729
908 788
908 835
908 839
908 868
908 891
908 903
908 907
908 926
908 959
908 960
909 155
909 159
909 224
909 372
909 426
909 436
909 644
909 651
909 691
909 734
909 752
909 763
909 831
909 860
909 861
909 919
909 920
909 944
909 962
909 975
909 986
909 994
909 995
91 826
91 978
91 997
91 998
910 237
910 264
910 400
910 430
910 498
910 544
910 556
910 571
910 585
910 601
910 681
910 792
910 850
910 856
910 864
910 869
910 906
910 936
910 939
910 957
910 977
910 985
910 993
911 114
911 119
911 174
911 180
911 226
911 314
911 441
911 455
911 467
911 502
911 536
911 580
911 591
911 612
911 614
911 659
911 683
911 696
911 754
911 815
911 952
911 964
911 969
912 137
912 156
912 188
912 213
912 229
912 348
912 363
912 443
912 45
912 470
912 482
912 51
912 557
912 563
912 607
912 724
912 767
912 807
912 875
912 879
912 959
912 969
912 992
913 11
913 186
913 219
913 28
913 43
913 516
913 552
913 679
913 704
913 732
913 745
913 768
913 769
913 781
913 803
913 805
913 846
913 892
913 945
913 956
913 958
913 986
913 987
914 179
914 195
914 196
914 25
914 289
914 406
914 425
914 460
914 506
914 549
914 563
914 573
914 636
914 688
914 753
914 833
914 869
914 884
914 899
914 918
914 935
914 938
914 987
915 118
915 21
915 220
915 294
915 389
915 44
915 47
915 512
915 519
915 521
915 693
915 695
915 700
915 799
915 800
915 814
915 829
915 855
915 859
915 880
915 886
915 905
915 916
915 951
916 397
916 398
916 434
916 446
916 468
916 521
916 540
916 555
916 681
916 700
916 723
916 731
916 814
916 819
916 829
916 855
916 859
916 875
916 886
916 915
916 921
916 951
916 981
916 990
917 219
917 433
917 504
917 518
917 584
917 621
917 633
917 689
917 697
917 726
917 733
917 735
917 760
917 812
917 845
917 870
917 882
917 885
917 943
917 962
917 968
917 988
917 989
917 992
918 177
918 215
918 299
918 320
918 347
918 402
918 405
918 527
918 537
918 59
918 61
918 611
918 712
918 772
918 806
918 828
918 833
918 837
918 841
918 869
918 899
918 914
918 935
918 938
918 996
919 130
919 166
919 248
919 362
919 43
919 522
919 546
919 593
919 642
919 651
919 672
919 691
919 708
919 766
919 808
919 813
919 865
919 903
919 909
919 920
919 951
919 982
919 986
919 994
919 995
92 832
92 926
92 971
92 991
920 251
920 345
920 372
920 376
920 410
920 421
920 451
920 578
920 691
920 741
920 849
920 862
920 881
920 904
920 909
920 919
920 928
920 947
920 948
920 982
920 986
920 992
920 994
920 997
920 998
921 113
921 532
921 599
921 622
921 666
921 722
921 723
921 770
921 800
921 810
921 813
921 823
921 824
921 842
921 855
921 858
921 893
921 896
921 902
921 916
921 940
921 951
921 978
921 984
921 990
922 133
922 150
922 167
922 277
922 329
922 339
922 386
922 417
922 464
922 508
922 509
922 534
922 566
922 682
922 713
922 72
922 764
922 782
922 789
922 794
922 817
922 866
922 903
922 947
922 957
923 150
923 176
923 19
923 257
923 260
923 269
923 302
923 337
923 37
923 390
923 435
923 480
923 525
923 617
923 639
923 667
923 844
923 866
923 879
923 891
923 894
923 901
923 953
923 970
923 979
923 993
924 10
924 14
924 191
924 222
924 232
924 287
924 384
924 396
924 415
924 435
924 469
924 511
924 520
924 535
924 541
924 553
924 558
924 606
924 62
924 7
924 705
924 710
924 774
924 928
924 932
924 974
925 1000
925 141
925 236
925 252
925 288
925 374
925 401
925 461
925 635
925 652
925 748
925 756
925 790
925 803
925 840
925 883
925 897
925 927
925 929
925 937
925 939
925 961
925 963
925 966
925 976
925 999
926 114
926 192
926 268
926 275
926 306
926 310
926 40
926 407
926 481
926 485
926 496
926 503
926 583
926 620
926 624
926 673
926 729
926 788
926 79
926 835
926 868
926 891
926 907
926 908
926 92
926 959
926 960
927 1000
927 252
927 256
927 285
927 355
927 461
927 569
927 643
927 664
927 714
927 736
927 754
927 786
927 790
927 883
927 884
927 888
927 897
927 925
927 929
927 937
927 939
927 945
927 961
927 963
927 966
927 999
928 151
928 169
928 336
928 486
928 558
928 597
928 625
928 638
928 675
928 711
928 725
928 751
928 837
928 848
928 849
928 880
928 881
928 900
928 904
928 906
928 920
928 924
928 949
928 977
928 992
928 997
928 998
929 1000
929 111
929 141
929 358
929 457
929 461
929 49
929 542
929 611
929 626
929 652
929 714
929 748
929 786
929 790
929 827
929 888
929 897
929 925
929 927
929 937
929 961
929 963
929 966
929 987
929 995
929 999
93 637
93 653
93 848
93 948
930 175
930 24
930 254
930 313
930 318
930 563
930 648
930 65
930 653
930 693
930 737
930 740
930 750
930 785
930 793
930 815
930 820
930 854
930 871
930 877
930 893
930 933
930 950
930 967
930 980
930 983
930 998
931 102
931 214
931 383
931 411
931 458
931 499
931 514
931 583
931 586
931 633
931 634
931 649
931 699
931 706
931 707
931 743
931 777
931 821
931 843
931 853
931 873
931 878
931 955
931 957
931 958
931 973
931 989
932 10
932 14
932 222
932 232
932 26
932 287
932 384
932 396
932 415
932 435
932 447
932 466
932 469
932 520
932 535
932 541
932 553
932 62
932 7
932 705
932 710
932 774
932 823
932 884
932 895
932 924
932 974
933 149
933 254
933 341
933 493
933 513
933 559
933 647
933 65
933 685
933 693
933 739
933 740
933 750
933 752
933 762
933 785
933 793
933 794
933 798
933 815
933 930
933 950
933 967
933 972
933 973
933 980
933 983
933 992
934 318
934 325
934 335
934 342
934 379
934 462
934 469
934 547
934 559
934 589
934 647
934 653
934 724
934 737
934 740
934 764
934 765
934 778
934 785
934 793
934 831
934 854
934 871
934 872
934 954
934 967
934 972
934 980
935 123
935 16
935 177
935 215
935 243
935 347
935 402
935 406
935 488
935 527
935 575
935 665
935 674
935 688
935 712
935 744
935 783
935 811
935 833
935 863
935 869
935 914
935 918
935 938
935 959
935 96
935 987
935 996
936 120
936 185
936 237
936 264
936 3
936 395
936 400
936 549
936 571
936 585
936 613
936 681
936 703
936 792
936 796
936 850
936 851
936 856
936 864
936 867
936 906
936 910
936 943
936 957
936 964
936 977
936 985
936 993
937 1000
937 293
937 401
937 574
937 605
937 611
937 626
937 635
937 643
937 686
937 714
937 748
937 786
937 790
937 835
937 840
937 883
937 888
937 897
937 925
937 927
937 929
937 939
937 961
937 963
937 966
937 976
937 999
938 123
938 129
938 15
938 162
938 195
938 243
938 255
938 276
938 402
938 496
938 527
938 59
938 636
938 64
938 712
938 78
938 806
938 811
938 833
938 863
938 884
938 899
938 914
938 918
938 935
938 976
938 984
938 996
939 100
939 1000
939 2
939 285
939 49
939 58
939 618
939 635
939 643
939 686
939 714
939 728
939 756
939 772
939 790
939 840
939 877
939 883
939 888
939 897
939 910
939 925
939 927
939 937
939 961
939 963
939 970
939 976
939 999
94 519
94 698
94 780
94 981
940 113
940 189
940 290
940 298
940 332
940 342
940 346
940 388
940 454
940 505
940 545
940 55
940 551
940 570
940 602
940 627
940 663
940 668
940 70
940 791
940 824
940 83
940 842
940 867
940 893
940 921
940 977
940 984
940 990
941 104
941 108
941 152
941 249
941 261
941 27
941 375
941 408
941 551
941 568
941 618
941 662
941 669
941 670
941 676
941 687
941 752
941 785
941 801
941 806
941 819
941 825
941 857
941 87
941 889
941 946
941 975
941 996
942 107
942 138
942 227
942 241
942 253
942 279
942 309
942 394
942 409
942 411
942 414
942 431
942 513
942 52
942 6
942 615
942 632
942 656
942 670
942 680
942 696
942 749
942 794
942 836
942 852
942 9
942 902
942 944
942 965
943 262
943 371
943 5
943 504
943 512
943 518
943 531
943 584
943 619
943 621
943 633
943 697
943 726
943 735
943 76
943 760
943 781
943 797
943 812
943 845
943 870
943 882
943 885
943 917
943 936
943 962
943 968
943 988
943 989
943 992
944 144
944 279
944 359
944 360
944 365
944 377
944 394
944 409
944 437
944 450
944 492
944 543
944 56
944 561
944 567
944 658
944 671
944 684
944 696
944 749
944 779
944 787
944 802
944 804
944 822
944 852
944 898
944 909
944 942
944 965
945 111
945 186
945 225
945 311
945 324
945 366
945 4
945 448
945 50
945 506
945 516
945 572
945 588
945 604
945 608
945 679
945 701
945 745
945 761
945 795
945 803
945 82
945 846
945 848
945 890
945 892
945 913
945 927
945 956
945 987
946 104
946 108
946 152
946 163
946 185
946 249
946 261
946 27
946 375
946 408
946 551
946 568
946 618
946 662
946 669
946 670
946 676
946 687
946 750
946 752
946 801
946 806
946 817
946 819
946 825
946 838
946 857
946 87
946 889
946 941
947 157
947 251
947 272
947 339
947 386
947 413
947 418
947 460
947 527
947 562
947 629
947 631
947 653
947 665
947 682
947 694
947 713
947 782
947 783
947 789
947 811
947 841
947 862
947 863
947 903
947 920
947 922
947 948
947 959
947 995
947 996
948 1
948 140
948 157
948 182
948 196
948 251
948 286
948 334
948 345
948 376
948 380
948 413
948 418
948 421
948 442
948 459
948 549
948 562
948 578
948 590
948 629
948 631
948 640
948 663
948 741
948 862
948 891
948 920
948 93
948 947
948 991
949 153
949 214
949 361
949 427
949 438
949 458
949 476
949 509
949 514
949 554
949 577
949 649
949 654
949 699
949 706
949 744
949 75
949 759
949 760
949 777
949 826
949 843
949 853
949 873
949 876
949 878
949 895
949 928
949 955
949 958
949 973
95 274
95 884
95 899
95 996
950 333
950 335
950 404
950 481
950 494
950 511
950 517
950 547
950 559
950 579
950 63
950 647
950 685
950 702
950 747
950 762
950 764
950 770
950 778
950 815
950 871
950 900
950 902
950 930
950 933
950 954
950 967
950 972
950 980
950 983
950 985
951 118
951 121
951 17
951 340
951 381
951 389
951 398
951 434
951 468
951 47
951 512
951 609
951 622
951 635
951 698
951 700
951 723
951 731
951 746
951 775
951 799
951 800
951 814
951 829
951 855
951 880
951 904
951 915
951 916
951 919
951 921
951 981
952 109
952 114
952 119
952 131
952 180
952 226
952 228
952 278
952 314
952 432
952 441
952 453
952 455
952 467
952 502
952 535
952 536
952 580
952 591
952 614
952 618
952 630
952 659
952 674
952 678
952 698
952 703
952 754
952 842
952 911
952 964
952 969
953 11
953 257
953 260
953 266
953 292
953 337
953 351
953 354
953 36
953 378
953 42
953 474
953 480
953 487
953 491
953 526
953 604
953 617
953 667
953 677
953 685
953 772
953 844
953 866
953 891
953 894
953 901
953 923
953 96
953 967
953 970
953 979
954 136
954 183
954 184
954 20
954 284
954 333
954 413
954 462
954 478
954 495
954 523
954 548
954 559
954 63
954 647
954 65
954 693
954 720
954 747
954 765
954 785
954 786
954 86
954 871
954 877
954 934
954 950
954 959
954 972
954 980
954 983
954 992
955 153
955 252
955 271
955 312
955 39
955 514
955 535
955 554
955 586
955 634
955 699
955 707
955 717
955 721
955 743
955 75
955 759
955 777
955 843
955 847
955 853
955 854
955 867
955 873
955 876
955 878
955 895
955 931
955 949
955 958
955 967
955 974
956 11
956 145
956 350
956 419
956 464
956 576
956 604
956 608
956 67
956 679
956 701
956 704
956 745
956 757
956 761
956 763
956 768
956 769
956 781
956 784
956 795
956 805
956 82
956 831
956 846
956 887
956 890
956 892
956 913
956 945
956 974
956 996
957 120
957 190
957 206
957 207
957 373
957 395
957 430
957 470
957 498
957 53
957 571
957 585
957 601
957 613
957 667
957 681
957 758
957 769
957 792
957 796
957 851
957 856
957 864
957 906
957 910
957 922
957 931
957 936
957 970
957 977
957 985
957 993
958 117
958 143
958 153
958 154
958 170
958 21
958 312
958 412
958 458
958 514
958 634
958 699
958 703
958 706
958 717
958 721
958 743
958 777
958 821
958 826
958 847
958 853
958 873
958 876
958 89
958 913
958 931
958 949
958 955
958 973
958 974
958 993
959 123
959 195
959 259
959 318
959 413
959 511
959 563
959 620
959 624
959 631
959 648
959 66
959 665
959 712
959 764
959 826
959 835
959 839
959 854
959 868
959 869
959 886
959 899
959 907
959 908
959 912
959 926
959 935
959 947
959 954
959 960
959 967
959 972
96 103
96 935
96 953
96 996
960 105
960 212
960 259
960 268
960 271
960 275
960 292
960 306
960 310
960 322
960 395
960 40
960 407
960 481
960 503
960 583
960 600
960 620
960 624
960 673
960 729
960 788
960 79
960 835
960 839
960 867
960 868
960 891
960 907
960 908
960 926
960 959
960 982
961 1000
961 256
961 285
961 355
961 542
961 569
961 611
961 626
961 635
961 645
961 664
961 686
961 714
961 727
961 736
961 748
961 756
961 757
961 786
961 80
961 840
961 883
961 888
961 897
961 899
961 925
961 927
961 929
961 937
961 939
961 966
961 976
961 999
962 262
962 293
962 300
962 371
962 428
962 477
962 5
962 504
962 518
962 531
962 584
962 619
962 621
962 633
962 689
962 697
962 726
962 735
962 760
962 761
962 812
962 845
962 85
962 870
962 882
962 885
962 909
962 917
962 943
962 968
962 988
962 989
962 992
963 100
963 1000
963 236
963 237
963 326
963 353
963 41
963 430
963 437
963 463
963 515
963 536
963 542
963 605
963 626
963 643
963 664
963 686
963 728
963 748
963 772
963 786
963 840
963 883
963 888
963 897
963 925
963 927
963 929
963 937
963 939
963 966
963 976
963 999
964 1000
964 114
964 174
964 180
964 217
964 228
964 278
964 314
964 432
964 441
964 453
964 455
964 467
964 502
964 535
964 536
964 580
964 591
964 612
964 614
964 618
964 630
964 654
964 659
964 678
964 683
964 703
964 737
964 754
964 794
964 911
964 936
964 952
964 969
965 107
965 122
965 138
965 160
965 185
965 241
965 253
965 309
965 359
965 394
965 409
965 411
965 414
965 431
965 52
965 528
965 573
965 577
965 6
965 615
965 632
965 656
965 673
965 680
965 696
965 749
965 773
965 794
965 836
965 852
965 9
965 902
965 942
965 944
965 976
966 1000
966 141
966 181
966 233
966 263
966 276
966 326
966 358
966 411
966 463
966 509
966 515
966 569
966 635
966 652
966 664
966 728
966 736
966 748
966 786
966 790
966 801
966 840
966 883
966 887
966 888
966 897
966 925
966 927
966 929
966 937
966 961
966 963
966 976
966 999
967 168
967 337
967 354
967 379
967 390
967 42
967 474
967 499
967 595
967 707
967 738
967 739
967 742
967 826
967 831
967 839
967 847
967 853
967 872
967 877
967 879
967 894
967 901
967 930
967 933
967 934
967 950
967 953
967 955
967 959
967 970
967 973
967 974
967 979
967 980
968 262
968 293
968 300
968 371
968 433
968 458
968 504
968 518
968 531
968 584
968 619
968 621
968 633
968 667
968 68
968 689
968 697
968 726
968 735
968 76
968 760
968 791
968 797
968 812
968 845
968 870
968 882
968 885
968 917
968 943
968 962
968 988
968 989
968 992
968 995
969 213
969 217
969 229
969 363
969 368
969 443
969 453
969 486
969 502
969 51
969 538
969 591
969 612
969 614
969 630
969 683
969 711
969 724
969 728
969 751
969 754
969 767
969 807
969 816
969 845
969 848
969 849
969 875
969 876
969 879
969 881
969 911
969 912
969 952
969 964
969 997
969 998
97 328
97 73
97 802
97 804
970 191
970 223
970 242
970 260
970 266
970 267
970 269
970 302
970 354
970 36
970 37
970 378
970 390
970 42
970 474
970 480
970 487
970 491
970 496
970 525
970 526
970 617
970 639
970 677
970 772
970 844
970 866
970 891
970 894
970 901
970 905
970 923
970 939
970 953
970 957
970 967
970 979
971 18
971 210
971 250
971 258
971 31
971 333
971 356
971 369
971 385
971 423
971 429
971 452
971 472
971 550
971 564
971 60
971 655
971 668
971 69
971 71
971 715
971 717
971 718
971 730
971 746
971 755
971 787
971 797
971 816
971 830
971 832
971 834
971 837
971 92
971 974
971 987
971 991
972 118
972 175
972 270
972 494
972 511
972 547
972 559
972 579
972 586
972 589
972 639
972 648
972 653
972 685
972 702
972 720
972 737
972 739
972 747
972 750
972 762
972 764
972 770
972 775
972 793
972 806
972 831
972 839
972 846
972 854
972 877
972 933
972 934
972 950
972 954
972 959
972 980
972 983
973 117
973 153
973 214
973 226
973 272
973 32
973 361
973 411
973 412
973 499
973 509
973 554
973 594
973 595
973 649
973 706
973 707
973 717
973 721
973 728
973 743
973 744
973 759
973 777
973 826
973 830
973 843
973 847
973 853
973 873
973 876
973 878
973 895
973 931
973 933
973 949
973 958
973 967
974 102
974 222
974 232
974 32
974 384
974 520
974 530
974 553
974 576
974 588
974 595
974 606
974 62
974 679
974 701
974 710
974 743
974 744
974 768
974 774
974 793
974 795
974 8
974 803
974 821
974 831
974 832
974 847
974 887
974 890
974 924
974 932
974 955
974 956
974 958
974 967
974 971
974 996
975 147
975 173
975 201
975 224
975 230
975 316
975 323
975 372
975 393
975 428
975 476
975 502
975 522
975 546
975 565
975 616
975 644
975 650
975 651
975 660
975 672
975 691
975 734
975 746
975 766
975 808
975 813
975 820
975 831
975 860
975 861
975 909
975 941
975 982
975 986
975 990
975 994
975 995
976 1000
976 233
976 236
976 247
976 256
976 263
976 288
976 326
976 353
976 355
976 496
976 515
976 542
976 603
976 605
976 635
976 652
976 686
976 714
976 736
976 748
976 756
976 786
976 790
976 80
976 806
976 840
976 883
976 888
976 925
976 937
976 938
976 939
976 961
976 963
976 965
976 966
976 999
977 131
977 151
977 290
977 308
977 457
977 498
977 556
977 627
977 638
977 663
977 702
977 725
977 726
977 751
977 776
977 791
977 796
977 824
977 848
977 849
977 851
977 856
977 864
977 874
977 893
977 900
977 906
977 910
977 928
977 936
977 940
977 957
977 984
977 985
977 990
977 991
977 993
977 997
977 998
978 101
978 116
978 134
978 139
978 142
978 191
978 211
978 226
978 238
978 246
978 307
978 311
978 33
978 330
978 422
978 45
978 471
978 473
978 485
978 490
978 500
978 505
978 510
978 599
978 666
978 692
978 70
978 722
978 769
978 773
978 780
978 796
978 810
978 823
978 896
978 902
978 91
978 921
978 990
979 176
979 19
979 223
979 242
979 25
979 257
979 266
979 269
979 302
979 337
979 351
979 354
979 37
979 378
979 390
979 413
979 42
979 474
979 480
979 491
979 496
979 525
979 526
979 528
979 544
979 639
979 669
979 677
979 695
979 772
979 846
979 866
979 891
979 894
979 901
979 923
979 953
979 967
979 970
98 280
98 842
98 90
98 984
980 158
980 20
980 291
980 315
980 374
980 393
980 404
980 416
980 495
980 517
980 523
980 547
980 548
980 559
980 579
980 586
980 594
980 63
980 685
980 737
980 750
980 762
980 764
980 765
980 770
980 785
980 790
980 798
980 854
980 862
980 871
980 872
980 930
980 933
980 934
980 950
980 954
980 967
980 972
980 983
980 992
981 1000
981 110
981 125
981 192
981 220
981 223
981 235
981 280
981 340
981 381
981 389
981 397
981 398
981 434
981 440
981 48
981 484
981 509
981 512
981 521
981 698
981 700
981 709
981 723
981 731
981 746
981 77
981 799
981 800
981 814
981 827
981 829
981 855
981 858
981 859
981 871
981 880
981 886
981 905
981 916
981 94
981 951
982 166
982 173
982 197
982 224
982 248
982 349
982 362
982 387
982 393
982 426
982 46
982 479
982 489
982 507
982 546
982 592
982 593
982 605
982 616
982 637
982 642
982 644
982 650
982 672
982 691
982 700
982 708
982 734
982 738
982 758
982 763
982 766
982 808
982 860
982 865
982 897
982 919
982 920
982 960
982 975
982 986
982 995
983 146
983 149
983 183
983 20
983 471
983 475
983 477
983 485
983 493
983 495
983 511
983 517
983 548
983 559
983 647
983 720
983 733
983 737
983 740
983 743
983 762
983 764
983 770
983 785
983 806
983 812
983 815
983 820
983 854
983 86
983 871
983 872
983 877
983 892
983 902
983 930
983 933
983 950
983 954
983 972
983 980
983 996
984 113
984 132
984 136
984 146
984 189
984 194
984 26
984 278
984 290
984 298
984 332
984 342
984 346
984 388
984 445
984 454
984 457
984 533
984 545
984 55
984 551
984 570
984 599
984 602
984 626
984 627
984 661
984 663
984 695
984 776
984 791
984 824
984 83
984 842
984 874
984 893
984 90
984 921
984 938
984 940
984 977
984 98
984 990
985 120
985 190
985 196
985 206
985 207
985 231
985 264
985 267
985 3
985 307
985 308
985 321
985 373
985 395
985 400
985 430
985 470
985 475
985 498
985 53
985 544
985 571
985 585
985 601
985 613
985 667
985 681
985 769
985 792
985 796
985 819
985 850
985 851
985 856
985 860
985 864
985 867
985 906
985 910
985 936
985 950
985 957
985 977
985 993
986 147
986 155
986 197
986 198
986 202
986 22
986 230
986 316
986 328
986 343
986 370
986 387
986 428
986 465
986 489
986 507
986 522
986 565
986 593
986 642
986 644
986 650
986 651
986 672
986 708
986 734
986 74
986 763
986 766
986 767
986 797
986 808
986 813
986 858
986 861
986 865
986 892
986 909
986 913
986 919
986 920
986 975
986 982
986 994
986 995
987 154
987 282
987 319
987 324
987 350
987 356
987 366
987 369
987 439
987 441
987 451
987 528
987 552
987 564
987 575
987 581
987 608
987 610
987 613
987 645
987 668
987 688
987 715
987 718
987 787
987 795
987 80
987 816
987 820
987 832
987 846
987 863
987 869
987 887
987 890
987 892
987 899
987 913
987 914
987 929
987 935
987 945
987 971
987 991
987 996
988 11
988 168
988 262
988 293
988 296
988 300
988 331
988 371
988 433
988 466
988 477
988 5
988 504
988 518
988 531
988 54
988 577
988 584
988 619
988 621
988 633
988 661
988 667
988 68
988 689
988 697
988 726
988 735
988 76
988 760
988 797
988 807
988 812
988 845
988 85
988 870
988 882
988 885
988 898
988 917
988 943
988 962
988 968
988 989
988 992
989 191
989 262
989 293
989 300
989 371
989 433
989 466
989 477
989 5
989 504
989 518
989 531
989 54
989 577
989 584
989 619
989 621
989 633
989 66
989 667
989 68
989 689
989 697
989 726
989 730
989 735
989 757
989 76
989 760
989 797
989 804
989 812
989 845
989 85
989 870
989 882
989 885
989 917
989 931
989 943
989 962
989 968
989 988
989 992
99 727
99 752
99 818
99 833
990 109
990 124
990 144
990 145
990 246
990 295
990 307
990 327
990 330
990 352
990 377
990 392
990 497
990 505
990 551
990 570
990 599
990 602
990 663
990 666
990 684
990 692
990 719
990 732
990 773
990 776
990 791
990 810
990 819
990 822
990 823
990 842
990 874
990 893
990 895
990 896
990 898
990 902
990 916
990 921
990 940
990 975
990 977
990 978
990 984
991 116
991 210
991 250
991 257
991 258
991 304
991 31
991 356
991 385
991 423
991 429
991 439
991 452
991 472
991 493
991 550
991 564
991 581
991 598
991 60
991 655
991 657
991 668
991 69
991 702
991 71
991 715
991 718
991 730
991 746
991 755
991 787
991 791
991 797
991 8
991 816
991 830
991 832
991 834
991 88
991 92
991 948
991 971
991 977
991 987
992 101
992 149
992 218
992 325
992 335
992 449
992 511
992 513
992 600
992 625
992 679
992 726
992 729
992 733
992 735
992 740
992 751
992 760
992 765
992 815
992 820
992 845
992 848
992 849
992 85
992 871
992 882
992 885
992 887
992 900
992 904
992 912
992 917
992 920
992 928
992 933
992 943
992 954
992 962
992 968
992 980
992 988
992 989
992 997
992 998
993 111
993 120
993 148
993 190
993 206
993 231
993 237
993 264
993 3
993 321
993 373
993 395
993 400
993 430
993 435
993 475
993 498
993 53
993 544
993 549
993 556
993 571
993 576
993 585
993 601
993 613
993 640
993 667
993 681
993 703
993 769
993 792
993 796
993 850
993 851
993 856
993 864
993 867
993 906
993 910
993 923
993 936
993 957
993 958
993 977
993 985
994 155
994 166
994 197
994 201
994 362
994 370
994 372
994 38
994 387
994 426
994 428
994 436
994 445
994 447
994 46
994 476
994 479
994 546
994 592
994 616
994 637
994 641
994 642
994 644
994 650
994 660
994 672
994 691
994 708
994 734
994 746
994 763
994 766
994 777
994 808
994 81
994 813
994 860
994 861
994 865
994 889
994 909
994 919
994 920
994 975
994 986
995 106
995 159
995 197
995 199
995 201
995 202
995 22
995 224
995 230
995 234
995 240
995 297
995 343
995 349
995 357
995 370
995 436
995 479
995 507
995 522
995 546
995 593
995 616
995 637
995 642
995 644
995 650
995 660
995 672
995 691
995 708
995 734
995 740
995 746
995 763
995 813
995 847
995 860
995 861
995 865
995 909
995 919
995 929
995 947
995 968
995 975
995 982
995 986
996 115
996 128
996 129
996 16
996 161
996 172
996 255
996 263
996 273
996 296
996 305
996 319
996 347
996 357
996 420
996 425
996 460
996 506
996 537
996 610
996 636
996 64
996 645
996 665
996 674
996 712
996 783
996 809
996 811
996 820
996 828
996 833
996 84
996 863
996 869
996 884
996 899
996 918
996 935
996 938
996 941
996 947
996 95
996 956
996 96
996 974
996 983
996 987
997 122
997 151
997 164
997 169
997 171
997 203
997 218
997 265
997 336
997 344
997 368
997 410
997 449
997 456
997 486
997 488
997 529
997 538
997 558
997 597
997 600
997 618
997 625
997 638
997 646
997 675
997 702
997 711
997 725
997 728
997 729
997 751
997 818
997 837
997 848
997 849
997 866
997 881
997 900
997 904
997 91
997 920
997 928
997 969
997 977
997 992
997 998
997 999
998 151
998 169
998 171
998 203
998 218
998 242
998 265
998 336
998 344
998 368
998 376
998 410
998 449
998 456
998 486
998 488
998 538
998 558
998 597
998 600
998 625
998 638
998 646
998 656
998 675
998 702
998 711
998 725
998 728
998 729
998 751
998 757
998 8
998 837
998 848
998 849
998 856
998 881
998 900
998 904
998 906
998 91
998 920
998 928
998 930
998 969
998 977
998 992
998 997
999 1000
999 141
999 181
999 2
999 247
999 252
999 256
999 263
999 285
999 288
999 326
999 358
999 401
999 457
999 461
999 466
999 479
999 49
999 515
999 542
999 618
999 619
999 635
999 643
999 664
999 686
999 714
999 736
999 748
999 756
999 767
999 772
999 786
999 790
999 80
999 837
999 883
999 888
999 897
999 925
999 927
999 929
999 937
999 939
999 961
999 963
999 966
999 976
999 997
