# The links inside the communities at k=9
# from G:\Dropbox\Raghda\CNA\Final Project\other methods\CFinder-2.0.6--1448\G:\Dropbox\Raghda\CNA\Final Project\Datasets\binary_networks\LFR4\network_LFR4_Om2.dat
# at no lower link weight threshold,
# and at no upper link weight threshold.
# Links were treated as undirected.
# No time limit was set for the clique search.

0:
934 999
934 948
934 857
934 894
934 941
934 813
934 653
934 702
934 682
999 948
999 857
999 894
999 941
999 813
999 653
999 702
999 682
948 857
948 894
948 941
948 813
948 653
948 702
948 682
857 894
857 941
857 813
857 653
857 702
857 682
894 941
894 813
894 653
894 702
894 682
941 813
941 653
941 702
941 682
813 653
813 702
813 682
653 702
702 682
1:
987 969
987 996
987 991
987 981
987 865
987 862
987 951
987 728
987 780
987 671
969 996
969 991
969 981
969 865
969 862
969 951
969 728
969 780
969 671
996 991
996 981
996 865
996 862
996 951
996 728
996 780
996 671
991 981
991 865
991 862
991 951
991 728
991 780
991 671
981 865
981 862
981 951
981 728
981 780
981 671
865 862
865 951
865 728
865 780
865 671
862 951
862 728
862 780
862 671
951 728
951 780
951 671
728 780
780 671
2:
909 988
909 933
909 996
909 883
909 738
909 943
909 882
909 769
988 933
988 996
988 883
988 738
988 943
988 882
988 769
933 996
933 883
933 738
933 943
933 882
933 769
996 883
996 738
996 943
996 882
996 769
883 738
883 943
883 882
883 769
738 943
738 882
738 769
943 882
943 769
882 769
3:
962 974
962 1000
962 886
962 902
962 908
962 915
962 935
962 967
962 976
974 1000
974 886
974 902
974 908
974 915
974 935
974 967
974 976
1000 886
1000 902
1000 908
1000 915
1000 935
1000 967
1000 976
886 902
886 908
886 915
886 935
886 967
886 976
902 908
902 915
902 935
902 967
902 976
908 915
908 935
908 967
908 976
915 935
915 967
915 976
935 967
935 976
967 976
