# The links inside the communities at k=6
# from G:\Dropbox\Raghda\CNA\Final Project\other methods\CFinder-2.0.6--1448\G:\Dropbox\Raghda\CNA\Final Project\Datasets\binary_networks\LFR3\network_LFR3_Om4.dat
# at no lower link weight threshold,
# and at no upper link weight threshold.
# Links were treated as undirected.
# No time limit was set for the clique search.

0:
936 992
936 973
936 986
936 895
936 753
936 537
992 973
992 986
992 882
992 961
992 895
992 285
992 753
992 821
992 417
992 562
992 748
992 633
992 511
992 655
992 537
992 677
992 659
992 643
992 811
973 986
973 882
973 961
973 895
973 285
973 753
973 821
973 417
973 562
973 748
973 633
973 511
973 655
973 537
973 677
973 659
973 643
973 811
986 882
986 961
986 895
986 285
986 753
986 821
986 417
986 562
986 748
986 633
986 511
986 655
986 537
986 677
986 659
986 643
986 811
882 633
882 659
961 895
961 821
961 643
961 811
895 753
895 417
895 562
895 748
895 633
895 537
895 677
895 659
895 643
895 811
285 753
285 821
753 821
753 562
753 511
753 659
753 811
821 748
821 511
821 655
821 677
821 643
821 811
417 562
417 748
748 633
748 655
748 677
748 811
633 659
511 655
655 677
655 811
537 677
677 811
659 811
643 811
1:
935 948
935 668
935 941
935 975
935 673
935 874
935 824
935 292
935 837
935 861
935 335
935 873
935 943
935 584
935 746
935 752
935 610
935 711
948 668
948 941
948 975
948 673
948 874
948 647
948 824
948 837
948 861
948 335
948 873
948 943
948 584
948 746
948 752
948 600
948 610
948 711
668 941
668 975
668 673
668 837
668 873
668 943
668 752
941 975
941 673
941 874
941 647
941 824
941 292
941 837
941 861
941 873
941 943
941 584
941 746
941 752
941 600
941 610
941 711
975 673
975 874
975 647
975 824
975 292
975 837
975 861
975 335
975 873
975 943
975 584
975 746
975 752
975 711
673 873
673 943
673 746
874 824
874 861
874 873
874 746
874 752
874 600
874 610
874 711
647 837
647 943
824 837
824 943
824 584
824 610
824 711
292 837
292 861
837 861
837 873
837 943
837 711
861 873
861 746
861 752
861 600
861 711
335 873
335 943
873 943
873 584
873 752
873 600
943 584
943 746
943 752
943 610
943 711
746 600
746 711
2:
987 916
987 962
987 730
987 912
987 922
987 938
987 447
987 487
916 962
916 730
916 912
916 758
916 922
916 938
916 549
916 740
916 447
916 487
962 730
962 912
962 758
962 922
962 938
962 294
962 549
962 740
962 447
962 487
730 912
730 758
730 938
730 740
912 758
912 922
912 938
912 294
912 549
912 740
912 447
912 487
758 922
758 938
758 294
758 740
922 938
922 294
922 549
922 740
922 447
938 294
938 549
938 740
938 447
938 487
3:
971 945
971 808
971 942
971 866
971 765
971 796
971 346
971 716
971 721
945 808
945 942
945 866
945 765
945 796
945 346
945 716
945 721
808 942
808 866
808 765
808 716
808 721
942 866
942 765
942 796
942 716
942 721
866 765
866 796
866 346
866 721
765 796
765 346
765 721
796 346
796 721
716 721
4:
454 791
454 888
454 783
454 852
454 846
787 791
787 888
787 783
787 852
787 846
787 558
787 764
787 645
791 888
791 783
791 852
791 846
791 558
791 764
791 645
888 783
888 852
888 846
888 558
888 764
888 645
783 852
783 846
783 558
783 764
783 645
852 846
852 558
852 764
852 645
846 558
846 764
846 645
558 764
764 645
5:
859 881
859 930
859 951
859 956
859 959
859 927
859 939
859 741
859 697
923 881
923 930
923 627
923 956
923 959
923 939
923 889
923 733
923 822
923 855
923 893
923 616
923 515
881 951
881 956
881 959
881 939
881 889
881 822
881 893
881 515
930 951
930 956
930 959
930 939
930 889
930 741
930 712
930 822
930 855
930 408
930 616
627 956
627 959
627 927
627 939
627 822
627 893
951 956
951 959
951 927
951 939
951 741
951 559
951 712
951 822
951 855
951 697
951 408
956 959
956 927
956 939
956 889
956 559
956 733
956 822
956 855
956 893
956 697
956 408
956 616
959 927
959 939
959 889
959 741
959 559
959 733
959 712
959 822
959 855
959 893
959 697
959 408
927 939
927 889
927 741
927 559
927 712
927 822
927 855
927 893
927 697
927 408
939 889
939 741
939 559
939 733
939 855
939 893
939 697
939 616
939 515
889 733
889 893
889 616
889 515
741 712
741 855
741 893
559 712
559 855
712 855
822 855
822 893
822 408
855 893
893 697
893 515
6:
966 993
966 991
966 757
966 468
966 858
993 991
993 757
993 468
993 858
991 757
991 468
991 858
757 468
757 858
468 858
7:
949 944
949 957
949 997
949 919
949 672
949 926
949 847
949 940
949 972
949 982
949 964
949 974
949 902
949 981
949 933
949 900
949 469
949 803
949 894
949 631
949 648
980 944
980 957
980 940
980 982
980 974
980 981
980 900
944 957
944 997
944 870
944 919
944 926
944 847
944 940
944 972
944 982
944 964
944 974
944 902
944 933
944 533
944 469
944 803
944 894
944 631
957 997
957 870
957 919
957 926
957 940
957 972
957 982
957 964
957 974
957 902
957 981
957 933
957 574
957 900
957 571
957 698
957 533
957 803
957 894
957 557
957 631
957 640
997 870
997 919
997 672
997 926
997 847
997 940
997 972
997 982
997 964
997 902
997 981
997 933
997 574
997 571
997 698
997 533
997 469
997 803
997 894
997 557
997 586
997 631
997 648
870 919
870 847
870 972
870 982
870 964
870 974
870 981
870 933
870 900
870 894
870 609
870 631
870 648
919 926
919 940
919 972
919 982
919 964
919 974
919 902
919 981
919 933
919 900
919 469
919 631
672 972
672 982
672 964
672 974
672 981
672 894
926 847
926 940
926 972
926 982
926 964
926 974
926 902
926 981
926 933
926 574
926 803
926 894
926 640
847 940
847 972
847 982
847 964
847 900
847 803
847 894
847 557
940 982
940 964
940 974
940 902
940 981
940 933
940 574
940 900
940 571
940 698
940 533
940 803
940 609
972 982
972 964
972 974
972 902
972 933
972 900
972 469
972 803
972 894
972 557
972 586
972 631
972 640
972 648
982 964
982 974
982 902
982 981
982 933
982 900
982 698
982 803
982 894
982 557
982 586
982 609
982 640
964 974
964 902
964 981
964 933
964 900
964 698
964 803
964 894
964 557
964 609
964 640
964 648
974 902
974 981
974 933
974 574
974 894
974 586
974 648
902 981
902 933
902 900
902 571
902 533
902 586
902 640
981 933
981 900
981 571
981 698
981 533
981 803
981 894
981 586
981 609
981 631
981 640
933 574
933 900
933 571
933 803
933 586
933 640
900 698
900 894
900 609
698 894
894 557
894 609
894 648
8:
785 805
785 862
785 907
785 670
785 830
785 534
805 862
805 907
805 670
805 830
805 534
862 907
862 670
862 830
907 670
907 830
907 534
670 830
670 534
830 534
9:
999 569
999 985
999 955
999 978
999 776
569 985
569 955
569 978
569 776
985 955
985 978
985 776
955 978
955 776
978 776
10:
802 886
802 965
802 829
802 836
802 567
817 886
817 965
817 829
817 836
817 653
817 567
886 965
886 829
886 836
886 653
886 567
965 829
965 836
965 653
965 567
829 836
829 653
829 567
836 567
653 567
11:
937 947
937 988
937 781
937 983
937 911
937 646
937 946
937 798
947 988
947 781
947 983
947 911
947 646
947 946
947 798
988 781
988 983
988 911
988 646
988 946
988 798
781 983
781 911
781 946
983 911
983 646
983 946
983 798
911 646
911 946
911 798
946 798
12:
979 925
979 920
979 950
979 810
979 624
925 920
925 950
925 810
925 624
920 950
920 810
920 624
950 810
950 624
810 624
13:
1000 700
1000 832
1000 851
1000 865
1000 884
1000 901
1000 913
1000 928
1000 969
1000 984
1000 987
1000 990
1000 995
700 901
700 913
700 928
700 969
700 990
700 995
832 865
832 884
832 913
832 969
832 987
832 990
832 995
851 865
851 984
851 990
851 995
851 722
865 884
865 913
865 969
865 984
865 990
865 995
865 880
865 722
884 913
884 990
901 913
901 928
901 984
901 990
901 995
913 928
913 969
913 984
913 987
913 990
913 995
913 880
913 722
928 969
928 987
928 990
928 995
928 880
928 722
969 987
969 990
969 995
969 880
969 722
984 990
984 995
984 880
984 722
987 995
990 995
990 722
995 880
995 722
880 722
14:
1000 705
1000 792
1000 813
1000 901
1000 928
1000 984
1000 990
705 792
705 901
705 928
705 990
792 813
792 901
792 928
792 984
792 990
813 901
813 928
813 984
813 990
901 928
901 984
901 990
928 990
984 990
15:
999 996
999 985
999 955
999 978
999 723
999 826
996 985
996 955
996 978
996 723
996 826
985 955
985 978
985 723
985 826
955 978
955 723
955 826
978 826
723 826
16:
867 967
867 977
867 786
867 804
867 759
967 977
967 786
967 804
967 759
977 786
977 804
977 759
786 804
786 759
804 759
