# The communities at k=6
# from G:\Dropbox\Raghda\CNA\Final Project\other methods\CFinder-2.0.6--1448\G:\Dropbox\Raghda\CNA\Final Project\Datasets\binary_networks\LFR3\network_LFR3_Om4.dat
# at no lower link weight threshold,
# and at no upper link weight threshold.
# Links were treated as undirected.
# No time limit was set for the clique search.

0: 936 992 973 986 882 961 895 285 753 821 417 562 748 633 511 655 537 677 659 643 811 
1: 935 948 668 941 975 673 874 647 824 292 837 861 335 873 943 584 746 752 600 610 711 
2: 987 916 962 730 912 758 922 938 294 549 740 447 487 
3: 971 945 808 942 866 765 796 346 716 721 
4: 454 787 791 888 783 852 846 558 764 645 
5: 859 923 881 930 627 951 956 959 927 939 889 741 559 733 712 822 855 893 697 408 616 515 
6: 966 993 991 757 468 858 
7: 949 980 944 957 997 870 919 672 926 847 940 972 982 964 974 902 981 933 574 900 571 698 533 469 803 894 557 586 609 631 640 648 
8: 785 805 862 907 670 830 534 
9: 999 569 985 955 978 776 
10: 802 817 886 965 829 836 653 567 
11: 937 947 988 781 983 911 646 946 798 
12: 979 925 920 950 810 624 
13: 1000 700 832 851 865 884 901 913 928 969 984 987 990 995 880 722 
14: 1000 705 792 813 901 928 984 990 
15: 999 996 985 955 978 723 826 
16: 867 967 977 786 804 759 
