# The contained cliques in the communities at k=6
# from G:\Dropbox\Raghda\CNA\Final Project\other methods\CFinder-2.0.6--1448\G:\Dropbox\Raghda\CNA\Final Project\Datasets\binary_networks\LFR3\network_LFR3_Om4.dat
# at no lower link weight threshold,
# and at no upper link weight threshold.
# Links were treated as undirected.
# No time limit was set for the clique search.

0: 433 869 1455 870 1164 1198 1268 1197 1192 1007 1163 1454 677 678 1162 1161 894 895 
1: 447 1389 1665 1215 1386 1387 1388 1390 1487 515 1005 1006 1123 1214 1216 1236 1073 1072 1063 1062 
2: 448 1426 722 851 1418 760 1417 
3: 528 1371 1370 1357 
4: 588 1035 1075 
5: 664 665 1643 1644 958 1645 959 1358 1450 1706 1707 1341 1339 1449 1447 1448 1686 1685 1360 1084 1760 1082 1085 1083 1704 1736 1639 1641 1640 1703 1759 1156 1452 878 1451 
6: 750 
7: 752 1188 1793 1189 1190 1585 1724 1781 1792 1795 1191 1796 1728 1194 1352 1353 1584 1588 1725 1726 1729 1730 1731 1732 1734 1735 1773 1774 1783 1794 1797 1193 1784 1782 1042 1202 1218 1220 1221 1586 1587 1688 1690 1691 1727 1733 1775 1776 1043 1692 1070 1071 1355 1354 1777 1815 1814 1200 1204 1203 1219 1689 982 983 991 849 848 1052 1050 1051 1049 
8: 865 1217 
9: 911 
10: 954 955 956 
11: 1088 1509 1577 
12: 1186 
13: 1281 1283 1764 1384 1647 1798 1380 1385 1381 1382 1383 1377 1710 1683 1646 1648 
14: 1285 1557 1558 
15: 1332 1675 
16: 1492 
