# The links inside the communities at k=8
# from G:\Dropbox\Raghda\CNA\Final Project\other methods\CFinder-2.0.6--1448\G:\Dropbox\Raghda\CNA\Final Project\Datasets\binary_networks\LFR3\network_LFR3_Om3.dat
# at no lower link weight threshold,
# and at no upper link weight threshold.
# Links were treated as undirected.
# No time limit was set for the clique search.

0:
992 988
992 989
992 917
992 943
992 962
992 968
992 885
992 882
992 760
992 735
992 845
992 726
988 989
988 917
988 943
988 962
988 968
988 885
988 870
988 689
988 621
988 882
988 760
988 504
988 735
988 518
988 845
988 584
988 619
988 726
988 633
988 812
988 697
989 917
989 943
989 962
989 968
989 885
989 870
989 689
989 621
989 882
989 760
989 504
989 735
989 518
989 845
989 584
989 619
989 726
989 633
989 812
989 697
917 943
917 962
917 968
917 885
917 870
917 689
917 621
917 882
917 760
917 504
917 735
917 518
917 845
917 584
917 726
917 633
917 812
917 697
943 962
943 968
943 885
943 870
943 621
943 882
943 760
943 504
943 735
943 518
943 845
943 584
943 619
943 726
943 633
943 812
943 697
962 968
962 885
962 870
962 689
962 621
962 882
962 760
962 504
962 735
962 518
962 845
962 584
962 619
962 726
962 633
962 812
962 697
968 885
968 870
968 689
968 621
968 882
968 760
968 504
968 735
968 518
968 845
968 584
968 619
968 726
968 633
968 812
968 697
885 870
885 689
885 735
885 845
885 584
885 619
885 812
885 697
870 689
870 882
870 760
870 735
870 845
870 619
870 726
870 633
870 812
689 882
689 812
621 845
621 726
882 760
882 735
882 845
882 619
882 633
882 812
760 845
760 812
504 735
518 845
845 697
726 812
812 697
1:
993 936
993 957
993 985
993 977
993 796
993 851
993 864
993 910
993 856
993 681
936 957
936 985
936 977
936 796
936 851
936 864
936 910
936 856
936 681
957 985
957 977
957 796
957 851
957 864
957 910
957 856
957 681
985 977
985 796
985 851
985 864
985 910
985 856
985 681
977 796
977 851
977 864
977 910
977 856
796 851
796 856
851 864
851 856
864 910
864 856
864 681
910 856
910 681
856 681
2:
857 889
857 941
857 946
857 801
857 825
857 662
857 687
857 669
857 676
889 941
889 946
889 801
889 825
889 662
889 687
889 669
889 676
941 946
941 801
941 825
941 662
941 687
941 669
941 676
946 801
946 825
946 662
946 687
946 669
946 676
801 825
801 662
801 687
801 669
801 676
825 662
825 687
825 669
825 676
662 669
662 676
687 669
687 676
669 676
3:
1000 786
1000 939
1000 963
1000 748
1000 790
1000 883
1000 888
1000 925
1000 927
1000 929
1000 937
1000 961
1000 966
1000 976
1000 999
786 963
786 883
786 888
786 927
786 929
786 937
786 961
786 966
786 976
786 999
939 963
939 883
939 925
939 927
939 937
939 961
939 976
939 999
963 748
963 883
963 888
963 925
963 927
963 929
963 937
963 966
963 976
963 999
963 897
748 925
748 929
748 937
748 961
748 966
748 976
748 999
790 925
790 927
790 929
790 937
790 966
790 999
790 897
883 925
883 927
883 937
883 961
883 966
883 976
883 999
888 927
888 929
888 937
888 961
888 966
888 976
888 999
888 897
925 927
925 929
925 937
925 961
925 966
925 976
925 999
925 897
927 929
927 937
927 961
927 966
927 999
927 897
929 937
929 961
929 966
929 999
929 897
937 961
937 966
937 976
937 999
937 897
961 966
961 976
961 999
961 897
966 976
966 999
966 897
976 999
999 897
