# The contained cliques in the communities at k=4
# from G:\Dropbox\Raghda\CNA\Final Project\other methods\CFinder-2.0.6--1448\G:\Dropbox\Raghda\CNA\Final Project\Datasets\binary_networks\LFR1\networ_LFR1_Om5.dat
# at no lower link weight threshold,
# and at no upper link weight threshold.
# Links were treated as undirected.
# No time limit was set for the clique search.

0: 1 58 367 389 426 580 581 597 620 621 680 693 766 767 1077 1078 1079 1101 1102 1103 1104 1125 1126 1127 1128 1129 1130 1142 1143 1144 1146 1147 1174 1175 1176 1251 115 694 1080 137 193 417 416 166 1148 1221 
1: 2 897 316 851 908 942 555 852 940 554 505 506 43 42 302 
2: 3 259 892 924 925 1140 1141 1185 1193 1194 16 21 230 450 1134 1162 1172 1196 100 1271 
3: 4 264 468 470 471 
4: 5 
5: 10 893 901 82 261 493 645 715 716 894 895 896 978 979 980 1000 1001 1004 1086 1113 1131 1168 1186 351 350 717 961 962 1087 963 1002 1132 1003 965 
6: 11 121 192 297 358 386 547 575 773 854 884 988 989 1184 1215 1183 1216 1253 232 
7: 17 18 378 379 
8: 19 20 268 653 654 54 393 396 413 522 576 577 578 695 696 737 953 1199 181 258 394 218 219 735 
9: 22 319 344 789 1010 1011 318 553 596 657 1025 336 788 1202 337 595 690 93 345 364 691 790 1201 1203 1204 1220 67 66 244 
10: 23 24 25 240 913 939 403 914 402 521 
11: 26 47 454 624 736 1116 1117 1171 
12: 27 77 111 141 156 202 206 357 639 724 750 775 882 883 922 1180 1188 140 
13: 28 29 473 256 331 586 1012 332 285 672 284 41 1109 40 560 1014 561 287 1013 1015 673 1110 861 1074 1111 475 862 474 1072 71 250 74 245 
14: 30 128 180 324 352 432 451 602 711 738 749 759 787 885 886 927 928 929 990 991 1008 1009 1058 1059 1105 1178 1179 1182 1189 1259 157 1137 
15: 33 805 117 592 699 806 822 840 969 1088 187 199 591 593 1026 1089 823 970 971 151 701 700 968 784 
16: 36 269 573 588 618 619 725 726 727 728 756 757 795 796 930 931 933 934 935 1051 1052 1062 1063 1064 1097 1207 1208 1240 1275 1288 196 248 405 572 574 583 584 587 847 848 850 981 983 984 986 987 1096 1223 1238 1258 195 571 570 1222 569 758 1053 849 985 1257 982 214 215 139 251 242 
17: 45 228 427 530 685 919 428 686 960 247 531 549 920 188 
18: 46 142 162 463 
19: 51 52 558 762 951 477 278 373 559 763 764 65 
20: 53 83 134 461 516 712 917 1033 1034 1138 1153 1154 1227 133 235 305 328 365 550 551 689 891 916 1035 1139 1152 1155 222 890 1225 223 231 361 366 1228 360 
21: 55 
22: 57 377 479 492 119 118 182 
23: 59 414 158 376 598 810 1071 
24: 60 241 650 776 778 791 792 793 808 809 1112 649 780 123 777 779 794 274 839 964 
25: 61 63 944 374 658 821 659 660 481 
26: 69 70 739 1209 260 397 423 741 770 1169 1212 314 740 1095 1210 1211 1213 565 566 567 568 520 398 424 771 1161 
27: 73 283 842 229 346 841 843 347 419 421 422 420 1016 
28: 87 106 604 606 746 811 605 647 747 812 648 224 
29: 91 122 147 227 340 385 425 545 546 635 760 889 923 1043 1181 1264 
30: 92 395 646 743 926 1038 1039 1090 1091 1122 582 594 723 765 807 997 998 999 1040 1041 1055 1056 1267 1268 255 1157 1266 634 1226 1247 
31: 94 585 625 918 996 1049 1050 1192 1205 1232 1233 1250 1272 120 129 165 263 368 415 629 768 769 1057 1060 1061 1206 1236 1249 1231 1237 
32: 96 
33: 102 380 937 369 370 458 517 615 671 707 816 857 936 938 459 708 616 817 814 
34: 105 662 613 614 663 945 719 863 194 323 732 210 209 667 
35: 107 293 489 290 294 291 292 
36: 112 
37: 113 167 191 262 362 363 390 404 440 446 449 622 623 651 753 754 867 868 910 911 912 946 947 959 1120 1150 1151 1224 1229 1191 1230 1121 
38: 114 490 491 600 601 608 855 853 611 733 734 609 714 713 610 
39: 116 418 452 705 781 1075 282 281 148 
40: 127 391 392 462 906 907 1021 1022 295 296 1084 1085 1023 1024 
41: 132 
42: 138 503 820 501 502 288 500 804 329 330 429 786 819 834 430 835 
43: 146 442 448 495 874 876 993 1006 1067 1069 1177 213 267 301 359 441 447 510 511 636 637 638 875 898 899 900 992 994 1048 1065 1066 1068 1241 1005 353 697 1007 354 411 410 412 178 
44: 149 664 665 
45: 168 169 433 499 434 698 1020 538 537 
46: 170 286 
47: 171 211 387 557 388 
48: 174 827 828 829 
49: 185 
50: 203 204 348 512 349 460 684 709 718 761 543 544 456 710 457 
51: 205 326 1149 325 1245 
52: 212 236 249 320 338 339 431 455 542 751 752 755 831 832 869 877 878 879 1036 1156 1254 221 220 226 1037 
53: 265 
54: 270 504 
55: 271 476 272 335 273 
56: 275 276 
57: 310 
58: 343 
59: 371 679 692 
60: 443 444 702 445 703 532 
61: 453 
62: 483 484 
63: 486 514 523 524 904 873 902 870 872 
64: 539 607 845 
65: 548 
66: 589 797 
67: 640 642 722 865 866 
68: 644 
69: 909 
