# The links from G:\Dropbox\Raghda\CNA\Final Project\other methods\CFinder-2.0.6--1448\G:\Dropbox\Raghda\CNA\Final Project\Datasets\binary_networks\LFR2\networ_LFR2_Om6.dat
# at no lower link weight threshold,
# and at no upper link weight threshold.
# Links were treated as undirected.
# No time limit was set for the clique search.
# (mutual links and self-links were removed)

1 674
1 700
1 831
1 943
10 362
10 914
10 955
10 999
100 579
100 824
100 934
100 982
1000 114
1000 144
1000 173
1000 18
1000 184
1000 190
1000 196
1000 211
1000 35
1000 358
1000 360
1000 370
1000 382
1000 407
1000 464
1000 474
1000 480
1000 551
1000 552
1000 57
1000 572
1000 608
1000 638
1000 641
1000 693
1000 694
1000 706
1000 715
1000 727
1000 762
1000 770
1000 795
1000 814
1000 830
1000 837
1000 849
1000 855
1000 856
1000 864
1000 869
1000 872
1000 884
1000 898
1000 900
1000 919
1000 928
1000 944
1000 990
1000 993
101 632
101 846
101 984
101 999
102 309
102 805
102 836
102 942
103 752
103 767
103 882
103 921
104 614
104 93
104 972
104 985
105 351
105 380
105 419
105 995
106 415
106 628
106 772
106 917
107 751
107 828
107 961
107 963
107 990
108 127
108 893
108 914
108 918
109 269
109 711
109 879
109 999
11 117
11 310
11 937
11 966
110 601
110 775
110 961
110 970
110 994
111 909
111 959
111 970
111 976
112 899
112 909
112 959
112 970
113 194
113 550
113 755
113 868
114 1000
114 792
114 833
114 923
114 982
115 466
115 759
115 950
115 975
116 809
116 896
116 949
116 999
117 11
117 726
117 935
117 936
118 503
118 805
118 836
118 942
119 955
119 971
119 981
119 988
12 538
12 604
12 791
12 986
120 434
120 759
120 877
120 977
121 533
121 573
121 820
121 924
122 884
122 978
122 988
122 996
123 657
123 660
123 693
123 775
124 720
124 828
124 904
124 925
125 160
125 845
125 971
125 981
126 947
126 959
126 970
126 991
127 108
127 513
127 693
127 775
128 660
128 693
128 775
128 847
129 190
129 476
129 651
129 927
13 779
13 935
13 946
13 985
130 452
130 786
130 933
130 967
131 288
131 29
131 487
131 959
132 412
132 605
132 915
132 968
133 384
133 916
133 930
133 945
134 850
134 909
134 918
134 955
135 917
135 954
135 987
135 998
136 80
136 960
136 991
136 995
137 472
137 951
137 972
137 985
138 716
138 803
138 806
138 949
139 463
139 577
139 971
139 981
14 526
14 848
14 946
14 977
140 596
140 910
140 979
140 995
141 73
141 980
141 983
141 990
142 227
142 897
142 914
142 955
143 828
143 875
143 904
143 932
144 1000
144 394
144 990
144 993
145 419
145 924
145 961
145 969
146 580
146 823
146 913
146 974
147 751
147 778
147 970
147 986
148 760
148 805
148 871
148 942
149 634
149 777
149 780
149 992
15 304
15 354
15 574
15 992
150 635
150 714
150 989
150 997
151 446
151 568
151 772
151 84
152 698
152 885
152 912
152 963
153 235
153 907
153 920
153 965
154 231
154 298
154 855
154 963
155 59
155 686
155 896
155 962
155 963
155 974
156 29
156 771
156 816
156 884
157 375
157 773
157 958
157 982
158 869
158 964
158 983
158 985
159 767
159 897
159 901
159 921
16 829
16 929
16 949
16 989
160 125
160 600
160 968
160 979
161 661
161 737
161 946
161 977
162 634
162 777
162 780
162 967
163 549
163 931
163 967
163 995
164 469
164 69
164 792
164 922
165 806
165 847
165 988
165 996
166 485
166 891
166 977
166 982
167 859
167 893
167 928
167 995
168 380
168 720
168 872
168 904
169 562
169 950
169 975
169 994
17 345
17 462
17 972
17 985
170 642
170 934
170 971
170 981
171 192
171 542
171 712
171 839
172 317
172 475
172 720
172 904
173 1000
173 663
173 934
173 993
174 585
174 816
174 884
174 959
175 733
175 809
175 896
175 934
176 928
176 989
176 990
176 997
177 22
177 658
177 730
177 755
178 527
178 731
178 975
178 994
179 474
179 722
179 948
179 972
18 1000
18 836
18 990
18 993
180 478
180 987
180 991
180 998
181 333
181 629
181 739
181 745
182 724
182 836
182 933
182 942
183 973
183 980
183 983
183 995
184 1000
184 973
184 990
184 993
185 892
185 898
185 967
185 995
186 462
186 767
186 972
186 985
187 517
187 770
187 880
187 939
188 863
188 89
188 987
188 998
189 494
189 695
189 915
189 979
19 422
19 730
19 915
19 979
190 1000
190 129
190 369
190 970
190 980
191 288
191 529
191 662
191 731
192 171
192 323
192 680
192 990
193 751
193 856
193 967
193 991
193 998
194 113
194 462
194 857
194 868
195 692
195 769
195 851
195 858
196 1000
196 882
196 990
196 993
197 444
197 479
197 536
197 950
198 401
198 747
198 774
198 902
199 460
199 652
199 935
199 936
2 886
2 952
2 968
2 979
20 424
20 973
20 980
20 983
200 21
200 390
200 750
200 971
201 21
201 390
201 750
201 936
202 238
202 973
202 984
202 999
203 386
203 540
203 750
203 926
204 30
204 305
204 351
204 732
205 276
205 962
205 976
205 999
206 532
206 924
206 961
206 969
207 514
207 562
207 881
207 986
208 510
208 843
208 866
208 992
209 709
209 879
209 971
209 981
21 200
21 201
21 750
21 949
210 360
210 652
210 886
210 986
211 1000
211 662
211 930
211 986
212 365
212 483
212 935
212 936
213 489
213 680
213 839
213 897
214 853
214 863
214 935
214 936
215 298
215 612
215 855
215 951
216 799
216 89
216 987
216 998
217 675
217 885
217 984
217 999
218 580
218 941
218 962
218 976
219 793
219 846
219 915
22 177
22 850
22 897
22 914
220 877
220 942
220 958
220 972
220 997
221 455
221 525
221 841
221 914
222 540
222 760
222 836
222 942
223 649
223 660
223 763
223 879
224 373
224 510
224 531
224 950
225 825
225 843
225 933
225 967
226 42
226 747
226 752
226 943
227 142
227 826
227 835
227 972
227 985
228 909
228 959
228 970
228 987
228 994
229 665
229 810
229 947
229 948
229 966
23 317
23 668
23 906
23 974
230 256
230 357
230 415
230 605
230 907
231 154
231 520
231 612
231 855
231 989
232 369
232 720
232 898
232 967
232 995
233 706
233 823
233 909
233 959
233 970
234 411
234 589
234 916
234 930
234 945
235 153
235 453
235 852
235 958
235 992
236 738
236 845
236 971
236 975
236 981
237 659
237 832
237 972
237 985
237 992
238 202
238 937
238 947
238 948
238 966
239 485
239 776
239 865
239 960
239 991
24 862
24 983
24 985
24 987
240 533
240 573
240 771
240 820
240 941
241 426
241 431
241 508
241 617
241 979
242 339
242 481
242 637
242 707
242 735
243 327
243 724
243 751
243 816
243 884
244 377
244 718
244 776
244 960
244 991
245 582
245 815
245 909
245 932
245 997
246 715
246 734
246 956
246 968
246 972
247 548
247 805
247 835
247 836
247 942
248 775
248 869
248 924
248 961
248 969
249 269
249 681
249 691
249 947
249 992
25 804
25 912
25 964
25 980
250 823
250 907
250 920
250 938
250 965
251 631
251 898
251 930
251 979
251 986
252 253
252 638
252 852
252 856
252 881
253 252
253 732
253 913
253 932
253 974
254 334
254 568
254 628
254 747
254 772
255 676
255 817
255 880
255 929
255 939
256 230
256 357
256 362
256 465
256 73
257 40
257 555
257 693
257 704
257 986
258 628
258 954
258 978
258 988
258 996
259 711
259 909
259 927
259 959
259 970
26 732
26 968
26 974
26 991
260 716
260 813
260 831
260 937
260 966
261 642
261 956
261 964
261 980
261 983
262 515
262 594
262 7
262 770
262 880
263 594
263 762
263 771
263 857
263 992
264 823
264 913
264 932
264 951
264 974
265 362
265 767
265 884
265 945
265 977
265 995
266 391
266 908
266 960
266 972
266 991
267 769
267 788
267 851
267 858
267 973
268 595
268 914
268 918
268 955
268 968
269 109
269 249
269 806
269 910
269 919
27 294
27 622
27 872
27 986
270 570
270 644
270 908
270 960
270 991
271 869
271 903
271 924
271 961
271 969
272 542
272 690
272 691
272 793
272 846
273 704
273 886
273 893
273 908
273 986
274 438
274 495
274 897
274 918
274 955
275 55
275 760
275 836
275 942
275 979
276 205
276 536
276 759
276 863
276 950
277 487
277 863
277 915
277 968
277 979
278 320
278 787
278 882
278 901
278 921
279 517
279 647
279 885
279 975
279 994
28 288
28 529
28 795
28 849
280 641
280 910
280 967
280 991
280 995
281 489
281 745
281 748
281 949
281 992
282 733
282 809
282 814
282 877
282 896
283 636
283 819
283 912
283 963
283 973
284 787
284 874
284 882
284 901
284 921
285 751
285 905
285 958
285 969
285 976
285 987
286 606
286 689
286 866
286 971
286 981
287 534
287 615
287 709
287 824
287 934
288 131
288 191
288 28
288 529
288 932
289 575
289 956
289 973
289 980
289 983
29 131
29 156
29 816
29 884
290 911
290 941
290 953
290 975
290 976
291 783
291 797
291 815
291 9
291 956
291 997
292 876
292 925
292 941
292 953
292 976
293 426
293 508
293 653
293 659
293 740
294 27
294 320
294 455
294 620
294 658
295 364
295 476
295 567
295 624
295 838
296 744
296 888
296 957
296 984
296 999
297 783
297 969
297 985
297 995
297 997
298 154
298 215
298 612
298 855
298 977
299 504
299 582
299 815
299 913
299 974
3 50
3 700
3 947
3 978
30 204
30 593
30 872
30 949
300 412
300 530
300 724
300 816
300 884
301 501
301 629
301 910
301 967
301 995
302 528
302 839
302 988
302 989
302 997
303 4
303 771
303 795
303 868
303 954
304 15
304 751
304 899
304 958
304 976
305 204
305 521
305 805
305 881
305 896
306 820
306 86
306 946
306 986
306 988
306 994
307 682
307 886
307 95
307 986
307 998
308 888
308 891
308 946
308 977
308 982
309 102
309 734
309 805
309 836
309 942
31 607
31 719
31 786
31 914
310 11
310 413
310 653
310 849
310 948
311 532
311 668
311 768
311 881
311 974
312 461
312 954
312 978
312 988
312 996
313 827
313 863
313 911
313 989
313 997
314 926
314 978
314 979
314 988
314 996
315 885
315 895
315 975
315 989
315 994
316 882
316 889
316 901
316 902
316 921
317 172
317 23
317 381
317 722
317 828
318 415
318 711
318 72
318 923
318 988
319 926
319 949
319 978
319 988
319 996
32 874
32 962
32 976
32 977
320 278
320 294
320 620
320 841
320 975
321 681
321 817
321 889
321 901
321 921
322 818
322 914
322 918
322 935
322 955
323 192
323 566
323 712
323 839
323 993
324 6
324 780
324 961
324 965
324 982
324 999
325 678
325 703
325 853
325 935
325 936
326 672
326 859
326 931
326 967
326 995
327 243
327 641
327 724
327 816
327 884
328 557
328 586
328 850
328 918
328 955
329 716
329 829
329 929
329 949
329 986
33 779
33 907
33 920
33 938
330 888
330 957
330 984
330 993
330 999
331 748
331 863
331 871
331 989
331 997
332 454
332 832
332 910
332 931
332 995
333 181
333 739
333 888
333 911
333 951
334 254
334 488
334 924
334 961
334 969
335 455
335 855
335 897
335 915
335 957
335 987
336 756
336 761
336 895
336 929
336 949
337 364
337 783
337 792
337 808
337 933
338 636
338 888
338 957
338 984
338 999
339 242
339 637
339 707
339 774
339 979
34 477
34 722
34 930
34 945
340 760
340 818
340 882
340 933
340 942
341 591
341 710
341 714
341 889
341 979
342 482
342 937
342 947
342 966
342 978
343 431
343 736
343 916
343 930
343 945
344 561
344 863
344 920
344 938
344 965
345 17
345 716
345 829
345 844
345 929
346 426
346 754
346 823
346 932
346 974
347 704
347 845
347 909
347 959
347 970
348 615
348 652
348 737
348 758
348 982
349 429
349 978
349 988
349 996
349 997
35 1000
35 705
35 886
35 986
350 694
350 790
350 907
350 938
350 965
351 105
351 204
351 380
351 732
351 837
352 565
352 818
352 867
352 897
352 955
353 552
353 828
353 872
353 904
353 955
354 15
354 374
354 563
354 751
354 881
355 802
355 826
355 940
355 972
355 985
356 423
356 782
356 826
356 972
356 985
357 230
357 256
357 569
357 605
357 948
358 1000
358 762
358 796
358 857
358 941
359 579
359 615
359 824
359 825
359 934
36 399
36 927
36 987
36 998
360 1000
360 210
360 877
360 990
360 993
361 685
361 791
361 977
361 989
361 997
362 10
362 256
362 265
362 451
362 459
363 888
363 957
363 984
363 993
363 999
364 295
364 337
364 624
364 651
364 739
365 212
365 651
365 703
365 853
365 936
366 423
366 826
366 890
366 972
366 985
367 911
367 968
367 989
367 991
367 997
368 917
368 927
368 953
368 987
368 998
369 190
369 232
369 931
369 967
369 995
37 941
37 944
37 953
37 962
370 1000
370 925
370 990
370 993
370 996
371 525
371 866
371 868
371 965
371 969
372 513
372 693
372 77
372 775
372 977
373 224
373 443
373 536
373 781
373 950
374 354
374 418
374 931
374 958
374 992
375 157
375 940
375 977
375 982
375 996
376 930
376 964
376 973
376 980
376 983
377 244
377 582
377 911
377 989
377 997
378 887
378 898
378 910
378 967
378 995
379 592
379 777
379 780
379 918
379 939
38 543
38 724
38 816
38 884
380 105
380 168
380 351
380 461
380 732
381 317
381 828
381 890
381 904
381 927
382 1000
382 939
382 944
382 990
382 993
383 666
383 732
383 791
383 845
383 943
384 133
384 895
384 940
384 975
384 994
385 698
385 858
385 896
385 934
385 976
385 982
386 203
386 540
386 643
386 680
386 750
387 482
387 717
387 937
387 947
387 966
388 721
388 819
388 873
388 912
388 963
389 841
389 957
389 984
389 995
389 999
39 668
39 960
39 979
39 991
390 200
390 201
390 540
390 750
390 909
391 266
391 941
391 962
391 971
391 976
392 702
392 708
392 789
392 790
392 929
393 752
393 753
393 769
393 788
393 858
394 144
394 670
394 915
394 953
394 968
395 736
395 954
395 978
395 988
395 996
396 513
396 865
396 908
396 960
396 991
397 421
397 637
397 707
397 890
397 974
398 769
398 899
398 909
398 959
398 970
399 36
399 846
399 856
399 891
399 934
399 995
399 997
4 303
4 439
4 510
4 986
40 257
40 886
40 947
40 986
400 519
400 532
400 550
400 703
400 940
401 198
401 514
401 562
401 638
401 856
402 776
402 865
402 872
402 908
402 991
403 537
403 635
403 850
403 882
403 884
403 989
404 831
404 867
404 904
404 947
404 948
405 424
405 618
405 775
405 973
405 979
405 991
405 998
406 745
406 820
406 889
406 970
406 993
407 1000
407 509
407 905
407 954
407 988
407 996
408 530
408 791
408 857
408 978
408 989
408 997
409 553
409 743
409 853
409 935
409 936
409 95
41 609
41 631
41 858
41 887
410 755
410 826
410 954
410 978
410 988
410 996
411 234
411 444
411 531
411 916
411 950
411 992
412 132
412 300
412 598
412 790
412 968
412 979
413 310
413 450
413 726
413 908
413 960
413 991
414 819
414 948
414 954
414 978
414 988
414 996
415 106
415 230
415 318
415 879
415 923
415 992
416 673
416 851
416 891
416 977
416 982
416 988
417 63
417 766
417 819
417 912
417 963
417 993
418 374
418 751
418 821
418 894
418 954
418 992
419 105
419 145
419 444
419 886
419 945
419 963
419 991
42 226
42 568
42 960
42 991
420 457
420 684
420 845
420 880
420 971
420 981
421 397
421 841
421 893
421 979
421 983
421 994
421 999
422 19
422 647
422 648
422 670
422 968
422 979
423 356
423 366
423 546
423 618
423 972
423 985
424 20
424 405
424 483
424 819
424 825
424 866
425 595
425 640
425 774
425 836
425 848
425 873
426 241
426 293
426 346
426 564
426 740
426 828
427 497
427 817
427 874
427 953
427 962
427 976
428 599
428 874
428 897
428 953
428 962
428 976
429 349
429 625
429 688
429 762
429 796
429 857
43 602
43 708
43 790
43 958
430 577
430 595
430 640
430 836
430 848
430 873
431 241
431 343
431 486
431 519
431 659
431 740
432 530
432 776
432 791
432 911
432 989
432 997
433 458
433 696
433 825
433 832
433 833
433 992
434 120
434 450
434 538
434 794
434 977
434 982
435 519
435 532
435 579
435 68
435 783
435 995
436 759
436 875
436 897
436 950
436 952
436 963
437 586
437 614
437 673
437 840
437 929
437 983
438 274
438 601
438 753
438 788
438 851
438 858
439 4
439 682
439 780
439 806
439 886
439 986
44 847
44 951
44 961
44 969
440 542
440 629
440 690
440 793
440 846
440 952
441 743
441 812
441 853
441 935
441 936
441 946
442 645
442 770
442 880
442 922
442 939
442 990
443 373
443 800
443 874
443 904
443 953
443 976
444 197
444 411
444 419
444 598
444 60
444 950
445 453
445 851
445 866
445 909
445 934
445 958
445 995
446 151
446 505
446 708
446 733
446 809
446 896
447 487
447 508
447 617
447 659
447 71
447 982
448 731
448 802
448 895
448 962
448 975
448 994
449 649
449 752
449 774
449 870
449 902
449 943
45 809
45 896
45 978
450 413
450 434
450 590
450 852
450 856
450 881
451 362
451 787
451 8
451 934
451 955
451 963
451 970
452 130
452 646
452 719
452 787
452 812
452 866
453 235
453 445
453 541
453 55
453 552
453 867
454 332
454 829
454 964
454 973
454 980
454 983
455 221
455 294
455 335
455 658
455 755
455 841
456 543
456 976
456 978
456 983
456 989
456 991
456 996
457 420
457 496
457 522
457 826
457 972
457 985
458 433
458 50
458 567
458 617
458 764
458 825
459 362
459 861
459 871
459 891
459 933
459 946
46 916
46 930
46 945
46 961
460 199
460 743
460 853
460 935
460 936
460 941
461 312
461 380
461 516
461 523
461 688
461 852
462 17
462 186
462 194
462 924
462 972
462 985
463 139
463 468
463 596
463 727
463 971
463 981
464 1000
464 865
464 944
464 962
464 990
464 993
465 256
465 725
465 874
465 953
465 962
465 976
466 115
466 818
466 914
466 918
466 955
466 969
467 609
467 746
467 957
467 984
467 987
467 999
468 463
468 602
468 702
468 708
468 790
468 862
469 164
469 762
469 912
469 934
469 937
469 968
469 970
47 579
47 865
47 960
47 991
470 568
470 66
470 689
470 772
470 84
470 862
471 875
471 888
471 957
471 965
471 984
471 999
472 137
472 531
472 60
472 799
472 890
472 950
473 842
473 941
473 944
473 953
473 962
473 976
474 1000
474 179
474 732
474 898
474 909
474 999
475 172
475 860
475 869
475 924
475 961
475 969
476 129
476 295
476 651
476 697
476 739
476 962
477 34
477 496
477 826
477 887
477 972
477 985
478 180
478 505
478 725
478 733
478 809
478 896
479 197
479 833
479 907
479 920
479 938
479 965
48 771
48 817
48 857
48 868
480 1000
480 625
480 771
480 796
480 868
480 961
481 242
481 637
481 707
481 861
481 940
481 950
482 342
482 387
482 67
482 723
482 823
482 948
483 212
483 424
483 584
483 721
483 825
483 843
484 562
484 797
484 813
484 96
484 966
484 974
485 166
485 239
485 907
485 920
485 938
485 965
486 431
486 817
486 83
486 841
486 947
486 965
486 998
487 131
487 277
487 447
487 522
487 967
487 973
487 992
488 334
488 849
488 907
488 920
488 938
488 965
489 213
489 281
489 566
489 839
489 922
489 951
49 634
49 954
49 971
49 981
490 567
490 813
490 815
490 906
490 932
490 974
491 868
491 917
491 927
491 971
491 987
491 998
492 526
492 688
492 758
492 891
492 977
492 982
493 606
493 684
493 737
493 799
493 971
493 981
494 189
494 537
494 637
494 774
494 902
494 943
495 274
495 785
495 787
495 882
495 889
495 921
496 457
496 477
496 547
496 728
496 919
496 985
497 427
497 776
497 899
497 909
497 959
497 970
498 752
498 766
498 829
498 840
498 903
498 929
499 665
499 672
499 763
499 805
499 879
499 923
5 742
5 895
5 975
5 994
50 3
50 458
50 696
50 921
500 506
500 516
500 774
500 812
500 902
500 943
501 301
501 789
501 857
501 973
501 984
501 985
501 994
502 574
502 691
502 72
502 763
502 904
502 923
503 118
503 64
503 732
503 734
503 9
503 939
503 948
503 998
504 299
504 581
504 603
504 747
504 752
504 812
504 943
505 446
505 478
505 733
505 784
505 809
505 896
505 919
506 500
506 656
506 773
506 779
506 877
506 946
506 977
507 756
507 81
507 877
507 891
507 971
507 977
507 982
508 241
508 293
508 447
508 549
508 586
508 659
508 740
509 407
509 656
509 660
509 864
509 927
509 987
509 998
51 885
51 968
51 975
51 994
510 208
510 224
510 4
510 622
510 682
510 893
510 986
511 677
511 722
511 851
511 859
511 873
511 904
511 975
511 978
512 531
512 546
512 6
512 804
512 911
512 989
512 997
513 127
513 372
513 396
513 660
513 693
513 775
513 781
514 207
514 401
514 562
514 841
514 852
514 911
514 919
515 262
515 543
515 695
515 770
515 828
515 880
515 939
516 461
516 500
516 638
516 852
516 856
516 881
516 971
517 187
517 279
517 736
517 924
517 953
517 962
517 976
518 611
518 614
518 903
518 929
518 949
518 958
518 960
519 400
519 431
519 435
519 521
519 783
519 808
519 989
52 612
52 855
52 883
52 951
520 231
520 802
520 834
520 907
520 920
520 938
520 965
521 305
521 519
521 532
521 783
521 792
521 878
521 951
522 457
522 487
522 627
522 774
522 902
522 943
522 958
523 461
523 592
523 653
523 808
523 856
523 881
523 963
524 701
524 802
524 870
524 905
524 926
524 978
524 996
525 221
525 371
525 658
525 675
525 841
525 861
525 939
526 14
526 492
526 572
526 66
526 673
526 977
526 982
527 178
527 63
527 719
527 765
527 804
527 920
527 992
528 302
528 683
528 863
528 911
528 969
528 989
528 997
529 191
529 28
529 288
529 64
529 717
529 889
529 991
53 728
53 798
53 831
53 948
530 300
530 408
530 432
530 911
530 966
530 989
530 997
531 224
531 411
531 472
531 512
531 547
531 655
531 783
532 206
532 311
532 400
532 435
532 521
532 550
532 808
533 121
533 240
533 573
533 809
533 820
533 908
534 287
534 579
534 615
534 824
534 934
534 966
534 998
535 746
535 832
535 939
535 955
535 957
535 984
535 999
536 197
536 276
536 373
536 699
536 932
536 950
536 992
537 403
537 494
537 581
537 774
537 812
537 887
537 902
538 12
538 434
538 553
538 882
538 889
538 901
538 921
539 570
539 746
539 863
539 911
539 989
539 996
539 997
54 801
54 807
54 987
54 998
540 203
540 222
540 386
540 390
540 748
540 750
540 987
541 453
541 791
541 863
541 911
541 935
541 989
541 997
542 171
542 272
542 440
542 690
542 793
542 846
542 921
543 38
543 456
543 515
543 713
543 915
543 968
543 979
544 634
544 704
544 777
544 780
544 864
545 646
545 688
545 860
545 869
545 924
545 961
545 969
546 423
546 512
546 570
546 894
546 900
546 989
546 997
547 496
547 531
547 653
547 740
547 986
547 996
547 997
547 999
548 247
548 589
548 764
548 885
548 895
548 975
548 994
549 163
549 508
549 728
549 813
549 947
549 948
549 966
55 275
55 453
55 805
55 942
550 113
550 400
550 532
550 783
550 792
550 808
550 878
551 1000
551 576
551 689
551 830
551 944
551 990
551 993
552 1000
552 353
552 453
552 673
552 846
552 873
552 913
552 991
553 409
553 538
553 618
553 710
553 889
553 901
553 921
554 609
554 832
554 878
554 902
554 957
554 984
554 999
555 257
555 728
555 810
555 831
555 833
555 937
555 970
556 719
556 84
556 865
556 908
556 960
556 983
556 991
557 328
557 565
557 644
557 665
557 734
557 879
557 923
558 612
558 844
558 954
558 962
558 978
558 988
558 996
559 827
559 956
559 964
559 968
559 973
559 974
559 983
56 831
56 908
56 960
56 991
560 625
560 78
560 813
560 881
560 937
560 947
560 96
561 344
561 718
561 726
561 832
561 865
561 908
561 991
562 169
562 207
562 401
562 484
562 514
562 630
562 671
563 354
563 677
563 783
563 917
563 927
563 987
563 998
564 426
564 613
564 800
564 939
564 941
564 953
564 976
565 352
565 557
565 566
565 680
565 712
565 839
565 922
566 323
566 489
566 565
566 712
566 839
566 951
566 987
566 995
567 295
567 458
567 490
567 624
567 626
567 706
567 739
567 970
568 151
568 254
568 42
568 470
568 628
568 748
568 772
568 92
569 357
569 821
569 904
569 945
569 968
569 969
569 981
569 995
57 1000
57 984
57 990
57 993
570 270
570 539
570 546
570 863
570 911
570 989
570 997
570 998
571 583
571 751
571 773
571 918
571 932
571 942
571 965
571 979
572 1000
572 526
572 830
572 944
572 988
572 990
572 992
572 993
573 121
573 240
573 533
573 758
573 820
573 835
573 885
574 15
574 502
574 649
574 683
574 753
574 763
574 869
574 879
575 289
575 73
575 873
575 903
575 945
575 946
575 986
575 998
576 551
576 636
576 650
576 698
576 766
576 819
576 912
576 963
577 139
577 430
577 639
577 729
577 777
577 931
577 967
577 995
578 714
578 818
578 838
578 850
578 914
578 918
578 955
578 971
579 100
579 359
579 435
579 47
579 534
579 593
579 824
579 934
58 916
58 930
58 945
58 990
580 146
580 218
580 643
580 784
580 802
580 885
580 975
580 994
581 504
581 537
581 747
581 752
581 902
581 943
581 950
581 983
582 245
582 299
582 377
582 782
582 823
582 906
582 913
582 974
583 571
583 690
583 832
583 879
583 888
583 957
583 984
583 999
584 483
584 679
584 719
584 786
584 794
584 866
584 940
584 992
585 174
585 636
585 698
585 766
585 767
585 912
585 963
585 994
586 328
586 437
586 508
586 718
586 803
586 903
586 929
586 949
587 677
587 692
587 864
587 917
587 924
587 927
587 987
587 998
588 633
588 661
588 824
588 892
588 916
588 930
588 945
588 969
589 234
589 548
589 687
589 885
589 895
589 975
589 990
589 994
59 155
59 615
59 824
59 934
590 450
590 820
590 832
590 848
590 889
590 949
590 981
590 989
590 994
591 341
591 653
591 688
591 753
591 852
591 856
591 881
591 969
592 379
592 523
592 666
592 671
592 856
592 865
592 881
592 952
593 30
593 579
593 62
593 824
593 871
593 928
593 934
593 940
594 262
594 263
594 842
594 844
594 899
594 909
594 959
594 970
595 268
595 425
595 430
595 640
595 848
595 873
595 938
595 991
596 140
596 463
596 642
596 845
596 934
596 971
596 978
596 981
597 649
597 846
597 912
597 941
597 943
597 969
597 985
597 993
598 412
598 444
598 600
598 720
598 816
598 915
598 968
598 979
599 428
599 671
599 749
599 780
599 802
599 843
599 947
599 997
6 324
6 512
6 989
6 997
60 444
60 472
60 935
60 950
600 160
600 598
600 647
600 664
600 714
600 915
600 951
600 979
601 110
601 438
601 660
601 710
601 713
601 915
601 968
601 979
602 43
602 468
602 683
602 702
602 708
602 790
602 796
602 827
603 504
603 734
603 745
603 761
603 833
603 860
603 903
603 949
604 12
604 652
604 704
604 705
604 886
604 913
604 986
604 994
605 132
605 230
605 357
605 73
605 827
605 880
605 959
605 966
606 286
606 493
606 761
606 798
606 845
606 878
606 971
606 981
607 31
607 792
607 915
607 939
607 945
607 969
607 978
607 991
608 1000
608 779
608 814
608 830
608 836
608 944
608 990
608 993
609 41
609 467
609 554
609 723
609 888
609 957
609 984
609 999
61 830
61 978
61 988
61 996
610 687
610 703
610 743
610 820
610 830
610 853
610 935
610 936
611 518
611 760
611 859
611 898
611 931
611 958
611 967
611 995
612 215
612 231
612 298
612 52
612 558
612 855
612 872
612 985
613 564
613 686
613 697
613 78
613 790
613 884
613 970
613 995
613 998
614 104
614 437
614 518
614 710
614 840
614 903
614 929
614 949
615 287
615 348
615 359
615 534
615 59
615 768
615 824
615 934
616 647
616 773
616 83
616 877
616 901
616 946
616 977
616 982
617 241
617 447
617 458
617 65
617 691
617 740
617 854
617 893
618 405
618 423
618 553
618 767
618 787
618 882
618 889
618 952
619 65
619 762
619 813
619 873
619 886
619 942
619 985
619 991
619 999
62 593
62 888
62 973
62 980
620 294
620 320
620 715
620 749
620 755
620 774
620 841
620 980
621 741
621 768
621 823
621 886
621 913
621 932
621 952
621 974
622 27
622 510
622 705
622 797
622 833
622 886
622 986
622 996
623 739
623 870
623 896
623 905
623 954
623 978
623 988
623 996
624 295
624 364
624 567
624 651
624 739
624 82
624 833
624 994
625 429
625 480
625 560
625 699
625 795
625 857
625 868
625 950
626 567
626 806
626 828
626 829
626 896
626 916
626 941
626 994
627 522
627 716
627 747
627 765
627 812
627 893
627 902
627 943
628 106
628 254
628 258
628 568
628 690
628 772
628 817
628 92
629 181
629 301
629 440
629 762
629 898
629 910
629 967
629 995
63 417
63 527
63 765
63 833
630 562
630 702
630 956
630 964
630 973
630 980
630 983
630 999
631 251
631 41
631 692
631 753
631 769
631 788
631 851
631 984
632 101
632 729
632 756
632 863
632 931
632 967
632 975
632 995
633 588
633 648
633 725
633 827
633 892
633 916
633 930
633 945
634 149
634 162
634 49
634 544
634 777
634 780
634 86
634 899
634 938
635 150
635 403
635 925
635 956
635 964
635 970
635 973
635 980
635 983
636 283
636 338
636 576
636 585
636 654
636 766
636 912
636 963
636 980
637 242
637 339
637 397
637 481
637 494
637 68
637 707
637 890
637 940
638 1000
638 252
638 401
638 516
638 856
638 862
638 881
638 890
638 935
639 577
639 822
639 859
639 898
639 907
639 910
639 931
639 967
639 995
64 503
64 529
64 859
64 910
640 425
640 430
640 595
640 682
640 802
640 848
640 873
640 890
640 922
641 1000
641 280
641 327
641 814
641 830
641 837
641 944
641 990
641 993
642 170
642 261
642 596
642 798
642 837
642 845
642 920
642 971
642 981
643 386
643 580
643 731
643 802
643 885
643 910
643 950
643 975
643 994
644 270
644 557
644 649
644 655
644 763
644 82
644 879
644 923
644 987
645 442
645 695
645 725
645 88
645 880
645 939
645 958
645 962
645 999
646 452
646 545
646 655
646 786
646 804
646 843
646 866
646 883
646 963
647 279
647 422
647 600
647 616
647 714
647 915
647 952
647 968
647 979
648 422
648 633
648 657
648 892
648 916
648 930
648 945
648 962
648 989
649 223
649 449
649 574
649 597
649 644
649 879
649 923
649 952
649 965
65 617
65 619
65 740
65 953
650 576
650 732
650 929
650 939
650 950
650 954
650 955
650 960
650 961
651 129
651 364
651 365
651 476
651 624
651 739
651 878
651 981
651 989
652 199
652 210
652 348
652 604
652 659
652 682
652 704
652 886
652 986
653 293
653 310
653 523
653 547
653 591
653 688
653 852
653 881
653 983
654 636
654 698
654 766
654 819
654 912
654 951
654 952
654 963
654 995
655 531
655 644
655 646
655 855
655 945
655 969
655 976
655 981
655 998
656 506
656 509
656 778
656 799
656 864
656 917
656 987
656 992
656 998
657 123
657 648
657 661
657 892
657 916
657 919
657 930
657 945
657 976
658 177
658 294
658 455
658 525
658 730
658 755
658 822
658 850
658 953
659 237
659 293
659 431
659 447
659 508
659 652
659 71
659 740
659 893
66 470
66 526
66 772
66 92
660 123
660 128
660 223
660 509
660 513
660 601
660 693
660 775
660 781
661 161
661 588
661 657
661 868
661 892
661 916
661 930
661 945
661 956
662 191
662 211
662 716
662 730
662 750
662 854
662 945
662 991
662 998
663 173
663 684
663 709
663 798
663 824
663 845
663 968
663 971
663 981
664 600
664 854
664 907
664 926
664 954
664 978
664 988
664 996
664 999
665 229
665 499
665 557
665 691
665 72
665 77
665 879
665 923
665 943
666 383
666 592
666 671
666 679
666 801
666 852
666 856
666 881
666 981
667 742
667 781
667 834
667 879
667 907
667 920
667 938
667 965
667 982
668 23
668 311
668 39
668 765
668 810
668 906
668 913
668 932
668 974
669 807
669 864
669 870
669 881
669 891
669 917
669 927
669 987
669 998
67 482
67 711
67 860
67 923
670 394
670 422
670 710
670 714
670 818
670 887
670 919
670 968
670 979
671 562
671 592
671 599
671 666
671 688
671 761
671 852
671 881
671 907
672 326
672 499
672 780
672 820
672 931
672 972
672 983
672 994
672 999
673 416
673 437
673 526
673 552
673 779
673 877
673 946
673 977
673 992
674 1
674 726
674 845
674 870
674 926
674 954
674 978
674 988
674 996
675 217
675 525
675 735
675 765
675 851
675 943
675 948
675 983
675 997
676 255
676 695
676 725
676 805
676 880
676 903
676 939
676 958
676 992
677 511
677 563
677 587
677 687
677 917
677 927
677 987
677 998
677 999
678 325
678 818
678 838
678 876
678 897
678 914
678 918
678 943
678 955
679 584
679 666
679 754
679 765
679 78
679 786
679 843
679 858
679 866
68 435
68 637
68 705
68 792
680 192
680 213
680 386
680 565
680 712
680 714
680 784
680 839
680 951
681 249
681 321
681 722
681 735
681 746
681 832
681 957
681 984
681 999
682 307
682 439
682 510
682 640
682 652
682 886
682 928
682 973
682 986
683 528
683 574
683 602
683 941
683 963
683 981
683 985
683 993
683 996
684 420
684 493
684 663
684 709
684 843
684 891
684 911
684 971
684 981
685 361
685 791
685 834
685 863
685 881
685 911
685 980
685 989
685 997
686 155
686 613
686 699
686 762
686 771
686 857
686 868
686 961
686 992
687 589
687 610
687 677
687 802
687 823
687 885
687 895
687 975
687 994
688 429
688 461
688 492
688 545
688 591
688 653
688 671
688 852
688 856
689 286
689 470
689 551
689 813
689 855
689 974
689 980
689 986
689 987
69 164
69 784
69 808
69 957
690 272
690 440
690 542
690 583
690 628
690 793
690 846
690 940
690 971
691 249
691 272
691 502
691 617
691 665
691 784
691 923
691 952
691 992
692 195
692 587
692 631
692 769
692 788
692 851
692 861
692 867
692 875
692 892
693 1000
693 123
693 127
693 128
693 257
693 372
693 513
693 660
693 775
693 790
694 1000
694 350
694 814
694 830
694 837
694 848
694 888
694 944
694 990
694 993
695 189
695 515
695 645
695 676
695 725
695 770
695 853
695 880
695 902
695 939
696 433
696 50
696 698
696 719
696 764
696 786
696 800
696 825
696 843
696 990
697 476
697 613
697 754
697 768
697 85
697 906
697 913
697 932
697 961
697 974
698 152
698 385
698 576
698 585
698 654
698 696
698 810
698 819
698 912
698 963
699 536
699 625
699 686
699 762
699 771
699 796
699 868
699 893
699 967
699 996
7 262
7 927
7 987
7 998
70 954
70 972
70 985
70 992
700 1
700 3
700 717
700 786
700 787
700 810
700 937
700 947
700 966
700 981
701 524
701 861
701 894
701 925
701 956
701 964
701 973
701 980
701 983
701 994
702 392
702 468
702 602
702 630
702 706
702 708
702 790
702 871
702 875
702 959
703 325
703 365
703 400
703 610
703 743
703 853
703 860
703 935
703 936
703 960
704 257
704 273
704 347
704 544
704 604
704 652
704 705
704 886
704 898
704 986
705 35
705 604
705 622
705 68
705 704
705 761
705 867
705 886
705 972
705 986
706 1000
706 233
706 567
706 702
706 855
706 874
706 904
706 986
706 993
706 995
707 242
707 339
707 397
707 481
707 637
707 742
707 786
707 861
707 874
707 940
708 392
708 43
708 446
708 468
708 602
708 702
708 790
708 835
708 852
708 974
709 209
709 287
709 663
709 684
709 758
709 845
709 851
709 871
709 971
709 981
71 447
71 659
71 740
71 979
710 341
710 553
710 601
710 614
710 670
710 713
710 837
710 915
710 968
710 979
711 109
711 259
711 318
711 67
711 758
711 763
711 849
711 879
711 923
711 981
712 171
712 323
712 565
712 566
712 680
712 782
712 839
712 866
712 947
712 980
713 543
713 601
713 710
713 714
713 838
713 862
713 883
713 898
713 968
713 979
714 150
714 341
714 578
714 600
714 647
714 670
714 680
714 713
714 968
714 979
715 1000
715 246
715 620
715 788
715 899
715 902
715 963
715 974
715 993
715 995
716 138
716 260
716 329
716 345
716 627
716 662
716 745
716 840
716 903
716 949
717 387
717 529
717 700
717 797
717 937
717 940
717 947
717 948
717 956
717 966
718 244
718 561
718 586
718 726
718 776
718 865
718 914
718 926
718 960
718 991
719 31
719 452
719 527
719 556
719 584
719 696
719 764
719 765
719 775
719 959
72 318
72 502
72 665
72 815
720 124
720 168
720 172
720 232
720 598
720 722
720 748
720 828
720 904
720 933
720 989
721 388
721 483
721 778
721 799
721 807
721 864
721 917
721 927
721 943
721 987
721 998
722 179
722 317
722 34
722 511
722 681
722 720
722 757
722 828
722 890
722 904
722 919
723 482
723 609
723 760
723 785
723 797
723 810
723 813
723 883
723 937
723 966
723 967
724 182
724 243
724 300
724 327
724 38
724 742
724 763
724 816
724 821
724 884
724 951
725 465
725 478
725 633
725 645
725 676
725 695
725 770
725 849
725 878
725 880
725 939
726 117
726 413
726 561
726 674
726 718
726 776
726 865
726 908
726 950
726 960
726 991
727 1000
727 463
727 814
727 830
727 837
727 897
727 944
727 988
727 990
727 993
728 496
728 53
728 549
728 555
728 831
728 864
728 937
728 947
728 948
728 966
728 972
729 577
729 632
729 756
729 816
729 859
729 870
729 898
729 901
729 931
729 967
729 995
73 141
73 256
73 575
73 605
730 177
730 19
730 658
730 662
730 755
730 806
730 841
730 867
730 871
730 90
730 976
731 178
731 191
731 448
731 643
731 802
731 812
731 885
731 895
731 946
731 975
731 994
732 204
732 253
732 26
732 351
732 380
732 383
732 474
732 503
732 650
732 806
732 9
733 175
733 282
733 446
733 478
733 505
733 789
733 809
733 814
733 857
733 896
733 940
734 246
734 309
734 503
734 557
734 603
734 803
734 829
734 840
734 903
734 949
734 970
735 242
735 675
735 681
735 746
735 832
735 888
735 911
735 957
735 984
735 992
735 999
736 343
736 395
736 517
736 800
736 817
736 844
736 874
736 941
736 953
736 962
736 976
737 161
737 348
737 493
737 773
737 794
737 877
737 885
737 946
737 977
737 979
737 982
738 236
738 785
738 894
738 917
738 925
738 930
738 956
738 964
738 973
738 980
738 983
739 181
739 333
739 364
739 476
739 567
739 623
739 624
739 651
739 85
739 920
739 951
74 786
74 843
74 866
74 925
740 293
740 426
740 431
740 508
740 547
740 617
740 65
740 659
740 71
740 837
740 958
741 621
741 759
741 785
741 894
741 925
741 950
741 956
741 964
741 973
741 980
741 983
742 5
742 667
742 707
742 724
742 781
742 834
742 907
742 920
742 938
742 965
743 409
743 441
743 460
743 610
743 703
743 805
743 853
743 935
743 936
743 964
743 981
744 296
744 823
744 866
744 894
744 925
744 956
744 964
744 973
744 977
744 980
744 983
745 181
745 281
745 406
745 603
745 716
745 76
745 829
745 903
745 929
745 933
745 949
746 467
746 535
746 539
746 681
746 735
746 832
746 957
746 976
746 983
746 984
746 999
747 198
747 226
747 254
747 504
747 581
747 627
747 752
747 796
747 902
747 943
747 956
747 963
748 281
748 331
748 540
748 568
748 720
748 77
748 904
748 937
748 961
748 963
748 972
748 985
749 599
749 620
749 760
749 761
749 798
749 81
749 848
749 858
749 873
749 912
749 942
749 996
75 794
75 816
75 893
75 946
750 200
750 201
750 203
750 21
750 386
750 390
750 540
750 662
750 820
750 849
750 945
750 950
751 107
751 147
751 193
751 243
751 285
751 304
751 354
751 418
751 571
751 867
751 928
751 980
752 103
752 226
752 393
752 449
752 498
752 504
752 581
752 747
752 883
752 902
752 943
752 977
753 393
753 438
753 574
753 591
753 631
753 769
753 788
753 851
753 858
753 867
753 888
753 905
754 346
754 679
754 697
754 768
754 815
754 831
754 905
754 906
754 913
754 932
754 962
754 974
755 113
755 177
755 410
755 455
755 620
755 658
755 730
755 771
755 818
755 841
755 871
755 90
756 336
756 507
756 632
756 729
756 859
756 910
756 931
756 933
756 958
756 964
756 967
756 995
757 722
757 822
757 842
757 853
757 884
757 899
757 909
757 959
757 970
758 348
758 492
758 573
758 709
758 711
758 773
758 779
758 862
758 921
758 946
758 977
758 982
759 115
759 120
759 276
759 436
759 741
759 767
759 91
759 928
759 950
759 952
759 992
759 996
76 745
76 797
76 813
76 948
760 148
760 222
760 275
760 340
760 611
760 723
760 749
760 805
760 836
760 904
760 914
760 942
761 336
761 603
761 606
761 671
761 705
761 749
761 803
761 829
761 903
761 929
761 949
761 969
762 1000
762 263
762 358
762 429
762 469
762 619
762 629
762 686
762 699
762 796
762 857
762 983
763 223
763 499
763 502
763 574
763 644
763 711
763 724
763 876
763 879
763 901
763 918
763 923
764 458
764 548
764 696
764 719
764 78
764 786
764 864
764 866
764 871
764 955
764 992
764 997
765 527
765 627
765 63
765 668
765 675
765 679
765 719
765 784
765 825
765 852
765 866
765 933
766 417
766 498
766 576
766 585
766 636
766 654
766 819
766 884
766 912
766 916
766 963
766 986
767 103
767 159
767 186
767 265
767 585
767 618
767 759
767 787
767 882
767 889
767 901
767 921
768 311
768 615
768 621
768 697
768 754
768 812
768 823
768 826
768 906
768 912
768 913
768 932
768 974
769 195
769 267
769 393
769 398
769 631
769 692
769 753
769 788
769 834
769 843
769 858
769 862
769 905
77 372
77 665
77 748
77 775
770 1000
770 187
770 262
770 442
770 515
770 695
770 725
770 878
770 880
770 883
770 931
770 939
770 993
771 156
771 240
771 263
771 303
771 48
771 480
771 686
771 699
771 755
771 794
771 796
771 857
771 868
772 106
772 151
772 254
772 470
772 568
772 628
772 66
772 84
772 862
772 866
772 918
772 953
772 973
773 157
773 506
773 571
773 616
773 737
773 758
773 788
773 840
773 891
773 901
773 946
773 970
773 982
774 198
774 339
774 425
774 449
774 494
774 500
774 522
774 537
774 620
774 812
774 902
774 943
774 948
775 110
775 123
775 127
775 128
775 248
775 372
775 405
775 513
775 660
775 693
775 719
775 77
775 804
776 239
776 244
776 402
776 432
776 497
776 718
776 726
776 865
776 908
776 960
776 991
776 994
776 997
777 149
777 162
777 379
777 544
777 577
777 634
777 780
777 86
777 941
777 942
777 994
778 147
778 656
778 721
778 79
778 799
778 807
778 844
778 864
778 905
778 917
778 927
778 987
778 998
779 13
779 33
779 506
779 608
779 673
779 758
779 813
779 877
779 891
779 946
779 977
779 982
779 986
78 560
78 613
78 679
78 764
780 149
780 162
780 324
780 379
780 439
780 544
780 599
780 634
780 672
780 777
780 86
780 871
780 979
781 373
781 513
781 660
781 667
781 742
781 794
781 834
781 907
781 920
781 938
781 965
782 356
782 582
782 712
782 798
782 839
782 938
782 941
782 961
782 964
782 965
782 969
782 977
782 982
783 291
783 297
783 337
783 435
783 519
783 521
783 531
783 550
783 563
783 808
783 861
783 933
783 967
784 505
784 580
784 680
784 69
784 691
784 765
784 792
784 839
784 858
784 927
784 959
784 970
784 984
785 495
785 723
785 738
785 741
785 894
785 925
785 929
785 956
785 964
785 973
785 980
785 983
786 130
786 31
786 584
786 646
786 679
786 696
786 700
786 707
786 74
786 764
786 843
786 850
786 97
787 278
787 284
787 451
787 452
787 495
787 618
787 700
787 767
787 876
787 882
787 889
787 901
787 921
788 267
788 393
788 438
788 631
788 692
788 715
788 753
788 769
788 773
788 851
788 858
788 961
788 984
789 392
789 501
789 733
789 844
789 847
789 870
789 905
789 926
789 947
789 954
789 978
789 988
789 996
79 778
79 957
79 971
79 981
790 350
790 392
790 412
790 43
790 468
790 602
790 613
790 693
790 702
790 708
790 827
790 835
790 875
790 944
791 12
791 361
791 383
791 408
791 432
791 541
791 685
791 819
791 863
791 911
791 984
791 989
791 996
791 997
792 114
792 164
792 337
792 521
792 550
792 607
792 68
792 784
792 795
792 808
792 820
792 876
792 911
792 969
793 219
793 272
793 440
793 542
793 690
793 796
793 821
793 839
793 846
793 922
793 940
793 956
793 980
794 434
794 584
794 737
794 75
794 771
794 781
794 835
794 856
794 862
794 891
794 894
794 946
794 977
794 982
795 1000
795 28
795 303
795 625
795 792
795 819
795 943
795 959
795 963
795 984
795 986
795 988
795 993
795 999
796 358
796 429
796 480
796 602
796 699
796 747
796 762
796 771
796 793
796 857
796 868
796 893
796 982
796 995
797 291
797 484
797 622
797 717
797 723
797 76
797 810
797 813
797 937
797 938
797 947
797 948
797 964
797 966
798 53
798 606
798 642
798 663
798 749
798 782
798 846
798 88
798 940
798 958
798 966
798 971
798 981
798 993
799 216
799 472
799 493
799 656
799 721
799 778
799 807
799 864
799 917
799 927
799 930
799 987
799 998
799 999
8 451
8 877
8 977
8 982
80 136
80 895
80 975
80 994
800 443
800 564
800 696
800 736
800 817
800 835
800 874
800 900
800 941
800 953
800 962
800 976
800 982
800 992
801 54
801 666
801 815
801 852
801 893
801 915
801 931
801 945
801 966
801 968
801 971
801 974
801 975
801 994
802 355
802 448
802 520
802 524
802 580
802 599
802 640
802 643
802 687
802 731
802 885
802 895
802 975
802 994
803 138
803 586
803 734
803 761
803 840
803 867
803 872
803 900
803 903
803 912
803 922
803 929
803 949
803 966
804 25
804 512
804 527
804 646
804 775
804 889
804 891
804 921
804 948
804 984
804 985
804 998
804 999
805 102
805 118
805 148
805 247
805 305
805 309
805 499
805 55
805 676
805 743
805 760
805 836
805 883
805 942
806 138
806 165
806 269
806 439
806 626
806 730
806 732
806 811
806 841
806 853
806 919
806 986
806 989
806 997
807 54
807 669
807 721
807 778
807 799
807 864
807 906
807 917
807 927
807 960
807 965
807 987
807 996
807 998
808 337
808 519
808 523
808 532
808 550
808 69
808 783
808 792
808 861
808 868
808 876
808 927
808 940
808 947
809 116
809 175
809 282
809 446
809 45
809 478
809 505
809 533
809 733
809 830
809 849
809 896
809 939
809 967
81 507
81 749
81 977
81 982
810 229
810 555
810 668
810 698
810 700
810 723
810 797
810 831
810 937
810 942
810 947
810 948
810 964
810 966
811 806
811 847
811 854
811 870
811 898
811 905
811 913
811 923
811 926
811 954
811 96
811 978
811 988
811 996
812 441
812 452
812 500
812 504
812 537
812 627
812 731
812 768
812 774
812 883
812 884
812 902
812 943
812 958
813 260
813 484
813 490
813 549
813 560
813 619
813 689
813 723
813 76
813 779
813 797
813 831
813 947
813 966
814 1000
814 282
814 608
814 641
814 694
814 727
814 733
814 830
814 837
814 870
814 944
814 985
814 990
814 993
815 245
815 291
815 299
815 490
815 72
815 754
815 801
815 828
815 865
815 906
815 913
815 932
815 974
815 978
815 992
816 156
816 174
816 243
816 29
816 300
816 327
816 38
816 598
816 724
816 729
816 75
816 864
816 884
816 951
816 977
817 255
817 321
817 427
817 48
817 486
817 628
817 736
817 800
817 874
817 883
817 887
817 941
817 953
817 962
817 976
818 322
818 340
818 352
818 466
818 578
818 670
818 678
818 755
818 838
818 850
818 897
818 914
818 918
818 952
818 955
819 283
819 388
819 414
819 417
819 424
819 576
819 654
819 698
819 766
819 791
819 795
819 883
819 912
819 933
819 963
82 624
82 644
82 878
82 951
820 121
820 240
820 306
820 406
820 533
820 573
820 590
820 610
820 672
820 750
820 792
820 835
820 87
820 984
820 993
821 418
821 569
821 724
821 793
821 825
821 846
821 882
821 911
821 912
821 935
821 938
821 963
821 965
821 983
821 992
822 639
822 658
822 757
822 842
822 899
822 909
822 920
822 959
822 970
822 982
823 146
823 233
823 250
823 264
823 346
823 482
823 582
823 621
823 687
823 744
823 768
823 906
823 913
823 932
823 974
824 100
824 287
824 359
824 534
824 579
824 588
824 59
824 593
824 615
824 663
824 878
824 908
824 934
824 940
824 942
825 225
825 359
825 424
825 433
825 458
825 483
825 696
825 765
825 821
825 843
825 866
825 871
825 887
825 929
825 982
826 227
826 355
826 356
826 366
826 410
826 457
826 477
826 768
826 860
826 905
826 928
826 930
826 972
826 985
826 992
827 313
827 559
827 602
827 605
827 633
827 790
827 901
827 906
827 930
827 933
827 942
827 972
827 974
827 984
827 985
828 107
828 124
828 143
828 317
828 353
828 381
828 426
828 515
828 626
828 720
828 722
828 815
828 904
828 919
828 969
828 993
829 16
829 329
829 345
829 454
829 498
829 626
829 734
829 745
829 761
829 833
829 840
829 842
829 903
829 929
829 949
829 981
83 486
83 616
83 891
83 896
830 1000
830 551
830 572
830 608
830 61
830 610
830 641
830 694
830 727
830 809
830 814
830 837
830 944
830 949
830 990
830 993
831 1
831 260
831 404
831 53
831 555
831 56
831 728
831 754
831 810
831 813
831 919
831 937
831 947
831 948
831 966
831 973
832 237
832 332
832 433
832 535
832 554
832 561
832 583
832 590
832 681
832 735
832 746
832 888
832 957
832 984
832 992
832 999
833 114
833 433
833 479
833 555
833 603
833 622
833 624
833 63
833 829
833 849
833 901
833 914
833 921
833 936
833 975
833 994
834 520
834 667
834 685
834 742
834 769
834 781
834 862
834 866
834 876
834 907
834 920
834 938
834 965
835 227
835 247
835 573
835 708
835 790
835 794
835 800
835 820
835 836
835 910
835 939
835 955
835 976
835 977
835 995
835 998
836 102
836 118
836 18
836 182
836 222
836 247
836 275
836 309
836 425
836 430
836 608
836 760
836 805
836 835
836 883
836 942
837 1000
837 351
837 641
837 642
837 694
837 710
837 727
837 740
837 814
837 830
837 944
837 962
837 990
837 993
838 295
838 578
838 678
838 713
838 818
838 850
838 897
838 900
838 903
838 914
838 918
838 949
838 955
838 983
839 171
839 213
839 302
839 323
839 489
839 565
839 566
839 680
839 712
839 782
839 784
839 793
839 873
839 922
839 933
839 951
84 151
84 470
84 556
84 772
840 437
840 498
840 614
840 716
840 734
840 773
840 803
840 829
840 887
840 90
840 903
840 924
840 929
840 949
840 972
840 995
841 221
841 320
841 389
841 421
841 455
841 486
841 514
841 525
841 620
841 730
841 755
841 806
841 876
841 90
841 919
841 986
842 473
842 594
842 757
842 822
842 829
842 868
842 886
842 899
842 909
842 959
842 970
842 996
843 208
843 225
843 483
843 599
843 646
843 679
843 684
843 696
843 74
843 769
843 786
843 825
843 883
843 9
843 959
843 980
844 345
844 558
844 594
844 736
844 778
844 789
844 847
844 854
844 870
844 905
844 907
844 926
844 940
844 954
844 978
844 988
844 996
845 125
845 236
845 347
845 383
845 420
845 596
845 606
845 642
845 663
845 674
845 709
845 871
845 875
845 940
845 943
845 971
845 981
846 101
846 219
846 272
846 399
846 440
846 542
846 552
846 597
846 690
846 793
846 798
846 821
846 865
846 922
846 937
846 940
846 959
847 128
847 165
847 44
847 789
847 811
847 844
847 854
847 870
847 905
847 926
847 937
847 954
847 978
847 981
847 988
847 996
847 999
848 14
848 425
848 430
848 590
848 595
848 640
848 694
848 749
848 873
848 890
848 922
848 985
848 993
849 1000
849 28
849 310
849 488
849 711
849 725
849 750
849 809
849 833
849 895
849 896
849 897
849 923
849 966
849 973
849 983
849 993
85 697
85 739
85 906
85 932
850 134
850 22
850 328
850 403
850 578
850 658
850 786
850 818
850 838
850 894
850 897
850 900
850 914
850 918
850 919
850 927
850 955
851 195
851 267
851 416
851 438
851 445
851 511
851 631
851 675
851 692
851 709
851 753
851 788
851 858
851 887
851 895
851 961
851 970
852 235
852 252
852 450
852 461
852 514
852 516
852 591
852 653
852 666
852 671
852 688
852 708
852 765
852 801
852 856
852 985
852 991
853 214
853 325
853 365
853 409
853 441
853 460
853 610
853 695
853 703
853 743
853 757
853 806
853 862
853 899
853 915
853 935
853 936
854 617
854 662
854 664
854 811
854 844
854 847
854 870
854 892
854 905
854 920
854 926
854 934
854 954
854 978
854 988
854 995
854 996
855 1000
855 154
855 215
855 231
855 298
855 335
855 52
855 612
855 655
855 689
855 706
855 872
855 913
855 936
855 948
855 951
855 989
856 1000
856 193
856 252
856 399
856 401
856 450
856 516
856 523
856 591
856 592
856 638
856 666
856 688
856 794
856 852
856 945
856 969
857 194
857 263
857 358
857 408
857 429
857 48
857 501
857 625
857 686
857 733
857 762
857 771
857 796
857 868
857 875
857 908
857 99
858 195
858 267
858 385
858 393
858 41
858 438
858 679
858 749
858 753
858 769
858 784
858 788
858 851
858 861
858 862
858 923
858 948
859 167
859 326
859 511
859 611
859 639
859 64
859 729
859 756
859 871
859 890
859 898
859 910
859 931
859 933
859 948
859 967
859 995
86 306
86 634
86 777
86 780
860 475
860 545
860 603
860 67
860 703
860 826
860 869
860 923
860 924
860 948
860 961
860 969
861 459
861 481
861 525
861 692
861 701
861 707
861 783
861 808
861 858
861 876
861 906
861 938
861 950
861 987
861 990
861 992
861 998
862 24
862 468
862 470
862 638
862 713
862 758
862 769
862 772
862 794
862 834
862 853
862 858
862 882
862 973
862 980
862 982
862 984
862 999
863 188
863 214
863 276
863 277
863 313
863 331
863 344
863 528
863 539
863 541
863 570
863 632
863 685
863 791
863 911
863 98
863 989
863 997
864 1000
864 509
864 544
864 587
864 656
864 669
864 721
864 728
864 764
864 778
864 799
864 807
864 816
864 896
864 917
864 927
864 987
864 998
865 239
865 396
865 402
865 464
865 47
865 556
865 561
865 592
865 718
865 726
865 776
865 815
865 846
865 908
865 915
865 947
865 960
865 991
866 208
866 286
866 371
866 424
866 445
866 452
866 584
866 646
866 679
866 712
866 74
866 744
866 764
866 765
866 772
866 825
866 834
866 887
867 352
867 404
867 453
867 692
867 705
867 730
867 751
867 753
867 803
867 877
867 901
867 921
867 946
867 953
867 968
867 979
867 982
867 986
868 113
868 194
868 303
868 371
868 48
868 480
868 491
868 625
868 661
868 686
868 699
868 771
868 796
868 808
868 842
868 857
868 882
868 893
869 1000
869 158
869 248
869 271
869 475
869 545
869 574
869 860
869 872
869 91
869 924
869 952
869 961
869 969
87 820
87 969
87 974
87 989
87 999
870 449
870 524
870 623
870 669
870 674
870 729
870 789
870 811
870 814
870 844
870 847
870 854
870 905
870 926
870 954
870 978
870 988
870 996
871 148
871 331
871 459
871 593
871 702
871 709
871 730
871 755
871 764
871 780
871 825
871 845
871 859
871 899
871 934
871 953
871 976
871 982
872 1000
872 168
872 27
872 30
872 353
872 402
872 612
872 803
872 855
872 869
872 904
872 922
872 935
872 975
872 986
872 989
872 993
872 997
873 388
873 425
873 430
873 511
873 552
873 575
873 595
873 619
873 640
873 749
873 839
873 848
873 880
873 890
873 912
873 922
873 960
873 981
874 284
874 32
874 427
874 428
874 443
874 465
874 706
874 707
874 736
874 800
874 817
874 878
874 887
874 941
874 946
874 953
874 962
874 976
875 143
875 436
875 471
875 692
875 702
875 790
875 845
875 857
875 897
875 950
875 953
875 955
875 960
875 962
875 970
875 975
875 991
875 994
876 292
876 678
876 763
876 787
876 792
876 808
876 834
876 841
876 861
876 877
876 879
876 960
876 961
876 969
876 975
876 984
876 991
876 999
877 120
877 220
877 282
877 360
877 506
877 507
877 616
877 673
877 737
877 779
877 8
877 867
877 876
877 891
877 932
877 945
877 977
877 982
878 521
878 550
878 554
878 606
878 651
878 725
878 770
878 82
878 824
878 874
878 916
878 934
878 939
878 948
878 966
878 975
878 994
878 998
878 999
879 109
879 209
879 223
879 415
879 499
879 557
879 574
879 583
879 644
879 649
879 665
879 667
879 711
879 763
879 876
879 890
879 901
879 965
879 982
88 645
88 798
88 971
88 981
880 187
880 255
880 262
880 420
880 442
880 515
880 605
880 645
880 676
880 695
880 725
880 770
880 873
880 919
880 931
880 939
880 958
880 966
880 977
881 207
881 252
881 305
881 311
881 354
881 450
881 516
881 523
881 560
881 591
881 592
881 638
881 653
881 666
881 669
881 671
881 685
881 919
881 942
882 103
882 196
882 278
882 284
882 316
882 340
882 403
882 495
882 538
882 618
882 767
882 787
882 821
882 862
882 868
882 889
882 901
882 921
882 951
883 52
883 646
883 713
883 723
883 752
883 770
883 805
883 812
883 817
883 819
883 836
883 843
883 889
883 915
883 935
883 936
883 942
883 964
883 966
884 1000
884 122
884 156
884 174
884 243
884 265
884 29
884 300
884 327
884 38
884 403
884 613
884 724
884 757
884 766
884 812
884 816
884 946
884 951
885 152
885 217
885 279
885 315
885 51
885 548
885 573
885 580
885 589
885 643
885 687
885 731
885 737
885 802
885 895
885 896
885 975
885 994
885 997
886 2
886 210
886 273
886 307
886 35
886 40
886 419
886 439
886 604
886 619
886 621
886 622
886 652
886 682
886 704
886 705
886 842
886 986
886 999
887 378
887 41
887 477
887 537
887 670
887 817
887 825
887 840
887 851
887 866
887 874
887 903
887 925
887 935
887 936
887 953
887 960
887 991
887 994
888 296
888 308
888 330
888 333
888 338
888 363
888 471
888 583
888 609
888 62
888 694
888 735
888 753
888 832
888 957
888 976
888 984
888 992
888 999
889 316
889 321
889 341
889 406
889 495
889 529
889 538
889 553
889 590
889 618
889 767
889 787
889 804
889 882
889 883
889 901
889 921
889 937
889 966
889 998
89 188
89 216
89 961
89 969
890 366
890 381
890 397
890 472
890 637
890 638
890 640
890 722
890 848
890 859
890 873
890 879
890 904
890 936
890 950
890 975
890 976
890 985
890 992
890 994
891 166
891 308
891 399
891 416
891 459
891 492
891 507
891 669
891 684
891 773
891 779
891 794
891 804
891 83
891 877
891 917
891 946
891 958
891 977
891 984
892 185
892 588
892 633
892 648
892 657
892 661
892 692
892 854
892 916
892 917
892 930
892 936
892 945
892 987
893 108
893 167
893 273
893 421
893 510
893 617
893 627
893 659
893 699
893 75
893 796
893 801
893 868
893 902
893 946
893 986
893 988
893 989
893 996
893 997
894 418
894 546
894 701
894 738
894 741
894 744
894 785
894 794
894 850
894 925
894 956
894 964
894 968
894 973
894 980
894 983
894 987
895 315
895 336
895 384
895 448
895 5
895 548
895 589
895 687
895 731
895 80
895 802
895 849
895 851
895 885
895 900
895 923
895 933
895 974
895 975
895 994
896 116
896 155
896 175
896 282
896 305
896 385
896 446
896 45
896 478
896 505
896 623
896 626
896 733
896 809
896 83
896 849
896 864
896 885
896 898
896 963
897 142
897 159
897 213
897 22
897 274
897 335
897 352
897 428
897 436
897 678
897 727
897 818
897 838
897 849
897 850
897 875
897 900
897 914
897 918
897 955
897 988
898 1000
898 185
898 232
898 251
898 378
898 474
898 611
898 629
898 639
898 704
898 713
898 729
898 811
898 859
898 896
898 910
898 931
898 967
898 97
898 995
898 997
899 112
899 304
899 398
899 497
899 594
899 634
899 715
899 757
899 822
899 842
899 853
899 871
899 902
899 909
899 959
899 970
899 989
9 291
9 503
9 732
9 843
90 730
90 755
90 840
90 841
900 1000
900 546
900 800
900 803
900 838
900 850
900 895
900 897
900 929
900 935
900 936
900 964
900 980
900 981
900 987
900 989
900 990
900 993
900 994
900 996
900 997
901 159
901 278
901 284
901 316
901 321
901 538
901 553
901 616
901 729
901 763
901 767
901 773
901 787
901 827
901 833
901 867
901 879
901 882
901 889
901 921
901 979
902 198
902 316
902 449
902 494
902 500
902 522
902 537
902 554
902 581
902 627
902 695
902 715
902 747
902 752
902 774
902 812
902 893
902 899
902 929
902 943
902 957
903 271
903 498
903 518
903 575
903 586
903 603
903 614
903 676
903 716
903 734
903 745
903 761
903 803
903 829
903 838
903 840
903 887
903 904
903 949
903 959
903 988
904 124
904 143
904 168
904 172
904 353
904 381
904 404
904 443
904 502
904 511
904 569
904 706
904 720
904 722
904 748
904 760
904 828
904 872
904 890
904 903
904 919
905 285
905 407
905 524
905 623
905 753
905 754
905 769
905 778
905 789
905 811
905 826
905 844
905 847
905 854
905 870
905 926
905 94
905 954
905 978
905 988
905 996
906 23
906 490
906 582
906 668
906 697
906 754
906 768
906 807
906 815
906 823
906 827
906 85
906 861
906 913
906 928
906 932
906 944
906 965
906 973
906 974
906 975
907 153
907 230
907 250
907 33
907 350
907 479
907 485
907 488
907 520
907 639
907 664
907 667
907 671
907 742
907 781
907 834
907 844
907 908
907 920
907 938
907 965
908 266
908 270
908 273
908 396
908 402
908 413
908 533
908 556
908 56
908 561
908 726
908 776
908 824
908 857
908 865
908 907
908 928
908 960
908 968
908 975
908 991
909 111
909 112
909 134
909 228
909 233
909 245
909 259
909 347
909 390
909 398
909 445
909 474
909 497
909 594
909 757
909 822
909 842
909 899
909 922
909 959
909 970
909 972
91 759
91 869
91 928
91 950
910 140
910 269
910 280
910 301
910 332
910 378
910 629
910 639
910 64
910 643
910 756
910 835
910 859
910 898
910 931
910 940
910 952
910 958
910 967
910 984
910 991
910 995
911 290
911 313
911 333
911 367
911 377
911 432
911 512
911 514
911 528
911 530
911 539
911 541
911 570
911 684
911 685
911 735
911 791
911 792
911 821
911 863
911 989
911 997
912 152
912 25
912 283
912 388
912 417
912 469
912 576
912 585
912 597
912 636
912 654
912 698
912 749
912 766
912 768
912 803
912 819
912 821
912 873
912 922
912 933
912 963
913 146
913 253
913 264
913 299
913 552
913 582
913 604
913 621
913 668
913 697
913 754
913 768
913 811
913 815
913 823
913 855
913 906
913 932
913 937
913 939
913 974
913 982
914 10
914 108
914 142
914 22
914 221
914 268
914 31
914 322
914 466
914 578
914 678
914 718
914 760
914 818
914 833
914 838
914 850
914 897
914 918
914 940
914 955
914 970
915 132
915 189
915 19
915 219
915 277
915 335
915 394
915 543
915 598
915 600
915 601
915 607
915 647
915 710
915 801
915 853
915 865
915 883
915 957
915 968
915 979
915 985
916 133
916 234
916 343
916 411
916 46
916 58
916 588
916 626
916 633
916 648
916 657
916 661
916 766
916 878
916 892
916 930
916 945
916 988
916 993
916 997
917 106
917 135
917 368
917 491
917 563
917 587
917 656
917 669
917 677
917 721
917 738
917 778
917 799
917 807
917 864
917 891
917 892
917 927
917 976
917 987
917 994
917 997
917 998
918 108
918 134
918 268
918 274
918 322
918 328
918 379
918 466
918 571
918 578
918 678
918 763
918 772
918 818
918 838
918 850
918 897
918 914
918 940
918 955
918 965
918 968
918 986
919 1000
919 269
919 496
919 505
919 514
919 657
919 670
919 722
919 806
919 828
919 831
919 841
919 850
919 880
919 881
919 904
919 923
919 939
919 965
919 972
919 985
919 990
919 993
92 568
92 628
92 66
92 946
920 153
920 250
920 33
920 344
920 479
920 485
920 488
920 520
920 527
920 642
920 667
920 739
920 742
920 781
920 822
920 834
920 854
920 907
920 928
920 935
920 938
920 965
920 997
921 103
921 159
921 278
921 284
921 316
921 321
921 495
921 50
921 538
921 542
921 553
921 758
921 767
921 787
921 804
921 833
921 867
921 882
921 889
921 901
921 94
921 983
921 998
922 164
922 442
922 489
922 565
922 640
922 793
922 803
922 839
922 846
922 848
922 872
922 873
922 909
922 912
922 939
922 943
922 957
922 959
922 970
922 972
922 973
922 985
922 992
923 114
923 318
923 415
923 499
923 502
923 557
923 644
923 649
923 665
923 67
923 691
923 711
923 763
923 811
923 849
923 858
923 860
923 895
923 919
923 942
923 952
923 992
923 995
924 121
924 145
924 206
924 248
924 271
924 334
924 462
924 475
924 517
924 545
924 587
924 840
924 860
924 869
924 928
924 952
924 961
924 964
924 969
925 124
925 292
925 370
925 635
925 701
925 738
925 74
925 741
925 744
925 785
925 887
925 894
925 953
925 956
925 964
925 973
925 980
925 983
925 991
926 203
926 314
926 319
926 524
926 664
926 674
926 718
926 789
926 811
926 844
926 847
926 854
926 870
926 905
926 949
926 954
926 955
926 958
926 974
926 978
926 988
926 989
926 99
926 996
927 129
927 259
927 36
927 368
927 381
927 491
927 509
927 563
927 587
927 669
927 677
927 7
927 721
927 778
927 784
927 799
927 807
927 808
927 850
927 864
927 917
927 946
927 987
927 998
928 1000
928 167
928 176
928 593
928 682
928 751
928 759
928 826
928 906
928 908
928 91
928 920
928 924
928 934
928 938
928 950
928 960
928 965
928 972
928 981
928 985
928 990
928 991
928 993
929 16
929 255
929 329
929 336
929 345
929 392
929 437
929 498
929 518
929 586
929 614
929 650
929 745
929 761
929 785
929 803
929 825
929 829
929 840
929 900
929 902
929 944
929 949
929 963
93 104
93 972
93 978
93 985
930 133
930 211
930 234
930 251
930 34
930 343
930 376
930 46
930 58
930 588
930 633
930 648
930 657
930 661
930 738
930 799
930 826
930 827
930 892
930 916
930 945
930 952
931 163
931 326
931 332
931 369
931 374
931 577
931 611
931 632
931 639
931 672
931 729
931 756
931 770
931 801
931 859
931 880
931 898
931 910
931 942
931 945
931 952
931 967
931 990
931 995
932 143
932 245
932 253
932 264
932 288
932 346
932 490
932 536
932 571
932 621
932 668
932 697
932 754
932 768
932 815
932 823
932 85
932 877
932 906
932 913
932 952
932 974
932 977
932 984
932 998
933 130
933 182
933 225
933 337
933 340
933 459
933 720
933 745
933 756
933 765
933 783
933 819
933 827
933 839
933 859
933 895
933 912
933 940
933 941
933 962
933 963
933 975
933 976
933 985
933 994
934 100
934 170
934 173
934 175
934 287
934 359
934 385
934 399
934 445
934 451
934 469
934 534
934 579
934 59
934 593
934 596
934 615
934 824
934 854
934 871
934 878
934 928
934 940
934 950
934 967
935 117
935 13
935 199
935 212
935 214
935 322
935 325
935 409
935 441
935 460
935 541
935 60
935 610
935 638
935 703
935 743
935 821
935 853
935 872
935 883
935 887
935 900
935 920
935 936
935 95
936 117
936 199
936 201
936 212
936 214
936 325
936 365
936 409
936 441
936 460
936 610
936 703
936 743
936 833
936 853
936 855
936 883
936 887
936 890
936 892
936 900
936 935
936 978
936 980
936 984
937 11
937 238
937 260
937 342
937 387
937 469
937 555
937 560
937 700
937 717
937 723
937 728
937 748
937 797
937 810
937 831
937 846
937 847
937 889
937 913
937 938
937 947
937 948
937 955
937 966
937 988
938 250
938 33
938 344
938 350
938 479
938 485
938 488
938 520
938 595
938 634
938 667
938 742
938 781
938 782
938 797
938 821
938 834
938 861
938 907
938 920
938 928
938 937
938 943
938 965
938 979
938 983
939 187
939 255
939 379
939 382
939 442
939 503
939 515
939 525
939 535
939 564
939 607
939 645
939 650
939 676
939 695
939 725
939 770
939 809
939 835
939 878
939 880
939 913
939 919
939 922
939 958
939 962
94 905
94 921
94 975
94 994
940 355
940 375
940 384
940 400
940 481
940 584
940 593
940 637
940 690
940 707
940 717
940 733
940 793
940 798
940 808
940 824
940 844
940 845
940 846
940 910
940 914
940 918
940 933
940 934
940 955
940 981
941 218
941 240
941 290
941 292
941 358
941 37
941 391
941 460
941 473
941 564
941 597
941 626
941 683
941 736
941 777
941 782
941 800
941 817
941 874
941 933
941 951
941 953
941 962
941 976
941 984
941 998
942 102
942 118
942 148
942 182
942 220
942 222
942 247
942 275
942 309
942 340
942 55
942 571
942 619
942 749
942 760
942 777
942 805
942 810
942 824
942 827
942 836
942 881
942 883
942 923
942 931
942 971
942 994
943 1
943 226
943 383
943 449
943 494
943 500
943 504
943 522
943 581
943 597
943 627
943 665
943 675
943 678
943 721
943 747
943 752
943 774
943 795
943 812
943 845
943 902
943 922
943 938
943 958
943 964
943 972
944 1000
944 37
944 382
944 464
944 473
944 551
944 572
944 608
944 641
944 694
944 727
944 790
944 814
944 830
944 837
944 906
944 929
944 952
944 956
944 990
944 993
944 998
945 133
945 234
945 265
945 34
945 343
945 419
945 46
945 569
945 575
945 58
945 588
945 607
945 633
945 648
945 655
945 657
945 661
945 662
945 750
945 801
945 856
945 877
945 892
945 916
945 930
945 931
945 999
946 13
946 14
946 161
946 306
946 308
946 441
946 459
946 506
946 575
946 616
946 673
946 731
946 737
946 75
946 758
946 773
946 779
946 794
946 867
946 874
946 884
946 891
946 893
946 92
946 927
946 971
946 977
946 982
947 126
947 229
947 238
947 249
947 3
947 342
947 387
947 40
947 404
947 486
947 549
947 560
947 599
947 700
947 712
947 717
947 728
947 789
947 797
947 808
947 810
947 813
947 831
947 865
947 937
947 948
947 966
947 982
948 179
948 229
948 238
948 310
948 357
948 404
948 414
948 482
948 503
948 53
948 549
948 675
948 717
948 728
948 76
948 774
948 797
948 804
948 810
948 831
948 855
948 858
948 859
948 860
948 878
948 937
948 947
948 966
948 997
949 116
949 138
949 16
949 21
949 281
949 30
949 319
949 329
949 336
949 518
949 586
949 590
949 603
949 614
949 716
949 734
949 745
949 761
949 803
949 829
949 830
949 838
949 840
949 903
949 926
949 929
949 958
949 966
949 982
95 307
95 409
95 935
95 963
95 965
95 968
95 999
950 115
950 169
950 197
950 224
950 276
950 373
950 411
950 436
950 444
950 472
950 481
950 536
950 581
950 60
950 625
950 643
950 650
950 726
950 741
950 750
950 759
950 861
950 875
950 890
950 91
950 928
950 934
950 952
950 992
951 137
951 215
951 264
951 333
951 44
951 489
951 52
951 521
951 566
951 600
951 654
951 680
951 724
951 739
951 816
951 82
951 839
951 855
951 882
951 884
951 941
951 953
951 956
951 958
951 962
951 964
951 973
951 976
951 980
952 2
952 436
952 440
952 592
952 618
952 621
952 647
952 649
952 654
952 691
952 759
952 818
952 869
952 910
952 923
952 924
952 930
952 931
952 932
952 944
952 950
952 961
952 963
952 967
952 968
952 969
952 974
952 979
952 990
953 290
953 292
953 368
953 37
953 394
953 427
953 428
953 443
953 465
953 473
953 517
953 564
953 65
953 658
953 736
953 772
953 800
953 817
953 867
953 871
953 874
953 875
953 887
953 925
953 941
953 951
953 962
953 976
953 977
953 986
954 135
954 258
954 303
954 312
954 395
954 407
954 410
954 414
954 418
954 49
954 558
954 623
954 650
954 664
954 674
954 70
954 789
954 811
954 844
954 847
954 854
954 870
954 905
954 926
954 975
954 976
954 978
954 986
954 988
954 996
955 10
955 119
955 134
955 142
955 268
955 274
955 322
955 328
955 352
955 353
955 451
955 466
955 535
955 578
955 650
955 678
955 764
955 818
955 835
955 838
955 850
955 875
955 897
955 914
955 918
955 926
955 937
955 940
955 994
955 998
956 246
956 261
956 289
956 291
956 559
956 630
956 635
956 661
956 701
956 717
956 738
956 741
956 744
956 747
956 785
956 793
956 894
956 925
956 944
956 951
956 957
956 964
956 973
956 980
956 983
956 993
956 996
956 998
957 296
957 330
957 335
957 338
957 363
957 389
957 467
957 471
957 535
957 554
957 583
957 609
957 681
957 69
957 735
957 746
957 79
957 832
957 888
957 902
957 915
957 922
957 956
957 960
957 984
957 992
957 997
957 999
958 157
958 220
958 235
958 285
958 304
958 374
958 43
958 445
958 518
958 522
958 611
958 645
958 676
958 740
958 756
958 798
958 812
958 880
958 891
958 910
958 926
958 939
958 943
958 949
958 951
958 965
958 971
958 980
958 981
958 987
958 995
959 111
959 112
959 126
959 131
959 174
959 228
959 233
959 259
959 347
959 398
959 497
959 594
959 605
959 702
959 719
959 757
959 784
959 795
959 822
959 842
959 843
959 846
959 899
959 903
959 909
959 922
959 967
959 970
959 986
96 484
96 560
96 811
96 966
960 136
960 239
960 244
960 266
960 270
960 39
960 396
960 413
960 42
960 47
960 518
960 556
960 56
960 650
960 703
960 718
960 726
960 776
960 807
960 865
960 873
960 875
960 876
960 887
960 908
960 928
960 957
960 979
960 980
960 991
960 997
961 107
961 110
961 145
961 206
961 248
961 271
961 324
961 334
961 44
961 46
961 475
961 480
961 545
961 650
961 686
961 697
961 748
961 782
961 788
961 851
961 860
961 869
961 876
961 89
961 924
961 952
961 969
962 155
962 205
962 218
962 32
962 37
962 391
962 427
962 428
962 448
962 464
962 465
962 473
962 476
962 517
962 558
962 645
962 648
962 736
962 754
962 800
962 817
962 837
962 874
962 875
962 933
962 939
962 941
962 951
962 953
962 976
962 998
963 107
963 152
963 154
963 155
963 283
963 388
963 417
963 419
963 436
963 451
963 523
963 576
963 585
963 636
963 646
963 654
963 683
963 698
963 715
963 747
963 748
963 766
963 795
963 819
963 821
963 896
963 912
963 929
963 933
963 95
963 952
963 971
964 158
964 25
964 261
964 376
964 454
964 559
964 630
964 635
964 701
964 738
964 741
964 743
964 744
964 756
964 782
964 785
964 797
964 810
964 883
964 894
964 900
964 924
964 925
964 943
964 951
964 956
964 973
964 974
964 976
964 980
964 983
964 986
965 153
965 250
965 324
965 344
965 350
965 371
965 471
965 479
965 485
965 486
965 488
965 520
965 571
965 649
965 667
965 742
965 781
965 782
965 807
965 821
965 834
965 879
965 906
965 907
965 918
965 919
965 920
965 928
965 938
965 95
965 958
965 988
966 11
966 229
966 238
966 260
966 342
966 387
966 484
966 530
966 534
966 549
966 605
966 700
966 717
966 723
966 728
966 797
966 798
966 801
966 803
966 810
966 813
966 831
966 849
966 878
966 880
966 883
966 889
966 937
966 947
966 948
966 949
966 96
966 971
967 130
967 162
967 163
967 185
967 193
967 225
967 232
967 280
967 301
967 326
967 369
967 378
967 487
967 577
967 611
967 629
967 632
967 639
967 699
967 723
967 729
967 756
967 783
967 809
967 859
967 898
967 910
967 931
967 934
967 952
967 959
967 97
967 995
968 132
968 160
968 2
968 246
968 26
968 268
968 277
968 367
968 394
968 412
968 422
968 469
968 51
968 543
968 559
968 569
968 598
968 601
968 647
968 663
968 670
968 710
968 713
968 714
968 801
968 867
968 894
968 908
968 915
968 918
968 95
968 952
968 979
968 998
969 145
969 206
969 248
969 271
969 285
969 297
969 334
969 371
969 44
969 466
969 475
969 528
969 545
969 569
969 588
969 591
969 597
969 607
969 655
969 761
969 782
969 792
969 828
969 856
969 860
969 869
969 87
969 876
969 89
969 924
969 952
969 961
969 972
969 992
97 786
97 898
97 967
97 995
970 110
970 111
970 112
970 126
970 147
970 190
970 228
970 233
970 259
970 347
970 398
970 406
970 451
970 469
970 497
970 555
970 567
970 594
970 613
970 635
970 734
970 757
970 773
970 784
970 822
970 842
970 851
970 875
970 899
970 909
970 914
970 922
970 959
970 972
970 991
971 119
971 125
971 139
971 170
971 200
971 209
971 236
971 286
971 391
971 420
971 463
971 49
971 491
971 493
971 507
971 516
971 578
971 596
971 606
971 642
971 663
971 684
971 690
971 709
971 79
971 798
971 801
971 845
971 88
971 942
971 946
971 958
971 963
971 966
971 981
972 104
972 137
972 17
972 179
972 186
972 220
972 227
972 237
972 246
972 266
972 355
972 356
972 366
972 423
972 457
972 462
972 477
972 672
972 70
972 705
972 728
972 748
972 826
972 827
972 840
972 909
972 919
972 922
972 928
972 93
972 943
972 969
972 970
972 974
972 985
973 183
973 184
973 20
973 202
973 267
973 283
973 289
973 376
973 405
973 454
973 487
973 501
973 559
973 62
973 630
973 635
973 682
973 701
973 738
973 741
973 744
973 772
973 785
973 831
973 849
973 862
973 894
973 906
973 922
973 925
973 951
973 956
973 964
973 980
973 983
973 989
973 995
974 146
974 155
974 23
974 253
974 26
974 264
974 299
974 311
974 346
974 397
974 484
974 490
974 559
974 582
974 621
974 668
974 689
974 697
974 708
974 715
974 754
974 768
974 801
974 815
974 823
974 827
974 87
974 895
974 906
974 913
974 926
974 932
974 952
974 964
974 972
974 981
974 983
974 986
975 115
975 169
975 178
975 236
975 279
975 290
975 315
975 320
975 384
975 448
975 5
975 51
975 511
975 548
975 580
975 589
975 632
975 643
975 687
975 731
975 80
975 801
975 802
975 833
975 872
975 875
975 876
975 878
975 885
975 890
975 895
975 906
975 908
975 933
975 94
975 954
975 990
975 994
976 111
976 205
976 218
976 285
976 290
976 292
976 304
976 32
976 385
976 391
976 427
976 428
976 443
976 456
976 465
976 473
976 517
976 564
976 655
976 657
976 730
976 736
976 746
976 800
976 817
976 835
976 871
976 874
976 888
976 890
976 917
976 933
976 941
976 951
976 953
976 954
976 962
976 964
977 120
977 14
977 161
977 166
977 265
977 298
977 308
977 32
977 361
977 372
977 375
977 416
977 434
977 492
977 506
977 507
977 526
977 616
977 673
977 737
977 744
977 752
977 758
977 779
977 782
977 794
977 8
977 81
977 816
977 835
977 877
977 880
977 891
977 932
977 946
977 953
977 982
977 987
978 122
978 258
978 3
978 312
978 314
978 319
978 342
978 349
978 395
978 408
978 410
978 414
978 45
978 456
978 511
978 524
978 558
978 596
978 607
978 61
978 623
978 664
978 674
978 789
978 811
978 815
978 844
978 847
978 854
978 870
978 905
978 926
978 93
978 936
978 954
978 982
978 988
978 996
979 140
979 160
979 189
979 19
979 2
979 241
979 251
979 275
979 277
979 314
979 339
979 341
979 39
979 405
979 412
979 421
979 422
979 543
979 571
979 598
979 600
979 601
979 647
979 670
979 71
979 710
979 713
979 714
979 737
979 780
979 867
979 901
979 915
979 938
979 952
979 960
979 968
979 985
98 863
98 989
98 992
98 997
980 141
980 183
980 190
980 20
980 25
980 261
980 289
980 376
980 454
980 62
980 620
980 630
980 635
980 636
980 685
980 689
980 701
980 712
980 738
980 741
980 744
980 751
980 785
980 793
980 843
980 862
980 894
980 900
980 925
980 936
980 951
980 956
980 958
980 960
980 964
980 973
980 983
980 988
980 995
981 119
981 125
981 139
981 170
981 209
981 236
981 286
981 420
981 463
981 49
981 493
981 569
981 590
981 596
981 606
981 642
981 651
981 655
981 663
981 666
981 683
981 684
981 700
981 709
981 711
981 743
981 79
981 798
981 829
981 845
981 847
981 873
981 88
981 900
981 928
981 940
981 958
981 971
981 974
982 100
982 114
982 157
982 166
982 308
982 324
982 348
982 375
982 385
982 416
982 434
982 447
982 492
982 507
982 526
982 616
982 667
982 737
982 758
982 773
982 779
982 782
982 794
982 796
982 8
982 800
982 81
982 822
982 825
982 862
982 867
982 871
982 877
982 879
982 913
982 946
982 947
982 949
982 977
982 978
983 141
983 158
983 183
983 20
983 24
983 261
983 289
983 376
983 421
983 437
983 454
983 456
983 556
983 559
983 581
983 630
983 635
983 653
983 672
983 675
983 701
983 738
983 741
983 744
983 746
983 762
983 785
983 821
983 838
983 849
983 894
983 921
983 925
983 938
983 956
983 964
983 973
983 974
983 980
983 994
984 101
984 202
984 217
984 296
984 330
984 338
984 363
984 389
984 467
984 471
984 501
984 535
984 554
984 57
984 583
984 609
984 631
984 681
984 735
984 746
984 784
984 788
984 791
984 795
984 804
984 820
984 827
984 832
984 862
984 876
984 888
984 891
984 910
984 932
984 936
984 941
984 957
984 992
984 996
984 999
985 104
985 13
985 137
985 158
985 17
985 186
985 227
985 237
985 24
985 297
985 355
985 356
985 366
985 423
985 457
985 462
985 477
985 496
985 501
985 597
985 612
985 619
985 683
985 70
985 748
985 804
985 814
985 826
985 827
985 848
985 852
985 890
985 915
985 919
985 922
985 928
985 93
985 933
985 972
985 979
985 990
985 992
986 12
986 147
986 207
986 210
986 211
986 251
986 257
986 27
986 273
986 306
986 307
986 329
986 35
986 4
986 40
986 439
986 510
986 547
986 575
986 604
986 622
986 652
986 682
986 689
986 704
986 705
986 706
986 766
986 779
986 795
986 806
986 841
986 867
986 872
986 886
986 893
986 918
986 953
986 954
986 959
986 964
986 974
986 987
987 135
987 180
987 188
987 216
987 228
987 24
987 285
987 335
987 36
987 368
987 467
987 491
987 509
987 54
987 540
987 563
987 566
987 587
987 644
987 656
987 669
987 677
987 689
987 7
987 721
987 778
987 799
987 807
987 861
987 864
987 892
987 894
987 900
987 917
987 927
987 958
987 977
987 986
987 991
987 998
988 119
988 122
988 165
988 258
988 302
988 306
988 312
988 314
988 318
988 319
988 349
988 395
988 407
988 410
988 414
988 416
988 558
988 572
988 61
988 623
988 664
988 674
988 727
988 789
988 795
988 811
988 844
988 847
988 854
988 870
988 893
988 897
988 903
988 905
988 916
988 926
988 937
988 954
988 965
988 978
988 980
988 99
988 996
989 150
989 16
989 176
989 231
989 302
989 313
989 315
989 331
989 361
989 367
989 377
989 403
989 408
989 432
989 456
989 512
989 519
989 528
989 530
989 539
989 541
989 546
989 570
989 590
989 6
989 648
989 651
989 685
989 720
989 791
989 806
989 855
989 863
989 87
989 872
989 893
989 899
989 900
989 911
989 926
989 973
989 98
989 997
99 857
99 926
99 988
99 996
990 1000
990 107
990 141
990 144
990 176
990 18
990 184
990 192
990 196
990 360
990 370
990 382
990 442
990 464
990 551
990 57
990 572
990 58
990 589
990 608
990 641
990 694
990 696
990 727
990 814
990 830
990 837
990 861
990 900
990 919
990 928
990 931
990 944
990 952
990 975
990 985
990 993
991 126
991 136
991 180
991 193
991 239
991 244
991 26
991 266
991 270
991 280
991 367
991 39
991 396
991 402
991 405
991 413
991 419
991 42
991 456
991 47
991 529
991 552
991 556
991 56
991 561
991 595
991 607
991 619
991 662
991 718
991 726
991 776
991 852
991 865
991 875
991 876
991 887
991 908
991 910
991 925
991 928
991 960
991 970
991 987
991 998
992 149
992 15
992 208
992 235
992 237
992 249
992 263
992 281
992 374
992 411
992 415
992 418
992 433
992 487
992 527
992 536
992 572
992 584
992 656
992 673
992 676
992 686
992 691
992 70
992 735
992 759
992 764
992 800
992 815
992 821
992 826
992 832
992 861
992 888
992 890
992 922
992 923
992 950
992 957
992 969
992 98
992 984
992 985
992 993
992 999
993 1000
993 144
993 173
993 18
993 184
993 196
993 323
993 330
993 360
993 363
993 370
993 382
993 406
993 417
993 464
993 551
993 57
993 572
993 597
993 608
993 641
993 683
993 694
993 706
993 715
993 727
993 770
993 795
993 798
993 814
993 820
993 828
993 830
993 837
993 848
993 849
993 872
993 900
993 916
993 919
993 928
993 944
993 956
993 990
993 992
994 110
994 169
994 178
994 228
994 279
994 306
994 315
994 384
994 421
994 448
994 5
994 501
994 51
994 548
994 580
994 585
994 589
994 590
994 604
994 624
994 626
994 643
994 672
994 687
994 701
994 731
994 776
994 777
994 80
994 801
994 802
994 833
994 875
994 878
994 885
994 887
994 890
994 895
994 900
994 917
994 933
994 94
994 942
994 955
994 975
994 983
994 997
995 105
995 136
995 140
995 163
995 167
995 183
995 185
995 232
995 265
995 280
995 297
995 301
995 326
995 332
995 369
995 378
995 389
995 399
995 435
995 445
995 566
995 569
995 577
995 611
995 613
995 629
995 632
995 639
995 654
995 706
995 715
995 729
995 756
995 796
995 835
995 840
995 854
995 859
995 898
995 910
995 923
995 931
995 958
995 967
995 97
995 973
995 980
996 122
996 165
996 258
996 312
996 314
996 319
996 349
996 370
996 375
996 395
996 407
996 410
996 414
996 456
996 524
996 539
996 547
996 558
996 61
996 622
996 623
996 664
996 674
996 683
996 699
996 749
996 759
996 789
996 791
996 807
996 811
996 842
996 844
996 847
996 854
996 870
996 893
996 900
996 905
996 926
996 954
996 956
996 978
996 984
996 988
996 99
996 999
997 150
997 176
997 220
997 245
997 291
997 297
997 302
997 313
997 331
997 349
997 361
997 367
997 377
997 399
997 408
997 432
997 512
997 528
997 530
997 539
997 541
997 546
997 547
997 570
997 599
997 6
997 675
997 685
997 764
997 776
997 791
997 806
997 863
997 872
997 885
997 893
997 898
997 900
997 911
997 916
997 917
997 920
997 948
997 957
997 960
997 98
997 989
997 994
998 135
998 180
998 188
998 193
998 216
998 307
998 36
998 368
998 405
998 486
998 491
998 503
998 509
998 534
998 54
998 563
998 570
998 575
998 587
998 613
998 655
998 656
998 662
998 669
998 677
998 7
998 721
998 778
998 799
998 804
998 807
998 835
998 861
998 864
998 878
998 889
998 917
998 921
998 927
998 932
998 941
998 944
998 955
998 956
998 962
998 968
998 987
998 991
999 10
999 101
999 109
999 116
999 202
999 205
999 217
999 296
999 324
999 330
999 338
999 363
999 389
999 421
999 467
999 471
999 474
999 535
999 547
999 554
999 583
999 609
999 619
999 630
999 645
999 664
999 672
999 677
999 681
999 735
999 746
999 795
999 799
999 804
999 832
999 847
999 862
999 87
999 876
999 878
999 886
999 888
999 945
999 95
999 957
999 984
999 992
999 996
