# The contained cliques in the communities at k=5
# from G:\Dropbox\Raghda\CNA\Final Project\other methods\CFinder-2.0.6--1448\G:\Dropbox\Raghda\CNA\Final Project\Datasets\binary_networks\LFR3\network_LFR3_Om2.dat
# at no lower link weight threshold,
# and at no upper link weight threshold.
# Links were treated as undirected.
# No time limit was set for the clique search.

0: 32 1061 1721 486 1062 1063 129 1504 996 1164 
1: 66 1830 198 1033 1034 1041 1059 1334 1335 1461 1462 1463 1466 1467 1487 1623 1625 1684 1685 1686 1746 1747 1748 1749 1761 1831 1832 1833 1834 1835 1836 1464 544 709 1226 1762 116 1624 981 1042 1043 1488 1626 979 629 1469 1489 1468 
2: 75 1298 1336 513 526 1135 1299 1458 477 1018 1136 476 306 1039 
3: 88 722 1644 1111 1113 1187 1311 200 819 1112 1185 1186 1310 820 1188 324 
4: 115 916 1054 461 798 1052 1085 1053 1084 662 
5: 165 543 1309 1703 1750 542 282 361 746 799 1332 1572 1573 747 960 961 1099 1333 1574 1666 748 1097 1098 1668 1704 608 632 735 736 627 628 800 663 
6: 240 835 1559 836 1300 1340 551 1301 1302 1303 1341 267 329 601 844 1178 845 
7: 258 992 1491 993 994 1636 1634 1637 1490 1571 
8: 352 1705 1706 1707 1708 1709 439 1192 1228 1503 1756 1757 1759 1827 1913 1935 1936 1937 440 1191 1374 1443 1501 818 1005 1189 1194 1758 1987 817 1754 1909 1941 1037 1329 1910 1911 1036 1328 1369 1327 1330 1424 1442 1557 1912 1914 1915 1959 1558 1230 1229 756 1006 742 1811 741 1810 1373 1960 1961 1375 782 1755 566 1371 565 1828 1376 1829 758 1190 1193 1502 1423 358 
9: 375 1382 1384 866 855 1216 1719 854 860 
10: 414 580 1596 1519 1597 1520 
11: 416 1985 1922 1983 1918 1923 1919 1920 1014 1907 1921 1013 1906 1982 1231 1904 1905 1903 1620 1633 1618 609 1617 1631 1862 1627 1779 1866 1587 1629 1585 1881 1581 1882 1582 1780 1924 1056 1057 1632 1727 1916 730 1853 731 
12: 441 1822 1823 1962 1963 812 990 1094 1312 1342 1422 1768 1821 1824 1825 1826 1878 1879 1928 1939 811 1093 1315 1095 1096 1787 1125 1295 1296 1691 1788 1877 1938 1297 1314 1876 1419 1690 1763 1929 1420 1421 1767 1698 1692 1696 1697 1701 1695 1764 1693 1694 1765 1699 1700 1930 1769 1789 588 1212 
13: 442 733 943 734 1146 1159 
14: 497 
15: 545 1154 1220 1260 765 752 764 
16: 641 1710 1711 1712 1713 1868 1966 1988 1989 1996 2010 1277 1651 1652 1653 1802 1971 1990 2002 1278 1991 1806 1817 1981 1803 1805 1804 1814 1815 1816 1662 1408 1976 1978 1979 1980 1992 1409 1975 1993 2004 1847 2005 1848 1196 1849 1850 2003 2006 2007 1969 1968 1970 1714 1715 1998 1997 1614 1702 1870 1974 1615 1775 1871 1973 1774 1772 1358 1770 1773 1972 1771 1837 1838 1967 1869 1366 1365 1977 815 1114 
17: 716 1608 1609 1610 1612 1883 1885 1886 1611 1884 1887 1888 1638 1891 1892 832 1499 1639 1640 1889 1890 1995 1496 1498 1497 1926 1942 1840 1927 1841 1842 1843 1844 1839 1940 1445 1444 920 1446 804 1106 1523 1107 1521 1522 1524 1857 1858 1438 1437 777 1002 778 718 
18: 724 
19: 912 1598 1599 1506 1645 1511 1532 1147 1510 1509 
20: 935 
21: 966 
22: 995 
23: 1049 
24: 1208 1209 1349 1285 1655 1288 1404 1449 
25: 1215 
26: 1221 
27: 1261 1262 1263 1513 1943 1264 1514 1944 1515 1517 1793 1794 1783 1784 1786 1648 1795 1646 1647 1650 1570 1649 1931 1945 1516 1536 1932 1946 1535 1760 
28: 1378 
29: 1426 1898 1893 1965 1575 
30: 1430 
