# The communities at k=5
# from G:\Dropbox\Raghda\CNA\Final Project\other methods\CFinder-2.0.6--1448\G:\Dropbox\Raghda\CNA\Final Project\Datasets\binary_networks\LFR3\network_LFR3_Om2.dat
# at no lower link weight threshold,
# and at no upper link weight threshold.
# Links were treated as undirected.
# No time limit was set for the clique search.

0: 106 799 835 916 928 16 798 820 852 275 479 596 549 660 
1: 120 864 927 947 991 658 968 979 962 151 901 904 197 919 999 860 316 687 682 770 803 368 375 480 624 508 514 724 676 788 538 808 
2: 124 751 829 898 908 270 561 804 290 675 765 305 633 48 495 614 511 
3: 988 773 133 830 859 880 845 199 604 601 822 641 384 444 583 6 
4: 921 935 693 567 150 749 758 412 669 536 265 760 426 534 
5: 990 994 902 558 178 833 970 379 747 821 753 848 723 314 653 356 36 366 371 390 394 503 395 785 428 637 766 84 
6: 999 220 738 872 910 29 746 819 636 319 674 348 461 467 708 468 566 617 61 
7: 941 783 894 992 963 959 235 718 743 787 478 678 713 
8: 918 986 978 876 931 985 625 996 686 874 911 730 926 250 899 659 862 863 328 881 807 392 400 401 418 443 782 626 485 510 767 584 824 703 642 655 8 81 
9: 1000 266 493 513 541 634 663 666 786 838 895 937 973 
10: 988 721 930 732 941 775 236 781 737 335 
11: 849 811 792 857 870 998 903 984 608 977 878 867 922 237 896 926 852 923 965 726 741 357 840 889 855 383 728 490 535 720 
12: 886 966 982 607 995 827 873 570 680 900 854 586 251 890 925 606 869 914 340 651 622 907 434 847 813 494 757 802 650 
13: 897 252 531 555 834 850 672 512 593 388 454 562 
14: 916 928 852 283 556 
15: 646 797 915 952 948 809 657 317 402 405 588 
16: 839 906 997 851 417 989 944 769 929 950 960 670 884 759 936 954 987 618 976 591 909 836 940 805 885 924 893 816 938 719 441 766 595 613 639 756 778 
17: 961 722 865 993 969 978 866 932 875 917 942 949 879 837 605 667 905 539 699 920 378 453 729 408 843 831 431 458 506 731 690 
18: 974 945 846 853 382 
19: 744 717 806 953 777 482 828 736 807 796 572 771 688 
20: 933 972 958 486 868 
21: 964 671 704 800 484 
22: 799 916 928 479 580 
23: 980 810 945 951 532 
24: 992 750 692 963 959 934 652 665 795 706 603 611 
25: 1000 634 789 842 973 
26: 957 644 945 846 853 
27: 975 980 810 888 943 967 754 887 945 951 818 812 877 725 971 871 643 718 788 700 
28: 1000 662 761 815 838 
29: 856 981 861 933 972 958 883 673 913 715 
30: 983 939 698 733 739 
