# The links inside the communities at k=9
# from G:\Dropbox\Raghda\CNA\Final Project\other methods\CFinder-2.0.6--1448\G:\Dropbox\Raghda\CNA\Final Project\Datasets\binary_networks\LFR2\networ_LFR2_Om3.dat
# at no lower link weight threshold,
# and at no upper link weight threshold.
# Links were treated as undirected.
# No time limit was set for the clique search.

0:
853 951
853 966
853 838
853 962
853 991
853 961
853 955
853 890
853 882
951 966
951 990
951 838
951 962
951 991
951 961
951 955
951 890
951 742
951 873
951 882
966 990
966 838
966 962
966 991
966 961
966 955
966 890
966 742
966 873
966 882
990 962
990 961
990 955
990 890
990 873
990 882
838 962
838 991
838 961
838 955
838 890
838 742
838 873
838 882
962 991
962 961
962 955
962 890
962 742
962 873
962 882
991 961
991 955
991 882
961 955
961 890
961 742
961 873
961 882
955 890
955 742
955 873
955 882
890 742
890 873
890 882
742 873
873 882
1:
965 943
965 889
965 811
965 958
965 860
965 960
965 785
965 928
965 899
943 889
943 811
943 958
943 860
943 960
943 785
943 928
943 899
889 811
889 958
889 860
889 960
889 785
889 928
889 899
811 958
811 860
811 960
811 785
811 928
811 899
958 860
958 960
958 785
958 928
958 899
860 960
860 785
860 928
860 899
960 785
960 928
960 899
785 928
785 899
928 899
2:
978 880
978 989
978 988
978 878
978 896
978 979
978 833
978 869
880 989
880 988
880 878
880 896
880 979
880 833
880 869
989 988
989 878
989 896
989 979
989 833
989 869
988 878
988 896
988 979
988 833
988 869
878 896
878 979
878 833
878 869
896 979
896 833
896 869
979 833
979 869
833 869
