# The communities at k=7
# from G:\Dropbox\Raghda\CNA\Final Project\other methods\CFinder-2.0.6--1448\G:\Dropbox\Raghda\CNA\Final Project\Datasets\binary_networks\LFR1\networ_LFR1_Om6.dat
# at no lower link weight threshold,
# and at no upper link weight threshold.
# Links were treated as undirected.
# No time limit was set for the clique search.

0: 982 987 989 998 602 783 656 809 781 409 827 962 855 653 573 777 604 638 643 779 744 752 742 
1: 867 934 931 950 901 562 413 872 887 851 673 
2: 995 944 972 990 634 986 787 913 939 876 418 935 941 457 564 569 574 590 681 693 726 790 
3: 953 899 920 739 994 843 765 445 
4: 947 961 966 970 933 782 464 932 549 560 581 758 626 689 745 
5: 760 850 860 763 713 468 568 
6: 999 995 942 957 969 927 938 811 774 994 794 729 470 617 543 601 816 833 674 
7: 880 937 511 923 823 639 477 
8: 977 964 992 959 971 825 859 928 480 628 537 587 863 648 678 722 776 
9: 996 882 895 908 924 832 712 840 484 502 578 666 
10: 909 914 916 878 852 491 845 762 
11: 904 988 925 891 812 780 759 496 662 
12: 1000 552 553 580 624 650 698 705 736 751 820 828 879 906 918 936 979 981 991 997 
13: 534 785 805 868 668 616 509 
14: 949 696 893 856 861 547 846 702 
15: 976 967 955 960 519 948 946 531 632 629 858 661 834 732 797 
16: 760 850 860 763 994 713 530 
17: 996 800 921 857 890 709 548 
18: 983 929 875 917 900 911 795 636 612 711 
19: 728 849 599 622 692 706 770 842 
20: 980 985 993 975 717 963 660 741 819 743 818 669 679 737 680 
