# The communities at k=3
# from G:\Dropbox\Raghda\CNA\Final Project\other methods\CFinder-2.0.6--1448\G:\Dropbox\Raghda\CNA\Final Project\Datasets\binary_networks\LFR3\network_LFR3_Om6.dat
# at no lower link weight threshold,
# and at no upper link weight threshold.
# Links were treated as undirected.
# No time limit was set for the clique search.

0: 1 725 900 963 979 651 668 867 975 888 966 994 1000 513 687 743 784 790 800 862 870 895 953 102 681 943 971 103 705 962 995 923 105 780 835 942 949 349 107 890 926 952 977 108 805 969 511 853 973 946 970 110 578 884 897 451 524 738 112 605 931 965 113 938 961 978 249 830 849 117 118 682 852 887 987 601 954 12 767 804 811 823 120 603 898 905 123 630 868 691 990 125 434 956 982 126 577 713 127 889 128 242 426 709 129 882 13 436 795 964 746 806 132 986 989 991 999 133 809 135 877 910 960 695 837 924 137 138 268 703 955 139 699 993 997 998 747 863 141 832 833 917 935 142 143 290 491 619 144 892 930 939 921 988 148 202 422 15 981 150 712 996 485 920 153 934 957 976 155 157 405 611 16 915 928 160 927 162 641 163 968 164 860 702 902 167 841 951 974 168 922 985 17 717 170 846 945 579 850 9 174 761 516 671 992 179 317 769 180 785 181 808 183 185 72 186 594 680 187 967 189 802 918 19 909 191 886 192 410 193 194 399 972 196 940 198 932 199 306 572 573 20 55 748 959 737 203 821 984 205 450 555 206 375 208 21 210 740 848 212 708 912 560 214 270 215 656 216 908 217 723 218 449 22 937 220 221 222 377 751 479 722 224 690 775 226 762 891 907 947 227 519 794 228 409 229 950 23 85 893 896 231 315 685 753 303 357 419 827 236 326 719 237 430 553 817 238 257 416 239 741 983 24 240 285 241 822 243 245 636 696 246 247 248 260 415 25 465 250 305 538 425 254 256 735 819 258 259 729 26 936 261 701 843 869 262 764 263 581 264 620 266 787 267 704 269 424 847 879 385 529 271 721 911 273 68 274 487 683 275 276 277 754 807 278 546 351 283 749 77 885 901 799 29 333 291 855 292 518 752 293 857 294 622 880 913 44 670 296 782 297 403 770 3 30 301 657 302 304 615 948 542 307 51 309 455 707 31 310 311 312 856 313 534 660 314 828 325 319 644 32 321 322 398 323 324 903 330 757 331 332 506 335 87 336 839 337 34 778 341 342 655 694 777 872 344 367 783 346 376 348 350 639 352 353 730 354 774 355 589 700 356 698 358 363 925 365 366 613 760 370 881 372 374 484 378 471 379 381 418 382 53 672 387 390 391 697 393 526 530 637 394 731 395 739 59 718 400 427 93 533 404 634 929 407 408 818 635 41 792 411 580 673 824 413 414 417 626 42 420 883 90 423 496 428 429 791 539 433 816 439 803 442 586 443 444 765 593 447 788 448 45 456 46 706 461 463 715 464 642 548 566 467 733 468 640 469 836 47 473 476 766 477 763 478 582 48 480 481 482 552 483 658 489 49 490 495 501 500 497 618 50 571 502 674 504 505 624 515 517 631 649 798 520 531 532 540 536 537 829 541 608 714 543 793 544 545 547 550 551 557 558 559 56 561 650 677 564 567 612 569 575 576 645 773 63 58 583 711 720 591 595 597 6 609 727 610 616 669 627 628 776 629 638 65 652 745 99 676 78 8 726 7 70 756 83 742 84 73 781 74 97 758 80 779 79 86 96 94 
1: 980 1000 115 146 158 165 177 255 27 320 339 347 431 435 453 459 462 475 510 527 535 554 57 600 604 617 666 688 692 755 790 800 838 894 941 134 934 219 881 779 
2: 101 825 876 154 815 865 871 901 728 401 929 441 499 528 523 584 62 
3: 492 104 810 944 106 689 873 878 445 67 131 318 596 854 858 14 744 147 592 768 874 590 904 446 587 643 679 156 386 859 918 211 207 834 209 684 286 565 607 736 368 623 373 710 803 458 460 661 69 602 
4: 11 840 914 946 882 184 814 875 204 230 753 244 844 287 799 327 826 380 734 488 686 781 779 92 
5: 800 114 789 851 919 933 993 169 845 724 308 665 316 359 881 438 678 556 563 720 91 75 98 
6: 121 300 598 647 916 882 927 195 750 831 813 54 700 437 521 585 457 653 677 675 720 
7: 122 646 716 842 864 918 235 732 759 371 494 801 812 388 389 606 396 412 664 599 
8: 800 982 161 861 899 927 958 172 663 772 64 265 328 797 334 522 345 659 771 35 36 361 39 454 472 61 82 
9: 614 866 171 662 667 906 918 190 632 654 28 633 796 329 549 466 470 621 503 508 
10: 687 197 648 693 820 233 786 279 362 568 89 299 514 66 570 
11: 986 921 588 
12: 878 695 972 
