# The communities at k=3
# from G:\Dropbox\Raghda\CNA\Final Project\other methods\CFinder-2.0.6--1448\G:\Dropbox\Raghda\CNA\Final Project\Datasets\binary_networks\LFR3\network_LFR3_Om3.dat
# at no lower link weight threshold,
# and at no upper link weight threshold.
# Links were treated as undirected.
# No time limit was set for the clique search.

0: 104 857 889 941 946 108 670 819 838 152 551 806 249 801 261 568 27 375 752 618 408 825 662 687 669 676 87 
1: 1 157 549 762 948 924 100 1000 786 939 963 205 233 247 263 288 326 353 355 41 411 423 437 461 463 515 542 569 58 605 626 643 652 664 686 714 736 748 756 757 772 790 840 883 888 908 925 927 929 937 961 964 966 976 981 999 859 978 992 102 649 895 931 974 809 96 105 306 907 960 109 819 886 952 990 11 913 953 956 988 110 200 111 761 945 993 468 712 775 905 113 776 921 940 984 114 911 926 115 162 296 996 313 858 991 117 595 654 958 973 118 622 915 951 972 119 683 120 936 957 985 121 800 829 997 123 869 935 938 959 124 719 822 898 125 519 126 295 779 128 276 688 899 129 305 866 720 797 131 591 977 132 661 874 134 773 780 810 135 497 543 954 139 216 422 722 630 827 141 142 823 896 143 505 634 777 144 732 944 145 419 784 594 983 986 148 256 792 796 149 933 923 151 928 998 153 949 955 828 987 442 947 158 685 793 980 16 179 207 161 460 884 877 164 620 625 900 523 693 737 854 967 169 848 17 855 170 878 171 177 751 172 64 174 580 612 517 548 930 176 617 901 979 918 178 484 674 841 914 18 550 730 971 180 604 181 212 182 590 862 183 186 516 850 189 893 19 695 190 851 970 989 211 853 194 627 824 195 665 892 475 763 2 667 20 511 47 203 906 692 746 206 490 864 208 209 281 636 753 21 743 759 210 832 794 788 868 969 214 876 215 299 599 217 418 218 638 608 701 917 551 609 494 747 798 223 390 225 699 805 226 739 806 902 228 536 235 231 611 814 236 448 237 910 238 303 381 493 647 242 844 243 610 703 246 33 485 666 358 787 704 25 833 250 718 816 251 640 920 252 254 820 255 257 258 369 259 891 26 260 491 262 943 962 968 264 265 881 266 894 39 702 837 268 269 873 270 416 271 835 272 412 847 273 420 863 95 275 278 659 28 768 781 280 294 398 98 811 311 897 285 286 289 319 645 849 382 729 290 533 602 291 572 679 292 500 293 698 327 496 527 731 298 378 532 842 406 575 3 585 300 885 301 451 464 745 890 302 512 700 304 715 834 307 308 856 733 870 31 598 310 839 588 803 312 826 648 314 709 315 653 764 872 486 318 934 32 843 320 405 321 322 499 324 887 325 335 495 740 330 473 332 333 871 950 334 706 336 711 337 574 67 340 880 341 65 342 744 750 385 344 675 904 345 459 631 346 791 347 35 392 350 366 795 351 639 352 684 354 356 655 36 677 360 361 427 365 368 529 707 755 37 445 371 373 681 374 86 376 578 629 377 379 383 554 537 380 404 830 388 389 438 831 395 689 397 434 916 555 4 449 40 400 401 618 402 778 528 407 624 867 480 410 600 646 413 765 741 42 621 421 601 586 564 425 506 583 429 581 668 783 430 432 467 502 678 754 433 882 435 439 472 44 799 441 444 717 509 552 846 452 453 454 455 456 457 458 462 769 466 540 470 471 770 69 82 474 579 477 760 478 815 48 481 723 487 488 538 725 49 498 821 5 50 503 504 735 513 514 576 547 518 845 94 521 525 526 53 530 531 663 545 55 535 614 54 721 544 570 556 558 559 562 571 577 589 657 88 584 59 597 71 60 61 613 619 726 673 83 63 633 635 785 728 68 812 697 89 75 76 77 79 8 80 91 84 92 85 90 
2: 10 287 705 924 932 974 14 541 606 823 553 222 774 232 384 415 396 469 520 710 435 447 466 62 535 7 
3: 56 772 944 204 671 802 30 492 804 97 334 399 424 450 658 567 561 74 73 
4: 106 362 660 995 650 797 919 159 147 393 565 975 986 766 155 909 994 808 166 865 982 173 758 860 642 691 582 197 198 763 199 297 861 201 436 202 476 746 22 507 224 230 234 343 592 240 426 248 637 920 820 489 465 387 708 316 323 813 651 328 734 349 644 370 445 672 372 46 752 831 522 428 81 479 593 546 616 
5: 411 107 359 836 942 965 122 138 852 253 944 160 749 680 794 227 902 241 696 279 573 309 431 414 632 394 6 528 409 615 9 513 656 52 577 
6: 539 13 244 596 727 997 127 245 440 838 818 866 193 391 641 906 284 587 338 483 742 752 501 560 99 
7: 866 133 713 789 903 922 150 947 167 782 794 277 682 72 339 329 817 694 386 417 534 509 457 508 566 57 
8: 716 524 775 136 603 628 15 510 623 738 317 187 771 283 690 364 513 563 
9: 959 443 137 767 807 879 912 156 607 875 557 188 213 969 229 724 348 363 470 482 51 563 
10: 221 747 798 
11: 379 383 554 
