# The links inside the communities at k=3
# from G:\Dropbox\Raghda\CNA\Final Project\other methods\CFinder-2.0.6--1448\G:\Dropbox\Raghda\CNA\Final Project\Datasets\binary_networks\LFR3\network_LFR3_Om3.dat
# at no lower link weight threshold,
# and at no upper link weight threshold.
# Links were treated as undirected.
# No time limit was set for the clique search.

0:
104 857
104 889
104 941
104 946
857 889
857 941
857 946
857 108
857 819
857 249
857 801
857 375
857 752
857 408
857 825
857 662
857 687
857 669
857 676
889 941
889 946
889 670
889 152
889 806
889 249
889 801
889 261
889 568
889 375
889 408
889 825
889 662
889 687
889 669
889 676
889 87
941 946
941 108
941 670
941 819
941 152
941 551
941 806
941 249
941 801
941 261
941 568
941 27
941 375
941 752
941 618
941 408
941 825
941 662
941 687
941 669
941 676
941 87
946 108
946 670
946 819
946 838
946 152
946 551
946 806
946 249
946 801
946 261
946 568
946 27
946 375
946 752
946 618
946 408
946 825
946 662
946 687
946 669
946 676
946 87
108 670
670 806
670 801
670 568
670 662
670 687
819 801
838 752
249 801
801 825
801 662
801 687
801 669
801 676
261 568
568 375
568 825
408 825
825 662
825 687
825 669
825 676
825 87
662 669
662 676
687 669
687 676
669 676
1:
1 157
1 549
1 948
157 948
157 442
157 947
549 948
549 993
549 936
762 972
762 983
762 149
762 933
762 685
762 980
762 877
762 648
762 950
762 586
762 579
762 478
948 442
948 947
948 182
948 590
948 862
948 418
948 251
948 640
948 920
948 891
948 286
948 334
948 345
948 459
948 631
948 376
948 578
948 629
948 380
948 413
948 741
948 421
948 562
924 928
924 558
100 1000
100 786
100 939
100 963
1000 786
1000 939
1000 963
1000 205
1000 233
1000 247
1000 263
1000 288
1000 326
1000 353
1000 355
1000 41
1000 411
1000 437
1000 461
1000 463
1000 515
1000 542
1000 569
1000 58
1000 605
1000 626
1000 643
1000 652
1000 664
1000 686
1000 714
1000 736
1000 748
1000 756
1000 757
1000 772
1000 790
1000 840
1000 883
1000 888
1000 925
1000 927
1000 929
1000 937
1000 961
1000 966
1000 976
1000 999
786 963
786 757
786 883
786 888
786 927
786 929
786 937
786 961
786 966
786 976
786 999
939 963
939 58
939 643
939 686
939 714
939 756
939 772
939 790
939 840
939 883
939 888
939 925
939 927
939 937
939 961
939 976
939 999
939 970
939 2
939 897
939 285
939 618
939 49
939 635
939 728
963 326
963 353
963 41
963 437
963 463
963 515
963 542
963 605
963 626
963 643
963 664
963 686
963 748
963 772
963 840
963 883
963 888
963 925
963 927
963 929
963 937
963 966
963 976
963 999
963 236
963 897
963 728
205 41
205 437
233 966
233 976
247 976
247 999
247 358
263 966
263 976
263 999
288 883
288 925
288 976
288 999
326 966
326 976
326 999
353 756
353 976
355 927
355 961
355 976
41 569
411 966
411 931
411 973
423 991
423 971
423 832
423 830
423 564
437 736
437 897
461 925
461 927
461 929
461 999
463 605
463 840
463 966
515 790
515 966
515 976
515 999
542 888
542 929
542 961
542 976
542 999
569 652
569 664
569 883
569 927
569 961
569 966
58 626
605 736
605 888
605 937
605 976
626 748
626 888
626 929
626 937
626 961
643 736
643 840
643 927
643 937
643 999
652 756
652 757
652 888
652 925
652 929
652 966
652 976
664 883
664 888
664 927
664 961
664 966
664 999
686 756
686 937
686 961
686 976
686 999
686 897
714 927
714 929
714 937
714 961
714 976
714 999
714 252
736 883
736 927
736 961
736 966
736 976
736 999
736 897
748 925
748 929
748 937
748 961
748 966
748 976
748 999
756 925
756 961
756 976
756 999
756 2
756 897
757 961
757 998
757 625
757 900
757 881
772 999
772 953
772 979
772 970
772 677
790 840
790 925
790 927
790 929
790 937
790 966
790 976
790 999
790 181
790 897
840 888
840 925
840 937
840 961
840 966
840 976
840 897
840 401
840 635
883 925
883 927
883 937
883 961
883 966
883 976
883 999
883 611
883 285
883 496
888 927
888 929
888 937
888 961
888 966
888 976
888 999
888 611
888 897
908 907
908 960
908 926
908 959
908 620
908 788
908 868
908 259
908 891
908 271
908 835
908 275
908 729
908 310
908 839
908 322
908 407
908 624
908 583
908 503
908 673
925 927
925 929
925 937
925 961
925 966
925 976
925 999
925 141
925 236
925 252
925 897
925 401
925 635
927 929
927 937
927 961
927 966
927 999
927 256
927 252
927 897
927 285
929 937
929 961
929 966
929 999
929 141
929 611
929 358
929 897
929 457
929 49
937 961
937 966
937 976
937 999
937 611
937 897
937 401
937 635
961 966
961 976
961 999
961 899
961 256
961 611
961 897
961 285
961 645
961 635
961 80
964 952
964 114
964 911
964 683
964 936
964 591
964 630
964 174
964 580
964 612
964 180
964 794
964 969
964 217
964 228
964 536
964 703
964 278
964 659
964 314
964 618
964 432
964 467
964 502
964 678
964 754
964 441
964 453
964 455
964 535
964 614
966 976
966 999
966 141
966 181
966 358
966 897
966 635
966 728
976 999
976 938
976 256
976 806
976 236
976 496
976 635
976 80
981 859
981 886
981 110
981 905
981 858
981 951
981 800
981 829
981 125
981 827
981 855
981 484
981 746
981 235
981 814
981 381
981 280
981 398
981 698
981 731
981 512
981 700
981 709
981 340
981 880
981 389
981 397
981 434
981 916
981 799
981 48
981 723
981 94
981 521
981 77
999 997
999 141
999 256
999 181
999 2
999 358
999 252
999 837
999 897
999 285
999 401
999 618
999 457
999 49
999 635
999 80
859 886
859 858
859 915
859 827
859 855
859 294
859 698
859 512
859 880
859 434
859 916
859 521
978 990
978 921
978 134
978 773
978 780
978 810
978 139
978 422
978 722
978 142
978 823
978 896
978 505
978 211
978 692
978 490
978 599
978 902
978 238
978 246
978 33
978 485
978 666
978 500
978 307
978 330
978 473
978 769
992 988
992 997
992 954
992 149
992 933
992 928
992 998
992 980
992 625
992 900
992 848
992 751
992 989
992 218
992 917
992 920
992 943
992 962
992 968
992 849
992 729
992 885
992 733
992 325
992 335
992 740
992 871
992 904
992 449
992 600
992 765
992 882
992 760
992 815
992 735
992 513
992 845
992 726
992 85
102 649
102 895
102 931
649 895
649 931
649 973
649 949
649 843
649 717
649 821
895 654
895 973
895 634
895 949
895 955
895 170
895 878
895 853
895 743
895 706
895 744
895 707
895 438
895 717
895 721
895 89
931 958
931 973
931 634
931 777
931 955
931 878
931 989
931 853
931 743
931 214
931 699
931 873
931 843
931 499
931 706
931 707
931 383
931 586
931 458
931 821
931 514
931 633
974 956
974 996
974 595
974 958
974 955
974 967
974 971
974 743
974 832
974 701
974 847
974 768
974 679
974 890
974 588
974 803
974 887
974 744
974 795
974 831
974 821
974 576
974 530
809 996
809 828
809 674
809 841
809 753
809 255
809 863
809 811
809 783
809 59
809 61
96 996
96 935
105 306
105 907
105 960
306 960
306 926
306 620
306 835
907 960
907 926
907 959
907 788
907 868
907 485
907 268
907 271
907 835
907 275
907 292
907 839
907 322
907 407
907 624
907 481
907 503
907 673
907 79
960 926
960 959
960 620
960 212
960 788
960 868
960 259
960 891
960 268
960 271
960 835
960 275
960 729
960 292
960 310
960 839
960 322
960 40
960 407
960 624
960 867
960 583
960 481
960 503
960 673
960 79
109 819
109 990
819 990
819 905
819 858
819 822
819 295
819 827
819 732
819 916
819 799
886 110
886 200
886 905
886 858
886 915
886 827
886 178
886 47
886 700
886 709
886 880
886 389
886 916
886 521
952 114
952 911
952 119
952 131
952 591
952 630
952 580
952 180
952 969
952 226
952 228
952 536
952 703
952 278
952 659
952 314
952 618
952 432
952 467
952 502
952 678
952 754
952 441
952 453
952 455
952 535
952 614
990 776
990 921
990 940
990 984
990 124
990 719
990 822
990 898
990 295
990 977
990 874
990 773
990 810
990 497
990 823
990 896
990 505
990 144
990 732
990 893
990 692
990 599
990 551
990 902
990 246
990 666
990 602
990 327
990 842
990 307
990 330
990 791
990 392
990 352
990 684
990 377
990 916
990 663
990 570
11 913
11 956
913 956
913 945
913 986
913 987
913 186
913 516
913 892
913 805
913 704
913 28
913 768
913 781
913 679
913 745
913 803
913 552
913 846
913 769
953 866
953 923
953 967
953 617
953 901
953 979
953 970
953 667
953 844
953 257
953 891
953 260
953 491
953 266
953 894
953 378
953 337
953 351
953 354
953 36
953 677
953 480
953 42
953 474
953 487
953 526
956 761
956 945
956 996
956 145
956 419
956 784
956 604
956 892
956 763
956 608
956 701
956 805
956 704
956 768
956 781
956 679
956 464
956 745
956 890
956 887
956 67
956 350
956 795
956 831
956 846
956 769
956 82
956 576
988 797
988 989
988 667
988 917
988 262
988 943
988 962
988 968
988 293
988 300
988 885
988 870
988 371
988 689
988 621
988 433
988 882
988 466
988 477
988 760
988 5
988 504
988 735
988 518
988 845
988 531
988 54
988 577
988 584
988 619
988 726
988 633
988 68
988 812
988 697
988 76
988 85
110 200
200 47
111 761
111 945
761 945
761 784
761 186
761 892
761 781
761 745
761 890
761 795
761 846
945 987
945 604
945 186
945 516
945 892
945 608
945 701
945 225
945 448
945 311
945 572
945 679
945 745
945 890
945 588
945 803
945 324
945 366
945 795
945 4
945 846
945 82
945 50
993 958
993 120
993 936
993 957
993 985
993 977
993 148
993 792
993 796
993 923
993 850
993 190
993 851
993 475
993 667
993 906
993 206
993 864
993 231
993 237
993 910
993 703
993 264
993 3
993 585
993 856
993 321
993 373
993 681
993 395
993 400
993 867
993 601
993 430
993 435
993 769
993 498
993 53
993 544
993 556
993 571
993 613
468 951
468 916
468 540
712 115
712 996
712 869
712 935
712 938
712 959
712 460
712 918
712 833
775 951
775 972
775 829
775 653
775 723
905 915
905 829
905 827
905 855
905 178
905 970
905 609
905 814
905 280
905 731
905 709
905 880
905 434
905 799
905 540
905 723
905 487
113 776
113 921
113 940
113 984
776 984
776 977
776 874
776 189
776 893
776 695
776 824
776 388
776 454
776 570
921 940
921 984
921 858
921 622
921 951
921 800
921 810
921 722
921 823
921 896
921 855
921 893
921 824
921 599
921 902
921 666
921 532
921 842
921 916
921 723
940 984
940 977
940 505
940 189
940 893
940 627
940 824
940 551
940 290
940 602
940 298
940 842
940 332
940 342
940 346
940 791
940 388
940 454
940 663
940 545
940 55
940 570
940 83
984 977
984 132
984 661
984 874
984 189
984 893
984 695
984 194
984 627
984 824
984 599
984 551
984 26
984 98
984 290
984 533
984 602
984 298
984 842
984 332
984 342
984 346
984 791
984 445
984 388
984 454
984 457
984 663
984 545
984 55
984 570
984 83
984 90
114 911
911 119
911 683
911 591
911 174
911 580
911 612
911 180
911 969
911 226
911 536
911 659
911 314
911 467
911 502
911 754
911 441
911 455
911 614
926 959
926 620
926 788
926 868
926 485
926 891
926 268
926 835
926 275
926 729
926 310
926 40
926 407
926 624
926 583
926 481
926 503
926 673
926 79
115 296
115 996
162 938
162 884
296 996
996 869
996 935
996 938
996 128
996 899
996 129
996 305
996 983
996 828
996 987
996 947
996 16
996 161
996 460
996 884
996 172
996 64
996 918
996 674
996 665
996 636
996 610
996 833
996 820
996 255
996 273
996 420
996 863
996 95
996 811
996 319
996 645
996 347
996 537
996 425
996 506
996 783
996 84
313 930
313 254
313 648
858 622
858 125
858 827
858 855
858 235
858 698
858 700
991 797
991 977
991 987
991 550
991 730
991 971
991 746
991 210
991 832
991 787
991 250
991 718
991 816
991 258
991 702
991 304
991 715
991 834
991 31
991 598
991 385
991 791
991 356
991 655
991 755
991 830
991 564
991 429
991 581
991 668
991 439
991 472
991 452
991 69
991 657
991 88
991 71
991 60
991 92
117 595
117 958
117 973
595 973
595 967
595 878
595 876
595 412
595 867
654 949
654 876
654 873
654 444
654 717
654 728
958 973
958 143
958 634
958 777
958 153
958 949
958 955
958 853
958 21
958 743
958 876
958 699
958 703
958 873
958 412
958 847
958 312
958 826
958 706
958 717
958 458
958 821
958 514
958 721
958 89
973 777
973 933
973 153
973 949
973 967
973 878
973 853
973 743
973 759
973 214
973 876
973 873
973 272
973 412
973 847
973 826
973 32
973 843
973 499
973 706
973 744
973 361
973 707
973 554
973 717
973 509
973 721
973 728
118 622
118 915
118 951
622 951
622 829
622 880
622 723
915 951
915 800
915 829
915 519
915 855
915 47
915 814
915 294
915 512
915 700
915 880
915 389
915 916
915 44
915 799
915 521
951 121
951 800
951 829
951 17
951 855
951 47
951 746
951 609
951 814
951 381
951 398
951 698
951 731
951 512
951 700
951 340
951 880
951 389
951 434
951 916
951 799
951 723
972 959
972 720
972 954
972 983
972 933
972 685
972 793
972 980
972 877
972 737
972 854
972 511
972 494
972 747
972 739
972 806
972 702
972 270
972 839
972 648
972 653
972 764
972 934
972 950
972 750
972 831
972 586
972 846
972 770
972 579
972 547
972 559
972 589
119 683
683 580
683 969
683 217
683 754
683 614
120 936
120 957
120 985
936 957
936 985
936 977
936 792
936 796
936 850
936 851
936 906
936 864
936 237
936 910
936 703
936 264
936 3
936 585
936 856
936 681
936 395
936 400
936 867
936 571
936 613
957 985
957 977
957 792
957 796
957 207
957 190
957 851
957 667
957 906
957 206
957 864
957 910
957 585
957 856
957 373
957 681
957 395
957 601
957 430
957 769
957 470
957 498
957 53
957 571
957 613
985 977
985 792
985 796
985 207
985 850
985 190
985 851
985 475
985 667
985 906
985 206
985 864
985 231
985 910
985 264
985 3
985 585
985 308
985 856
985 321
985 373
985 681
985 395
985 400
985 867
985 601
985 430
985 769
985 470
985 498
985 53
985 544
985 571
985 613
121 800
121 829
800 125
800 484
800 609
800 731
800 709
800 555
800 799
800 77
829 827
829 855
829 814
829 880
829 916
829 540
829 521
997 977
997 151
997 928
997 998
997 164
997 625
997 900
997 169
997 848
997 171
997 751
997 203
997 969
997 218
997 638
997 920
997 265
997 881
997 702
997 837
997 849
997 729
997 486
997 336
997 711
997 344
997 675
997 904
997 368
997 529
997 449
997 618
997 410
997 600
997 646
997 456
997 488
997 538
997 725
997 558
997 597
997 728
997 91
123 869
123 935
123 938
123 959
869 935
869 959
869 987
869 918
869 914
869 610
869 833
869 320
869 506
869 84
935 938
935 959
935 688
935 987
935 16
935 177
935 918
935 674
935 914
935 665
935 215
935 243
935 833
935 863
935 811
935 527
935 406
935 575
935 347
935 402
935 783
938 276
938 899
938 129
938 884
938 64
938 918
938 914
938 195
938 636
938 806
938 243
938 833
938 255
938 863
938 811
938 496
938 527
938 402
938 59
959 954
959 947
959 620
959 854
959 967
959 195
959 665
959 511
959 868
959 259
959 835
959 839
959 826
959 648
959 764
959 631
959 624
959 413
124 719
124 822
124 898
719 822
719 898
719 779
719 135
719 732
719 208
719 352
719 377
822 898
822 126
822 779
822 497
822 722
822 144
822 732
822 944
822 684
822 365
898 126
898 295
898 779
898 135
898 497
898 732
898 944
898 208
898 327
898 352
898 684
898 360
898 365
898 529
898 377
519 303
519 700
519 880
126 295
126 779
295 327
779 497
779 732
779 944
779 208
779 352
779 684
779 360
779 365
128 688
128 899
276 884
688 899
688 987
688 914
688 833
688 255
688 425
688 783
899 305
899 828
899 987
899 177
899 918
899 841
899 914
899 636
899 95
899 289
899 645
899 575
899 537
899 783
129 305
866 923
866 979
866 970
866 525
720 954
720 983
720 798
720 733
720 653
720 495
720 778
720 765
797 971
797 989
797 832
797 943
797 968
797 885
131 591
591 969
591 467
591 678
591 754
977 874
977 796
977 151
977 928
977 998
977 900
977 848
977 751
977 893
977 851
977 627
977 824
977 906
977 864
977 638
977 910
977 702
977 849
977 290
977 308
977 856
977 791
977 457
977 725
977 498
977 663
977 556
132 661
132 874
661 874
661 893
661 824
661 532
661 842
661 791
874 893
874 627
874 824
874 26
874 533
874 346
874 791
874 454
874 83
874 90
134 773
134 780
134 810
773 810
773 422
773 823
773 896
773 238
773 33
773 666
773 500
773 473
780 810
780 216
780 722
780 142
780 896
780 490
780 902
780 666
780 500
780 330
810 896
810 505
810 490
810 599
810 292
810 500
135 497
497 684
497 360
543 944
543 365
543 377
954 983
954 980
954 877
954 523
954 693
954 548
954 183
954 20
954 747
954 647
954 934
954 495
954 333
954 871
954 950
954 86
954 413
954 765
954 462
954 478
954 559
954 63
954 785
139 216
139 422
139 722
216 722
216 599
422 211
722 823
722 490
722 599
722 666
722 684
630 969
630 228
630 278
630 659
630 678
630 754
827 855
827 880
827 456
827 48
827 521
827 77
142 823
142 896
823 896
823 505
823 902
823 238
823 307
823 769
896 692
896 490
896 599
896 902
896 238
896 33
896 666
896 500
896 473
143 634
143 777
634 955
634 706
634 821
634 721
777 949
777 955
777 878
777 876
777 312
777 361
777 444
777 717
144 732
144 944
732 684
732 529
944 684
944 360
944 365
944 377
145 419
145 784
419 701
419 781
784 608
784 701
784 805
784 448
784 781
784 572
784 803
784 887
784 350
784 795
594 980
594 750
594 778
594 765
594 579
983 149
983 933
983 980
983 877
983 737
983 854
983 517
983 548
983 930
983 183
983 20
983 511
983 806
983 902
983 493
983 647
983 485
983 820
983 733
983 764
983 872
983 495
983 740
983 871
983 950
983 86
983 471
983 770
983 815
983 559
983 785
986 892
148 792
148 796
792 850
792 910
792 308
792 856
792 498
792 544
792 613
796 851
796 231
796 308
796 856
796 321
796 395
796 556
149 933
933 685
933 793
933 980
933 693
933 967
933 930
933 798
933 739
933 493
933 647
933 254
933 740
933 950
933 341
933 65
933 750
933 815
933 513
933 559
933 785
923 176
923 617
923 901
923 979
923 19
923 970
923 667
923 390
923 844
923 257
923 891
923 260
923 894
923 269
923 302
923 337
923 639
923 37
923 480
923 435
923 525
151 928
151 998
928 998
928 625
928 900
928 169
928 848
928 751
928 906
928 638
928 920
928 881
928 837
928 849
928 486
928 336
928 711
928 675
928 904
928 725
928 558
928 597
998 625
998 900
998 169
998 848
998 171
998 751
998 203
998 906
998 969
998 218
998 638
998 920
998 265
998 881
998 702
998 837
998 849
998 729
998 856
998 486
998 336
998 711
998 344
998 675
998 904
998 368
998 376
998 449
998 410
998 600
998 646
998 456
998 488
998 538
998 725
998 558
998 597
998 728
998 8
998 91
153 949
153 955
949 955
949 878
949 853
949 759
949 214
949 876
949 699
949 873
949 826
949 843
949 706
949 744
949 361
949 427
949 554
949 438
949 509
949 458
949 514
949 577
949 75
955 967
955 878
955 853
955 743
955 759
955 876
955 699
955 39
955 873
955 847
955 312
955 843
955 707
955 554
955 867
955 586
955 717
955 514
955 721
955 75
828 161
828 918
828 753
828 806
828 820
828 537
828 506
828 783
828 84
987 914
987 971
987 892
987 832
987 608
987 610
987 787
987 718
987 816
987 820
987 369
987 863
987 319
987 645
987 575
987 451
987 890
987 715
987 324
987 887
987 350
987 366
987 795
987 356
987 564
987 581
987 668
987 439
987 552
987 846
442 182
442 862
442 631
947 460
947 841
947 862
947 665
947 418
947 251
947 920
947 863
947 811
947 631
947 629
947 413
947 783
947 562
158 685
158 980
685 980
685 737
685 950
685 765
685 589
793 854
793 930
793 494
793 739
793 270
793 934
793 778
793 770
980 523
980 737
980 854
980 967
980 517
980 548
980 930
980 20
980 798
980 416
980 315
980 764
980 872
980 934
980 495
980 871
980 950
980 750
980 374
980 404
980 765
980 586
980 770
980 579
980 547
980 559
980 63
980 785
179 674
179 841
207 864
161 460
161 884
460 841
884 841
884 914
884 665
884 209
884 753
884 610
884 833
884 273
884 95
884 537
884 425
884 783
884 84
877 693
877 967
877 930
877 739
877 493
877 702
877 270
877 478
877 815
877 589
877 785
164 625
164 900
620 835
620 839
620 503
625 881
625 904
900 751
900 638
900 881
900 849
900 336
900 675
900 904
900 600
900 646
900 538
900 558
900 597
523 747
523 647
523 764
693 930
693 647
693 765
693 63
693 785
737 930
737 747
737 315
737 318
737 934
737 770
854 930
854 493
854 648
854 934
854 740
854 871
854 462
854 770
854 815
967 930
967 901
967 979
967 970
967 853
967 390
967 739
967 894
967 847
967 839
967 826
967 872
967 934
967 499
967 950
967 337
967 354
967 707
967 379
967 831
967 42
967 474
169 848
848 203
848 969
848 837
848 849
848 904
848 646
848 725
848 8
17 855
855 814
855 340
855 880
855 916
855 48
170 878
878 853
878 759
878 876
878 707
878 383
878 717
878 458
878 821
878 514
171 751
177 918
751 969
751 881
751 837
751 600
172 64
174 580
174 612
580 612
580 455
580 614
612 969
612 678
612 455
517 416
517 950
517 815
517 547
548 382
548 733
548 404
930 254
930 820
930 648
930 318
930 740
930 871
930 950
930 65
930 750
930 815
930 785
176 617
176 901
176 979
617 901
617 970
617 844
617 894
617 526
901 979
901 19
901 695
901 970
901 844
901 891
901 260
901 894
901 269
901 351
901 677
901 413
901 474
901 525
901 526
979 19
979 695
979 970
979 223
979 390
979 242
979 257
979 891
979 491
979 266
979 894
979 269
979 496
979 378
979 302
979 337
979 351
979 639
979 354
979 677
979 37
979 528
979 480
979 413
979 42
979 474
979 525
979 526
918 841
918 914
918 215
918 299
918 806
918 833
918 527
918 320
918 405
918 347
918 537
918 402
918 59
484 397
484 723
674 841
674 833
674 420
841 281
841 820
841 811
841 783
914 195
914 636
914 753
914 25
914 833
914 289
914 406
914 425
914 506
18 550
18 730
18 971
550 971
550 787
550 258
550 655
550 452
730 971
730 837
730 715
730 385
730 830
730 668
730 439
730 657
971 746
971 210
971 832
971 787
971 250
971 718
971 816
971 258
971 369
971 837
971 715
971 834
971 31
971 385
971 356
971 655
971 755
971 830
971 564
971 429
971 668
971 472
971 452
971 69
971 71
971 60
971 92
604 704
212 788
212 868
182 590
182 862
590 640
590 286
590 459
590 631
590 741
862 418
862 251
862 920
862 891
862 286
862 334
862 459
862 578
862 629
862 380
862 741
186 516
516 890
516 552
516 576
850 851
850 864
850 910
850 856
850 373
850 867
850 601
850 430
850 769
850 544
850 571
850 613
189 893
893 824
893 533
893 532
893 842
893 332
893 791
893 388
893 454
893 663
893 570
19 695
695 844
695 602
190 851
851 864
851 264
851 856
851 321
851 601
851 53
851 571
970 223
970 390
970 242
970 844
970 891
970 260
970 491
970 266
970 894
970 269
970 496
970 378
970 302
970 639
970 354
970 36
970 677
970 37
970 480
970 42
970 474
970 487
970 525
970 526
989 667
989 917
989 262
989 943
989 962
989 968
989 293
989 300
989 885
989 870
989 371
989 689
989 621
989 433
989 882
989 466
989 477
989 760
989 5
989 504
989 735
989 518
989 845
989 531
989 54
989 577
989 584
989 619
989 726
989 633
989 68
989 812
989 697
989 76
989 85
853 759
853 699
853 873
853 847
853 826
853 707
853 89
194 627
194 824
627 824
627 791
627 663
627 83
824 842
824 445
824 545
195 665
665 863
665 811
665 506
892 225
892 805
892 768
892 291
892 572
892 679
892 301
892 745
892 890
892 803
892 50
763 769
667 968
667 894
20 511
511 950
203 906
906 910
906 265
906 711
906 904
906 400
906 613
746 787
746 731
746 715
864 231
864 910
864 703
864 585
864 856
864 681
864 867
864 435
864 556
209 753
281 811
636 811
636 347
636 402
753 811
753 783
753 59
21 743
743 876
743 843
743 744
743 821
759 699
759 272
759 707
759 554
759 438
210 832
832 816
832 702
832 715
832 834
832 655
832 581
832 657
832 60
832 92
794 467
794 441
794 453
788 868
788 891
788 835
788 839
788 624
788 867
788 481
788 503
868 259
868 268
868 835
868 275
868 839
868 40
868 867
868 673
868 79
969 217
969 881
969 849
969 486
969 711
969 368
969 502
969 754
969 453
969 538
969 614
969 728
214 876
876 699
876 847
876 32
876 499
876 867
876 821
876 721
215 299
418 640
418 741
218 638
638 675
638 904
608 588
608 366
701 837
701 572
701 679
701 887
917 943
917 962
917 968
917 885
917 733
917 870
917 689
917 621
917 433
917 882
917 760
917 504
917 735
917 518
917 845
917 584
917 726
917 633
917 812
917 697
609 398
609 799
494 739
494 270
494 764
494 950
747 871
747 950
747 445
747 778
747 547
798 648
798 653
798 785
223 390
390 844
225 805
699 843
699 867
699 89
805 28
805 781
805 464
805 887
805 795
805 552
739 778
739 462
902 872
902 950
902 769
902 579
902 547
228 536
536 703
536 614
235 814
611 897
814 698
814 512
814 700
814 709
814 397
814 916
814 540
448 890
448 887
448 552
237 910
910 264
910 585
910 856
910 681
910 400
910 601
910 430
910 498
910 544
910 556
910 571
303 700
381 731
493 750
647 934
647 950
647 589
242 844
844 257
844 266
844 894
844 639
844 677
844 480
610 645
703 314
246 33
246 485
246 666
485 872
666 307
358 897
787 816
787 304
787 834
787 755
787 581
787 668
787 472
704 679
704 745
704 588
704 887
704 795
704 846
25 833
833 255
833 863
833 320
833 405
250 718
250 816
718 834
718 830
718 564
718 429
718 668
816 715
816 834
816 31
816 755
816 830
816 88
816 71
251 640
251 920
640 891
640 286
640 380
640 562
920 881
920 849
920 904
920 345
920 376
920 578
920 410
920 741
920 421
254 820
820 811
258 369
369 834
369 755
259 891
891 894
891 578
891 380
891 741
891 421
891 673
260 491
491 894
262 943
262 962
262 968
943 962
943 968
943 885
943 870
943 371
943 621
943 882
943 760
943 5
943 504
943 735
943 518
943 845
943 531
943 584
943 619
943 726
943 633
943 812
943 697
943 76
962 968
962 293
962 300
962 885
962 870
962 371
962 689
962 621
962 882
962 477
962 760
962 5
962 504
962 735
962 518
962 845
962 531
962 584
962 619
962 726
962 633
962 812
962 697
962 85
968 293
968 300
968 885
968 870
968 371
968 689
968 621
968 433
968 882
968 760
968 504
968 735
968 518
968 845
968 531
968 584
968 619
968 726
968 633
968 68
968 812
968 697
968 76
265 881
881 486
881 711
881 904
881 449
881 646
881 725
881 558
881 597
266 894
894 302
894 337
894 351
894 36
894 677
894 525
894 526
39 873
702 950
702 904
837 887
837 452
873 843
873 706
873 35
873 427
873 554
873 717
873 458
873 821
873 728
873 75
416 765
271 835
835 839
835 322
835 867
835 673
272 412
272 847
412 867
847 312
847 826
847 843
847 821
847 514
847 721
273 420
273 863
420 811
420 319
863 645
863 575
863 347
863 783
863 61
278 659
659 678
659 453
659 455
28 768
28 781
768 572
768 745
768 803
768 574
768 795
768 4
768 846
781 745
781 890
781 795
781 831
781 846
280 398
294 698
398 916
398 555
98 842
98 90
311 588
311 803
897 49
289 645
645 575
849 711
849 344
849 646
849 538
849 725
849 597
382 404
729 839
290 533
290 602
533 346
533 545
533 55
602 842
602 55
291 572
291 679
572 4
679 803
292 500
500 769
698 731
698 880
698 94
731 916
731 555
731 723
298 842
378 302
532 663
842 332
842 791
842 545
842 570
3 585
300 885
885 870
885 689
885 433
885 735
885 845
885 584
885 619
885 812
885 697
301 745
301 890
451 887
451 846
464 769
745 887
745 574
890 803
890 324
890 887
890 67
890 795
890 552
890 50
890 576
700 916
700 44
304 715
304 834
715 655
715 668
834 385
834 356
834 830
834 439
834 657
834 88
308 856
856 681
856 601
856 544
856 556
733 764
733 871
733 815
870 689
870 882
870 760
870 735
870 845
870 619
870 726
870 633
870 812
31 598
598 655
598 755
598 830
598 657
598 71
310 839
839 40
839 867
839 481
839 673
588 887
588 846
588 530
803 887
803 769
803 576
312 826
826 843
826 707
826 721
826 577
648 785
709 880
709 389
709 555
709 799
709 48
315 764
315 872
653 934
764 934
764 740
764 950
764 374
872 934
872 740
872 341
872 750
872 404
872 778
872 765
872 815
872 589
872 785
318 934
934 325
934 335
934 740
934 871
934 379
934 831
934 778
934 765
934 462
934 547
934 559
934 589
934 785
32 843
843 499
843 35
843 438
843 821
320 405
405 402
499 821
324 887
887 846
887 576
887 530
325 335
325 740
495 815
740 871
740 341
330 473
333 871
333 950
871 950
871 445
871 778
871 770
871 589
950 404
950 778
950 770
950 579
950 815
950 547
950 559
950 63
706 35
706 721
336 711
711 904
711 725
574 795
340 880
880 397
880 456
880 723
341 65
744 821
744 75
750 765
750 770
385 830
344 675
344 904
675 904
675 600
675 597
904 449
904 646
904 488
904 538
904 725
904 558
345 459
345 631
459 629
459 741
631 629
631 380
631 421
346 791
791 392
791 663
350 366
350 795
351 639
639 677
639 528
639 435
352 684
684 360
356 655
655 830
36 677
361 427
368 529
755 830
755 564
755 429
755 452
755 657
373 681
681 400
376 578
376 629
578 741
578 562
629 741
629 562
404 778
830 668
830 439
830 657
831 846
831 785
689 882
689 812
397 434
397 916
434 916
916 555
916 540
916 723
916 521
401 618
618 754
778 765
778 462
407 624
407 867
624 503
624 673
410 600
410 646
741 421
741 562
621 845
621 726
564 452
425 506
429 581
429 668
581 472
581 657
581 88
432 467
432 502
432 678
432 754
502 453
678 754
678 614
754 441
433 882
882 477
882 760
882 735
882 845
882 531
882 619
882 633
882 812
439 472
472 69
44 799
799 77
444 717
846 576
846 530
471 770
770 815
69 60
477 760
760 845
760 812
478 815
488 538
488 725
821 721
504 735
518 845
845 697
663 545
545 570
726 812
812 697
2:
10 287
10 705
10 924
10 932
287 924
287 932
287 553
705 924
705 932
705 541
705 774
705 232
705 469
705 710
705 447
705 466
924 932
924 974
924 14
924 541
924 606
924 553
924 222
924 774
924 232
924 384
924 415
924 396
924 469
924 520
924 710
924 435
924 62
924 535
924 7
932 974
932 14
932 541
932 823
932 553
932 222
932 774
932 232
932 384
932 415
932 396
932 469
932 520
932 710
932 435
932 447
932 466
932 62
932 535
932 7
974 606
974 553
974 222
974 774
974 232
974 384
974 520
974 710
974 62
14 541
14 606
541 606
541 774
606 774
606 710
606 7
823 447
553 710
222 774
774 384
774 415
774 520
774 710
384 415
415 710
396 469
396 520
396 710
469 62
520 710
3:
56 944
56 658
772 30
772 492
772 567
944 671
944 802
944 492
944 804
944 450
944 658
944 567
944 561
204 671
204 802
671 802
671 804
671 399
671 424
671 450
671 567
802 804
802 97
802 334
802 399
802 424
802 450
802 658
802 567
802 561
802 74
30 492
30 804
492 804
492 658
492 567
492 561
804 97
804 334
804 399
804 658
804 567
804 561
804 73
97 73
399 424
399 450
399 658
424 450
658 561
567 74
4:
106 660
106 995
362 919
362 994
362 982
660 995
660 975
660 155
660 994
660 860
660 813
995 650
995 919
995 159
995 975
995 986
995 909
995 865
995 982
995 860
995 642
995 691
995 197
995 763
995 199
995 297
995 861
995 201
995 436
995 202
995 746
995 22
995 507
995 224
995 230
995 234
995 343
995 240
995 637
995 708
995 813
995 734
995 349
995 644
995 370
995 672
995 522
995 479
995 593
995 546
995 616
650 975
650 986
650 994
650 982
650 758
650 323
650 616
797 986
797 316
919 986
919 766
919 909
919 994
919 808
919 166
919 865
919 982
919 642
919 691
919 248
919 920
919 708
919 813
919 651
919 672
919 522
919 593
919 546
159 909
147 393
147 565
147 975
147 986
393 565
393 975
393 982
565 975
565 986
565 860
565 328
975 986
975 766
975 909
975 994
975 808
975 982
975 173
975 860
975 691
975 861
975 201
975 476
975 746
975 224
975 230
975 820
975 316
975 323
975 813
975 651
975 734
975 644
975 672
975 372
975 831
975 522
975 428
975 546
975 616
986 766
986 155
986 909
986 994
986 808
986 865
986 982
986 642
986 197
986 198
986 763
986 861
986 202
986 22
986 507
986 230
986 343
986 920
986 489
986 465
986 387
986 708
986 316
986 813
986 651
986 328
986 734
986 644
986 370
986 672
986 522
986 428
986 593
766 994
766 982
766 758
766 860
766 651
766 672
155 909
155 994
909 994
909 860
909 691
909 763
909 861
909 436
909 224
909 426
909 920
909 651
909 734
909 644
909 372
909 752
909 831
994 808
994 166
994 865
994 860
994 642
994 691
994 197
994 763
994 861
994 201
994 436
994 476
994 746
994 592
994 426
994 637
994 920
994 387
994 708
994 813
994 734
994 644
994 370
994 445
994 672
994 372
994 46
994 428
994 81
994 479
994 546
994 616
808 982
808 642
808 582
808 763
808 436
808 426
808 813
808 522
166 865
166 982
865 982
865 860
865 582
865 637
865 323
865 813
865 734
865 46
865 428
865 479
865 593
982 173
982 758
982 860
982 642
982 691
982 197
982 763
982 507
982 224
982 592
982 426
982 248
982 637
982 920
982 489
982 387
982 708
982 734
982 349
982 644
982 672
982 46
982 479
982 593
982 546
982 616
173 758
173 860
758 860
758 861
758 616
860 861
860 240
860 820
860 708
642 465
642 616
691 920
691 593
582 763
582 734
582 593
198 763
763 592
763 637
763 328
199 297
199 861
297 708
861 22
861 507
861 234
861 240
861 637
861 465
861 387
861 81
201 436
436 651
476 522
476 81
22 507
234 343
343 734
592 248
592 672
248 637
920 372
489 387
489 593
708 644
323 813
813 734
651 616
734 752
349 644
370 445
370 672
372 46
5:
411 942
411 965
107 359
107 836
107 942
107 965
359 965
359 944
359 414
359 632
836 942
836 965
836 852
836 160
836 749
836 241
836 573
836 414
836 632
836 615
836 9
836 656
836 52
942 965
942 138
942 852
942 253
942 944
942 749
942 680
942 794
942 227
942 902
942 241
942 696
942 279
942 309
942 431
942 414
942 632
942 394
942 6
942 409
942 615
942 9
942 513
942 656
942 52
965 122
965 138
965 852
965 253
965 944
965 160
965 749
965 680
965 794
965 902
965 241
965 696
965 573
965 309
965 431
965 414
965 632
965 394
965 6
965 528
965 409
965 615
965 9
965 656
965 52
965 577
122 138
122 852
138 253
852 944
852 680
852 902
852 696
852 279
852 573
852 632
852 394
852 6
852 409
852 615
253 279
253 573
944 749
944 696
944 279
944 394
944 409
160 749
749 680
749 902
749 431
749 414
749 656
749 577
680 431
680 632
680 615
680 656
680 52
794 573
794 632
227 902
902 632
902 615
902 656
241 696
696 414
696 632
696 615
696 577
279 573
573 409
431 9
394 6
528 656
409 615
513 656
6:
539 727
539 127
539 838
539 391
539 641
13 838
13 818
13 866
244 838
244 866
596 818
596 906
596 587
596 483
596 742
596 752
727 245
727 838
727 818
727 193
727 338
727 742
727 560
727 99
997 818
997 866
127 440
127 838
245 818
440 838
440 641
440 587
440 742
838 818
838 866
838 391
838 641
838 742
838 501
818 866
818 193
818 391
818 641
818 906
818 338
818 742
818 560
818 99
866 338
866 501
193 391
193 641
391 641
391 742
906 587
906 501
906 560
284 483
284 742
587 742
587 560
483 742
483 752
483 560
742 501
742 560
501 560
7:
866 922
866 817
866 694
866 508
866 566
133 713
133 789
133 903
133 922
713 789
713 903
713 922
713 947
713 277
713 682
713 329
713 417
713 508
789 903
789 922
789 947
789 167
789 782
789 694
789 386
789 534
789 508
789 566
789 57
903 922
903 150
903 947
903 782
903 794
903 277
903 682
903 72
903 339
903 329
903 817
903 694
903 386
903 534
903 509
903 457
903 566
903 57
922 150
922 947
922 167
922 782
922 794
922 277
922 682
922 72
922 339
922 329
922 817
922 386
922 417
922 534
922 509
922 508
922 566
947 782
947 682
947 339
947 694
947 386
167 782
782 794
782 329
782 817
782 694
782 417
782 508
782 57
794 534
277 682
277 72
682 817
682 694
682 508
682 566
72 817
339 694
329 817
817 694
817 417
817 534
817 457
817 508
817 566
817 57
694 534
386 417
386 534
8:
716 775
716 603
716 628
716 510
716 317
716 771
716 283
716 364
524 628
524 510
524 738
524 317
524 771
524 690
775 628
775 317
775 771
136 603
136 628
603 628
603 623
603 738
603 283
603 690
628 623
628 738
628 771
15 510
15 738
510 738
510 771
510 690
623 187
623 771
623 364
623 513
738 187
738 771
738 690
738 513
738 563
317 690
187 771
771 283
771 690
771 364
771 513
690 364
690 563
9:
959 912
959 563
443 879
443 912
443 875
443 969
443 724
137 767
137 807
137 879
137 912
767 807
767 879
767 912
767 607
767 875
767 557
767 969
767 724
767 348
767 482
807 879
807 912
807 607
807 875
807 557
807 969
807 724
807 348
807 363
807 482
807 51
879 912
879 156
879 607
879 875
879 557
879 188
879 213
879 969
879 724
879 348
879 363
879 482
879 51
879 563
912 156
912 607
912 875
912 557
912 188
912 213
912 969
912 229
912 724
912 348
912 363
912 470
912 482
912 51
912 563
156 607
156 875
607 875
607 724
875 557
875 188
875 213
875 969
875 229
875 724
875 348
875 363
875 470
875 482
557 724
213 969
969 229
969 724
969 363
969 51
229 724
10:
221 747
221 798
747 798
11:
379 383
379 554
383 554
