# The contained cliques in the communities at k=4
# from G:\Dropbox\Raghda\CNA\Final Project\other methods\CFinder-2.0.6--1448\G:\Dropbox\Raghda\CNA\Final Project\Datasets\binary_networks\LFR1\networ_LFR1_Om4.dat
# at no lower link weight threshold,
# and at no upper link weight threshold.
# Links were treated as undirected.
# No time limit was set for the clique search.

0: 0 31 134 332 
1: 4 5 36 291 
2: 7 87 425 643 666 829 830 958 992 993 1000 1001 1016 1017 1024 1039 1073 1107 136 222 234 609 859 860 1100 38 1074 65 114 1038 
3: 8 837 327 556 766 836 1153 557 1151 1152 672 827 1081 80 180 273 389 406 1042 1058 11 75 94 171 192 246 461 462 501 750 868 899 952 953 968 969 995 996 997 998 999 1011 1021 1041 1044 1053 1060 1095 1101 
4: 10 547 630 737 941 548 738 955 366 544 631 632 739 858 942 954 313 365 569 862 857 369 368 570 956 
5: 12 558 290 559 
6: 13 18 93 140 197 269 322 323 412 451 458 540 554 608 650 657 745 749 824 909 1113 33 
7: 14 242 330 
8: 16 78 81 207 237 299 319 374 450 494 504 517 535 646 667 768 769 770 819 820 882 883 884 1012 1013 1033 1093 619 620 621 1034 1094 21 130 158 
9: 17 25 315 316 326 344 464 466 521 529 536 628 658 673 674 675 751 833 869 908 966 1040 1079 1103 1105 1117 1131 
10: 19 20 331 393 842 1088 179 211 305 640 641 731 794 795 925 1087 1121 1120 128 730 66 342 
11: 24 1082 1083 1086 164 292 352 588 623 624 680 681 772 1084 1119 1124 163 293 587 198 625 1085 771 773 866 312 1125 
12: 26 532 928 185 533 852 289 109 637 699 108 
13: 30 37 358 593 811 452 516 746 812 
14: 32 68 726 918 132 542 275 
15: 34 35 648 649 950 957 688 872 948 689 740 741 476 560 873 874 949 613 875 288 566 287 115 170 116 565 567 42 
16: 44 112 160 251 285 298 457 499 539 543 572 634 886 1014 1015 1047 1109 1127 1129 1130 
17: 45 46 844 919 71 696 551 697 549 196 550 808 845 846 378 605 376 379 377 920 604 337 979 
18: 50 382 383 380 381 
19: 53 636 789 138 635 922 1027 921 924 923 1026 932 1028 1029 1111 1108 390 
20: 54 55 201 469 553 653 655 786 788 1004 103 654 656 1003 1023 102 785 135 166 200 552 787 
21: 56 575 755 847 
22: 67 238 239 
23: 69 
24: 73 495 509 616 496 497 498 511 600 510 599 
25: 76 375 470 485 300 483 429 370 484 371 
26: 77 97 131 294 317 329 487 767 1075 1092 
27: 86 142 147 225 303 304 321 422 488 518 519 522 644 651 678 732 752 754 831 987 991 1010 1018 1020 1128 
28: 88 436 437 691 
29: 90 597 598 454 507 505 508 481 506 482 480 
30: 91 133 314 538 
31: 92 659 235 467 530 660 705 707 236 468 531 477 478 706 
32: 95 692 148 489 684 149 490 491 685 
33: 99 849 614 626 743 850 926 927 930 931 951 1069 1070 615 742 1057 271 272 527 1071 524 744 525 282 
34: 104 105 283 341 
35: 107 851 398 400 843 399 268 564 267 563 
36: 113 123 195 274 307 325 475 479 633 668 790 825 826 832 877 885 907 945 1050 1061 1080 1106 
37: 117 118 159 324 453 534 670 671 828 970 988 1036 1089 1110 127 296 386 537 
38: 122 780 781 782 913 914 933 977 915 916 345 757 822 823 912 917 989 990 209 210 756 778 779 783 1006 208 356 357 473 474 934 144 777 
39: 139 515 546 645 865 277 367 394 424 442 443 520 545 591 592 652 700 864 193 194 363 364 
40: 141 184 232 318 395 526 617 682 686 687 753 758 759 834 835 905 906 962 963 964 965 1045 1046 1048 1049 1077 1096 1097 286 618 627 629 729 981 982 1078 1098 1099 1076 980 
41: 150 387 791 388 581 792 582 178 
42: 154 
43: 165 230 472 727 813 814 815 821 879 880 910 911 946 947 986 1064 1065 1066 1067 1068 1123 306 353 500 728 878 881 301 
44: 176 177 191 340 432 284 433 
45: 181 231 407 585 247 248 
46: 204 260 441 
47: 205 800 403 419 426 717 718 798 402 714 715 719 420 427 
48: 214 
49: 221 297 302 320 384 611 612 679 870 871 971 973 983 984 1052 456 
50: 241 938 939 940 252 257 855 894 895 896 935 960 523 897 270 856 898 961 893 890 892 761 888 889 937 763 887 891 936 
51: 254 465 723 722 541 603 
52: 266 796 797 712 1007 396 711 713 583 
53: 335 
54: 354 355 589 661 449 486 590 662 
55: 362 434 435 
56: 444 
57: 459 
58: 502 
59: 573 574 
60: 725 
