# The communities at k=4
# from G:\Dropbox\Raghda\CNA\Final Project\other methods\CFinder-2.0.6--1448\G:\Dropbox\Raghda\CNA\Final Project\Datasets\binary_networks\LFR1\networ_LFR1_Om4.dat
# at no lower link weight threshold,
# and at no upper link weight threshold.
# Links were treated as undirected.
# No time limit was set for the clique search.

0: 117 378 643 668 959 185 343 257 
1: 10 203 607 734 915 121 75 
2: 100 947 952 972 123 924 938 134 151 934 17 777 857 189 844 920 640 244 258 860 301 840 820 435 475 502 713 806 612 754 937 771 750 786 797 
3: 987 1000 163 265 457 609 662 709 751 798 804 823 832 889 917 931 948 957 963 976 983 989 994 999 102 959 945 141 145 852 883 885 815 157 844 211 217 222 280 29 290 840 334 335 760 908 644 367 635 685 413 511 806 557 605 749 650 757 690 755 
4: 101 724 898 911 728 496 971 667 916 266 665 712 781 269 425 717 427 465 824 533 88 
5: 103 455 575 942 526 657 438 64 
6: 104 909 928 944 961 11 897 119 156 192 920 229 293 879 321 330 39 417 431 434 484 495 548 552 821 594 763 769 90 92 
7: 105 268 561 682 905 4 
8: 107 921 939 951 960 111 850 856 608 144 146 182 838 202 845 236 26 270 320 760 360 373 774 383 411 445 787 481 504 588 937 632 63 84 
9: 1000 867 877 946 962 965 973 980 981 992 995 996 109 167 990 849 365 984 336 338 646 391 401 412 463 498 843 513 514 516 559 624 672 677 76 78 782 846 829 851 99 
10: 948 999 653 110 408 864 922 991 135 692 180 294 876 950 216 590 833 239 282 473 571 96 
11: 942 23 882 927 990 619 950 844 207 262 835 230 916 443 671 908 874 456 808 523 55 937 71 
12: 741 976 114 744 847 165 631 676 22 556 753 409 469 51 
13: 942 875 116 805 884 122 271 773 633 323 449 420 550 586 
14: 118 714 733 780 803 137 369 932 28 762 423 52 563 
15: 994 12 776 811 827 941 125 478 905 578 170 439 863 210 346 703 503 641 719 483 58 542 
16: 991 954 126 899 953 955 886 862 168 848 984 205 907 853 988 454 916 31 329 903 364 888 416 424 467 5 764 61 637 761 
17: 958 837 127 674 707 945 139 418 807 584 228 273 310 730 720 766 587 428 460 802 
18: 129 547 551 680 275 380 419 
19: 871 991 41 696 982 905 997 848 19 626 721 779 281 908 468 
20: 976 795 930 959 982 130 817 886 910 161 775 186 600 971 21 232 340 430 489 
21: 915 131 656 722 772 799 493 686 570 579 
22: 536 726 136 453 325 260 
23: 682 138 193 905 
24: 915 14 736 745 363 404 903 381 441 497 488 
25: 905 142 735 822 861 351 272 648 303 341 908 379 429 69 
26: 1000 311 628 634 710 729 855 859 873 906 886 143 16 183 354 824 56 79 
27: 987 915 986 990 969 150 978 979 195 966 199 925 247 298 766 353 385 386 392 756 748 476 486 577 519 929 564 567 617 66 67 830 892 812 87 
28: 152 555 581 647 936 840 306 405 
29: 153 606 614 723 815 704 327 521 350 372 399 376 442 
30: 999 945 154 725 932 184 415 81 
31: 793 982 865 155 801 848 768 746 259 535 339 347 479 706 402 499 
32: 580 894 159 534 740 849 767 844 2 358 361 
33: 990 854 160 642 675 943 705 988 916 701 395 874 398 816 825 9 440 459 77 824 544 802 
34: 625 791 317 810 162 225 46 
35: 651 164 452 652 790 796 661 988 286 679 683 377 38 
36: 949 998 993 815 849 169 975 977 176 622 227 919 896 831 687 967 345 349 964 42 466 808 940 663 505 902 891 598 601 620 636 669 7 834 866 94 
37: 976 956 171 912 933 172 923 848 18 204 278 914 324 410 414 732 507 510 881 74 610 893 937 708 819 880 788 93 
38: 681 932 175 596 603 785 918 196 297 702 794 752 765 237 393 828 869 238 344 739 572 592 
39: 904 926 997 191 971 224 558 406 267 673 890 283 689 300 314 477 397 389 426 43 482 487 
40: 974 994 530 982 854 932 800 194 970 985 841 219 968 809 251 842 284 737 396 444 560 913 462 464 824 50 524 818 565 576 627 697 839 666 684 80 
41: 987 948 783 936 20 789 215 591 279 509 
42: 200 60 727 870 
43: 695 942 854 936 997 935 950 208 814 872 901 388 249 900 342 718 903 366 747 568 593 658 604 65 89 
44: 316 984 213 490 678 698 221 304 355 97 
45: 742 971 3 920 250 291 515 53 451 
46: 234 485 554 664 699 309 35 
47: 991 984 602 235 595 613 792 289 537 784 296 302 543 574 
48: 263 693 240 597 
49: 738 945 988 243 813 858 887 895 276 328 731 743 655 437 808 520 59 8 86 
50: 997 670 261 691 836 878 32 759 868 778 34 711 394 95 826 688 582 639 649 700 
51: 959 727 870 659 337 62 539 541 422 446 
52: 948 920 621 630 770 285 447 525 903 37 
53: 307 545 854 288 
54: 758 264 540 694 716 491 318 638 352 500 
55: 580 894 534 950 305 374 
56: 569 589 315 611 
57: 517 791 810 333 
58: 715 987 546 370 
59: 875 884 472 633 583 
60: 886 870 541 806 
