# The graph of at k=4
# from G:\Dropbox\Raghda\CNA\Final Project\other methods\CFinder-2.0.6--1448\G:\Dropbox\Raghda\CNA\Final Project\Datasets\binary_networks\LFR1\networ_LFR1_Om4.dat
# at no lower link weight threshold,
# and at no upper link weight threshold.
# Links were treated as undirected.
# No time limit was set for the clique search.

0 3 1
0 20 1
0 51 1
1 21 1
1 24 1
1 27 1
2 3 3
2 6 1
2 8 1
2 11 2
2 28 1
2 32 1
2 37 1
2 45 1
2 52 1
2 60 1
3 8 1
3 9 1
3 10 2
3 11 2
3 12 1
3 15 1
3 17 1
3 19 1
3 20 2
3 25 1
3 26 1
3 27 1
3 28 1
3 29 1
3 30 2
3 32 1
3 36 1
3 37 1
3 40 1
3 41 2
3 49 1
3 51 1
3 52 1
3 58 1
3 60 1
4 11 1
4 16 1
4 20 1
4 26 1
4 33 2
4 39 1
4 40 1
4 45 1
5 11 1
5 13 1
5 43 1
6 45 1
6 52 1
7 15 1
7 19 1
7 23 2
7 25 1
8 11 1
8 37 1
9 11 1
9 16 1
9 26 1
9 27 1
9 32 1
9 33 1
9 36 1
9 44 1
9 47 1
10 11 1
10 16 1
10 19 1
10 30 1
10 41 1
10 43 1
10 47 1
10 52 1
10 55 1
11 13 1
11 16 1
11 19 1
11 25 1
11 27 1
11 32 1
11 33 3
11 36 1
11 37 1
11 43 2
11 49 1
11 55 1
12 20 1
12 37 1
13 43 1
13 59 3
14 30 1
14 38 1
14 40 1
15 19 1
15 23 1
15 25 1
15 40 1
16 19 2
16 20 1
16 24 1
16 26 1
16 31 1
16 33 2
16 35 1
16 37 1
16 43 1
16 44 1
16 47 2
16 49 1
16 52 1
16 60 1
17 27 1
17 30 1
17 33 1
17 49 1
19 20 1
19 23 1
19 25 2
19 31 2
19 37 1
19 39 1
19 40 1
19 43 1
19 47 1
19 50 1
20 26 1
20 31 1
20 37 1
20 39 1
20 40 1
20 45 1
20 51 1
20 60 1
21 24 1
21 27 1
23 25 1
24 27 1
24 43 1
24 52 1
26 33 1
26 40 1
26 60 1
27 33 1
27 41 1
27 58 1
28 41 1
28 43 1
29 36 1
30 38 1
30 40 1
30 49 1
31 37 1
31 40 1
32 36 1
32 55 3
33 35 1
33 40 2
33 43 1
33 49 1
33 53 1
34 57 2
35 49 1
36 49 1
38 40 1
39 43 1
39 45 1
39 50 1
40 43 1
40 53 1
41 43 1
41 52 1
41 58 1
42 51 2
42 60 1
43 50 1
43 52 1
43 53 1
43 55 1
44 47 1
45 52 1
51 60 2
