# The communities at k=4
# from G:\Dropbox\Raghda\CNA\Final Project\other methods\CFinder-2.0.6--1448\G:\Dropbox\Raghda\CNA\Final Project\Datasets\binary_networks\LFR5\network_LFR5_Om3.dat
# at no lower link weight threshold,
# and at no upper link weight threshold.
# Links were treated as undirected.
# No time limit was set for the clique search.

0: 1000 529 656 677 801 867 927 975 104 
1: 925 988 844 730 132 926 954 849 865 996 876 760 860 611 
2: 138 747 784 963 997 772 810 310 
3: 986 961 140 777 
4: 974 952 143 787 991 842 
5: 911 995 832 147 811 517 
6: 883 155 668 886 997 823 298 
7: 982 18 680 969 
8: 974 978 938 183 908 724 630 763 
9: 911 958 972 953 199 923 202 915 302 505 894 553 760 634 
10: 808 976 994 218 775 841 769 
11: 869 886 224 736 820 382 
12: 862 947 790 228 776 831 457 338 430 439 497 
13: 931 817 232 839 
14: 1000 683 870 985 238 
15: 966 898 970 890 920 590 853 671 675 241 347 476 822 579 595 
16: 985 910 916 909 693 893 247 836 669 575 
17: 914 940 942 993 978 945 818 746 979 959 969 905 981 921 71 319 752 795 
18: 935 911 906 861 743 94 422 796 852 703 
19: 793 943 562 61 
20: 957 848 863 508 515 983 306 664 805 7 
21: 901 994 782 413 
22: 879 982 980 948 339 897 535 
23: 620 931 858 817 249 866 
24: 883 924 925 955 878 907 807 812 707 261 436 
25: 862 750 902 273 
26: 999 977 735 837 905 899 290 996 356 576 
27: 992 276 532 573 
28: 986 987 803 889 278 819 572 
29: 944 989 987 287 615 
30: 936 950 316 809 
31: 976 997 810 355 
32: 870 903 375 492 
33: 944 771 993 960 937 400 
34: 962 969 807 877 414 581 860 
35: 951 971 739 913 967 826 742 446 
36: 990 995 780 743 460 447 551 769 
37: 946 998 900 904 937 420 717 
38: 992 979 938 653 868 445 
39: 962 959 740 779 642 451 745 
40: 996 536 597 802 778 500 757 
41: 1000 759 806 940 956 990 525 
42: 990 964 524 897 
43: 874 587 824 618 
44: 992 979 915 532 
45: 880 933 764 547 
46: 968 602 884 948 659 835 584 
47: 738 783 645 994 915 950 929 
48: 928 991 591 705 
49: 914 963 997 798 661 
50: 711 885 839 876 
51: 914 971 978 714 871 
52: 872 934 700 809 894 
53: 734 962 995 886 989 891 864 767 768 
54: 914 747 963 729 
55: 917 999 989 987 846 731 932 761 
56: 925 792 882 934 737 804 
57: 956 949 890 827 895 786 
58: 982 880 933 786 896 
59: 976 997 918 778 
60: 917 948 812 846 
61: 930 973 984 881 840 937 941 
62: 951 974 933 918 970 
63: 956 949 988 950 
