# The links inside the communities at k=4
# from G:\Dropbox\Raghda\CNA\Final Project\other methods\CFinder-2.0.6--1448\G:\Dropbox\Raghda\CNA\Final Project\Datasets\binary_networks\LFR5\network_LFR5_Om3.dat
# at no lower link weight threshold,
# and at no upper link weight threshold.
# Links were treated as undirected.
# No time limit was set for the clique search.

0:
1000 529
1000 656
1000 677
1000 801
1000 867
1000 927
1000 975
529 801
529 975
656 867
656 975
656 104
677 867
677 927
677 975
801 927
801 975
867 975
867 104
927 975
975 104
1:
925 988
925 844
925 926
925 954
925 996
988 844
988 730
988 132
988 926
988 954
988 849
988 865
988 996
988 876
988 760
988 860
988 611
844 730
844 926
844 954
844 865
844 996
844 876
844 860
844 611
730 926
730 954
730 996
730 611
132 926
132 954
926 954
926 849
926 865
926 996
926 876
926 760
926 860
926 611
954 849
954 865
954 996
954 876
954 760
954 860
954 611
996 611
2:
138 747
138 784
138 963
747 784
747 963
747 810
784 963
784 997
784 772
784 810
963 997
963 772
963 810
963 310
997 772
997 810
997 310
810 310
3:
986 961
986 140
986 777
961 140
961 777
140 777
4:
974 952
974 143
974 787
974 991
974 842
952 787
952 991
952 842
143 787
143 991
787 991
991 842
5:
911 995
911 147
911 811
911 517
995 832
995 147
995 811
995 517
832 811
832 517
147 811
811 517
6:
883 155
883 668
883 997
883 823
883 298
155 668
155 886
155 997
668 886
668 997
668 823
668 298
886 997
997 823
997 298
7:
982 18
982 680
982 969
18 680
18 969
680 969
8:
974 978
974 938
974 908
974 724
974 630
974 763
978 938
978 183
978 908
978 724
978 630
978 763
938 183
938 908
938 630
183 908
908 724
908 630
908 763
9:
911 958
911 972
911 923
911 302
958 972
958 953
958 199
958 923
958 202
958 915
958 302
958 505
958 553
958 634
972 953
972 199
972 923
972 202
972 915
972 302
972 505
972 894
972 760
972 634
953 923
953 894
953 553
953 634
199 923
923 202
923 915
923 505
923 894
923 760
923 634
915 894
915 760
553 634
10:
808 976
808 994
808 775
976 994
976 218
976 775
976 841
976 769
994 218
994 775
994 841
994 769
218 775
775 841
775 769
11:
869 886
869 224
869 736
869 820
869 382
886 736
886 820
224 736
224 820
736 820
736 382
820 382
12:
862 947
862 790
862 776
862 831
947 790
947 228
947 776
947 831
947 457
947 338
947 430
947 439
947 497
790 228
790 776
790 831
790 457
790 439
790 497
228 776
776 457
776 430
776 439
776 497
831 497
338 430
338 439
430 439
13:
931 817
931 232
931 839
817 232
817 839
232 839
14:
1000 683
1000 870
1000 985
683 870
683 985
683 238
870 985
870 238
985 238
15:
966 898
966 970
966 890
966 920
966 590
966 853
966 671
966 675
966 241
966 347
966 476
966 822
966 579
966 595
898 890
898 920
898 590
898 853
898 671
898 675
898 347
898 476
898 822
970 920
970 671
970 822
970 579
970 595
890 920
890 822
920 853
920 671
920 675
920 241
920 347
920 476
920 579
920 595
590 853
590 822
853 671
853 476
853 822
853 579
853 595
671 822
671 595
675 241
675 347
822 595
16:
985 910
985 916
985 909
985 893
985 247
985 836
985 669
985 575
910 916
910 909
910 836
910 669
916 909
916 693
916 893
916 247
916 836
916 669
916 575
909 693
909 893
909 247
909 836
909 669
909 575
693 893
893 575
669 575
17:
914 993
914 978
914 981
940 993
940 945
940 979
940 981
940 921
940 795
942 993
942 945
942 746
942 969
942 981
942 921
993 978
993 945
993 818
993 979
993 959
993 969
993 981
993 752
978 969
978 981
945 818
945 979
945 959
945 969
945 981
945 921
945 319
945 752
818 979
818 959
818 905
818 981
818 921
746 969
746 981
746 921
746 795
979 981
979 921
979 71
959 981
959 921
969 981
969 921
969 752
905 981
905 921
981 921
981 71
981 319
981 752
981 795
921 71
921 319
921 795
18:
935 911
935 906
935 861
935 422
935 796
935 852
911 906
911 861
911 796
906 861
906 743
906 94
906 422
906 796
906 852
906 703
861 743
861 94
861 796
861 852
861 703
743 796
94 796
422 796
796 852
796 703
19:
793 943
793 562
793 61
943 562
943 61
562 61
20:
957 848
957 863
957 508
957 983
957 306
957 664
957 805
957 7
848 863
848 508
848 515
848 983
848 664
848 805
848 7
863 983
863 664
508 515
508 983
515 983
515 664
515 805
306 664
306 805
664 805
805 7
21:
901 994
901 782
901 413
994 782
994 413
782 413
22:
879 982
879 980
879 948
879 339
879 897
879 535
982 980
982 948
982 339
982 897
982 535
980 339
980 897
980 535
948 897
897 535
23:
620 931
620 858
620 866
931 858
931 817
931 249
931 866
858 817
858 249
858 866
817 249
817 866
24:
883 925
883 955
883 907
924 955
924 878
924 907
924 807
925 955
925 878
925 907
955 878
955 907
955 807
955 812
955 707
955 436
878 907
878 707
878 261
878 436
907 807
907 812
907 707
907 261
907 436
812 707
707 261
261 436
25:
862 750
862 902
862 273
750 902
750 273
902 273
26:
999 977
999 735
999 837
999 905
999 899
999 290
999 996
999 356
999 576
977 735
977 837
977 905
977 899
977 290
977 996
735 996
735 356
837 905
837 899
837 996
837 356
837 576
905 576
899 996
290 996
996 356
27:
992 276
992 532
992 573
276 532
276 573
532 573
28:
986 987
986 803
986 889
987 803
987 889
987 278
987 819
987 572
803 889
803 278
803 819
803 572
889 278
889 819
889 572
819 572
29:
944 989
944 987
944 287
944 615
989 987
989 287
989 615
987 287
987 615
287 615
30:
936 950
936 316
936 809
950 316
950 809
316 809
31:
976 997
976 810
976 355
997 810
997 355
810 355
32:
870 903
870 375
870 492
903 375
903 492
375 492
33:
944 993
944 960
944 937
944 400
771 993
771 960
771 937
993 960
993 937
993 400
960 937
960 400
937 400
34:
962 969
962 807
962 877
962 414
962 581
962 860
969 807
969 877
969 414
969 581
969 860
807 877
877 414
877 581
877 860
581 860
35:
951 971
951 913
951 967
951 826
951 446
971 913
971 967
971 826
971 446
739 913
739 967
739 826
739 742
913 967
913 826
913 742
967 826
967 742
967 446
36:
990 995
990 780
990 743
990 460
990 447
990 551
990 769
995 780
995 743
995 460
995 447
995 551
995 769
780 743
780 460
780 447
780 551
780 769
460 447
460 551
447 551
37:
946 998
946 904
946 937
946 420
946 717
998 900
998 904
998 937
998 420
998 717
900 420
900 717
904 937
904 717
937 717
420 717
38:
992 979
992 938
992 653
992 868
992 445
979 653
979 868
938 653
938 868
938 445
653 868
653 445
39:
962 740
962 779
962 745
959 740
959 779
959 642
959 451
959 745
740 779
740 642
740 451
740 745
779 642
779 745
642 451
451 745
40:
996 536
996 597
996 802
996 778
996 500
996 757
536 597
536 802
536 500
536 757
597 802
597 778
597 500
597 757
802 778
802 500
802 757
41:
1000 759
1000 806
1000 940
1000 956
1000 990
759 806
759 940
806 940
806 990
806 525
940 956
940 990
940 525
956 990
990 525
42:
990 964
990 524
990 897
964 524
964 897
524 897
43:
874 587
874 824
874 618
587 824
587 618
824 618
44:
992 979
992 915
992 532
979 915
979 532
915 532
45:
880 933
880 764
880 547
933 764
933 547
764 547
46:
968 602
968 884
968 948
968 659
968 835
968 584
602 884
602 948
602 584
884 948
884 659
884 835
884 584
948 659
948 835
835 584
47:
738 783
738 645
738 994
738 915
738 950
738 929
783 994
783 915
645 994
645 950
645 929
994 915
994 950
994 929
915 950
915 929
48:
928 991
928 591
928 705
991 591
991 705
591 705
49:
914 963
914 997
914 798
963 997
963 798
963 661
997 798
997 661
798 661
50:
711 885
711 839
711 876
885 839
885 876
839 876
51:
914 971
914 978
914 871
971 978
971 714
971 871
978 714
978 871
714 871
52:
872 934
872 700
872 809
934 700
934 809
934 894
700 809
700 894
809 894
53:
734 989
734 891
734 864
962 891
962 864
962 767
995 886
995 989
995 891
995 864
995 767
886 891
886 864
989 891
989 864
989 768
891 864
891 767
891 768
864 767
864 768
54:
914 747
914 963
914 729
747 963
747 729
963 729
55:
917 999
917 989
917 846
917 761
999 989
999 846
999 932
999 761
989 987
989 846
989 731
989 932
989 761
987 932
987 761
731 932
731 761
932 761
56:
925 882
925 934
925 737
792 882
792 934
792 804
882 934
882 737
882 804
934 737
934 804
737 804
57:
956 949
956 890
956 827
956 895
956 786
949 890
949 827
949 895
949 786
890 827
890 895
827 895
895 786
58:
982 880
982 933
982 786
982 896
880 933
880 786
880 896
933 896
786 896
59:
976 997
976 918
976 778
997 918
997 778
918 778
60:
917 948
917 812
917 846
948 812
948 846
812 846
61:
930 973
930 984
930 881
930 840
930 941
973 984
973 881
973 840
973 937
973 941
984 881
984 937
984 941
881 840
881 937
881 941
937 941
62:
951 974
951 933
951 918
951 970
974 933
974 918
974 970
933 918
933 970
63:
956 949
956 988
956 950
949 988
949 950
988 950
