# The graph of at k=4
# from G:\Dropbox\Raghda\CNA\Final Project\other methods\CFinder-2.0.6--1448\G:\Dropbox\Raghda\CNA\Final Project\Datasets\binary_networks\LFR5\network_LFR5_Om3.dat
# at no lower link weight threshold,
# and at no upper link weight threshold.
# Links were treated as undirected.
# No time limit was set for the clique search.

0 14 1
0 41 1
1 9 1
1 24 1
1 26 1
1 34 1
1 40 1
1 50 1
1 56 1
1 63 1
2 6 1
2 31 2
2 49 2
2 54 2
2 59 1
3 28 1
4 8 1
4 48 1
4 62 1
5 9 1
5 18 1
5 36 1
5 53 1
6 11 1
6 24 1
6 31 1
6 49 1
6 53 1
6 59 1
7 17 1
7 22 1
7 34 1
7 58 1
8 17 1
8 38 1
8 51 1
8 62 1
9 18 1
9 44 1
9 47 1
9 52 1
10 21 1
10 31 1
10 36 1
10 47 1
10 59 1
11 53 1
12 25 1
13 23 2
13 50 1
14 16 1
14 32 1
14 41 1
15 57 1
15 62 1
17 26 1
17 33 1
17 34 1
17 38 1
17 39 1
17 41 1
17 44 1
17 49 1
17 51 2
17 54 1
18 36 1
21 47 1
22 42 1
22 46 1
22 58 1
22 60 1
24 34 1
24 56 1
24 60 1
26 40 1
26 55 1
27 38 1
27 44 2
28 29 1
28 55 1
29 33 1
29 53 1
29 55 2
30 47 1
30 52 1
30 63 1
31 49 1
31 59 2
33 37 1
33 61 1
34 39 1
34 53 1
35 51 1
35 62 1
36 41 1
36 42 1
36 53 1
37 61 1
38 44 2
39 53 1
40 59 1
41 42 1
41 57 1
41 63 1
44 47 1
45 58 2
45 62 1
46 60 1
47 63 1
49 51 1
49 54 2
49 59 1
51 54 1
52 56 1
53 55 1
55 60 2
57 58 1
57 63 2
58 62 1
59 62 1
