# The links inside the communities at k=9
# from G:\Dropbox\Raghda\CNA\Final Project\other methods\CFinder-2.0.6--1448\G:\Dropbox\Raghda\CNA\Final Project\Datasets\binary_networks\LFR2\networ_LFR2_Om4.dat
# at no lower link weight threshold,
# and at no upper link weight threshold.
# Links were treated as undirected.
# No time limit was set for the clique search.

0:
979 989
979 931
979 956
979 978
979 877
979 937
979 973
979 942
979 944
979 793
979 776
989 931
989 956
989 978
989 937
989 973
989 942
989 944
931 956
931 978
931 877
931 937
931 973
931 942
931 944
931 793
931 776
956 978
956 877
956 937
956 973
956 942
956 944
956 793
956 776
978 877
978 937
978 973
978 942
978 944
978 793
978 776
877 937
877 973
877 942
877 944
877 793
937 973
937 942
937 944
937 793
937 776
973 942
973 944
973 793
973 776
942 944
942 793
942 776
944 793
944 776
1:
943 947
943 896
943 922
943 906
943 863
943 870
943 827
943 914
947 896
947 922
947 906
947 863
947 870
947 827
947 914
896 922
896 906
896 863
896 870
896 827
896 914
922 906
922 863
922 870
922 827
922 914
906 863
906 870
906 827
906 914
863 870
863 827
863 914
870 827
870 914
827 914
