# The links inside the communities at k=6
# from G:\Dropbox\Raghda\CNA\Final Project\other methods\CFinder-2.0.6--1448\G:\Dropbox\Raghda\CNA\Final Project\Datasets\binary_networks\LFR6\network_LFR6_Om3.dat
# at no lower link weight threshold,
# and at no upper link weight threshold.
# Links were treated as undirected.
# No time limit was set for the clique search.

0:
749 994
749 939
749 990
749 953
749 546
749 479
994 829
994 939
994 990
994 953
994 546
994 826
994 479
994 674
829 939
829 990
829 953
829 674
939 990
939 953
939 546
939 826
939 479
939 674
990 953
990 546
990 826
990 479
990 674
953 546
953 826
953 479
953 674
546 674
826 674
479 674
1:
927 958
927 967
927 938
927 963
927 875
927 801
927 665
927 681
958 967
958 938
958 801
958 681
967 938
967 875
967 801
967 665
967 681
938 963
938 875
938 801
938 665
938 681
963 875
963 801
963 665
875 801
875 665
875 681
801 665
801 681
2:
914 976
914 925
914 968
914 971
914 869
976 925
976 968
976 971
976 947
976 869
976 721
925 968
925 971
925 947
925 869
925 721
968 971
968 947
968 869
968 721
971 947
971 869
971 721
947 869
869 721
3:
934 871
934 907
934 961
934 991
934 947
934 695
871 907
871 961
871 991
871 947
871 695
907 961
907 991
907 947
907 695
961 991
961 695
991 947
991 695
947 695
4:
809 982
809 984
809 903
809 993
809 782
982 984
982 903
982 993
982 990
982 782
984 903
984 983
984 993
984 765
984 990
984 782
903 993
903 765
903 990
903 782
983 993
983 765
983 990
983 782
993 765
993 990
993 782
765 990
765 782
990 782
5:
969 952
969 989
969 963
969 988
969 831
952 989
952 963
952 988
952 831
989 963
989 988
989 831
963 988
963 831
988 831
