# The links inside the communities at k=8
# from G:\Dropbox\Raghda\CNA\Final Project\other methods\CFinder-2.0.6--1448\G:\Dropbox\Raghda\CNA\Final Project\Datasets\binary_networks\LFR3\network_LFR3_Om2.dat
# at no lower link weight threshold,
# and at no upper link weight threshold.
# Links were treated as undirected.
# No time limit was set for the clique search.

0:
864 927
864 947
864 991
864 968
864 979
864 904
864 919
864 999
864 770
864 808
927 947
927 991
927 968
927 979
927 962
927 901
927 904
927 919
927 999
927 770
927 803
927 724
927 808
947 991
947 968
947 962
947 901
947 904
947 919
947 999
947 803
947 808
991 968
991 979
991 962
991 901
991 904
991 919
991 999
991 770
991 803
991 724
991 808
968 979
968 962
968 901
968 904
968 919
968 999
968 770
968 803
968 808
979 962
979 901
979 904
979 919
979 999
979 770
979 803
979 724
979 808
962 901
962 904
962 919
962 770
962 803
962 724
962 808
901 904
901 919
901 999
901 770
901 803
901 724
901 808
904 919
904 999
904 770
904 724
904 808
919 999
919 724
919 808
999 770
999 803
999 724
999 808
803 808
1:
961 993
961 969
961 866
961 932
961 917
961 942
961 920
961 843
993 969
993 866
993 932
993 917
993 942
993 920
993 843
969 866
969 932
969 917
969 942
969 920
969 843
866 932
866 942
866 920
866 843
932 917
932 942
932 920
932 843
917 942
917 920
917 843
942 920
942 843
920 843
2:
961 993
961 969
961 917
961 942
961 879
961 905
961 920
993 969
993 917
993 942
993 879
993 905
993 920
969 917
969 942
969 879
969 905
969 920
917 942
917 879
917 905
917 920
942 879
942 905
942 920
879 905
879 920
905 920
