# The contained cliques in the communities at k=4
# from G:\Dropbox\Raghda\CNA\Final Project\other methods\CFinder-2.0.6--1448\G:\Dropbox\Raghda\CNA\Final Project\Datasets\binary_networks\LFR3\network_LFR3_Om6.dat
# at no lower link weight threshold,
# and at no upper link weight threshold.
# Links were treated as undirected.
# No time limit was set for the clique search.

0: 0 1126 220 565 833 835 995 1110 1127 1128 1130 1253 1254 1295 1298 1300 1364 1470 1486 1487 1489 566 208 515 834 1106 1257 1296 1366 207 514 1105 1201 1365 516 589 1107 1439 1108 352 1163 1440 282 997 1164 1165 1166 1368 1438 283 1371 1473 614 669 1301 1363 1370 1488 613 668 1367 1369 1437 1441 1258 1442 1472 774 1255 1259 775 776 778 998 1299 1297 1252 1256 1469 802 658 657 355 1491 214 1509 139 138 1109 1204 1205 1202 1302 1203 1490 1304 1167 1129 1131 
1: 2 4 5 7 298 519 520 523 524 525 526 701 702 843 845 846 963 964 1066 1067 1224 3 521 522 297 518 706 707 708 302 303 10 304 704 705 305 8 162 56 55 299 301 9 
2: 12 176 611 693 780 916 1140 1141 1172 1434 612 694 768 223 53 323 310 918 1173 1143 543 72 
3: 14 1092 1132 23 32 106 124 291 406 414 438 466 508 570 630 692 737 738 772 849 1093 1133 1400 724 1477 1550 132 556 691 689 322 437 439 509 571 631 1287 
4: 16 17 840 1311 1312 1086 1160 1467 650 651 791 841 842 911 1087 1088 1095 1161 1360 1468 1557 652 709 1027 1097 1175 1578 710 1096 1493 128 326 423 424 1094 1098 1361 70 1162 264 725 912 792 284 467 146 145 1176 623 
5: 24 426 490 1011 1492 110 140 180 198 293 373 684 
6: 25 1379 107 122 280 851 1039 1045 1158 1278 1377 1380 1381 1157 1564 1563 852 853 174 1040 1228 1037 1041 1036 1038 1284 1378 429 573 1227 575 673 1229 732 730 1277 1156 1046 1044 1047 713 1048 712 172 
7: 26 43 79 247 255 359 502 628 678 695 797 822 876 1292 194 
8: 27 28 1443 1444 1461 1526 483 580 1334 1445 1446 1450 1528 581 1274 1335 1336 1451 1452 1454 1535 370 838 908 1337 1453 1455 1530 1536 219 371 378 553 638 646 836 839 906 909 1181 1581 102 904 903 596 902 1182 1531 595 1529 377 959 1178 1179 1525 1534 376 379 289 837 958 960 961 1524 290 637 267 551 1349 1350 266 552 554 1353 962 1354 1351 1352 488 735 1572 561 647 784 907 955 1571 562 744 785 742 743 922 923 360 1272 563 584 1153 188 432 585 1152 433 1154 455 1155 454 956 400 402 141 
9: 29 95 286 292 399 415 468 619 620 817 818 824 825 826 993 994 273 287 469 274 1177 
10: 33 592 798 814 1043 1125 131 270 296 332 351 418 425 440 795 811 945 1476 1513 1514 117 1373 
11: 36 854 127 639 771 855 965 966 640 617 618 910 226 1042 
12: 39 195 793 970 1269 196 1520 609 728 1268 1517 607 608 1408 1519 1406 1409 666 806 1015 1267 1407 1518 1016 1019 1017 1266 1018 1270 1090 1342 1410 1411 807 1341 1344 275 1339 1413 1414 794 1412 1265 879 881 
13: 52 68 114 164 193 202 278 350 615 616 629 649 727 801 812 813 819 931 1053 1054 1199 1200 1263 1264 1305 1382 1415 1562 334 1553 178 1390 
14: 57 58 890 1238 1401 1496 1543 781 815 1008 1215 1239 1355 1402 1544 782 816 1216 1523 1356 1547 1570 163 256 393 394 446 458 599 687 779 1009 1231 1357 1358 1359 1403 1405 1497 1498 1499 688 1217 1190 1187 1188 1189 1185 1186 1183 1184 1234 1235 1010 1032 1230 369 598 1031 368 1028 1030 889 1029 1522 1000 1232 1233 1404 1001 1006 1004 339 338 1057 1058 1059 1060 681 679 680 84 85 97 452 541 453 891 1168 1169 444 722 
15: 63 197 583 604 605 659 1062 1063 1206 1207 1313 1314 1315 1459 1460 1481 1482 1483 1484 1485 1566 179 486 591 600 739 740 763 1064 1316 1317 1318 1319 1320 1321 1322 1323 1324 1325 1505 1506 1512 1537 1538 1539 1540 1541 1542 1569 90 251 494 535 761 827 830 888 932 933 934 1242 1243 1244 1245 1246 1247 1248 1326 1327 1507 1508 920 1328 413 828 409 408 395 396 397 248 660 1567 492 1251 491 621 762 1249 1250 294 479 1209 1013 1208 682 1012 1014 683 1584 831 1504 603 829 601 602 77 764 587 586 320 319 
16: 67 86 209 279 349 380 746 747 750 953 954 1035 1210 1279 381 
17: 76 91 157 159 281 306 333 342 362 416 417 449 510 593 594 606 685 686 982 983 999 1050 1051 1071 142 229 450 230 405 404 1347 1052 
18: 78 269 517 622 696 789 796 1466 
19: 87 239 348 434 435 471 759 760 980 981 1333 105 237 447 635 238 448 268 100 242 288 634 636 633 243 
20: 94 120 358 441 487 655 926 927 1222 1223 1240 1293 1348 1577 121 697 799 928 929 1241 1294 1558 431 698 987 989 1120 800 988 1119 398 715 985 1118 228 227 125 277 353 388 126 316 295 495 765 766 579 714 767 354 716 199 984 986 158 253 476 1548 475 477 
21: 98 99 427 661 786 856 787 978 653 699 752 857 914 216 428 753 
22: 170 171 1345 627 823 948 950 1102 1103 1306 1307 1396 386 387 503 504 676 677 810 820 936 937 946 947 949 951 1076 1077 1078 1111 1112 1113 1219 1220 1308 1309 1392 1393 1394 1397 1398 1399 1416 1417 1554 808 809 938 939 1218 1395 1516 1079 821 1561 472 538 539 1346 1310 
23: 184 967 968 512 896 942 969 1134 1135 1136 511 513 940 497 898 899 900 941 943 496 901 588 897 481 582 480 
24: 203 330 285 343 992 990 991 
25: 221 389 790 748 749 741 363 
26: 222 670 886 1089 1137 1211 885 1138 720 
27: 325 
28: 327 
29: 372 745 544 
30: 484 485 1194 1195 1196 1197 1198 1082 1236 1427 1080 1081 1237 882 883 884 642 861 862 1280 1282 892 1283 871 1281 1475 
31: 893 
32: 944 
