# The links inside the communities at k=4
# from G:\Dropbox\Raghda\CNA\Final Project\other methods\CFinder-2.0.6--1448\G:\Dropbox\Raghda\CNA\Final Project\Datasets\binary_networks\LFR3\network_LFR3_Om6.dat
# at no lower link weight threshold,
# and at no upper link weight threshold.
# Links were treated as undirected.
# No time limit was set for the clique search.

0:
1 725
1 900
1 979
725 900
725 979
725 849
725 982
725 821
725 984
725 706
725 756
900 979
900 830
900 956
900 982
900 984
900 751
900 416
900 660
900 476
900 766
900 829
900 569
900 745
900 756
963 979
963 830
963 849
963 956
963 982
963 974
963 821
963 751
963 416
963 250
963 729
963 936
963 385
963 660
963 672
963 400
963 427
963 706
963 566
963 476
963 766
963 569
963 745
963 756
979 956
979 982
979 203
979 984
979 751
979 416
979 250
979 936
979 44
979 672
979 400
979 929
979 428
979 706
979 468
979 476
979 766
979 829
979 569
979 745
830 956
830 982
830 821
830 984
830 751
830 936
830 537
830 829
849 956
849 982
849 951
849 821
849 729
849 936
849 672
849 427
849 73
956 951
956 203
956 821
956 984
956 751
956 250
956 936
956 273
956 672
956 400
956 427
956 428
956 706
956 566
956 766
956 829
982 821
982 984
982 751
982 416
982 250
982 729
982 936
982 385
982 44
982 660
982 672
982 400
982 428
982 566
982 766
982 829
982 569
982 745
982 756
982 73
951 936
951 829
974 984
974 936
974 766
974 745
203 821
203 984
821 984
821 936
821 468
821 766
984 729
984 936
984 273
984 68
984 44
984 660
984 672
984 929
984 706
984 566
984 468
984 537
984 829
984 569
984 745
984 756
751 672
751 566
751 829
751 745
729 936
729 745
729 756
936 273
936 68
936 660
936 428
936 468
936 476
936 766
936 829
936 569
936 745
936 73
385 672
273 68
660 566
660 745
400 427
929 829
929 756
706 766
706 745
706 756
476 766
766 829
766 756
537 829
829 756
829 73
1:
980 1000
980 115
980 146
980 158
980 165
980 177
980 255
980 339
980 347
980 431
980 435
980 453
980 459
980 462
980 475
980 510
980 527
980 535
980 554
980 57
980 600
980 604
980 617
980 666
980 688
980 692
980 755
980 838
980 894
980 941
980 134
980 219
980 881
1000 115
1000 146
1000 158
1000 165
1000 177
1000 255
1000 27
1000 320
1000 339
1000 347
1000 431
1000 435
1000 453
1000 459
1000 462
1000 475
1000 510
1000 527
1000 535
1000 554
1000 57
1000 600
1000 604
1000 617
1000 666
1000 688
1000 692
1000 755
1000 838
1000 894
1000 941
115 666
115 941
146 453
146 941
158 941
165 941
177 755
255 535
255 894
255 941
27 604
27 838
320 462
320 688
320 894
339 431
339 692
339 838
347 527
347 600
347 838
431 535
431 894
435 600
435 604
435 894
435 941
453 554
453 838
453 894
459 666
459 692
459 941
462 688
462 941
475 838
475 894
475 941
510 692
510 755
510 894
510 941
527 688
527 692
527 838
535 755
535 894
554 617
554 755
554 894
57 692
600 755
600 941
604 838
604 894
604 941
617 688
617 894
617 941
617 134
666 755
666 894
666 941
666 881
688 838
688 894
688 941
692 838
692 941
755 838
755 894
755 941
838 894
838 941
838 134
838 219
894 941
894 219
941 134
941 219
941 881
2:
966 102
966 943
966 971
966 970
966 709
966 133
966 809
966 268
966 703
966 229
966 303
966 704
966 901
966 30
966 929
966 496
966 539
966 582
966 500
966 571
102 943
102 971
681 943
681 704
681 582
943 971
943 970
943 709
943 133
943 809
943 703
943 951
943 229
943 704
943 901
943 30
943 881
943 496
943 539
943 582
943 500
943 571
971 970
971 709
971 809
971 268
971 703
971 148
971 422
971 951
971 229
971 303
971 704
971 901
971 881
971 929
971 496
971 582
971 500
971 571
970 709
970 703
709 809
709 703
709 148
709 422
133 809
809 422
809 303
809 704
809 901
809 571
268 704
703 30
703 929
703 539
148 422
951 496
704 881
704 582
496 500
539 500
500 571
3:
103 705
103 962
103 995
705 962
705 995
705 805
705 969
705 785
705 685
705 901
705 731
705 501
962 995
962 108
962 805
962 969
962 117
962 601
962 850
962 180
962 785
962 193
962 199
962 572
962 449
962 315
962 685
962 538
962 901
962 880
962 311
962 325
962 356
962 731
962 448
962 548
962 501
962 79
995 108
995 805
995 969
995 970
995 117
995 601
995 850
995 180
995 785
995 193
995 199
995 572
995 315
995 685
995 827
995 465
995 538
995 880
995 311
995 325
995 336
995 839
995 356
995 394
995 731
995 548
995 495
995 79
108 805
108 969
805 969
805 117
805 785
805 193
805 685
805 465
805 394
969 970
969 117
969 601
969 785
969 193
969 685
969 827
969 465
969 538
969 901
969 880
969 325
969 336
969 839
969 394
969 731
969 448
969 548
969 501
969 79
970 785
970 336
970 448
601 880
601 731
601 495
850 731
180 785
785 685
785 538
785 880
785 311
785 356
785 448
199 572
572 449
572 880
572 495
449 880
315 325
685 880
685 336
827 880
465 548
538 731
901 880
880 356
880 731
880 448
880 548
880 495
880 79
336 839
394 731
731 501
4:
105 780
105 835
105 942
105 949
780 942
780 949
780 892
780 930
780 939
780 940
780 774
780 358
780 442
780 576
835 942
835 949
835 837
835 924
835 892
835 930
835 671
835 940
835 208
835 719
835 696
835 515
942 949
942 511
942 924
942 892
942 930
942 939
942 927
942 671
942 940
942 573
942 208
942 719
942 721
942 774
942 358
942 929
942 586
942 464
942 515
942 576
942 74
949 511
949 837
949 924
949 892
949 930
949 939
949 927
949 671
949 940
949 326
949 719
949 696
949 323
949 774
949 929
949 442
949 464
949 642
949 576
949 58
511 930
511 939
511 940
511 642
837 892
837 930
837 939
837 940
837 696
837 323
837 774
837 586
924 144
924 892
924 930
924 939
924 671
924 196
924 940
924 326
924 719
924 696
924 721
924 323
924 774
924 586
924 464
924 642
924 576
144 892
144 930
144 939
892 930
892 939
892 671
892 940
892 774
892 358
892 586
892 515
892 58
892 74
930 939
930 196
930 940
930 573
930 208
930 696
930 721
930 774
930 929
930 442
930 586
930 464
930 642
939 927
939 671
939 196
939 940
939 208
939 326
939 719
939 696
939 721
939 642
939 515
927 671
671 464
196 940
940 573
940 326
940 696
940 721
940 323
940 774
940 358
940 515
940 576
940 58
940 74
573 774
719 721
719 576
696 721
696 323
721 929
464 642
5:
11 840
11 914
11 946
840 914
840 946
840 882
840 814
840 875
840 244
840 844
840 287
840 327
840 826
840 380
840 734
840 488
840 686
914 946
914 882
914 184
914 814
914 875
914 204
914 230
914 844
914 327
914 826
914 380
914 734
914 686
914 92
946 882
946 184
946 814
946 875
946 204
946 230
946 244
946 844
946 287
946 327
946 826
946 380
946 734
946 488
946 686
946 92
184 814
184 875
814 875
814 230
814 844
814 826
814 380
814 734
814 686
875 204
875 230
875 244
875 844
875 287
875 327
875 826
875 734
875 488
875 686
875 92
244 844
844 287
844 327
844 826
844 380
844 734
844 488
844 686
844 92
826 734
826 686
734 686
6:
867 862
867 884
867 738
867 808
867 708
867 912
867 519
867 425
867 749
867 757
867 649
867 773
994 862
994 578
994 884
994 897
994 738
994 603
994 974
994 181
994 808
994 192
994 708
994 912
994 227
994 519
994 794
994 228
994 950
994 425
994 749
994 330
994 757
994 478
994 649
994 645
994 773
994 83
862 110
862 884
862 897
862 738
862 603
862 181
862 192
862 649
862 645
862 773
110 884
110 897
578 912
578 645
578 773
884 897
884 603
884 808
884 912
884 794
884 749
884 330
884 757
884 649
884 773
897 974
897 181
897 192
897 708
897 912
897 227
897 794
897 950
897 749
897 773
897 83
738 808
738 912
738 519
738 794
738 757
738 645
603 808
603 912
603 794
603 228
974 912
974 950
808 794
808 228
808 649
708 950
708 749
708 773
708 83
912 425
912 330
912 757
912 478
912 649
912 773
227 794
519 757
794 645
794 773
425 757
749 645
749 773
330 757
757 478
645 773
773 83
7:
895 112
895 931
895 965
895 127
895 889
895 155
895 951
895 722
895 276
895 694
895 390
895 41
895 444
895 765
895 481
895 49
895 497
895 531
895 559
112 931
112 965
931 965
931 127
931 889
931 155
931 951
931 722
931 240
931 276
931 694
931 390
931 41
931 444
931 765
931 481
931 49
931 497
931 531
931 559
965 127
965 889
965 155
965 951
965 722
965 240
965 276
965 694
965 390
965 41
965 444
965 765
965 481
965 49
965 497
965 531
965 559
127 889
889 155
889 951
889 722
889 240
889 276
889 694
889 390
889 41
889 444
889 765
889 481
889 49
889 497
889 531
889 559
951 765
722 694
722 765
694 765
694 531
694 559
444 765
765 481
765 497
765 531
765 559
8:
651 920
651 761
651 959
651 983
651 824
668 938
668 978
668 817
668 983
668 855
668 857
668 778
975 970
975 113
975 961
975 978
975 990
975 920
975 717
975 959
975 419
975 430
975 553
975 817
975 983
975 277
975 754
975 855
975 857
975 707
975 332
975 471
975 379
975 580
975 824
975 626
975 505
975 575
970 978
970 990
970 920
970 959
970 983
970 855
113 938
113 961
113 978
938 961
938 978
938 981
938 920
938 761
938 959
938 419
938 817
938 983
938 754
938 807
938 855
938 857
938 455
938 332
938 372
938 411
938 80
961 978
961 920
961 761
961 959
961 450
961 237
961 430
961 817
961 983
961 754
961 807
961 291
961 855
961 857
961 309
961 455
961 707
961 778
961 372
961 471
961 824
961 456
961 624
961 6
978 981
978 174
978 761
978 959
978 205
978 450
978 817
978 983
978 807
978 283
978 29
978 855
978 455
978 778
978 372
978 379
978 824
978 626
978 456
978 461
978 575
978 6
978 80
990 920
981 920
981 717
981 174
981 761
981 959
981 205
981 450
981 983
981 807
981 546
981 283
981 29
981 291
981 855
981 857
981 309
981 455
981 707
981 778
981 350
981 471
981 580
981 824
981 626
981 456
981 575
920 959
920 983
920 807
920 546
920 855
920 857
920 707
920 350
920 411
920 580
920 461
920 505
920 624
717 959
717 283
717 857
717 350
717 824
174 761
761 959
761 983
761 29
761 580
761 824
959 419
959 817
959 983
959 277
959 754
959 807
959 546
959 283
959 291
959 857
959 455
959 707
959 332
959 471
959 824
959 626
959 461
959 505
959 624
959 575
205 450
450 983
450 857
419 983
419 626
237 430
237 817
430 817
553 983
553 855
817 277
817 754
817 855
817 824
817 624
817 6
983 283
983 29
983 291
983 855
983 857
983 309
983 707
983 778
983 379
983 411
983 580
983 824
983 626
983 456
983 461
983 505
983 575
983 6
983 80
277 754
754 824
754 624
807 857
807 778
807 824
546 855
546 505
291 855
855 707
855 575
857 332
857 778
857 350
857 471
309 707
707 626
778 456
778 80
411 580
505 624
9:
800 851
800 919
800 724
114 789
114 851
114 919
114 933
789 851
789 919
789 933
789 724
789 665
789 316
789 359
789 678
789 556
789 563
789 75
851 919
851 933
851 169
851 845
851 724
851 308
851 665
851 316
851 438
851 678
851 556
851 563
851 98
919 933
919 169
919 845
919 724
919 308
919 665
919 316
919 359
919 438
919 678
919 556
919 563
919 91
919 75
919 98
933 169
933 845
933 724
933 308
933 665
933 316
933 359
933 438
933 678
933 556
933 563
933 91
933 75
933 98
169 845
845 724
845 308
845 665
845 359
845 438
845 556
845 563
845 91
845 75
724 665
724 316
724 678
724 556
308 665
665 563
438 678
678 556
678 563
678 91
10:
953 852
953 887
953 987
953 927
953 846
953 19
953 909
953 198
953 932
953 950
953 827
953 305
953 269
953 847
953 879
953 321
953 324
953 337
953 407
953 763
953 520
953 532
953 544
953 550
953 650
953 609
953 65
953 676
953 94
118 852
118 887
118 987
852 887
852 987
852 846
852 909
852 932
852 847
852 879
852 321
852 337
852 407
852 532
852 550
852 650
852 676
887 987
887 846
887 909
887 932
887 847
887 879
887 324
887 407
887 520
887 532
887 544
887 550
887 650
887 609
887 65
887 676
987 927
987 846
987 19
987 909
987 198
987 932
987 950
987 827
987 305
987 269
987 847
987 879
987 321
987 324
987 407
987 763
987 520
987 532
987 544
987 550
987 650
987 609
987 65
987 676
987 94
927 847
927 879
846 909
846 932
846 847
846 879
846 337
846 650
846 609
846 676
19 909
909 198
909 932
909 305
909 847
909 879
909 321
909 324
909 337
909 520
909 532
909 544
909 550
909 650
909 609
909 676
198 932
932 950
932 827
932 305
932 847
932 879
932 324
932 337
932 407
932 520
932 532
932 544
932 550
932 650
932 609
932 65
932 676
932 94
950 847
950 879
950 763
269 847
269 879
847 879
847 407
847 520
847 544
847 650
847 676
879 321
879 520
879 532
879 609
879 676
11:
121 598
121 647
121 916
598 647
598 916
598 750
598 831
598 585
598 457
647 916
647 927
647 750
647 831
647 813
647 653
916 882
916 927
916 195
916 750
916 831
916 813
916 54
916 437
916 521
916 585
916 457
916 653
882 831
882 653
927 831
927 813
195 750
195 831
750 831
750 813
750 521
750 457
750 653
831 813
831 54
831 437
831 521
831 585
831 653
813 437
813 521
813 585
813 457
813 653
54 585
437 521
437 585
521 457
521 653
585 653
12:
890 926
890 977
890 898
890 905
890 868
890 735
890 819
890 634
890 792
890 423
890 473
890 541
926 952
926 804
926 898
926 630
926 868
926 560
926 690
926 775
926 735
926 423
952 977
952 804
952 823
952 898
952 123
952 630
952 868
952 560
952 690
952 775
952 241
952 735
952 819
952 634
952 792
952 423
952 517
952 541
952 78
977 804
977 811
977 823
977 905
977 123
977 630
977 868
977 775
977 241
977 822
977 735
977 819
977 620
977 634
977 792
977 473
977 517
977 541
977 78
804 775
804 78
811 898
811 905
811 620
811 634
823 630
823 868
823 822
823 792
823 517
898 905
898 868
898 560
898 241
898 819
898 620
898 792
898 423
905 868
905 620
905 634
905 792
905 423
905 473
905 541
123 630
123 868
630 868
630 517
868 241
868 822
868 735
868 517
690 735
690 634
775 822
775 792
775 541
822 819
822 792
822 517
735 634
735 792
819 792
13:
790 999
790 967
790 881
923 989
923 991
923 999
923 142
923 967
923 893
923 896
923 741
923 24
923 718
923 791
923 433
923 788
923 463
923 798
923 536
923 545
923 547
923 591
923 628
923 776
923 742
132 989
132 991
132 999
989 991
989 999
989 142
989 951
989 187
989 967
989 555
989 220
989 893
989 896
989 741
989 24
989 247
989 267
989 885
989 718
989 429
989 791
989 433
989 447
989 788
989 463
989 798
989 536
989 545
989 547
989 557
989 591
989 628
989 776
989 7
989 742
991 999
991 142
991 951
991 187
991 967
991 555
991 220
991 893
991 896
991 741
991 24
991 247
991 256
991 267
991 885
991 881
991 718
991 429
991 791
991 433
991 447
991 788
991 463
991 798
991 536
991 545
991 547
991 557
991 591
991 628
991 776
991 7
991 742
999 142
999 951
999 187
999 967
999 555
999 220
999 23
999 893
999 896
999 741
999 24
999 247
999 256
999 267
999 885
999 881
999 718
999 429
999 791
999 433
999 447
999 788
999 463
999 798
999 536
999 545
999 547
999 557
999 591
999 628
999 776
999 7
999 742
951 967
951 788
187 967
967 555
967 220
967 893
967 896
967 741
967 256
967 267
967 881
967 718
967 429
967 791
967 433
967 447
967 788
967 463
967 798
967 536
967 545
967 547
967 557
967 591
967 628
967 776
967 7
967 742
555 893
555 896
23 893
23 896
893 896
893 741
893 247
893 256
893 718
893 791
893 788
893 798
893 557
893 591
893 776
893 742
896 741
896 256
896 718
896 791
896 788
896 798
896 536
896 547
896 557
896 591
896 776
896 742
741 718
741 791
741 788
741 628
718 798
718 742
429 791
791 798
791 545
791 776
447 788
788 798
788 776
788 742
798 628
798 776
798 742
628 776
776 742
14:
973 970
973 990
973 746
973 877
973 910
973 960
973 747
973 863
973 491
973 988
973 915
973 928
973 945
973 22
973 937
973 261
973 843
973 869
973 351
973 302
973 777
973 872
973 367
973 783
973 639
973 353
973 589
973 413
973 640
973 552
973 490
970 990
970 928
970 869
970 589
970 640
990 882
990 746
990 135
990 877
990 910
990 960
990 747
990 988
990 16
990 915
990 170
990 945
990 937
990 950
990 701
990 843
990 869
990 655
990 777
990 872
990 367
990 783
990 639
990 353
990 589
990 413
990 640
990 482
990 504
990 551
990 727
882 960
882 937
746 910
746 863
746 928
746 945
746 777
746 783
746 730
135 877
135 910
135 960
877 960
877 747
877 988
877 915
877 945
877 516
877 937
877 701
877 843
877 872
877 344
877 783
877 589
877 490
877 638
910 960
910 747
910 863
910 945
910 655
910 777
910 872
910 783
910 639
910 504
910 551
910 727
960 747
960 863
960 988
960 915
960 945
960 22
960 937
960 950
960 843
960 869
960 777
960 872
960 783
960 639
960 730
960 589
960 552
960 490
960 50
960 504
960 551
960 727
960 638
747 988
747 937
747 701
747 872
747 640
863 988
863 915
863 928
863 937
863 843
863 655
863 777
863 783
863 348
863 730
491 915
491 843
988 16
988 915
988 928
988 170
988 945
988 516
988 22
988 937
988 261
988 843
988 869
988 302
988 777
988 872
988 367
988 783
988 353
988 730
988 589
988 482
988 552
988 490
988 551
988 727
988 638
16 915
16 928
915 928
915 945
915 937
915 950
915 843
915 869
915 872
915 348
915 639
915 413
915 640
915 482
915 552
928 945
928 937
928 843
928 302
928 655
928 777
928 639
928 730
928 640
928 482
928 490
928 727
170 945
945 516
945 937
945 950
945 843
945 869
945 351
945 655
945 872
945 344
945 783
945 639
945 730
945 413
945 640
22 937
937 950
937 843
937 869
937 302
937 655
937 777
937 872
937 348
937 50
937 504
937 551
937 727
261 843
261 869
701 843
701 589
843 367
843 783
869 302
869 872
869 783
869 348
869 727
869 638
351 872
351 639
777 413
777 50
872 504
872 551
872 727
872 638
344 783
783 638
730 727
482 552
15:
970 986
970 993
970 957
970 903
767 986
767 993
767 997
767 998
767 957
767 976
767 902
767 848
767 911
767 856
767 903
767 836
434 986
434 993
434 998
434 957
434 948
986 993
986 997
986 998
986 957
986 976
986 902
986 974
986 375
986 740
986 848
986 529
986 911
986 615
986 948
986 314
986 828
986 903
986 418
986 382
986 526
986 637
986 404
986 417
986 45
986 836
986 483
986 618
986 564
986 567
986 595
986 652
139 993
139 997
139 998
993 997
993 998
993 153
993 934
993 957
993 976
993 902
993 974
993 848
993 85
993 243
993 529
993 304
993 615
993 948
993 312
993 828
993 903
993 370
993 484
993 381
993 382
993 530
993 818
993 414
993 417
993 42
993 715
993 469
993 836
993 483
993 652
997 998
997 934
997 957
997 976
997 163
997 902
997 740
997 848
997 85
997 243
997 529
997 911
997 615
997 948
997 856
997 828
997 903
997 374
997 484
997 418
997 382
997 526
997 530
997 404
997 818
997 417
997 42
997 45
997 715
997 469
997 836
997 564
997 595
997 652
998 934
998 957
998 976
998 902
998 974
998 740
998 848
998 243
998 911
998 948
998 856
998 828
998 903
998 370
998 374
998 484
998 526
998 637
998 404
998 818
998 414
998 417
998 439
998 715
998 469
998 483
998 564
998 567
998 652
998 86
153 934
153 957
153 976
934 957
934 976
934 902
934 375
934 740
934 529
934 911
934 948
934 856
934 828
934 903
934 370
934 526
934 818
934 439
934 715
934 836
934 86
957 976
957 163
957 902
957 740
957 615
957 948
957 856
957 828
957 903
957 370
957 381
957 382
957 530
957 404
957 818
957 417
957 42
957 439
957 469
957 836
957 567
957 595
976 163
976 902
976 375
976 848
976 85
976 243
976 529
976 911
976 304
976 948
976 312
976 856
976 828
976 903
976 374
976 484
976 530
976 404
976 414
976 45
976 836
976 618
976 567
976 595
976 652
902 375
902 848
902 911
902 304
902 312
902 856
902 381
902 818
902 715
902 836
974 637
974 836
974 567
740 911
740 948
740 903
740 439
740 836
848 529
848 948
848 856
848 314
848 828
848 45
848 836
848 618
911 948
911 312
911 856
911 903
911 637
911 818
911 414
911 715
911 595
911 86
304 615
304 948
615 948
615 828
948 856
948 314
948 828
948 484
948 418
948 530
948 637
948 818
948 439
948 715
948 483
948 595
948 652
948 86
312 856
856 903
856 526
856 836
856 483
856 652
314 828
828 903
828 618
828 564
903 381
903 418
903 526
903 637
903 469
903 836
374 484
530 715
818 414
818 417
818 715
818 564
818 652
469 836
836 595
618 564
16:
141 832
141 833
141 917
141 935
832 833
832 917
832 935
832 160
832 266
832 787
832 518
832 752
832 542
832 631
832 714
832 627
832 70
833 917
833 935
833 160
833 950
833 258
833 266
833 787
833 292
833 752
833 542
833 631
833 714
917 935
917 160
917 950
917 258
917 266
917 787
917 292
917 518
917 752
917 542
917 631
917 714
917 627
917 70
935 160
935 950
935 258
935 266
935 787
935 292
935 518
935 752
935 542
935 631
935 714
935 627
935 70
950 787
950 752
266 787
787 518
787 752
787 542
787 631
787 714
787 627
292 518
292 752
518 752
518 631
752 714
752 627
542 714
631 714
631 627
714 627
714 70
17:
349 954
349 955
349 996
349 254
682 954
682 955
682 712
682 996
682 860
682 262
682 764
682 310
682 319
954 955
954 150
954 712
954 996
954 164
954 860
954 215
954 656
954 217
954 723
954 254
954 262
954 764
954 278
954 31
954 319
954 644
954 839
954 346
954 395
954 408
954 420
954 489
954 669
954 629
954 84
955 150
955 712
955 996
955 164
955 860
955 850
955 206
955 215
955 656
955 217
955 723
955 254
955 262
955 764
955 278
955 310
955 319
955 644
955 346
955 376
955 395
955 408
955 420
955 489
955 669
955 629
955 84
150 712
150 996
712 996
712 860
712 278
712 489
712 669
712 629
996 164
996 860
996 206
996 215
996 656
996 217
996 723
996 254
996 262
996 764
996 278
996 31
996 310
996 319
996 644
996 839
996 346
996 376
996 395
996 408
996 420
996 489
996 669
996 629
996 84
164 860
860 850
860 206
860 723
860 278
860 31
860 644
860 346
860 376
860 489
860 669
860 629
850 669
215 656
656 31
656 310
656 644
656 629
217 723
723 254
723 395
723 408
723 489
723 84
262 764
764 310
764 644
764 839
764 408
764 420
764 669
764 629
319 644
644 420
346 376
669 629
18:
825 876
825 815
825 865
825 871
825 728
825 401
825 929
825 441
825 499
825 528
825 523
825 584
876 154
876 815
876 865
876 871
876 728
876 929
876 441
876 499
876 528
876 523
876 584
876 62
154 815
154 865
154 871
815 865
815 871
815 728
815 401
815 441
815 499
815 528
815 523
815 584
815 62
865 871
865 728
865 401
865 929
865 499
865 528
865 523
865 584
865 62
871 728
871 401
871 929
871 441
871 499
871 528
871 523
871 584
871 62
728 441
728 528
728 523
728 584
523 584
19:
161 861
161 899
161 958
861 899
861 958
861 172
861 663
861 772
861 265
861 328
861 797
861 334
861 522
861 659
861 771
861 36
861 361
861 39
861 472
861 82
899 958
899 663
899 772
899 64
899 265
899 328
899 797
899 334
899 522
899 345
899 659
899 771
899 35
899 36
899 361
899 61
958 172
958 663
958 772
958 64
958 265
958 328
958 797
958 334
958 522
958 345
958 659
958 771
958 35
958 36
958 361
958 39
958 454
958 472
958 61
958 82
172 663
172 772
663 772
663 771
663 454
663 61
772 797
772 522
772 39
772 454
772 472
772 82
64 797
265 328
265 797
328 797
797 334
797 345
797 35
797 36
797 454
797 472
334 522
522 659
522 771
345 659
345 771
659 771
659 35
771 361
771 39
771 472
771 61
454 472
20:
743 784
743 524
743 968
743 922
743 985
743 399
743 972
743 908
743 275
743 533
784 524
784 968
784 922
784 985
784 972
784 271
784 770
784 366
784 533
784 674
524 985
524 886
524 972
524 737
882 985
882 972
882 908
968 951
968 168
968 922
968 985
968 191
968 886
968 194
968 399
968 972
968 737
968 908
968 271
968 275
968 297
968 403
968 770
968 51
968 341
968 378
968 387
968 533
968 467
968 733
968 502
968 540
968 583
968 8
968 96
951 922
951 985
951 886
168 922
168 985
922 985
922 191
922 972
922 737
922 216
922 908
922 636
922 275
922 770
922 341
922 366
922 378
922 467
922 733
922 47
922 674
922 583
985 191
985 886
985 194
985 972
985 737
985 908
985 245
985 636
985 271
985 275
985 297
985 403
985 770
985 307
985 51
985 331
985 341
985 378
985 467
985 733
985 47
985 502
985 674
985 540
985 583
985 8
191 886
886 972
886 737
886 908
886 636
886 770
886 307
886 331
886 366
886 733
886 502
886 674
886 540
886 583
194 399
194 972
399 972
399 908
972 216
972 908
972 245
972 636
972 271
972 297
972 403
972 770
972 307
972 51
972 341
972 366
972 378
972 387
972 533
972 467
972 733
972 674
972 540
972 583
972 8
972 96
737 908
737 636
737 271
737 47
737 583
216 908
908 636
908 770
908 331
908 341
908 366
908 387
908 533
908 733
908 47
908 502
908 96
245 636
636 674
297 403
297 770
403 770
403 533
770 387
770 467
770 733
307 51
533 540
467 733
733 502
733 674
733 583
502 674
674 540
21:
614 866
614 662
614 906
614 633
614 796
866 171
866 662
866 667
866 906
866 918
866 633
866 796
866 329
866 549
866 466
866 470
866 621
866 503
866 508
171 662
171 667
171 906
662 906
662 633
662 329
662 470
662 508
667 906
667 633
667 796
667 621
667 508
906 918
906 28
906 633
906 796
906 329
906 549
906 466
906 470
906 503
906 508
918 796
918 466
28 633
28 796
633 796
633 621
633 503
796 549
796 466
796 621
796 503
796 508
329 549
549 621
22:
870 795
870 964
870 992
870 762
870 891
870 947
870 885
870 296
870 925
870 697
870 816
870 480
870 543
870 793
870 597
870 610
870 726
970 964
970 699
970 992
970 907
970 883
436 992
436 947
436 925
436 816
795 964
795 992
795 891
795 907
795 947
795 697
795 883
795 816
795 793
795 616
964 699
964 992
964 762
964 891
964 907
964 947
964 885
964 901
964 670
964 296
964 782
964 925
964 391
964 697
964 883
964 816
964 443
964 480
964 543
964 793
964 558
964 597
964 610
964 726
964 758
699 992
699 947
699 925
699 883
699 793
699 558
699 726
992 762
992 891
992 907
992 947
992 885
992 901
992 670
992 296
992 782
992 363
992 925
992 391
992 697
992 883
992 816
992 443
992 480
992 543
992 793
992 558
992 561
992 597
992 610
992 616
992 726
992 758
918 762
918 947
918 925
918 758
226 762
226 891
226 907
226 947
762 891
762 947
762 925
762 697
762 558
762 610
891 907
891 947
891 670
891 782
891 925
891 883
891 443
891 480
891 793
891 561
891 616
891 758
907 947
907 670
907 782
907 925
907 391
907 883
907 816
907 443
907 480
907 793
907 561
907 616
907 726
907 758
947 670
947 296
947 782
947 363
947 925
947 391
947 697
947 883
947 816
947 443
947 561
947 597
947 610
947 616
947 758
885 901
670 782
670 363
670 925
670 883
296 782
782 925
782 697
782 816
782 561
782 610
782 758
363 925
925 883
925 793
925 558
925 561
925 597
925 610
925 616
925 726
925 758
391 697
697 543
883 816
883 443
883 480
883 543
883 558
883 726
883 758
816 793
816 597
816 758
543 793
793 597
793 616
793 726
23:
646 716
646 864
646 235
646 759
646 801
646 812
646 664
716 842
716 864
716 918
716 235
716 759
716 801
716 812
716 388
716 606
842 864
842 918
842 732
842 759
842 494
842 801
842 812
842 388
842 606
842 412
842 664
842 599
864 918
864 235
864 732
864 759
864 371
864 494
864 801
864 812
864 396
864 412
864 664
864 599
918 812
732 759
732 801
732 388
732 606
732 396
732 664
732 599
759 812
759 388
759 606
759 396
759 599
371 494
371 801
371 812
494 801
494 664
801 812
801 606
801 412
801 664
801 599
812 606
812 396
812 412
812 664
812 599
606 599
396 412
412 664
664 599
24:
888 806
888 974
888 802
888 748
888 950
888 263
888 657
888 97
806 974
806 802
806 748
806 950
806 248
806 260
806 263
806 657
806 97
974 802
974 950
974 657
802 748
802 248
802 260
802 263
802 657
802 97
748 260
748 263
748 657
748 97
950 657
248 260
25:
648 820
648 786
648 299
648 514
648 66
648 570
693 820
693 786
693 568
693 514
693 570
820 786
820 279
820 568
820 299
820 66
820 570
786 279
786 568
786 299
786 514
786 66
786 570
279 568
568 570
299 514
299 66
514 570
26:
853 713
853 921
853 841
853 680
853 622
853 913
853 3
853 477
853 711
713 841
713 622
713 913
713 760
921 841
921 680
921 622
921 913
921 3
921 477
841 579
841 680
841 913
841 760
841 477
841 711
579 913
579 760
622 913
913 3
913 760
913 477
913 711
27:
921 357
921 913
921 698
357 913
357 698
913 698
28:
977 811
977 257
977 819
811 257
811 819
257 819
29:
689 904
689 859
689 286
689 565
904 446
904 859
904 565
446 859
446 565
859 286
859 565
286 565
30:
810 944
810 873
810 878
810 874
810 859
810 736
810 623
810 710
944 873
944 878
944 596
944 854
944 858
944 744
944 768
944 874
944 587
944 679
944 859
944 834
944 607
944 736
944 623
944 373
944 710
944 602
873 878
873 744
873 768
873 874
873 679
873 607
873 710
873 602
878 854
878 744
878 874
878 904
878 859
878 834
878 373
878 710
878 458
596 744
596 874
596 736
854 834
854 607
854 736
854 602
858 874
858 587
858 834
858 736
744 768
744 874
744 607
744 458
768 679
874 679
874 736
874 623
874 458
904 859
904 834
904 373
904 710
587 834
679 710
859 710
834 736
834 710
607 602
373 710
31:
944 854
944 768
944 623
854 768
854 623
768 623
32:
944 858
944 859
944 602
858 859
858 602
859 602
