# The communities at k=5
# from G:\Dropbox\Raghda\CNA\Final Project\other methods\CFinder-2.0.6--1448\G:\Dropbox\Raghda\CNA\Final Project\Datasets\binary_networks\LFR2\networ_LFR2_Om2.dat
# at no lower link weight threshold,
# and at no upper link weight threshold.
# Links were treated as undirected.
# No time limit was set for the clique search.

0: 907 267 994 802 253 881 915 847 514 382 867 503 637 704 
1: 966 862 922 972 770 921 946 976 421 257 696 312 870 925 681 863 773 623 797 588 603 771 682 
2: 984 919 763 964 991 975 988 521 610 838 956 840 965 980 488 265 523 857 851 830 415 435 818 476 892 649 
3: 998 959 962 873 963 994 896 970 860 918 904 268 288 292 718 564 609 462 583 726 614 714 
4: 855 891 843 670 274 
5: 978 757 849 275 680 468 
6: 747 826 752 756 276 300 502 420 
7: 981 957 765 903 992 772 977 950 796 940 685 762 814 945 284 722 816 874 725 602 754 764 505 705 640 693 
8: 885 934 939 886 789 298 790 461 427 701 783 
9: 810 882 823 394 659 586 408 
10: 973 943 652 303 662 
11: 937 834 987 930 996 963 909 827 305 306 728 567 596 
12: 803 983 986 993 985 809 928 900 853 798 532 666 759 323 329 349 968 386 391 465 482 636 808 864 
13: 648 974 997 941 831 699 893 995 751 935 579 951 924 501 676 335 425 457 471 553 783 597 663 739 
14: 630 749 795 742 390 448 
15: 777 793 691 347 634 
16: 1000 496 529 563 587 737 779 787 801 805 839 861 894 911 912 917 929 938 948 960 990 866 
17: 944 954 961 463 840 671 643 871 703 781 519 657 551 
18: 891 419 812 819 615 707 624 
19: 777 793 691 413 515 
20: 979 836 835 647 554 416 
21: 889 999 825 460 539 507 627 
22: 525 641 811 859 865 965 846 490 467 632 
23: 979 996 856 443 669 
24: 784 792 604 445 558 620 
25: 952 997 910 642 806 868 653 660 450 724 687 
26: 999 899 942 661 498 
27: 736 978 971 902 953 969 905 888 815 710 791 923 880 631 688 520 577 
28: 929 841 813 606 605 
29: 780 913 821 842 594 766 750 734 
30: 927 837 897 580 804 
31: 933 982 973 890 877 958 678 908 926 744 
32: 776 989 887 869 943 753 677 782 
33: 788 920 967 875 833 689 906 650 695 
34: 876 955 878 914 949 824 916 767 936 721 932 658 
35: 930 955 916 767 936 692 
36: 933 982 958 723 852 817 
37: 822 775 879 785 807 854 
