# The links inside the communities at k=5
# from G:\Dropbox\Raghda\CNA\Final Project\other methods\CFinder-2.0.6--1448\G:\Dropbox\Raghda\CNA\Final Project\Datasets\binary_networks\LFR6\network_LFR6_Om6.dat
# at no lower link weight threshold,
# and at no upper link weight threshold.
# Links were treated as undirected.
# No time limit was set for the clique search.

0:
1000 241
1000 384
1000 795
1000 808
241 384
241 795
241 808
384 795
384 808
795 808
1:
954 108
954 626
954 706
954 875
954 977
954 972
108 626
108 706
108 875
626 706
626 875
626 977
626 972
706 875
706 977
706 972
875 977
875 972
977 972
2:
909 985
909 910
909 874
909 703
985 910
985 115
985 861
985 874
985 994
985 777
985 955
985 244
985 876
985 41
985 482
985 676
985 703
910 861
910 874
910 994
910 777
910 955
910 255
910 244
910 876
910 41
910 482
910 676
910 703
115 861
115 874
115 994
861 874
861 994
861 777
861 955
861 876
861 482
861 676
861 703
874 994
874 777
874 255
874 876
874 482
874 676
874 703
994 777
994 955
994 255
994 244
994 876
994 41
994 482
994 676
994 703
777 955
777 255
777 876
777 482
777 703
244 876
876 41
876 676
876 703
676 703
3:
926 975
926 20
926 736
926 979
975 20
975 736
975 979
20 736
20 979
736 979
4:
960 905
960 887
960 992
960 788
960 360
905 887
905 992
905 237
905 788
905 360
887 992
887 237
887 788
887 360
992 237
992 788
992 360
237 788
788 360
5:
848 929
848 827
848 36
848 688
848 823
929 827
929 688
929 823
827 36
827 688
827 823
36 688
36 823
688 823
6:
993 784
993 740
993 544
993 82
784 740
784 544
784 82
740 544
740 82
544 82
7:
970 997
970 977
970 984
970 949
970 474
970 634
970 833
970 71
997 984
997 949
997 474
997 634
997 833
997 71
977 984
977 949
977 474
977 634
977 833
984 949
984 634
984 833
949 474
949 634
949 833
949 71
474 634
474 833
634 833
833 71
8:
995 992
995 855
995 602
995 897
995 986
995 716
995 852
992 855
992 897
992 257
992 820
992 852
992 612
855 602
855 897
855 986
855 700
855 716
855 257
855 820
855 852
855 612
855 922
381 897
381 716
381 820
381 852
602 897
602 986
602 700
602 852
897 986
897 700
897 716
897 820
897 852
897 612
897 922
986 820
986 852
700 716
700 852
700 612
716 820
716 852
716 612
257 820
257 852
820 852
820 612
820 922
852 922
9:
926 736
926 979
926 665
926 248
736 979
736 665
736 248
979 665
979 248
665 248
10:
965 265
965 562
965 678
965 687
265 562
265 678
265 687
562 678
562 687
678 687
11:
743 780
743 804
743 851
743 578
743 864
743 275
780 804
780 851
780 864
780 275
804 851
804 578
804 864
804 275
851 578
851 864
851 275
578 864
12:
963 926
963 903
963 979
963 316
926 903
926 979
926 316
903 979
903 316
979 316
13:
978 840
978 999
978 944
978 770
978 748
978 340
978 830
978 621
840 999
840 944
840 770
840 748
840 340
840 830
840 621
999 944
999 770
999 748
999 340
999 830
999 621
944 830
770 748
770 830
770 621
748 830
340 830
14:
986 996
986 348
986 640
986 906
996 348
996 640
996 906
348 640
348 906
640 906
15:
993 947
993 838
993 802
993 511
947 838
947 802
947 511
838 802
838 511
802 511
16:
761 768
761 902
761 710
761 783
761 411
761 563
761 467
768 902
768 710
768 783
768 411
768 563
768 467
902 710
902 783
902 411
902 563
902 467
710 783
710 411
710 563
783 563
783 467
411 563
563 467
17:
937 967
937 957
937 992
937 913
967 957
967 992
967 913
967 863
957 992
957 711
957 913
957 966
957 863
957 412
957 434
992 711
992 913
992 863
992 412
992 434
711 913
711 966
711 863
711 412
711 434
913 966
913 863
913 412
913 434
966 863
863 412
863 434
18:
986 996
986 906
986 421
986 666
996 906
996 421
996 666
906 421
906 666
421 666
19:
987 964
987 934
987 927
987 942
987 475
987 689
987 692
987 767
987 531
964 934
964 927
964 942
964 475
964 689
964 692
964 767
964 531
934 692
934 767
927 692
927 767
942 692
942 767
475 689
475 692
475 767
689 692
689 767
689 531
692 767
692 531
767 531
20:
981 916
981 891
981 882
981 941
981 938
981 742
981 536
916 891
916 882
916 941
916 742
891 882
891 941
891 938
891 742
891 536
882 941
882 938
882 742
882 536
941 742
938 742
938 536
742 536
21:
960 996
960 966
960 906
960 666
960 503
996 966
996 906
996 666
996 503
966 906
966 503
906 666
906 503
666 503
22:
865 940
865 956
865 937
865 917
940 956
940 937
940 988
940 917
956 937
956 988
956 917
937 988
937 917
988 917
23:
921 925
921 766
921 974
921 648
925 766
925 974
925 980
925 729
925 648
766 974
766 980
766 648
974 980
974 729
974 648
980 729
980 648
729 648
24:
1000 682
1000 686
1000 928
1000 997
682 686
682 928
682 997
686 928
686 997
928 997
25:
933 988
933 660
933 845
933 932
988 660
988 845
988 932
660 845
660 932
845 932
26:
930 962
930 955
930 652
930 824
930 731
962 955
962 824
962 731
955 652
955 824
955 731
652 824
652 731
824 731
27:
961 973
961 926
961 736
961 979
973 926
973 736
973 979
926 736
926 979
736 979
28:
831 959
831 892
831 919
831 938
831 805
959 892
959 919
959 938
959 805
892 919
892 805
919 938
919 805
938 805
29:
908 928
908 993
908 990
908 937
908 939
908 968
908 921
908 963
908 976
908 971
928 939
928 968
928 921
989 990
989 939
989 968
989 963
993 990
993 939
993 968
993 971
990 937
990 939
990 968
990 921
990 963
990 976
990 971
937 939
937 921
939 968
939 921
939 963
939 976
939 971
968 921
968 963
968 971
976 971
