# The cliques from G:\Dropbox\Raghda\CNA\Final Project\other methods\CFinder-2.0.6--1448\G:\Dropbox\Raghda\CNA\Final Project\Datasets\binary_networks\LFR4\network_LFR4_Om4.dat
# at no lower link weight threshold,
# and at no upper link weight threshold.
# Links were treated as undirected.
# No time limit was set for the clique search.

0: 1000 337 631 
1: 1000 337 653 
2: 985 11 966 
3: 780 190 696 
4: 1 735 905 
5: 1 905 970 
6: 1000 13 561 978 
7: 1000 13 811 978 
8: 101 883 915 936 
9: 102 898 971 
10: 102 964 971 
11: 106 463 985 
12: 108 642 866 
13: 108 808 866 959 
14: 950 978 112 689 
15: 962 113 511 981 
16: 113 511 957 981 
17: 115 641 969 
18: 939 956 968 116 960 
19: 982 117 871 
20: 24 916 865 884 
21: 122 954 976 
22: 899 123 729 
23: 124 556 795 
24: 124 795 849 
25: 913 125 335 972 
26: 913 125 859 972 
27: 128 914 937 
28: 962 971 130 948 
29: 962 815 130 948 
30: 913 859 972 132 
31: 913 132 484 
32: 989 133 839 
33: 962 971 140 
34: 719 976 134 738 
35: 575 136 401 
36: 136 401 878 
37: 976 738 138 
38: 738 138 500 
39: 863 139 929 
40: 863 139 990 
41: 953 969 14 493 
42: 953 14 198 493 
43: 953 198 279 
44: 949 878 145 
45: 949 145 864 
46: 998 147 685 
47: 998 147 860 
48: 149 922 952 
49: 15 961 977 997 
50: 151 439 843 932 
51: 151 833 843 932 
52: 899 976 153 
53: 899 153 756 
54: 976 153 940 
55: 985 966 991 154 
56: 985 966 154 633 
57: 953 155 279 
58: 953 155 432 
59: 765 156 941 975 
60: 850 156 941 975 
61: 592 596 157 904 
62: 596 157 205 904 
63: 17 925 431 
64: 999 160 255 
65: 999 160 925 
66: 803 166 873 
67: 166 226 873 897 
68: 949 167 742 869 
69: 170 212 513 552 
70: 518 607 614 962 171 
71: 972 173 445 
72: 972 173 616 
73: 972 173 702 
74: 953 969 493 176 
75: 953 493 176 317 
76: 779 178 967 
77: 989 180 838 979 
78: 949 864 869 181 822 
79: 946 945 183 992 
80: 998 187 777 
81: 189 503 746 
82: 189 603 746 
83: 898 19 974 
84: 19 872 974 
85: 969 192 877 
86: 995 193 827 888 
87: 995 193 837 888 
88: 737 2 655 
89: 2 384 655 894 
90: 912 940 525 20 
91: 200 829 993 
92: 980 992 974 202 
93: 990 203 512 
94: 982 204 903 
95: 934 955 206 874 923 
96: 931 748 207 406 
97: 931 829 207 406 
98: 986 904 208 
99: 986 208 502 
100: 986 208 96 
101: 949 869 822 21 
102: 738 210 368 
103: 922 25 750 
104: 999 255 90 
105: 999 90 848 
106: 999 90 762 
107: 969 266 86 
108: 939 956 968 902 28 
109: 998 3 640 
110: 979 68 938 
111: 979 68 666 
112: 994 922 34 
113: 922 750 34 
114: 980 984 974 57 
115: 852 832 37 529 
116: 832 686 37 
117: 921 992 809 71 
118: 977 997 388 85 
119: 990 390 658 77 
120: 917 390 658 77 
121: 971 981 55 
122: 981 396 55 
123: 847 988 41 610 
124: 847 41 783 
125: 964 42 475 
126: 892 42 475 
127: 969 423 43 681 
128: 957 832 63 
129: 985 966 723 790 48 
130: 949 864 78 
131: 833 843 932 727 50 
132: 979 958 506 53 
133: 986 917 64 
134: 986 993 64 
135: 986 519 64 
136: 971 858 52 
137: 971 783 52 
138: 912 752 91 
139: 912 532 91 
140: 996 933 983 58 
141: 949 864 742 869 60 
142: 999 826 61 
143: 999 963 61 
144: 999 910 61 
145: 715 979 99 
146: 821 758 93 
147: 746 664 73 
148: 896 801 73 
149: 735 862 80 
150: 927 743 89 
151: 989 838 958 79 
152: 999 947 826 92 
153: 939 956 968 960 98 
154: 273 836 891 
155: 1000 323 811 
156: 1000 382 677 
157: 382 996 983 
158: 109 863 912 
159: 110 895 956 
160: 287 972 683 
161: 322 861 473 
162: 322 861 474 
163: 913 335 286 
164: 292 257 856 
165: 953 969 279 
166: 999 833 255 
167: 999 904 255 
168: 226 897 569 
169: 212 513 906 
170: 309 787 992 
171: 309 992 973 
172: 309 973 345 
173: 953 432 317 
174: 448 780 696 
175: 780 696 554 
176: 771 362 714 
177: 362 767 714 
178: 797 821 304 
179: 821 961 304 
180: 976 738 877 368 
181: 585 258 693 
182: 771 989 218 788 
183: 989 218 767 
184: 985 966 633 215 
185: 985 966 215 723 
186: 985 966 215 853 
187: 921 321 809 
188: 850 935 219 
189: 971 981 810 220 
190: 971 981 220 759 
191: 221 709 800 879 880 
192: 791 498 222 
193: 498 222 256 
194: 996 254 933 
195: 498 256 312 
196: 498 256 492 
197: 256 312 680 
198: 921 964 992 223 809 
199: 921 223 625 809 
200: 826 225 419 
201: 826 225 676 
202: 878 885 225 419 
203: 893 344 253 
204: 997 572 227 
205: 997 227 757 
206: 909 227 757 
207: 381 274 454 
208: 998 685 229 774 
209: 998 229 774 846 
210: 998 229 774 924 
211: 998 924 230 
212: 957 825 924 231 
213: 957 825 231 875 
214: 232 594 712 
215: 971 981 349 
216: 971 847 349 
217: 937 889 233 
218: 937 233 615 819 
219: 937 233 819 951 
220: 812 234 920 
221: 800 880 235 
222: 954 236 942 
223: 710 868 238 
224: 955 367 420 
225: 946 945 992 239 691 
226: 639 616 241 
227: 639 571 241 
228: 639 241 687 
229: 241 687 755 
230: 978 949 869 242 
231: 949 864 869 242 
232: 949 951 242 
233: 977 997 243 
234: 977 995 243 
235: 661 811 244 
236: 772 954 245 654 
237: 245 537 654 
238: 245 587 654 
239: 895 916 865 884 246 
240: 916 865 884 246 560 
241: 735 905 247 
242: 813 248 652 
243: 813 248 793 
244: 248 652 910 
245: 248 793 988 
246: 945 311 548 
247: 687 250 389 
248: 998 685 251 
249: 998 860 251 
250: 998 846 251 
251: 998 251 624 
252: 997 252 714 
253: 767 252 714 
254: 893 990 253 
255: 517 924 257 
256: 924 257 856 
257: 710 984 868 260 
258: 710 984 594 260 
259: 710 984 260 867 
260: 585 693 276 
261: 262 581 848 
262: 262 684 848 
263: 935 813 263 
264: 813 652 263 
265: 970 547 922 316 
266: 970 922 952 316 
267: 998 846 277 
268: 907 824 269 775 
269: 907 269 775 828 
270: 893 512 347 
271: 991 861 271 
272: 604 271 717 
273: 861 271 717 
274: 735 973 278 
275: 735 278 798 
276: 970 987 973 278 
277: 970 278 798 
278: 999 947 280 
279: 280 582 896 
280: 994 894 359 
281: 458 295 543 
282: 977 995 888 282 943 
283: 855 942 290 
284: 962 845 952 365 
285: 845 952 365 486 
286: 962 780 285 
287: 761 913 286 
288: 913 286 372 
289: 982 988 291 
290: 961 988 291 
291: 924 293 453 881 
292: 980 984 974 909 294 
293: 939 296 862 
294: 982 297 308 
295: 982 297 886 
296: 873 297 308 
297: 873 297 886 
298: 982 784 308 
299: 982 308 497 
300: 915 927 298 
301: 688 998 302 
302: 985 987 302 
303: 863 929 303 
304: 863 990 303 620 
305: 863 752 303 620 
306: 986 844 305 
307: 986 305 928 
308: 986 305 938 965 
309: 972 372 306 
310: 484 372 306 
311: 860 973 345 
312: 794 973 345 
313: 973 345 930 
314: 980 984 974 310 410 
315: 980 984 974 310 612 
316: 985 966 332 
317: 709 800 879 880 313 
318: 944 973 792 314 586 
319: 772 315 801 
320: 967 315 801 
321: 980 992 974 318 892 
322: 967 992 974 318 
323: 989 997 319 
324: 997 572 319 613 
325: 909 319 613 
326: 642 866 320 650 
327: 642 894 320 650 
328: 866 959 320 650 
329: 959 894 320 650 
330: 849 678 802 324 
331: 849 802 324 452 
332: 950 882 326 
333: 950 326 720 
334: 855 963 328 
335: 875 329 447 
336: 985 966 723 330 
337: 985 966 330 334 
338: 985 966 330 818 
339: 985 966 991 334 
340: 995 837 943 881 331 
341: 995 943 331 358 
342: 995 888 943 358 
343: 838 979 958 938 336 
344: 934 955 874 923 338 
345: 959 733 339 377 
346: 959 793 339 
347: 985 966 633 340 790 
348: 985 966 723 340 790 
349: 999 724 890 341 
350: 724 629 890 341 
351: 724 890 341 397 
352: 854 342 706 
353: 934 955 874 923 343 
354: 999 904 348 
355: 999 890 348 
356: 629 890 817 348 
357: 816 835 857 350 
358: 978 949 352 
359: 949 864 352 
360: 949 951 352 
361: 718 763 353 
362: 920 763 353 488 538 
363: 946 354 918 
364: 937 615 819 356 
365: 615 819 356 698 
366: 819 862 356 698 
367: 849 977 357 499 
368: 977 868 357 
369: 957 852 832 366 
370: 844 851 796 566 
371: 851 753 796 566 
372: 1000 376 962 978 
373: 1000 392 677 
374: 392 996 983 
375: 408 863 508 
376: 408 913 834 
377: 444 994 707 919 
378: 444 885 707 578 919 
379: 1000 448 677 
380: 465 996 983 
381: 442 997 919 
382: 403 757 841 
383: 954 418 530 
384: 401 878 885 
385: 383 707 578 
386: 863 456 752 
387: 456 942 752 
388: 409 773 801 
389: 999 439 932 926 928 
390: 439 843 932 926 
391: 953 776 432 
392: 953 644 432 
393: 995 443 943 
394: 784 925 431 
395: 667 925 431 
396: 925 431 393 
397: 971 948 378 
398: 972 550 445 
399: 972 445 590 
400: 972 445 627 
401: 384 655 918 
402: 384 894 441 
403: 384 918 441 
404: 931 914 748 406 
405: 931 914 829 406 
406: 931 829 993 406 
407: 940 427 938 
408: 998 774 421 
409: 871 459 891 520 
410: 459 891 805 
411: 459 891 823 
412: 863 389 695 
413: 990 454 658 
414: 913 972 372 
415: 913 484 372 
416: 990 889 390 658 
417: 917 889 390 658 
418: 980 974 889 410 
419: 556 861 473 
420: 861 473 570 
421: 837 943 451 
422: 784 447 600 
423: 855 875 447 
424: 855 447 600 
425: 653 959 377 
426: 866 959 733 377 
427: 866 959 377 391 
428: 964 724 890 817 397 
429: 724 890 817 397 407 
430: 898 891 411 
431: 991 955 415 
432: 991 415 462 
433: 995 837 449 
434: 989 979 958 807 469 666 
435: 946 944 945 992 691 558 370 
436: 986 993 373 
437: 931 993 901 373 
438: 970 994 374 
439: 981 994 374 
440: 765 941 975 872 375 
441: 765 941 975 375 670 
442: 642 866 804 391 
443: 678 802 379 
444: 980 974 380 
445: 744 758 380 
446: 811 950 412 
447: 982 988 417 
448: 961 988 417 
449: 961 977 997 787 388 
450: 996 983 413 919 
451: 936 912 987 394 
452: 936 987 394 745 
453: 936 701 394 
454: 710 984 868 395 
455: 710 984 594 395 
456: 710 984 867 395 
457: 890 942 817 407 
458: 831 952 671 398 637 
459: 831 569 398 
460: 952 853 671 398 637 
461: 831 671 399 
462: 986 917 472 
463: 639 687 404 
464: 986 965 405 
465: 883 547 922 461 
466: 994 922 461 
467: 922 461 482 
468: 931 829 993 901 414 
469: 931 829 901 414 870 
470: 824 829 993 414 
471: 980 974 416 
472: 641 969 920 423 681 
473: 980 974 424 
474: 986 967 424 
475: 967 974 424 
476: 833 932 926 425 727 
477: 932 926 754 425 727 
478: 954 769 426 
479: 996 983 426 
480: 936 912 434 
481: 936 745 434 
482: 947 912 434 
483: 970 994 952 430 
484: 831 952 430 
485: 981 994 433 
486: 921 809 435 
487: 705 859 436 
488: 845 777 436 
489: 777 834 436 
490: 970 785 437 
491: 749 437 739 
492: 986 948 438 
493: 998 774 440 
494: 921 992 809 446 608 
495: 921 625 809 919 446 
496: 921 625 809 446 608 
497: 946 945 450 
498: 981 832 450 
499: 849 977 499 455 
500: 789 883 457 
501: 789 877 951 457 
502: 789 854 457 
503: 877 760 457 
504: 891 679 464 
505: 816 576 466 
506: 995 975 467 
507: 995 888 467 
508: 831 637 468 
509: 673 726 468 
510: 1000 487 614 
511: 487 998 870 
512: 1000 514 811 
513: 1000 515 614 
514: 1000 518 595 
515: 1000 518 607 614 962 
516: 1000 540 950 
517: 1000 540 962 
518: 504 972 683 510 
519: 504 836 683 510 
520: 970 883 547 922 
521: 962 511 981 840 
522: 511 957 981 840 
523: 511 981 541 
524: 913 484 768 
525: 913 484 549 
526: 998 500 846 
527: 863 895 507 
528: 863 507 752 
529: 863 507 695 
530: 991 550 828 
531: 912 940 525 862 
532: 871 551 891 
533: 551 891 605 
534: 998 954 524 
535: 998 524 509 
536: 954 524 654 
537: 969 513 552 
538: 969 513 906 
539: 969 855 552 
540: 969 552 827 
541: 967 503 746 773 
542: 967 503 773 801 
543: 999 904 925 496 
544: 999 496 762 
545: 893 990 512 
546: 893 512 593 
547: 812 990 512 
548: 961 872 522 
549: 986 502 527 
550: 907 991 527 
551: 986 527 841 
552: 941 975 531 
553: 996 537 983 
554: 981 492 662 
555: 899 699 544 841 
556: 940 699 544 
557: 950 478 930 
558: 982 917 497 
559: 948 885 497 
560: 946 945 548 
561: 995 837 548 
562: 810 861 474 
563: 941 778 533 
564: 986 844 486 
565: 844 952 486 
566: 952 486 840 
567: 563 763 488 
568: 763 488 538 704 
569: 648 763 538 
570: 920 686 538 
571: 985 966 535 
572: 852 782 529 
573: 852 848 529 
574: 996 983 542 
575: 847 495 577 
576: 969 842 508 
577: 559 870 530 
578: 954 769 870 530 
579: 898 971 892 475 
580: 964 971 475 
581: 964 475 736 
582: 901 589 485 
583: 812 759 509 
584: 943 597 528 
585: 989 972 683 510 
586: 989 836 683 510 
587: 936 895 482 
588: 898 891 520 
589: 977 891 520 
590: 821 929 744 758 479 
591: 991 940 516 
592: 991 930 516 
593: 927 930 516 
594: 933 983 501 
595: 996 983 476 
596: 735 973 477 
597: 735 798 477 
598: 824 477 489 
599: 827 798 477 
600: 910 798 477 
601: 905 947 489 
602: 905 824 489 
603: 905 967 489 
604: 994 900 709 879 880 480 
605: 994 709 800 879 880 480 
606: 711 958 481 
607: 979 958 938 481 
608: 979 958 807 666 481 
609: 973 586 483 
610: 976 738 549 
611: 935 987 539 
612: 935 798 539 
613: 987 973 539 
614: 987 836 539 
615: 917 841 490 
616: 743 490 728 
617: 907 775 491 
618: 705 816 835 505 
619: 816 835 886 505 
620: 816 581 505 
621: 835 925 505 
622: 858 838 979 807 506 
623: 904 838 979 958 506 
624: 838 979 958 807 506 
625: 982 998 519 
626: 998 846 519 
627: 761 964 521 
628: 995 943 521 
629: 996 984 933 983 523 725 770 
630: 985 966 534 
631: 997 984 534 
632: 996 984 963 933 983 536 
633: 996 984 933 983 770 536 
634: 950 992 739 546 
635: 986 948 553 
636: 998 846 553 
637: 568 995 943 
638: 568 851 796 
639: 592 820 596 904 
640: 559 994 900 
641: 561 978 689 
642: 1000 562 677 716 
643: 562 963 768 
644: 595 956 968 
645: 950 978 575 
646: 985 966 575 
647: 998 611 859 
648: 981 611 832 
649: 986 556 967 
650: 820 596 646 
651: 989 972 598 
652: 598 879 880 
653: 579 906 942 
654: 954 583 654 
655: 603 746 773 
656: 603 773 801 
657: 603 801 565 
658: 851 563 796 
659: 908 604 717 
660: 996 554 983 
661: 949 822 601 
662: 997 572 571 
663: 997 572 613 623 
664: 925 993 569 
665: 731 984 594 
666: 710 594 712 
667: 937 860 615 819 
668: 997 984 571 
669: 997 571 814 
670: 927 587 745 
671: 879 880 587 
672: 916 900 865 884 560 911 
673: 916 909 865 884 560 
674: 946 945 992 691 558 918 
675: 961 910 581 
676: 898 808 582 
677: 995 827 888 597 
678: 995 837 888 951 943 597 
679: 580 760 732 
680: 980 872 974 612 
681: 980 974 938 612 
682: 980 974 612 918 
683: 973 586 656 
684: 997 613 814 
685: 909 613 623 
686: 891 605 679 
687: 661 978 567 
688: 980 872 567 
689: 765 941 576 
690: 908 988 606 610 
691: 908 988 606 577 
692: 908 606 783 577 
693: 908 606 663 
694: 988 881 606 
695: 881 606 783 
696: 998 591 870 
697: 996 983 591 
698: 999 989 573 
699: 996 983 565 
700: 979 958 565 
701: 958 983 565 
702: 900 707 578 
703: 998 584 762 
704: 996 963 988 933 983 574 
705: 996 973 933 983 574 
706: 996 988 933 983 574 725 
707: 971 847 988 610 
708: 971 867 610 
709: 970 972 564 
710: 995 943 564 
711: 847 889 783 577 
712: 847 988 577 
713: 950 839 590 
714: 950 818 590 
715: 839 927 590 
716: 921 964 992 809 608 
717: 921 887 992 608 
718: 921 887 625 608 
719: 969 784 600 
720: 969 855 600 
721: 826 861 717 570 
722: 991 861 570 
723: 991 630 570 
724: 939 960 555 
725: 994 800 879 593 
726: 994 662 593 
727: 642 866 588 
728: 866 805 588 
729: 931 994 588 
730: 994 879 588 
731: 659 805 599 
732: 961 997 599 
733: 833 843 932 926 727 602 
734: 843 932 926 754 727 602 
735: 843 646 602 
736: 941 975 609 
737: 869 854 609 
738: 631 907 914 
739: 631 977 679 
740: 939 653 960 
741: 1000 661 811 820 978 
742: 1000 661 811 950 978 
743: 1000 661 830 978 
744: 1000 677 688 731 
745: 639 687 704 
746: 639 687 638 
747: 659 989 741 
748: 659 984 741 
749: 648 866 959 
750: 648 959 979 
751: 648 989 979 958 
752: 641 969 920 842 681 
753: 789 617 815 
754: 789 617 951 965 
755: 789 617 951 706 
756: 617 815 760 
757: 617 951 965 732 
758: 617 951 706 732 
759: 617 965 760 732 
760: 617 706 760 732 
761: 957 626 852 
762: 957 626 875 
763: 994 626 875 
764: 994 626 638 
765: 937 644 819 
766: 644 996 983 
767: 971 847 647 
768: 971 647 867 
769: 711 847 647 
770: 847 647 889 
771: 907 991 667 
772: 907 667 925 
773: 985 966 935 633 790 
774: 985 966 633 896 790 
775: 724 629 890 817 
776: 629 890 836 
777: 629 890 619 
778: 989 649 741 
779: 996 616 983 
780: 994 618 662 
781: 618 744 758 
782: 618 838 958 
783: 858 987 651 
784: 987 651 695 
785: 987 651 703 
786: 975 651 670 
787: 999 904 621 
788: 913 777 621 
789: 849 963 635 993 
790: 824 635 993 
791: 963 635 993 928 
792: 963 635 645 
793: 857 655 918 
794: 921 885 625 919 
795: 982 860 652 
796: 982 652 823 
797: 860 813 652 
798: 813 652 823 
799: 939 968 624 
800: 937 889 624 
801: 905 967 640 
802: 980 998 640 
803: 980 974 640 
804: 998 990 640 
805: 967 974 640 
806: 863 990 620 695 
807: 990 942 620 
808: 942 752 620 
809: 990 889 684 658 
810: 990 676 658 
811: 866 959 733 650 
812: 959 733 894 650 
813: 959 733 751 650 
814: 797 802 630 
815: 944 897 630 
816: 802 630 628 
817: 849 963 665 
818: 968 960 632 
819: 979 958 632 
820: 879 880 632 
821: 879 958 632 
822: 990 664 695 
823: 831 731 671 637 
824: 968 960 854 636 
825: 989 958 636 
826: 997 623 645 
827: 995 943 627 
828: 851 796 627 
829: 989 838 979 958 807 666 
830: 979 693 666 
831: 994 867 663 
832: 852 782 663 
833: 985 966 622 
834: 808 981 994 903 662 
835: 981 994 894 903 662 
836: 939 960 657 
837: 797 989 657 
838: 960 729 657 
839: 999 833 926 656 
840: 971 981 656 
841: 981 823 656 
842: 907 828 646 
843: 956 960 646 
844: 957 825 924 660 
845: 948 885 660 
846: 925 924 660 
847: 999 890 619 
848: 995 943 619 
849: 905 798 645 
850: 996 963 933 645 
851: 996 933 770 645 
852: 994 903 638 
853: 994 867 638 
854: 941 975 638 
855: 962 971 628 
856: 956 968 628 
857: 678 802 628 
858: 982 947 634 
859: 957 929 634 
860: 957 730 634 
861: 945 730 634 
862: 993 766 634 
863: 907 914 643 
864: 997 943 643 
865: 995 943 643 
866: 995 643 694 
867: 934 991 990 955 874 923 708 806 
868: 934 955 874 923 928 708 806 
869: 688 980 998 
870: 688 843 932 
871: 688 678 802 
872: 950 978 689 882 
873: 950 689 720 
874: 978 689 824 
875: 682 795 849 
876: 682 851 796 
877: 998 954 685 774 
878: 998 954 685 930 
879: 998 859 685 856 
880: 864 674 822 
881: 674 837 888 943 
882: 970 915 701 669 
883: 982 915 701 
884: 915 936 701 669 
885: 934 678 804 
886: 899 786 699 
887: 734 989 702 
888: 989 972 702 683 
889: 970 975 668 886 
890: 941 975 668 886 
891: 668 886 720 
892: 990 676 785 
893: 927 676 785 
894: 927 676 669 
895: 946 945 878 992 691 
896: 831 952 755 671 
897: 962 952 671 
898: 821 961 680 
899: 937 819 680 
900: 995 888 680 943 
901: 932 693 926 
902: 767 988 693 
903: 989 684 697 
904: 684 692 703 
905: 989 972 683 823 
906: 800 879 880 692 
907: 883 910 673 
908: 934 955 673 
909: 907 828 686 
910: 812 920 686 
911: 819 951 848 698 
912: 951 698 834 
913: 946 945 675 
914: 765 941 975 886 670 
915: 776 941 975 670 
916: 850 941 975 670 
917: 941 975 670 870 
918: 842 681 736 
919: 982 871 679 
920: 982 977 679 
921: 871 887 891 679 
922: 977 891 679 
923: 950 989 988 697 
924: 989 997 697 
925: 989 767 988 697 
926: 997 919 697 
927: 767 919 697 
928: 970 915 987 700 
929: 970 915 700 669 
930: 915 936 987 745 700 
931: 915 936 927 745 700 669 
932: 927 896 700 
933: 970 972 886 672 
934: 821 961 672 
935: 835 886 728 672 
936: 939 956 968 960 987 764 876 902 690 747 
937: 939 960 694 
938: 934 955 694 
939: 995 837 694 
940: 998 774 846 703 
941: 948 885 703 
942: 915 936 815 669 
943: 719 896 773 
944: 719 926 754 
945: 953 716 877 
946: 716 986 940 993 
947: 716 996 933 983 
948: 711 847 783 
949: 705 816 743 
950: 705 859 835 
951: 705 803 743 
952: 915 718 987 
953: 718 948 885 
954: 718 987 973 
955: 718 996 973 983 
956: 960 729 902 
957: 899 976 729 
958: 729 993 911 
959: 715 979 958 
960: 999 964 724 890 
961: 724 817 818 
962: 939 978 956 968 960 764 876 902 747 
963: 866 959 733 805 
964: 947 985 966 991 723 910 
965: 994 922 709 
966: 994 903 709 800 879 880 
967: 994 709 800 879 880 875 
968: 847 712 783 
969: 932 712 713 
970: 994 900 707 
971: 950 839 988 714 
972: 771 839 997 788 714 
973: 839 767 988 714 
974: 839 788 988 714 
975: 997 714 781 
976: 767 714 781 
977: 887 908 717 
978: 887 992 717 
979: 908 861 717 
980: 999 833 932 713 926 
981: 999 932 713 926 754 
982: 833 843 932 713 926 
983: 843 932 856 713 
984: 843 932 713 926 754 
985: 931 901 720 
986: 972 886 720 
987: 788 886 720 
988: 789 883 706 
989: 789 854 706 
990: 883 706 732 
991: 706 814 732 
992: 946 945 730 
993: 833 932 926 928 727 
994: 843 932 856 727 
995: 851 751 796 
996: 883 965 732 
997: 980 965 732 
998: 877 951 732 
999: 877 760 732 
1000: 922 753 704 
1001: 979 958 704 
1002: 816 835 993 728 
1003: 816 835 886 728 
1004: 816 993 743 728 
1005: 859 835 728 
1006: 803 743 728 
1007: 927 743 728 
1008: 996 984 988 933 983 725 770 
1009: 996 933 856 983 725 
1010: 961 988 725 
1011: 845 787 721 
1012: 995 888 951 721 
1013: 829 901 721 
1014: 936 987 722 
1015: 936 903 722 
1016: 936 983 722 
1017: 863 929 722 
1018: 929 987 722 
1019: 929 996 933 983 722 
1020: 977 997 722 
1021: 735 905 967 798 862 
1022: 735 905 973 
1023: 970 734 915 
1024: 970 734 922 
1025: 1000 734 962 
1026: 734 962 815 948 
1027: 734 915 815 
1028: 740 864 822 
1029: 740 916 865 884 
1030: 921 964 737 809 
1031: 737 795 849 
1032: 737 833 932 
1033: 982 915 756 
1034: 915 936 756 
1035: 899 756 868 
1036: 932 756 868 
1037: 932 756 754 
1038: 756 890 942 817 
1039: 978 949 742 869 822 
1040: 978 949 742 766 
1041: 957 949 976 864 742 869 
1042: 949 976 864 742 869 822 
1043: 821 929 961 744 
1044: 929 744 814 
1045: 989 997 741 906 
1046: 989 741 906 749 
1047: 961 997 741 
1048: 997 984 741 906 
1049: 997 741 906 757 
1050: 931 857 748 901 
1051: 931 748 901 762 
1052: 931 748 834 
1053: 748 901 841 
1054: 980 974 759 918 
1055: 825 759 924 
1056: 976 757 841 
1057: 914 937 757 
1058: 997 908 757 
1059: 761 964 749 
1060: 964 749 739 
1061: 950 914 755 
1062: 985 966 991 750 
1063: 985 966 750 790 
1064: 949 864 750 
1065: 967 974 750 918 
1066: 859 879 880 751 
1067: 863 912 752 
1068: 925 993 743 
1069: 927 743 785 
1070: 815 948 760 
1071: 815 877 760 
1072: 948 965 760 
1073: 915 936 895 987 745 
1074: 987 952 745 
1075: 964 817 753 
1076: 957 825 753 
1077: 994 922 753 
1078: 964 992 739 
1079: 937 819 739 
1080: 977 995 943 739 
1081: 996 933 983 736 
1082: 995 888 943 736 
1083: 765 810 941 975 
1084: 765 941 975 778 
1085: 765 941 975 840 
1086: 761 913 768 
1087: 761 991 861 
1088: 771 989 839 997 788 
1089: 982 776 871 
1090: 982 776 911 
1091: 776 995 975 
1092: 776 995 837 943 
1093: 946 878 779 
1094: 986 878 779 
1095: 986 779 940 993 928 
1096: 986 779 967 
1097: 878 779 781 
1098: 784 925 818 
1099: 957 981 852 782 
1100: 957 782 853 
1101: 998 954 777 846 
1102: 913 777 834 
1103: 954 777 993 
1104: 845 952 777 
1105: 998 954 769 870 
1106: 998 859 769 
1107: 998 769 924 870 
1108: 825 769 924 
1109: 825 769 875 
1110: 989 839 767 988 
1111: 998 954 774 846 
1112: 998 860 774 
1113: 998 774 762 
1114: 860 774 988 
1115: 907 914 882 775 
1116: 907 914 824 775 
1117: 907 991 824 775 
1118: 907 991 909 775 828 
1119: 907 991 775 828 911 
1120: 907 882 909 775 828 
1121: 916 909 775 
1122: 916 775 911 
1123: 967 896 773 801 
1124: 980 974 938 778 
1125: 850 935 778 
1126: 850 941 975 778 
1127: 935 938 778 
1128: 999 890 766 
1129: 971 847 783 
1130: 974 889 783 
1131: 947 963 768 
1132: 947 894 768 
1133: 969 963 768 
1134: 969 877 768 
1135: 969 894 768 
1136: 980 998 762 
1137: 980 974 965 762 
1138: 929 996 973 933 983 770 
1139: 929 996 988 933 983 770 
1140: 996 897 933 983 770 
1141: 962 845 781 
1142: 934 955 923 781 
1143: 789 883 965 
1144: 789 815 877 
1145: 808 989 972 
1146: 950 810 930 
1147: 998 810 846 930 
1148: 810 861 930 
1149: 899 786 903 
1150: 786 916 865 884 
1151: 986 904 787 
1152: 939 956 968 799 
1153: 985 966 799 790 
1154: 986 948 799 
1155: 986 878 799 
1156: 878 992 799 
1157: 953 969 791 
1158: 978 949 869 791 
1159: 907 791 828 911 
1160: 921 992 794 
1161: 898 974 794 965 
1162: 957 825 794 924 
1163: 992 974 794 965 
1164: 992 974 794 918 
1165: 992 794 973 
1166: 999 890 804 
1167: 934 955 923 804 
1168: 890 804 942 
1169: 989 839 788 988 
1170: 997 788 919 
1171: 921 964 992 900 809 
1172: 962 845 793 
1173: 962 793 840 
1174: 937 819 793 
1175: 893 990 920 792 
1176: 899 868 792 
1177: 940 868 792 
1178: 905 970 798 
1179: 970 827 798 
1180: 935 910 798 
1181: 967 910 798 
1182: 970 972 785 
1183: 873 917 785 
1184: 873 785 938 
1185: 838 979 853 958 807 
1186: 967 992 801 
1187: 985 912 966 935 790 
1188: 985 966 853 790 
1189: 820 936 987 
1190: 820 936 903 
1191: 820 954 976 965 
1192: 820 987 965 
1193: 830 986 940 993 
1194: 830 986 967 
1195: 830 839 993 
1196: 830 940 865 
1197: 830 916 865 884 
1198: 816 948 993 
1199: 953 969 815 877 
1200: 812 990 872 
1201: 812 990 920 
1202: 978 882 822 
1203: 949 976 822 951 
1204: 935 961 813 
1205: 935 813 938 
1206: 895 916 909 865 884 
1207: 916 865 884 840 
1208: 964 890 942 817 
1209: 942 817 818 
1210: 980 974 818 
1211: 967 974 818 
1212: 929 963 814 
1213: 957 981 852 823 
1214: 887 891 823 
1215: 826 976 940 
1216: 826 976 965 
1217: 986 844 967 
1218: 950 989 839 988 
1219: 835 925 993 
1220: 999 833 932 926 928 
1221: 929 833 928 
1222: 914 824 829 
1223: 977 995 837 888 951 943 
1224: 995 837 888 943 881 
1225: 931 829 993 901 867 
1226: 829 993 901 841 
1227: 871 836 891 
1228: 987 897 836 
1229: 991 955 828 
1230: 957 981 852 832 
1231: 957 853 832 
1232: 913 972 834 
1233: 904 979 958 834 
1234: 971 847 858 
1235: 895 850 987 
1236: 850 935 987 
1237: 843 856 983 
1238: 998 954 846 930 
1239: 998 954 846 870 
1240: 998 846 856 
1241: 999 925 848 
1242: 939 956 968 960 842 
1243: 980 974 842 965 
1244: 967 974 842 965 
1245: 962 952 840 
1246: 981 994 840 
1247: 994 952 840 
1248: 941 975 840 870 
1249: 986 917 841 
1250: 986 993 928 841 
1251: 986 993 965 841 
1252: 899 976 841 
1253: 976 965 841 
1254: 898 971 858 
1255: 971 858 977 
1256: 858 977 995 888 943 
1257: 994 859 879 880 
1258: 969 855 963 
1259: 976 855 942 965 
1260: 855 963 930 
1261: 939 956 968 960 854 
1262: 957 949 869 854 
1263: 957 924 854 
1264: 998 924 856 
1265: 939 956 968 960 862 
1266: 982 998 860 
1267: 982 860 988 
1268: 914 937 860 
1269: 939 956 968 960 868 
1270: 977 897 868 
1271: 939 978 956 968 882 902 
1272: 895 956 968 960 987 902 
1273: 991 861 930 
1274: 971 963 867 
1275: 971 867 892 
1276: 931 994 867 
1277: 994 922 952 867 
1278: 994 952 867 892 
1279: 984 963 867 
1280: 963 993 867 
1281: 905 970 883 
1282: 905 883 947 
1283: 970 883 915 
1284: 883 915 947 
1285: 883 947 910 
1286: 982 944 871 
1287: 944 871 887 891 
1288: 986 878 917 
1289: 949 976 878 
1290: 878 992 885 
1291: 950 914 882 
1292: 921 887 992 900 
1293: 944 887 925 
1294: 944 887 992 
1295: 935 873 938 
1296: 873 917 886 
1297: 980 872 974 909 
1298: 893 990 872 
1299: 949 990 872 
1300: 966 877 951 
1301: 976 877 951 
1302: 898 980 974 889 
1303: 980 992 974 889 
1304: 937 917 889 
1305: 937 974 889 
1306: 921 964 992 885 
1307: 939 956 880 
1308: 982 917 886 
1309: 947 985 966 991 894 
1310: 944 977 891 
1311: 977 891 911 
1312: 898 980 974 892 
1313: 987 952 892 
1314: 987 942 892 
1315: 992 892 930 
1316: 905 970 987 973 
1317: 898 971 963 
1318: 898 980 974 965 
1319: 999 986 904 
1320: 986 904 993 
1321: 904 925 993 
1322: 936 987 897 
1323: 936 897 983 
1324: 944 977 897 
1325: 944 897 963 
1326: 947 897 963 
1327: 996 897 963 933 983 
1328: 977 897 911 
1329: 970 994 903 
1330: 985 966 991 896 
1331: 991 940 896 
1332: 996 963 896 
1333: 982 915 947 
1334: 915 936 912 987 
1335: 915 947 912 
1336: 947 985 912 966 
1337: 985 912 935 987 
1338: 969 906 920 
1339: 989 906 988 
1340: 996 984 906 988 933 983 
1341: 996 984 906 933 983 919 
1342: 996 906 942 
1343: 997 984 906 919 
1344: 980 992 974 909 
1345: 999 947 910 
1346: 985 966 935 910 
1347: 935 961 910 
1348: 935 910 938 
1349: 967 910 938 
1350: 982 977 911 
1351: 970 994 922 952 
1352: 944 925 993 
1353: 998 924 930 
1354: 980 992 974 918 
1355: 967 992 974 918 
1356: 996 973 933 983 919 
1357: 929 987 973 
1358: 929 996 963 988 933 983 
1359: 929 961 988 
1360: 929 963 928 
1361: 948 927 930 
1362: 996 984 963 988 933 983 
1363: 999 986 928 
1364: 999 963 928 
1365: 950 992 930 
1366: 992 973 930 
1367: 982 944 977 
1368: 944 963 993 
1369: 944 992 973 
1370: 935 961 988 
1371: 935 988 938 
1372: 980 992 974 938 965 
1373: 986 948 940 938 
1374: 986 948 938 965 
1375: 986 967 938 965 
1376: 996 988 938 
1377: 967 992 974 938 965 
1378: 986 948 940 993 
1379: 954 976 942 965 
1380: 987 942 965 
1381: 977 997 943 
1382: 999 947 963 
1383: 982 947 952 
1384: 957 949 976 951 
1385: 986 948 993 965 
1386: 970 987 952 
1387: 976 951 965 
1388: 957 954 976 
1389: 954 993 965 
1390: 962 978 981 
1391: 962 971 981 
1392: 971 963 988 
1393: 980 984 974 965 
1394: 970 985 987 
