# The contained cliques in the communities at k=6
# from G:\Dropbox\Raghda\CNA\Final Project\other methods\CFinder-2.0.6--1448\G:\Dropbox\Raghda\CNA\Final Project\Datasets\binary_networks\LFR1\networ_LFR1_Om5.dat
# at no lower link weight threshold,
# and at no upper link weight threshold.
# Links were treated as undirected.
# No time limit was set for the clique search.

0: 267 898 899 1065 900 1048 1067 992 993 1068 1069 994 875 1066 876 874 1006 495 
1: 305 917 1138 1153 328 891 916 1033 1139 1152 689 712 1034 1035 1227 1154 1155 550 461 
2: 320 831 832 431 877 1156 878 869 752 755 751 
3: 324 352 738 749 759 990 991 1008 1105 1178 1179 1182 1189 885 927 928 1009 1058 886 929 602 1059 711 787 432 451 
4: 343 
5: 357 639 724 750 775 882 883 922 1188 
6: 358 989 547 575 773 854 884 988 1183 1184 1215 
7: 385 425 545 546 635 760 889 923 1043 
8: 395 743 926 1038 1090 723 807 997 999 1039 1040 1055 1091 1122 594 646 765 998 1041 1056 1267 1268 1157 634 1266 582 
9: 396 953 576 
10: 404 446 868 947 959 1229 753 867 623 910 1120 1150 1151 911 912 946 651 449 622 
11: 414 
12: 415 629 918 1060 1061 1192 1205 1249 585 768 769 996 1049 1050 1057 1206 1232 625 1233 1250 
13: 426 766 1078 1129 1175 680 767 1103 1125 1126 1147 693 1079 1101 1104 1130 1176 1077 1102 580 1127 1128 581 597 1142 1143 1146 
14: 450 924 1140 892 925 1141 1194 1193 
15: 452 781 705 
16: 479 
17: 553 1010 1025 657 691 1201 1203 1204 790 
18: 558 559 762 763 
19: 573 1051 1208 1240 848 1052 1063 1097 1207 847 850 849 1096 931 1064 930 933 934 935 728 756 796 725 727 726 757 795 1288 1062 1238 
20: 586 
21: 624 736 1116 
22: 645 978 1086 1186 901 961 979 980 1000 1001 1113 1131 893 894 1004 
23: 698 
24: 770 
25: 791 792 
26: 853 855 
27: 906 907 1021 1022 
28: 913 
29: 937 
