# The communities at k=6
# from G:\Dropbox\Raghda\CNA\Final Project\other methods\CFinder-2.0.6--1448\G:\Dropbox\Raghda\CNA\Final Project\Datasets\binary_networks\LFR1\networ_LFR1_Om5.dat
# at no lower link weight threshold,
# and at no upper link weight threshold.
# Links were treated as undirected.
# No time limit was set for the clique search.

0: 1000 315 649 701 740 828 887 949 972 982 873 436 799 786 922 570 674 728 
1: 987 933 985 991 973 997 940 885 848 226 241 978 864 485 348 789 359 489 655 711 773 614 
2: 979 967 996 956 235 580 892 909 319 801 702 513 696 516 593 571 
3: 726 952 959 981 988 866 879 941 994 238 256 320 335 906 543 818 406 823 492 809 509 518 560 587 739 642 664 714 
4: 250 329 430 569 725 978 
5: 902 915 954 961 973 898 994 261 843 458 474 511 544 578 651 581 
6: 939 860 918 923 964 979 863 950 978 262 693 356 373 603 537 811 586 663 
7: 998 971 882 921 946 955 283 313 354 836 355 826 446 519 850 707 645 610 
8: 979 568 966 893 930 948 919 978 942 290 929 780 732 926 389 398 442 796 464 472 498 699 524 635 676 719 
9: 936 947 852 777 291 770 687 374 
10: 937 944 987 962 974 976 660 628 791 865 969 296 328 333 686 782 426 427 468 515 618 
11: 612 727 750 781 994 304 
12: 998 1000 870 897 903 928 935 958 968 975 999 973 838 945 995 969 306 391 431 437 632 528 825 675 712 713 722 
13: 883 960 970 980 861 821 891 756 800 477 497 854 805 835 314 385 402 765 769 526 736 
14: 824 876 938 983 939 803 927 851 810 992 334 922 619 822 626 627 
15: 990 755 884 895 636 992 759 535 338 548 
16: 460 633 720 802 565 913 
17: 944 729 957 986 869 500 847 875 934 704 481 969 361 561 
18: 993 867 881 677 673 364 566 523 
19: 1000 574 733 880 920 963 977 984 987 989 846 853 602 372 833 688 476 555 738 517 647 650 689 
20: 855 912 925 774 393 840 
21: 806 812 827 834 973 653 778 429 484 493 
22: 998 775 638 916 953 924 766 890 845 832 758 682 462 779 624 658 681 
23: 698 785 829 557 584 494 
24: 997 896 899 914 837 532 
25: 932 745 763 907 575 724 563 
26: 856 842 577 768 582 669 567 
27: 987 993 743 762 814 901 643 695 754 705 
28: 671 808 844 951 679 646 637 
29: 716 815 943 731 771 820 654 
