# The links inside the communities at k=6
# from G:\Dropbox\Raghda\CNA\Final Project\other methods\CFinder-2.0.6--1448\G:\Dropbox\Raghda\CNA\Final Project\Datasets\binary_networks\LFR1\networ_LFR1_Om5.dat
# at no lower link weight threshold,
# and at no upper link weight threshold.
# Links were treated as undirected.
# No time limit was set for the clique search.

0:
1000 315
1000 649
1000 740
1000 828
1000 887
1000 949
1000 972
1000 982
315 649
315 949
315 972
315 982
649 828
649 949
649 972
649 982
649 799
649 786
701 740
701 972
701 982
701 873
701 799
701 570
740 828
740 887
740 949
740 972
740 982
740 873
740 799
740 786
740 570
828 949
828 972
828 982
828 873
828 436
828 799
828 728
887 949
887 972
887 982
887 799
887 786
887 570
887 674
887 728
949 972
949 982
949 873
949 436
949 799
949 786
949 922
949 570
949 674
949 728
972 982
972 873
972 436
972 799
972 786
972 922
972 570
972 674
972 728
982 873
982 436
982 799
982 786
982 922
982 570
982 674
982 728
873 436
873 799
873 786
873 570
873 674
799 786
799 674
799 728
786 674
786 728
922 674
922 728
674 728
1:
987 985
987 991
987 940
987 885
987 789
987 655
933 985
933 991
933 973
933 940
933 885
933 848
933 241
933 978
933 864
933 485
933 348
933 789
933 489
933 655
933 711
933 773
933 614
985 991
985 973
985 997
985 940
985 885
985 848
985 226
985 241
985 978
985 864
985 485
985 348
985 789
985 359
985 489
985 655
985 711
985 773
985 614
991 973
991 997
991 940
991 885
991 848
991 226
991 978
991 864
991 348
991 789
991 359
991 489
991 655
991 711
991 773
973 885
973 864
997 940
997 848
997 864
997 789
997 711
997 773
940 885
940 848
940 226
940 241
940 864
940 485
940 348
940 789
940 359
940 489
940 655
940 711
940 773
940 614
885 848
885 226
885 241
885 864
885 789
885 655
885 711
885 773
885 614
848 226
848 241
848 864
848 789
848 359
848 655
848 773
848 614
978 864
978 789
978 711
864 485
864 789
864 359
864 711
485 711
348 789
789 773
489 711
655 773
773 614
2:
979 967
979 956
979 909
979 801
979 513
967 996
967 956
967 235
967 580
967 892
967 909
967 319
967 801
967 702
967 513
967 696
967 516
967 593
967 571
996 956
996 580
996 892
996 909
996 319
996 801
996 702
956 235
956 580
956 892
956 909
956 319
956 801
956 702
956 513
956 696
956 516
956 593
956 571
235 580
235 892
235 909
580 892
580 909
580 702
580 696
892 909
892 319
892 801
892 702
892 696
892 516
892 593
892 571
909 319
909 801
909 702
909 513
909 696
909 516
909 593
909 571
801 513
801 696
801 516
801 593
702 571
513 696
696 593
696 571
516 593
3:
726 952
726 959
726 981
726 988
726 866
726 879
726 941
726 906
726 642
726 714
952 959
952 981
952 988
952 866
952 879
952 941
952 994
952 238
952 256
952 906
952 543
952 818
952 406
952 823
952 492
952 809
952 509
952 518
952 560
952 587
952 739
952 642
952 664
959 981
959 988
959 866
959 879
959 941
959 994
959 238
959 256
959 320
959 335
959 906
959 543
959 818
959 406
959 823
959 492
959 809
959 509
959 518
959 560
959 739
959 642
959 664
959 714
981 988
981 866
981 879
981 941
981 994
981 238
981 256
981 320
981 335
981 906
981 543
981 818
981 406
981 823
981 492
981 809
981 509
981 518
981 560
981 587
981 739
981 642
981 664
981 714
988 866
988 879
988 941
988 994
988 238
988 256
988 320
988 335
988 906
988 543
988 818
988 406
988 823
988 492
988 809
988 509
988 518
988 560
988 587
988 739
988 642
988 664
988 714
866 879
866 941
866 320
866 906
866 818
866 823
866 492
866 809
866 642
866 664
866 714
879 941
879 320
879 906
879 543
879 818
879 823
879 809
879 518
879 560
879 739
879 714
941 994
941 238
941 256
941 335
941 906
941 818
941 823
941 492
941 809
941 509
941 518
941 587
941 739
941 664
941 714
994 906
994 818
994 823
335 906
906 543
906 406
906 823
906 809
906 509
906 518
906 560
906 587
906 664
906 714
818 823
818 809
818 739
818 642
818 664
406 823
823 809
823 739
823 642
823 714
492 809
809 587
809 664
587 739
739 642
739 714
4:
250 329
250 430
250 569
250 725
250 978
329 430
329 569
329 725
329 978
430 569
430 725
430 978
569 725
569 978
725 978
5:
902 915
902 954
902 961
902 973
902 898
902 994
902 261
902 843
902 458
902 474
902 511
902 544
902 578
902 651
902 581
915 954
915 961
915 973
915 898
915 994
915 261
915 843
915 458
915 474
915 511
915 544
915 578
915 651
915 581
954 961
954 973
954 898
954 994
954 261
954 843
954 458
954 474
954 511
954 544
954 578
954 651
954 581
961 973
961 898
961 994
961 261
961 843
961 458
961 474
961 511
961 544
961 578
961 651
961 581
973 898
973 843
898 994
898 261
898 843
898 458
898 474
898 511
898 544
898 578
898 651
898 581
994 843
994 651
843 458
843 474
843 511
843 544
843 578
843 651
843 581
578 651
651 581
6:
939 918
939 964
939 863
939 950
939 811
860 918
860 923
860 964
860 979
860 863
860 950
860 262
860 693
860 356
860 373
860 603
860 811
860 586
860 663
918 923
918 964
918 979
918 863
918 950
918 978
918 262
918 693
918 356
918 603
918 537
918 811
918 586
918 663
923 964
923 979
923 863
923 950
923 978
923 262
923 693
923 356
923 373
923 603
923 537
923 811
923 586
923 663
964 979
964 863
964 950
964 978
964 262
964 693
964 356
964 373
964 603
964 537
964 811
964 586
964 663
979 863
979 950
979 978
979 663
863 950
863 978
863 693
863 373
863 603
863 537
863 811
863 586
863 663
950 978
950 693
950 356
950 373
950 603
950 537
950 811
950 586
950 663
978 811
262 693
693 537
693 811
693 663
603 811
537 811
811 586
811 663
7:
998 971
998 882
998 921
998 946
998 955
998 836
998 826
998 850
998 707
971 882
971 921
971 946
971 955
971 283
971 313
971 354
971 836
971 355
971 826
971 446
971 519
971 850
971 707
971 645
971 610
882 921
882 946
882 955
882 283
882 313
882 354
882 836
882 355
882 826
882 446
882 519
882 850
882 707
882 645
882 610
921 946
921 955
921 283
921 313
921 354
921 836
921 355
921 826
921 446
921 519
921 850
921 707
921 645
921 610
946 955
946 283
946 313
946 354
946 836
946 355
946 826
946 446
946 519
946 850
946 707
946 645
946 610
955 283
955 313
955 354
955 836
955 355
955 826
955 446
955 519
955 850
955 707
955 645
955 610
354 836
836 826
836 519
836 850
836 707
836 645
836 610
826 850
826 707
826 645
519 850
850 707
850 645
850 610
8:
979 966
979 948
979 919
979 978
979 942
979 929
979 796
568 966
568 893
568 948
568 919
568 942
568 929
568 926
966 893
966 930
966 948
966 919
966 978
966 942
966 929
966 780
966 732
966 926
966 389
966 398
966 442
966 796
966 464
966 472
966 498
966 699
966 524
966 635
966 676
966 719
893 930
893 948
893 919
893 942
893 290
893 929
893 780
893 732
893 926
893 796
893 464
893 498
893 699
893 635
930 948
930 919
930 978
930 942
930 290
930 929
930 780
930 732
930 926
930 442
930 796
930 464
930 472
930 498
930 699
930 524
930 635
930 676
930 719
948 919
948 978
948 942
948 290
948 929
948 780
948 732
948 926
948 389
948 398
948 442
948 796
948 464
948 472
948 498
948 699
948 524
948 635
948 676
948 719
919 978
919 942
919 929
919 780
919 732
919 926
919 398
919 796
919 464
919 472
919 524
919 635
919 676
919 719
978 929
978 926
942 290
942 929
942 780
942 732
942 926
942 389
942 398
942 796
942 472
942 498
942 699
942 524
942 635
942 676
942 719
290 929
929 732
929 926
929 389
929 398
929 472
929 498
929 699
929 635
929 676
929 719
780 732
780 926
780 442
780 796
780 699
780 719
732 926
732 389
926 398
926 796
926 464
926 472
926 699
926 524
926 635
926 676
926 719
442 796
796 676
796 719
699 676
699 719
9:
936 947
936 852
936 777
936 291
936 770
936 687
936 374
947 852
947 777
947 291
947 770
947 687
947 374
852 777
852 291
852 770
852 687
852 374
777 291
777 770
777 687
291 770
770 687
770 374
687 374
10:
937 944
937 987
937 962
937 974
937 976
937 660
937 628
937 791
937 865
937 969
937 296
937 328
937 333
937 686
937 782
937 427
937 468
937 515
937 618
944 962
944 974
944 976
944 660
944 791
987 962
987 974
987 976
987 628
987 791
987 865
962 974
962 976
962 660
962 628
962 791
962 865
962 969
962 296
962 328
962 333
962 686
962 782
962 426
962 427
962 468
962 618
974 976
974 660
974 628
974 791
974 865
974 969
974 296
974 328
974 333
974 686
974 782
974 426
974 427
974 468
974 515
974 618
976 660
976 628
976 791
976 865
976 969
976 296
976 328
976 686
976 782
976 426
976 427
976 468
976 515
976 618
660 628
660 865
660 782
628 791
628 686
791 969
791 782
791 427
791 618
865 296
865 328
865 686
865 782
865 426
865 515
865 618
333 686
333 782
686 782
686 468
782 426
782 468
515 618
11:
612 727
612 750
612 781
612 994
612 304
727 750
727 781
727 994
727 304
750 781
750 994
750 304
781 994
781 304
994 304
12:
998 897
998 903
998 928
998 958
998 968
998 975
998 999
998 945
1000 870
1000 897
1000 903
1000 928
1000 935
1000 958
1000 968
1000 975
1000 999
870 897
870 903
870 928
870 935
870 958
870 968
870 975
870 999
870 838
870 945
870 969
870 825
870 675
870 712
870 713
870 722
897 903
897 928
897 935
897 958
897 968
897 975
897 999
897 973
897 838
897 945
897 995
897 528
897 675
897 712
897 722
903 928
903 935
903 958
903 968
903 975
903 999
903 838
903 945
903 995
903 969
903 431
903 632
903 825
903 675
903 713
928 935
928 958
928 968
928 975
928 999
928 973
928 838
928 945
928 995
928 306
928 437
928 632
928 825
928 675
928 713
928 722
935 958
935 968
935 975
935 999
935 973
935 838
935 945
935 969
935 391
935 431
935 632
935 825
935 675
935 712
935 713
958 968
958 975
958 999
958 838
958 945
958 995
958 969
958 306
958 391
958 431
958 437
958 632
958 528
958 825
958 712
958 713
958 722
968 975
968 999
968 973
968 838
968 945
968 969
968 306
968 391
968 431
968 437
968 632
968 528
968 825
968 675
968 712
968 722
975 999
975 973
975 838
975 945
975 995
975 391
975 431
975 437
975 632
975 528
975 825
975 675
975 712
975 713
975 722
999 973
999 838
999 945
999 995
999 969
999 306
999 391
999 431
999 437
999 632
999 528
999 825
999 675
999 712
999 713
999 722
838 945
838 995
838 825
838 712
838 713
838 722
945 995
945 306
945 391
945 437
945 632
945 528
945 825
945 675
945 712
945 713
945 722
528 825
825 712
825 713
825 722
13:
883 960
883 970
883 980
883 861
883 821
883 891
883 756
883 800
883 805
883 835
883 765
883 769
960 970
960 980
960 861
960 821
960 891
960 756
960 800
960 477
960 497
960 854
960 805
960 835
960 314
960 385
960 402
960 765
960 769
960 526
960 736
970 980
970 861
970 821
970 891
970 756
970 800
970 477
970 497
970 854
970 805
970 835
970 314
970 385
970 402
970 765
970 769
970 526
970 736
980 861
980 821
980 891
980 756
980 800
980 477
980 497
980 854
980 805
980 835
980 314
980 385
980 402
980 765
980 769
980 526
980 736
861 891
861 756
861 854
861 805
861 835
861 314
861 385
861 765
861 769
861 526
821 891
821 800
821 854
821 805
821 385
821 765
821 769
821 736
891 756
891 477
891 497
891 854
891 805
891 835
891 385
891 765
891 769
891 736
756 854
756 769
756 736
800 854
800 835
477 854
477 835
497 854
854 805
854 835
854 314
854 769
854 526
854 736
805 835
805 402
805 765
835 402
835 765
835 769
835 526
835 736
402 765
765 769
765 736
526 736
14:
824 876
824 938
824 983
824 803
824 927
824 851
824 810
824 992
824 619
824 822
824 626
824 627
876 938
876 983
876 939
876 803
876 927
876 851
876 810
876 992
876 922
876 619
876 822
876 626
876 627
938 983
938 939
938 803
938 927
938 851
938 810
938 992
938 334
938 922
938 619
938 822
938 626
938 627
983 939
983 803
983 927
983 851
983 810
983 992
983 334
983 922
983 619
983 822
983 626
983 627
939 851
939 822
803 927
803 851
803 810
803 992
803 334
803 619
803 822
803 626
927 851
927 810
927 992
927 334
927 922
927 619
927 822
927 626
927 627
851 810
851 992
851 619
851 822
851 627
810 334
810 822
810 626
810 627
992 822
922 822
619 822
822 626
822 627
15:
990 755
990 884
990 895
990 636
990 992
990 759
990 338
990 548
755 884
755 895
755 636
755 992
755 759
755 535
755 338
755 548
884 895
884 636
884 992
884 759
884 535
884 338
884 548
895 636
895 992
895 759
895 535
895 338
895 548
636 992
636 759
636 548
992 759
992 535
992 548
759 535
759 338
759 548
16:
460 633
460 720
460 802
460 565
460 913
633 720
633 802
633 565
633 913
720 802
720 565
720 913
802 565
802 913
565 913
17:
944 957
944 986
944 869
944 847
944 875
729 957
729 986
729 869
729 847
729 704
957 986
957 869
957 500
957 847
957 875
957 934
957 704
957 481
957 969
957 361
957 561
986 869
986 500
986 847
986 875
986 934
986 704
986 481
986 969
986 361
986 561
869 500
869 847
869 875
869 934
869 704
869 481
869 969
869 361
869 561
500 875
500 704
847 875
847 934
847 704
847 481
847 969
847 361
875 934
875 704
875 481
875 969
875 561
704 361
969 561
18:
993 867
993 881
993 673
993 364
993 566
993 523
867 881
867 677
867 673
867 364
867 566
867 523
881 677
881 673
881 364
881 566
881 523
677 673
677 364
677 566
677 523
673 364
673 566
673 523
364 566
566 523
19:
1000 574
1000 733
1000 880
1000 920
1000 963
1000 977
1000 984
1000 987
1000 989
574 963
574 977
574 984
574 989
574 853
574 688
733 880
733 977
733 984
733 989
733 846
733 833
733 688
733 738
733 650
880 920
880 963
880 977
880 984
880 989
880 846
880 853
880 602
880 372
880 689
920 963
920 977
920 984
920 846
920 853
920 602
920 833
920 555
920 738
963 977
963 984
963 987
963 989
963 846
963 853
963 602
963 372
963 833
963 688
963 476
963 555
963 738
963 517
963 650
963 689
977 984
977 987
977 989
977 846
977 853
977 602
977 372
977 833
977 688
977 476
977 555
977 738
977 517
977 647
977 650
977 689
984 987
984 989
984 846
984 853
984 372
984 833
984 688
984 476
984 555
984 738
984 517
984 647
984 650
984 689
987 989
987 689
989 846
989 853
989 602
989 372
989 833
989 688
989 476
989 555
989 738
989 517
989 647
989 650
989 689
846 853
846 602
846 833
846 738
846 647
846 689
853 688
853 555
853 517
853 647
853 650
602 738
833 688
833 738
833 517
833 647
833 650
688 650
476 555
476 738
738 647
20:
855 912
855 925
855 774
855 393
855 840
912 925
912 774
912 393
912 840
925 774
925 393
925 840
774 393
774 840
393 840
21:
806 812
806 827
806 834
806 973
806 653
806 778
806 429
806 484
806 493
812 827
812 834
812 973
812 653
812 778
812 429
812 484
812 493
827 834
827 973
827 653
827 778
827 429
827 484
827 493
834 973
834 653
834 778
834 429
834 484
834 493
973 778
653 778
653 429
653 484
653 493
778 429
778 484
778 493
484 493
22:
998 916
998 953
998 924
998 766
998 890
998 845
998 832
998 758
998 779
775 638
775 916
775 953
775 924
775 890
775 845
775 832
775 682
775 779
775 658
775 681
638 916
638 953
638 924
638 890
638 845
638 624
916 953
916 924
916 766
916 890
916 845
916 832
916 758
916 462
916 779
916 624
916 658
916 681
953 924
953 766
953 890
953 845
953 832
953 758
953 462
953 779
953 624
953 658
953 681
924 766
924 890
924 845
924 832
924 758
924 682
924 462
924 624
924 658
924 681
766 890
766 845
766 624
766 658
890 845
890 832
890 758
890 682
890 462
890 779
890 624
890 658
890 681
845 832
845 682
845 779
845 658
845 681
832 758
832 682
832 462
832 779
832 658
758 681
779 658
779 681
23:
698 785
698 829
698 557
698 584
698 494
785 829
785 557
785 584
785 494
829 557
829 584
829 494
557 584
557 494
584 494
24:
997 896
997 899
997 914
997 837
997 532
896 899
896 914
896 837
896 532
899 914
899 837
899 532
914 837
914 532
837 532
25:
932 745
932 763
932 907
932 575
932 724
932 563
745 763
745 907
745 575
745 724
745 563
763 907
763 575
763 563
907 575
907 724
907 563
575 724
575 563
724 563
26:
856 842
856 768
856 582
856 669
856 567
842 577
842 768
842 582
842 669
842 567
577 768
577 582
577 669
577 567
768 582
768 669
768 567
582 669
582 567
669 567
27:
987 993
987 762
987 814
987 901
987 643
987 695
987 705
993 743
993 762
993 814
993 901
993 643
993 695
993 754
993 705
743 762
743 814
743 901
743 643
743 695
743 754
743 705
762 814
762 901
762 643
762 695
762 754
762 705
814 901
814 643
814 695
814 754
814 705
901 643
901 695
901 754
901 705
643 754
643 705
754 705
28:
671 808
671 844
671 951
671 679
671 646
671 637
808 844
808 951
808 679
808 646
808 637
844 951
844 679
844 646
844 637
951 679
951 646
951 637
679 646
679 637
646 637
29:
716 815
716 943
716 731
716 771
716 820
716 654
815 943
815 731
815 771
815 820
815 654
943 731
943 771
943 820
943 654
731 771
731 820
731 654
771 820
771 654
820 654
