# The contained cliques in the communities at k=3
# from G:\Dropbox\Raghda\CNA\Final Project\other methods\CFinder-2.0.6--1448\G:\Dropbox\Raghda\CNA\Final Project\Datasets\binary_networks\LFR1\networ_LFR1_Om2.dat
# at no lower link weight threshold,
# and at no upper link weight threshold.
# Links were treated as undirected.
# No time limit was set for the clique search.

0: 0 2 156 257 296 306 452 586 587 644 647 699 778 886 1001 1002 1003 1004 1005 1038 1039 1060 1061 1065 1066 1067 1131 1132 1150 1154 1155 1159 1176 1186 1189 41 182 183 191 356 549 700 716 806 807 808 809 887 917 918 924 925 397 645 903 151 225 292 543 293 192 974 592 618 824 846 28 364 365 428 593 427 902 868 97 98 180 181 708 96 
1: 1 113 307 344 429 458 459 496 622 623 686 859 860 861 888 889 957 958 959 992 993 1008 1009 1034 1035 1036 1063 1091 1117 1118 1129 1141 37 340 657 658 310 898 309 1064 919 933 953 1062 1144 159 503 532 569 604 610 672 674 795 800 890 934 1115 1145 1166 1174 160 443 801 51 680 1175 810 844 1121 1207 48 65 78 120 131 206 211 273 278 372 457 500 508 509 665 697 843 845 870 871 926 954 955 964 965 982 983 1122 1130 84 85 419 
2: 3 137 177 256 277 395 527 534 624 646 685 687 688 814 899 1101 1125 1158 1202 31 1089 4 1203 1214 651 943 1096 1197 1198 193 444 541 649 650 794 885 942 944 1073 1095 1097 1098 1099 1100 1147 1148 1151 1152 1153 1161 1162 1164 1165 1192 1193 1194 1195 1196 1208 1209 157 232 635 660 681 779 956 1074 1075 212 374 761 780 990 991 489 268 638 655 148 149 150 637 643 710 1199 1140 1188 1139 67 298 308 376 410 411 420 522 523 669 670 671 717 760 951 952 976 977 984 985 986 987 988 989 1025 1049 1050 1051 1094 1149 790 1048 787 789 47 244 245 369 370 598 611 626 786 788 803 805 857 858 1019 1020 1023 1024 1040 1041 1044 1045 1046 1047 1077 1113 1180 1182 1183 1184 55 218 302 596 625 802 804 1021 1022 1042 1043 1078 1114 1181 56 101 219 249 597 762 763 250 599 764 
3: 5 8 316 317 6 7 321 322 323 558 559 320 318 319 556 557 
4: 9 10 853 1033 1102 11 38 796 797 854 966 1103 114 436 476 602 1187 115 477 478 678 827 632 798 75 603 631 633 799 826 849 850 39 601 856 233 677 847 234 264 825 848 265 855 435 437 
5: 12 66 398 399 442 564 641 751 904 905 938 1010 1011 1012 1013 1014 1030 1068 1069 1070 1071 1072 1079 1080 1133 25 89 123 198 235 642 1031 1052 1053 1054 1055 1056 1057 1058 1059 1134 1185 94 162 204 782 783 784 95 474 124 403 475 571 572 573 205 163 785 327 328 440 939 940 83 262 279 287 371 504 507 654 866 1015 979 122 197 275 835 869 900 978 196 158 1086 355 431 701 711 432 223 222 49 702 703 719 274 712 834 276 345 
6: 13 26 58 59 81 92 111 142 143 208 243 357 413 490 491 492 774 775 908 909 910 911 945 946 947 948 949 950 967 968 969 970 997 998 999 1000 1104 1105 1106 1107 1108 1109 207 414 240 
7: 14 16 17 15 99 189 329 100 166 190 18 
8: 19 21 1016 1017 20 727 791 1087 1126 1190 1204 108 726 1076 203 362 381 736 737 738 792 927 928 1082 1083 1088 1191 1205 63 170 171 295 391 392 494 501 502 661 662 694 695 696 929 931 973 1084 1085 1127 1142 1143 1173 1213 61 64 60 62 663 664 32 689 690 493 930 932 1128 363 424 294 544 289 74 88 187 297 366 421 471 472 486 487 488 739 209 1081 383 385 132 300 352 382 384 386 415 581 1027 133 579 862 1028 301 387 416 580 706 863 358 418 529 538 590 591 172 359 173 353 528 537 582 1206 164 165 417 589 705 704 80 119 139 261 263 314 402 535 539 673 741 777 793 960 1093 1123 1156 1167 1169 1200 210 461 473 57 102 400 540 901 1212 79 341 482 497 93 230 483 498 667 1211 1124 1157 1163 44 110 140 144 152 188 236 246 266 288 290 360 373 380 404 438 439 445 460 510 676 756 759 884 995 996 1006 1037 1146 1177 1178 1179 915 1137 121 161 186 304 311 312 367 469 612 613 614 873 874 875 876 877 878 882 883 894 895 896 897 916 935 936 937 1026 1119 1120 1135 1136 1138 1170 1171 1172 880 881 470 852 879 851 281 280 282 893 1210 606 607 608 68 69 77 238 239 284 285 291 338 339 375 453 454 455 456 545 553 818 912 913 914 574 1215 227 389 228 349 390 450 812 350 451 813 1201 1168 
9: 22 23 27 40 167 229 547 765 766 767 768 819 820 821 906 907 961 1092 425 742 743 744 426 267 146 548 145 1018 76 
10: 24 33 269 379 396 412 484 505 600 636 656 659 666 675 679 781 872 892 941 1007 1116 
11: 29 30 565 566 720 128 368 465 127 129 466 467 721 216 331 215 217 330 
12: 34 35 36 213 214 691 692 693 117 118 194 195 220 617 709 867 963 116 616 551 570 713 552 221 
13: 42 109 138 286 305 313 378 406 533 605 609 615 621 653 684 749 776 822 
14: 43 242 464 530 531 588 833 
15: 45 561 135 325 560 134 46 324 103 326 
16: 50 106 107 201 202 334 335 433 434 480 481 639 640 757 758 828 829 830 971 972 377 
17: 52 332 336 105 
18: 53 54 258 333 577 962 337 174 578 707 179 178 259 
19: 70 
20: 71 72 
21: 73 200 361 546 568 980 981 1160 112 130 136 237 283 303 315 430 668 769 811 994 1112 299 
22: 82 153 184 185 247 248 393 562 563 836 891 1110 154 231 394 479 499 837 864 1111 155 865 838 823 
23: 86 87 462 463 511 594 595 342 343 401 441 542 740 199 
24: 90 91 627 728 730 731 745 1029 351 516 517 629 628 750 630 485 
25: 104 
26: 125 126 168 272 346 347 348 169 388 354 
27: 141 
28: 147 405 468 506 652 975 1032 1090 648 
29: 175 176 524 567 755 525 526 550 724 725 752 753 754 771 831 447 722 770 446 449 448 723 832 241 772 773 536 748 
30: 224 260 
31: 226 422 423 732 840 921 734 842 520 735 518 521 519 733 841 683 839 682 923 816 920 815 817 714 922 495 585 715 584 747 583 
32: 251 252 254 271 408 409 575 576 634 746 255 253 270 407 718 
33: 512 513 554 555 619 620 698 729 514 515 
