# The communities at k=3
# from G:\Dropbox\Raghda\CNA\Final Project\other methods\CFinder-2.0.6--1448\G:\Dropbox\Raghda\CNA\Final Project\Datasets\binary_networks\LFR1\networ_LFR1_Om2.dat
# at no lower link weight threshold,
# and at no upper link weight threshold.
# Links were treated as undirected.
# No time limit was set for the clique search.

0: 985 10 955 981 983 999 953 104 113 641 791 863 121 956 812 157 224 642 650 515 192 883 927 196 653 210 517 625 633 211 793 839 218 350 240 582 679 262 506 41 377 301 419 398 414 383 391 568 462 727 640 439 634 441 46 619 824 588 540 784 561 775 595 699 683 718 8 684 70 82 
1: 1 706 949 967 518 978 119 789 925 127 952 129 911 929 971 135 798 938 941 510 320 146 899 150 672 895 994 243 168 823 171 185 966 199 818 407 23 235 898 247 933 276 792 281 294 767 305 306 890 339 710 879 343 347 819 916 355 662 369 915 614 400 926 405 777 417 745 456 635 466 474 479 485 597 774 629 554 557 914 56 563 571 779 92 682 598 609 626 613 817 647 712 649 654 715 764 84 94 
2: 985 1000 105 140 504 518 546 594 616 776 780 830 848 858 876 886 897 902 903 913 922 930 932 968 970 986 115 984 126 846 889 908 920 131 711 887 137 696 884 935 159 732 909 866 998 183 191 228 652 735 197 888 987 990 937 209 543 219 867 917 590 904 24 954 246 39 765 249 959 250 260 506 271 671 794 853 276 880 295 3 332 943 364 366 371 743 379 392 840 854 976 676 893 406 59 869 420 423 427 871 948 43 669 698 430 836 785 438 44 440 443 665 452 460 472 787 486 574 498 499 52 707 542 786 549 554 558 57 585 628 810 859 646 651 730 713 749 72 741 77 85 
3: 1000 16 173 174 237 307 354 376 382 412 416 432 453 459 495 606 704 
4: 102 763 835 877 924 12 703 857 143 807 169 692 750 287 587 30 323 702 397 610 425 611 850 483 50 555 761 
5: 780 103 303 709 951 957 989 110 756 940 963 127 644 808 887 136 849 45 473 153 156 841 861 690 336 556 76 176 737 198 825 966 20 509 300 220 790 221 229 484 695 491 247 705 747 263 267 657 541 27 285 562 681 293 302 714 748 32 322 599 349 943 353 831 436 446 62 521 566 547 723 569 65 68 613 80 618 708 
6: 106 815 906 942 960 111 802 972 133 772 149 155 166 891 189 661 771 350 230 231 274 838 852 617 333 334 37 38 526 631 666 
7: 107 201 335 578 593 158 318 539 7 217 
8: 949 992 837 843 876 922 957 670 108 700 740 936 989 791 116 512 864 977 124 946 993 995 996 952 132 974 979 991 134 233 538 138 390 604 905 997 142 834 988 145 691 816 147 329 630 766 975 148 947 962 153 226 159 964 163 931 980 165 823 909 170 172 721 910 939 180 726 742 805 998 184 969 186 342 19 193 2 856 907 200 374 509 205 206 520 214 885 973 215 717 216 950 516 227 352 231 232 685 236 239 872 242 248 782 249 252 254 255 384 873 257 478 605 796 828 982 258 738 264 944 266 267 275 461 933 277 529 311 28 288 96 289 923 291 296 298 304 346 368 758 308 309 501 739 317 319 396 321 327 477 33 330 331 865 337 783 340 345 645 356 860 366 6 719 519 372 375 435 378 577 383 385 533 632 402 591 408 639 429 42 785 847 934 465 468 47 476 48 482 49 490 494 892 567 878 536 552 620 553 875 565 575 579 586 734 751 580 79 87 612 638 803 63 882 826 64 659 66 664 689 69 83 90 759 870 778 95 814 832 88 91 
9: 109 688 855 862 896 112 725 120 996 144 570 190 581 755 202 280 54 648 389 534 500 508 733 51 
10: 11 842 958 961 965 117 252 261 900 272 881 328 349 753 976 395 428 454 458 468 480 485 53 545 572 608 627 806 736 754 
11: 114 18 363 678 769 178 31 418 656 413 245 29 655 532 475 315 344 
12: 118 241 505 680 874 17 212 348 909 502 770 22 410 4 497 26 429 471 566 
13: 122 813 894 918 928 164 901 183 596 251 269 370 401 701 404 409 467 445 522 531 589 61 89 9 
14: 123 624 716 972 636 313 584 603 367 394 40 
15: 530 573 279 403 993 125 75 160 284 181 524 
16: 292 128 728 752 820 868 162 623 225 658 673 250 286 583 326 622 433 492 
17: 253 13 386 447 514 204 541 
18: 677 273 812 130 290 668 448 720 207 21 548 411 93 
19: 139 314 35 
20: 387 14 324 434 
21: 877 141 799 844 921 988 167 919 945 179 182 455 770 223 238 282 811 827 660 36 388 469 503 565 60 686 99 78 97 
22: 15 422 845 851 194 5 773 213 596 821 259 757 833 34 325 341 602 73 615 609 
23: 816 151 361 729 731 636 222 781 265 663 293 312 357 381 464 577 
24: 154 592 744 760 822 283 694 800 804 328 560 360 550 513 424 470 522 
25: 244 161 243 
26: 177 256 310 637 724 203 299 559 380 431 58 
27: 187 449 481 
28: 195 762 797 801 828 268 674 788 316 697 912 351 743 442 444 
29: 675 208 399 653 829 297 507 600 809 365 601 373 74 753 393 496 488 493 567 525 
30: 451 449 86 71 
31: 576 685 511 722 795 796 278 41 768 833 338 457 687 450 362 523 607 496 487 621 693 
32: 270 426 463 544 643 746 437 528 55 67 564 98 
33: 527 912 358 489 537 667 359 535 415 421 551 
