# The links inside the communities at k=4
# from G:\Dropbox\Raghda\CNA\Final Project\other methods\CFinder-2.0.6--1448\G:\Dropbox\Raghda\CNA\Final Project\Datasets\binary_networks\LFR6\network_LFR6_Om4.dat
# at no lower link weight threshold,
# and at no upper link weight threshold.
# Links were treated as undirected.
# No time limit was set for the clique search.

0:
1000 21
1000 284
1000 322
1000 48
1000 721
1000 808
1000 902
1000 907
21 721
21 902
284 322
284 721
284 902
284 907
322 902
48 721
48 902
721 808
721 902
721 907
808 902
902 907
1:
980 55
980 846
980 762
980 741
980 503
980 626
980 698
980 715
55 762
55 626
846 762
846 698
846 715
762 741
762 503
762 626
762 698
741 503
741 626
741 698
503 626
503 698
626 698
698 715
2:
102 791
102 844
102 891
102 996
791 891
791 996
791 592
791 999
791 882
791 950
791 915
791 798
844 891
844 996
844 999
844 987
844 950
844 915
844 973
844 696
844 632
891 996
891 999
996 592
996 999
996 432
996 816
996 987
996 882
996 950
996 915
996 838
996 973
996 696
996 798
996 632
996 603
996 84
691 999
691 987
691 915
592 999
592 915
592 603
854 999
854 950
854 603
778 999
778 950
778 798
999 432
999 816
999 987
999 882
999 26
999 950
999 915
999 838
999 352
999 973
999 696
999 798
999 632
999 603
999 84
432 915
432 696
816 987
816 26
816 950
816 915
816 838
816 352
816 973
816 798
987 950
987 915
882 950
26 950
950 915
950 352
950 696
950 798
950 632
950 603
950 84
915 696
915 798
915 632
915 603
352 973
973 696
696 798
3:
980 916
980 809
980 906
980 909
980 895
980 828
980 757
980 354
980 715
634 916
634 906
634 909
916 809
916 906
916 909
121 809
121 906
121 909
809 906
809 909
809 895
809 192
809 828
809 354
906 909
906 895
906 192
906 828
906 757
906 354
906 715
909 895
909 192
909 828
909 757
909 354
909 715
4:
993 652
993 931
993 994
993 958
993 969
993 936
993 126
993 832
993 939
993 967
993 686
993 757
993 281
993 299
993 403
993 716
652 969
652 299
931 994
931 757
931 716
994 958
994 969
994 936
994 126
994 832
994 965
994 967
994 686
994 874
994 757
994 281
994 299
994 403
994 860
994 756
994 716
958 969
958 965
958 874
958 281
958 756
969 936
969 832
969 939
969 965
969 967
969 686
969 874
969 299
936 832
936 939
936 716
126 832
832 967
832 874
832 716
939 967
939 716
965 874
965 860
965 756
967 874
967 716
686 757
874 281
874 860
299 403
5:
914 898
914 560
914 498
914 780
914 833
963 656
963 970
963 937
963 780
963 833
13 656
13 898
13 970
656 898
656 970
656 560
656 292
656 780
656 833
898 970
898 292
898 937
898 498
898 780
898 833
970 937
970 833
560 780
560 833
292 780
292 833
937 833
498 833
780 833
6:
954 794
954 949
954 953
954 983
954 960
954 813
954 722
954 580
897 927
897 949
897 960
585 927
585 949
585 953
585 826
585 960
981 949
981 953
981 983
981 960
981 722
981 580
981 566
912 953
912 536
912 826
912 960
912 722
156 794
156 927
156 949
156 953
794 949
794 953
794 731
794 960
794 566
927 949
927 953
927 536
927 249
927 826
927 960
927 858
927 830
927 37
927 722
927 580
927 566
949 953
949 536
949 249
949 826
949 960
949 37
949 722
949 566
953 983
953 731
953 536
953 826
953 960
953 813
953 858
953 830
953 722
953 580
983 826
983 960
983 830
731 960
536 960
536 580
249 826
249 960
826 960
826 858
826 830
826 37
960 813
960 37
960 722
960 580
960 566
7:
998 929
998 977
998 972
998 943
998 803
998 940
998 824
998 317
998 872
998 378
998 578
998 582
929 977
929 972
929 803
929 940
929 240
929 872
929 527
974 977
974 972
974 803
974 940
974 758
974 872
974 578
974 582
974 753
977 972
977 854
977 943
977 158
977 803
977 940
977 875
977 739
977 824
977 240
977 550
977 317
977 872
977 321
977 830
977 378
977 578
977 527
977 582
972 854
972 943
972 158
972 803
972 940
972 739
972 240
972 550
972 758
972 317
972 872
972 321
972 830
972 578
972 527
854 550
854 872
943 803
943 940
943 550
943 872
158 803
158 940
803 940
803 321
803 578
803 582
940 875
940 824
940 240
940 550
940 758
940 317
940 872
940 321
940 830
940 378
940 578
940 582
875 872
875 582
739 872
240 550
550 872
317 872
872 321
872 378
872 578
872 582
872 753
582 753
8:
892 989
892 173
892 793
892 728
989 173
989 793
989 728
173 793
793 728
9:
974 981
974 505
974 785
974 923
974 174
974 840
974 948
974 654
981 505
981 785
981 923
981 840
981 948
981 654
505 785
505 654
785 923
785 174
785 948
785 654
923 174
923 840
923 948
923 654
948 654
10:
991 997
991 963
991 938
991 981
991 179
991 859
991 571
964 997
964 938
964 967
964 837
749 997
749 938
749 967
749 932
749 469
749 837
749 571
997 963
997 938
997 981
997 179
997 967
997 22
997 377
997 928
997 932
997 882
997 829
997 469
997 742
997 837
997 847
997 571
963 742
963 837
963 571
938 981
938 179
938 967
938 22
938 377
938 928
938 859
938 882
938 469
938 837
938 571
981 377
981 928
981 859
967 571
22 377
928 837
928 847
932 882
932 742
932 837
882 837
829 742
829 837
469 742
469 837
742 837
837 847
11:
197 599
197 704
197 890
599 704
599 890
704 890
12:
1000 541
1000 605
1000 695
1000 804
1000 839
1000 853
1000 861
1000 961
1000 986
541 839
541 853
541 986
541 815
605 861
605 986
605 987
605 817
695 839
695 853
695 861
695 961
695 986
695 987
804 839
804 961
804 986
804 968
804 622
804 815
804 78
839 853
839 861
839 986
839 968
839 987
839 294
839 815
853 861
853 986
853 990
853 968
853 294
853 817
853 836
861 961
861 986
861 987
861 817
861 622
861 836
861 815
961 986
961 987
961 815
986 990
986 946
986 968
986 987
986 294
986 817
986 622
986 91
986 930
986 836
986 815
986 78
990 946
990 817
990 91
990 815
946 817
946 815
968 987
968 622
968 930
968 815
987 817
987 930
987 815
817 622
817 930
91 815
815 78
13:
723 879
723 995
723 705
723 928
723 750
769 911
769 995
769 449
769 750
911 449
911 750
879 995
879 705
879 937
879 928
879 584
879 449
879 750
879 57
995 705
995 937
995 928
995 424
995 584
995 449
995 750
995 614
995 57
705 424
705 584
937 750
937 614
424 584
449 750
750 614
750 57
14:
991 963
991 935
991 941
991 962
991 865
991 948
961 963
961 935
961 479
961 941
961 962
961 865
961 345
726 935
726 941
726 962
726 468
963 962
963 937
963 865
935 843
935 941
935 962
935 870
935 865
935 245
935 345
843 870
843 865
479 941
479 962
941 962
941 865
941 679
941 948
941 468
962 937
962 865
962 245
962 679
962 948
962 345
962 468
937 865
870 865
870 245
865 245
865 948
865 345
679 948
15:
954 807
954 692
954 797
933 926
933 970
933 989
933 807
933 849
933 919
933 247
933 692
933 797
933 422
926 989
926 807
926 849
926 692
926 797
926 422
926 435
970 989
970 849
970 797
989 849
989 797
989 435
807 919
807 247
807 692
807 797
807 422
849 435
919 247
247 692
692 797
797 435
16:
759 900
759 619
759 263
900 619
900 263
619 263
17:
572 820
572 264
572 595
820 264
820 595
264 595
18:
979 964
979 916
979 924
979 866
979 766
979 988
979 943
979 971
979 920
979 667
979 781
979 668
979 280
979 886
979 332
979 556
979 417
964 866
964 988
964 280
964 556
916 924
916 988
916 668
916 556
924 866
924 766
924 988
924 886
866 416
866 988
866 971
866 920
866 781
866 332
866 556
416 988
416 971
416 667
416 576
766 988
988 943
988 971
988 920
988 667
988 781
988 668
988 280
988 886
988 576
988 556
988 417
943 920
943 667
943 417
971 920
971 667
971 280
971 576
920 781
667 668
781 668
781 886
781 332
332 556
19:
1000 634
1000 916
1000 984
634 916
634 984
634 985
916 984
916 951
916 985
916 823
984 897
984 951
984 912
984 792
984 985
984 965
984 764
984 706
984 799
984 828
984 987
984 813
984 886
984 397
984 758
984 301
984 522
984 823
984 973
984 930
984 515
984 889
897 951
897 985
897 823
897 889
951 912
951 792
951 985
951 965
951 764
951 799
951 987
951 813
951 397
951 758
951 301
951 522
951 823
951 973
951 930
951 515
951 889
843 985
843 764
843 889
912 985
912 764
912 889
792 985
792 930
985 965
985 764
985 706
985 799
985 987
985 813
985 886
985 397
985 758
985 522
985 823
985 863
985 515
985 889
965 799
965 987
965 886
965 522
764 828
764 522
764 823
764 973
764 863
764 889
706 823
799 823
799 973
828 889
987 886
987 301
987 930
987 889
301 522
522 515
823 973
823 515
823 889
973 930
973 889
930 515
930 889
863 889
20:
966 905
966 302
966 315
905 302
905 315
302 315
21:
959 982
959 942
959 910
959 843
959 871
959 899
959 967
959 672
959 789
959 349
959 743
959 835
959 613
959 830
959 825
959 847
959 497
959 638
982 942
982 910
982 843
982 871
982 899
982 967
982 672
982 789
982 528
982 743
982 835
982 355
982 613
982 830
982 825
982 847
982 497
982 521
982 638
942 843
942 899
942 967
942 672
942 789
942 349
942 528
942 835
942 355
942 613
942 825
942 497
942 521
942 638
910 871
910 789
910 835
843 899
871 638
899 967
899 672
899 789
899 349
899 743
899 835
899 613
899 847
899 497
899 521
967 672
967 835
967 825
672 789
672 835
789 835
789 521
789 638
528 835
528 497
528 638
835 847
835 521
835 638
355 613
355 830
613 830
497 521
22:
955 971
955 801
955 858
955 361
955 575
971 801
971 858
971 575
801 361
801 575
858 361
858 575
361 575
23:
897 952
897 913
897 677
936 971
936 952
936 876
936 727
971 952
971 684
971 727
597 952
597 534
597 684
597 913
952 876
952 968
952 831
952 932
952 561
952 841
952 376
952 684
952 913
952 677
952 727
876 968
876 831
876 841
876 376
876 913
876 727
968 561
968 913
831 841
932 913
932 677
561 841
561 684
561 913
561 677
534 684
534 913
841 913
841 727
376 684
376 913
684 913
684 727
913 677
913 727
677 727
24:
898 506
898 569
898 407
506 569
506 407
569 407
25:
958 975
958 718
958 966
975 718
975 966
975 446
718 966
718 446
966 446
26:
907 862
907 570
907 894
907 948
862 570
862 894
862 948
570 894
894 948
27:
724 947
724 989
724 504
947 989
947 504
989 504
28:
955 943
955 529
955 904
943 529
943 904
529 904
29:
864 641
864 524
864 973
641 524
641 973
524 973
30:
976 970
976 983
976 776
976 559
976 574
970 983
970 776
970 574
983 776
983 559
983 574
559 574
31:
1000 922
1000 944
1000 976
1000 998
922 944
922 998
922 682
922 517
922 647
944 976
944 998
944 917
944 881
944 955
944 681
944 682
944 517
944 647
976 998
976 936
976 647
998 881
998 936
998 681
998 517
998 647
917 881
917 681
881 955
881 681
881 517
936 647
955 681
682 517
32:
934 954
934 918
934 850
934 660
934 886
934 842
934 973
934 800
991 954
991 918
991 660
991 842
991 973
991 800
954 918
954 660
954 842
918 850
918 660
918 886
918 842
918 973
918 800
918 821
850 660
660 842
660 800
886 800
842 973
842 800
842 526
842 821
973 800
973 526
800 526
800 821
33:
891 946
891 896
891 925
946 896
946 925
946 527
896 925
896 527
925 527
34:
993 961
993 627
993 939
961 627
961 939
627 939
35:
610 965
610 719
610 893
965 761
965 719
965 893
761 719
761 893
719 893
36:
957 883
957 814
957 787
957 636
957 824
957 593
957 877
957 586
957 710
883 787
883 593
883 877
883 710
814 787
814 636
814 824
814 877
814 586
787 636
787 824
787 593
787 877
787 586
824 877
593 877
593 586
877 586
877 710
37:
921 888
921 992
921 621
921 867
888 992
888 621
992 621
992 867
621 867
38:
914 827
914 901
914 601
914 630
827 901
827 601
827 630
901 630
601 630
39:
848 885
848 904
848 628
885 904
885 628
904 628
40:
903 772
903 825
903 635
772 825
772 635
825 635
41:
989 851
989 966
989 669
851 966
851 669
966 669
42:
912 851
912 786
912 868
912 932
851 868
851 932
851 669
786 868
786 932
786 669
868 932
868 669
932 669
43:
991 693
991 931
991 796
693 907
693 931
693 796
907 931
907 796
931 796
44:
998 958
998 697
998 920
958 697
958 920
697 920
45:
934 998
934 918
934 685
934 948
998 685
998 948
918 685
918 948
685 948
46:
990 962
990 956
990 679
962 956
962 679
956 679
47:
921 992
921 703
921 836
992 703
992 836
703 836
48:
903 788
903 772
903 968
788 772
788 968
772 968
49:
980 933
980 812
980 849
980 919
954 812
954 849
954 919
933 849
933 919
812 849
812 919
849 919
50:
852 975
852 955
852 806
852 983
852 925
975 955
975 806
975 983
975 966
975 925
975 863
955 806
955 983
955 925
806 925
806 863
966 925
966 863
925 863
51:
997 981
997 792
997 930
981 792
981 930
792 930
52:
892 894
892 793
892 948
894 793
894 948
793 948
53:
971 793
971 965
971 932
793 965
793 932
965 932
54:
897 905
897 956
897 893
905 956
905 893
956 893
