# The contained cliques in the communities at k=4
# from G:\Dropbox\Raghda\CNA\Final Project\other methods\CFinder-2.0.6--1448\G:\Dropbox\Raghda\CNA\Final Project\Datasets\binary_networks\LFR6\network_LFR6_Om4.dat
# at no lower link weight threshold,
# and at no upper link weight threshold.
# Links were treated as undirected.
# No time limit was set for the clique search.

0: 5 13 138 843 137 
1: 14 505 826 827 
2: 16 17 990 1113 653 823 824 1114 136 324 556 557 655 825 991 992 1063 1080 656 999 106 260 1081 1082 261 760 
3: 27 75 264 928 929 930 841 952 549 
4: 34 833 834 1120 1121 832 835 951 794 793 219 1327 218 220 205 1220 206 961 1122 1184 836 1304 1309 
5: 38 671 150 669 1131 429 670 1005 428 332 1130 
6: 57 58 1031 435 559 898 114 176 434 436 533 895 896 1255 897 1086 1089 1090 1323 1324 1088 1087 634 1092 635 530 532 864 
7: 59 166 167 234 235 236 442 620 621 622 623 644 646 1033 1034 1134 1225 1226 522 441 874 284 645 647 649 1083 648 957 
8: 66 907 
9: 67 742 426 1123 
10: 71 536 1310 535 537 393 1311 394 916 1136 1137 1138 901 902 903 1140 1139 1287 155 92 1177 
11: 76 
12: 115 1106 1099 1098 1097 543 613 751 1135 542 753 755 1100 1103 1105 752 1016 1015 1019 412 1017 216 413 1112 1104 1296 134 612 
13: 126 383 848 971 382 381 783 847 618 357 632 
14: 171 172 255 1213 1216 1118 1215 1212 1217 1214 809 849 391 311 
15: 173 174 803 354 802 1061 369 1062 1164 368 1165 
16: 189 
17: 191 
18: 202 203 470 674 1190 308 673 675 307 309 351 1278 1003 242 697 1004 1189 243 696 471 1269 933 1247 
19: 211 460 461 462 512 940 941 955 1040 1047 1048 1093 1101 1102 1251 1316 224 1248 223 1252 513 942 1041 1253 943 1049 789 944 945 548 547 
20: 225 
21: 256 406 610 724 725 1117 407 408 507 641 889 1109 1132 472 1008 1196 642 265 611 266 
22: 271 272 474 475 
23: 282 283 893 1211 445 567 818 443 444 446 729 732 733 453 817 891 892 1125 
24: 299 
25: 346 768 
26: 423 1148 
27: 432 
28: 440 
29: 463 
30: 477 528 1007 
31: 485 486 487 734 1284 799 800 801 735 736 1313 
32: 521 1067 1069 687 689 691 1066 1070 688 690 
33: 523 1243 
34: 550 
35: 569 870 
36: 575 650 997 588 589 830 
37: 583 584 
38: 598 601 
39: 608 
40: 639 
41: 717 
42: 718 721 1159 1001 
43: 746 749 
44: 756 
45: 796 797 
46: 808 
47: 811 
48: 939 
49: 1024 1025 1163 
50: 1028 1029 1147 1188 
51: 1042 
52: 1044 
53: 1046 
54: 1258 
