# The communities at k=4
# from G:\Dropbox\Raghda\CNA\Final Project\other methods\CFinder-2.0.6--1448\G:\Dropbox\Raghda\CNA\Final Project\Datasets\binary_networks\LFR6\network_LFR6_Om4.dat
# at no lower link weight threshold,
# and at no upper link weight threshold.
# Links were treated as undirected.
# No time limit was set for the clique search.

0: 1000 21 284 322 48 721 808 902 907 
1: 980 55 846 762 741 503 626 698 715 
2: 102 791 844 891 996 691 592 854 778 999 432 816 987 882 26 950 915 838 352 973 696 798 632 603 84 
3: 980 634 916 121 809 906 909 895 192 828 757 354 715 
4: 993 652 931 994 958 969 936 126 832 939 965 967 686 874 757 281 299 403 860 756 716 
5: 914 963 13 656 898 970 560 292 937 498 780 833 
6: 954 897 585 981 912 156 794 927 949 953 983 731 536 249 826 960 813 858 830 37 722 580 566 
7: 998 929 974 977 972 854 943 158 803 940 875 739 824 240 550 758 317 872 321 830 378 578 527 582 753 
8: 892 989 173 793 728 
9: 974 981 505 785 923 174 840 948 654 
10: 991 964 749 997 963 938 981 179 967 22 377 928 932 859 882 829 469 742 837 847 571 
11: 197 599 704 890 
12: 1000 541 605 695 804 839 853 861 961 986 990 946 968 987 294 817 622 91 930 836 815 78 
13: 723 769 911 879 995 705 937 928 424 584 449 750 614 57 
14: 991 961 726 963 935 843 479 941 962 937 870 865 245 679 948 345 468 
15: 954 933 926 970 989 807 849 919 247 692 797 422 435 
16: 759 900 619 263 
17: 572 820 264 595 
18: 979 964 916 924 866 416 766 988 943 971 920 667 781 668 280 886 576 332 556 417 
19: 1000 634 916 984 897 951 843 912 792 985 965 764 706 799 828 987 813 886 397 758 301 522 823 973 930 863 515 889 
20: 966 905 302 315 
21: 959 982 942 910 843 871 899 967 672 789 349 528 743 835 355 613 830 825 847 497 521 638 
22: 955 971 801 858 361 575 
23: 897 936 971 597 952 876 968 831 932 561 534 841 376 684 913 677 727 
24: 898 506 569 407 
25: 958 975 718 966 446 
26: 907 862 570 894 948 
27: 724 947 989 504 
28: 955 943 529 904 
29: 864 641 524 973 
30: 976 970 983 776 559 574 
31: 1000 922 944 976 998 917 881 936 955 681 682 517 647 
32: 934 991 954 918 850 660 886 842 973 800 526 821 
33: 891 946 896 925 527 
34: 993 961 627 939 
35: 610 965 761 719 893 
36: 957 883 814 787 636 824 593 877 586 710 
37: 921 888 992 621 867 
38: 914 827 901 601 630 
39: 848 885 904 628 
40: 903 772 825 635 
41: 989 851 966 669 
42: 912 851 786 868 932 669 
43: 991 693 907 931 796 
44: 998 958 697 920 
45: 934 998 918 685 948 
46: 990 962 956 679 
47: 921 992 703 836 
48: 903 788 772 968 
49: 980 954 933 812 849 919 
50: 852 975 955 806 983 966 925 863 
51: 997 981 792 930 
52: 892 894 793 948 
53: 971 793 965 932 
54: 897 905 956 893 
