# The cliques from G:\Dropbox\Raghda\CNA\Final Project\other methods\CFinder-2.0.6--1448\G:\Dropbox\Raghda\CNA\Final Project\Datasets\binary_networks\LFR6\network_LFR6_Om6.dat
# at no lower link weight threshold,
# and at no upper link weight threshold.
# Links were treated as undirected.
# No time limit was set for the clique search.

0: 1000 120 686 
1: 1000 120 795 
2: 1000 225 686 
3: 1000 225 795 808 
4: 1000 241 384 795 808 
5: 1000 686 70 
6: 1000 70 795 808 
7: 101 389 671 
8: 103 872 877 
9: 103 877 989 
10: 103 877 993 
11: 954 108 626 706 875 
12: 109 794 885 
13: 110 470 982 
14: 905 112 429 
15: 985 115 861 874 994 
16: 861 874 117 777 
17: 118 540 787 886 
18: 118 886 962 
19: 119 279 774 
20: 119 623 774 
21: 121 937 967 
22: 123 654 950 969 
23: 978 142 929 
24: 978 142 944 
25: 960 126 866 
26: 126 518 866 
27: 126 518 890 
28: 127 780 804 851 
29: 870 13 728 
30: 995 130 786 
31: 990 131 346 
32: 990 131 939 968 
33: 961 969 133 
34: 807 898 136 
35: 807 136 888 
36: 898 696 136 
37: 696 136 888 
38: 215 931 672 
39: 978 967 14 999 
40: 14 921 999 
41: 140 534 931 
42: 141 761 768 902 
43: 141 761 850 
44: 146 925 963 
45: 989 147 790 
46: 743 780 149 864 
47: 743 149 578 864 
48: 877 989 150 
49: 877 150 813 
50: 151 715 860 
51: 930 152 652 824 
52: 930 152 652 973 
53: 895 886 157 
54: 985 861 994 158 
55: 159 556 991 
56: 951 160 904 
57: 947 164 558 
58: 866 168 628 
59: 866 168 912 
60: 894 950 969 169 
61: 964 170 753 
62: 968 174 270 
63: 962 824 175 
64: 954 706 875 178 
65: 943 180 198 797 
66: 924 959 182 
67: 998 183 40 
68: 846 998 40 
69: 998 903 40 
70: 954 706 875 185 
71: 990 937 939 186 
72: 990 939 968 186 
73: 942 753 19 
74: 191 892 919 
75: 781 193 974 
76: 193 766 974 
77: 197 322 975 
78: 892 919 65 
79: 981 864 2 
80: 926 975 20 736 979 
81: 943 932 200 
82: 787 886 203 523 
83: 787 203 327 
84: 992 205 897 
85: 205 381 897 
86: 205 602 897 
87: 988 998 210 
88: 998 210 953 
89: 998 56 526 
90: 892 919 212 374 
91: 892 919 212 580 
92: 815 935 223 
93: 935 867 223 
94: 950 969 229 
95: 969 229 508 
96: 897 233 700 716 
97: 963 979 234 
98: 979 234 665 
99: 235 409 711 
100: 905 887 992 237 788 
101: 591 238 396 
102: 957 240 913 
103: 240 697 913 
104: 960 924 25 
105: 924 911 25 
106: 924 25 52 
107: 924 618 52 
108: 976 46 853 
109: 46 476 853 
110: 899 920 61 
111: 817 839 29 
112: 817 319 29 
113: 991 3 945 
114: 985 861 994 32 
115: 923 51 662 
116: 996 566 78 906 
117: 996 348 78 906 
118: 943 797 932 6 
119: 848 827 36 688 823 
120: 999 748 830 37 
121: 999 37 621 
122: 970 885 38 
123: 936 972 91 
124: 936 388 91 
125: 985 910 994 876 41 
126: 982 896 638 72 
127: 427 803 50 
128: 982 935 44 
129: 556 991 456 86 
130: 967 809 47 
131: 990 968 99 
132: 968 927 99 
133: 988 923 75 
134: 993 784 740 544 82 
135: 817 891 55 
136: 884 857 58 
137: 952 857 58 
138: 840 912 59 
139: 912 932 59 
140: 871 911 69 
141: 970 997 949 833 71 
142: 985 994 777 74 
143: 940 956 917 96 
144: 943 904 797 80 
145: 985 874 876 87 
146: 931 89 92 
147: 369 958 997 
148: 1000 384 795 997 
149: 389 671 440 
150: 323 764 376 
151: 279 966 446 
152: 364 269 973 
153: 364 973 547 
154: 364 971 547 
155: 361 782 526 
156: 990 346 976 
157: 990 346 789 
158: 990 346 533 
159: 885 817 319 
160: 987 934 64 
161: 929 322 975 448 
162: 787 327 258 
163: 787 327 945 
164: 381 897 716 820 852 
165: 919 980 374 
166: 958 287 896 
167: 975 287 896 
168: 287 896 638 
169: 974 295 881 
170: 407 951 276 
171: 943 904 226 
172: 904 226 986 
173: 226 986 996 
174: 910 874 994 777 255 
175: 273 308 750 
176: 273 750 938 
177: 985 910 994 244 876 
178: 609 968 245 
179: 609 975 245 
180: 977 821 246 
181: 907 835 247 
182: 926 736 979 665 248 
183: 960 866 983 249 
184: 518 866 249 
185: 768 902 252 710 
186: 738 256 274 
187: 955 738 274 
188: 992 855 257 820 852 
189: 855 700 257 852 
190: 260 749 984 
191: 995 897 263 
192: 897 820 263 612 
193: 982 264 896 
194: 912 264 896 
195: 965 265 562 678 687 
196: 965 265 718 
197: 960 935 266 
198: 960 983 266 
199: 960 941 266 
200: 935 867 266 
201: 977 308 750 
202: 743 780 804 851 275 
203: 780 804 944 275 
204: 407 951 281 
205: 407 281 920 
206: 452 281 920 
207: 990 286 67 
208: 925 980 343 
209: 978 840 999 291 
210: 999 291 819 
211: 995 991 896 296 
212: 991 896 296 737 
213: 896 638 296 
214: 745 984 300 
215: 895 982 354 
216: 982 354 856 
217: 963 304 873 
218: 768 902 306 783 
219: 902 796 306 
220: 928 588 309 
221: 886 523 309 
222: 963 926 903 979 316 
223: 926 736 979 316 
224: 951 972 317 
225: 972 317 803 
226: 781 998 320 
227: 962 782 320 
228: 998 782 320 
229: 998 320 724 
230: 764 376 466 
231: 829 923 324 
232: 916 986 326 
233: 935 644 328 
234: 935 486 328 
235: 946 984 328 
236: 975 966 358 415 
237: 975 966 358 577 
238: 929 975 331 
239: 975 862 331 512 
240: 960 339 723 
241: 880 339 723 
242: 745 339 723 
243: 978 840 999 340 830 
244: 986 996 348 640 906 
245: 894 950 969 353 
246: 950 353 825 
247: 969 508 353 
248: 898 696 355 
249: 696 355 377 
250: 960 905 887 992 788 360 
251: 850 363 729 
252: 821 828 368 
253: 732 986 373 
254: 973 883 387 
255: 936 976 388 893 
256: 936 835 388 
257: 993 947 838 802 511 
258: 593 987 97 
259: 593 994 97 
260: 978 372 954 
261: 1000 401 997 
262: 958 441 971 
263: 441 971 972 
264: 441 972 491 
265: 441 972 532 
266: 730 443 836 
267: 487 453 684 
268: 695 496 663 
269: 930 469 509 
270: 395 980 500 
271: 395 948 500 
272: 993 987 483 
273: 967 999 397 
274: 911 779 499 
275: 957 409 711 913 
276: 409 913 801 
277: 591 396 599 
278: 811 453 684 
279: 997 272 966 
280: 989 966 446 
281: 992 555 446 
282: 992 658 446 
283: 828 476 513 853 
284: 987 927 301 
285: 968 927 301 
286: 878 427 803 
287: 427 803 520 
288: 970 984 313 
289: 914 923 477 
290: 923 477 605 
291: 970 708 341 
292: 769 764 425 
293: 912 764 425 
294: 975 966 415 495 
295: 922 415 495 
296: 848 929 827 688 823 
297: 927 400 857 
298: 810 400 857 
299: 952 400 857 
300: 997 764 858 466 
301: 997 517 466 
302: 998 889 417 
303: 998 903 417 
304: 998 762 417 
305: 998 417 433 
306: 956 939 406 
307: 973 984 480 
308: 946 984 480 
309: 958 907 391 
310: 890 907 391 
311: 958 971 392 
312: 951 923 392 
313: 971 923 392 
314: 923 849 392 
315: 948 500 631 
316: 745 912 399 
317: 745 723 399 
318: 959 973 404 
319: 959 551 404 
320: 973 984 404 
321: 973 670 404 
322: 551 670 404 
323: 993 969 410 
324: 761 768 902 710 411 563 
325: 957 992 711 913 863 412 
326: 980 913 863 412 
327: 975 966 577 495 
328: 901 998 433 
329: 934 998 433 
330: 998 782 433 
331: 914 883 419 
332: 903 986 420 
333: 986 996 906 421 666 
334: 996 616 906 421 
335: 936 952 893 422 
336: 556 814 456 
337: 556 826 456 
338: 957 992 711 913 863 434 
339: 895 979 438 
340: 901 972 491 
341: 986 972 491 
342: 940 956 445 
343: 986 972 447 
344: 972 952 447 
345: 974 859 455 
346: 869 457 834 
347: 754 457 834 
348: 925 974 729 461 
349: 925 834 461 
350: 999 974 462 
351: 999 976 463 
352: 999 975 463 
353: 761 768 902 783 563 467 
354: 897 700 852 472 
355: 897 820 852 472 
356: 970 997 949 474 634 833 
357: 970 977 949 474 634 833 
358: 987 964 475 689 692 767 
359: 982 941 896 478 
360: 982 896 737 478 
361: 985 910 861 874 994 777 482 
362: 981 864 492 
363: 899 961 494 
364: 847 942 837 607 
365: 847 835 837 607 
366: 837 735 607 
367: 987 964 689 692 767 531 
368: 981 891 882 938 742 536 
369: 993 990 544 
370: 1000 527 848 
371: 1000 527 909 
372: 954 626 706 875 977 972 
373: 895 540 886 
374: 540 787 945 
375: 970 564 625 
376: 879 564 953 
377: 564 854 922 
378: 518 866 628 
379: 518 866 912 
380: 865 571 662 
381: 951 571 923 
382: 571 923 662 
383: 534 931 506 
384: 541 819 600 
385: 918 851 578 864 
386: 743 804 851 578 864 
387: 804 944 578 864 
388: 947 558 838 
389: 978 999 507 
390: 890 538 587 
391: 935 867 561 
392: 867 561 972 
393: 989 811 530 510 
394: 989 530 510 836 
395: 530 836 952 
396: 774 992 555 
397: 774 555 733 
398: 969 980 508 
399: 973 552 945 
400: 973 552 799 
401: 991 552 945 
402: 991 552 799 
403: 990 968 963 514 
404: 968 963 927 514 
405: 968 514 948 
406: 958 907 554 
407: 907 554 586 
408: 965 562 801 
409: 965 562 713 
410: 925 984 529 
411: 908 990 939 533 
412: 989 990 939 533 
413: 939 948 533 
414: 889 996 566 906 
415: 996 566 640 906 
416: 996 566 906 666 
417: 954 575 680 
418: 704 911 517 
419: 997 911 517 
420: 997 860 574 
421: 997 574 520 
422: 890 828 513 
423: 814 513 853 
424: 997 975 966 512 
425: 997 971 512 
426: 971 862 512 
427: 846 998 782 526 
428: 918 973 547 
429: 918 971 547 
430: 971 862 547 
431: 761 768 902 710 783 563 
432: 997 983 520 
433: 997 775 520 
434: 997 803 520 
435: 930 804 509 
436: 878 871 502 
437: 960 996 966 906 503 
438: 960 996 906 666 503 
439: 996 640 906 503 
440: 879 953 505 
441: 792 953 505 
442: 792 776 505 
443: 967 931 506 
444: 931 953 506 
445: 867 991 516 
446: 964 974 521 
447: 707 900 528 
448: 901 869 553 
449: 928 869 553 
450: 869 752 553 
451: 869 858 553 543 
452: 989 983 579 
453: 983 900 579 
454: 869 967 934 543 
455: 869 934 868 543 
456: 926 736 979 573 
457: 926 979 948 573 
458: 979 859 573 
459: 948 631 573 
460: 593 985 994 
461: 610 947 838 
462: 610 996 873 
463: 617 988 999 830 
464: 635 916 941 
465: 635 982 991 941 
466: 588 787 945 
467: 619 755 991 
468: 613 983 806 
469: 591 867 991 
470: 591 991 799 
471: 591 799 599 727 
472: 997 623 774 
473: 997 623 966 
474: 623 774 992 
475: 982 618 991 
476: 956 618 991 
477: 935 596 867 818 
478: 895 608 979 
479: 993 959 608 
480: 888 641 983 587 
481: 641 791 983 
482: 597 678 687 
483: 633 754 834 
484: 981 646 673 
485: 995 855 602 897 986 852 
486: 855 602 897 700 852 
487: 899 961 643 
488: 899 643 636 
489: 831 889 919 580 
490: 831 892 919 580 
491: 889 580 862 
492: 870 614 952 
493: 870 614 664 
494: 981 839 629 
495: 924 839 629 
496: 865 940 956 937 917 
497: 940 956 937 988 917 
498: 992 855 897 820 612 
499: 855 897 700 716 612 
500: 855 897 716 820 612 
501: 895 982 638 
502: 895 979 638 
503: 982 961 896 638 
504: 961 979 638 
505: 935 867 583 675 
506: 867 972 583 
507: 935 649 818 
508: 898 995 649 
509: 995 991 649 
510: 991 649 818 
511: 989 811 627 
512: 989 627 856 
513: 811 627 684 
514: 627 735 684 
515: 981 916 891 882 941 742 
516: 894 654 595 
517: 894 842 595 
518: 894 778 595 
519: 872 996 616 906 
520: 996 966 616 906 
521: 996 922 616 906 
522: 996 616 640 906 
523: 677 899 636 
524: 899 636 589 
525: 899 636 691 
526: 918 907 586 
527: 890 907 586 
528: 903 953 600 
529: 822 977 620 
530: 822 904 946 620 
531: 815 935 632 
532: 935 675 632 
533: 978 840 999 770 621 
534: 921 999 621 
535: 930 824 611 
536: 936 813 639 
537: 936 971 893 639 
538: 971 759 639 
539: 973 799 599 
540: 978 999 650 
541: 999 853 650 
542: 929 892 601 
543: 977 980 601 
544: 942 892 919 601 
545: 892 919 601 805 
546: 919 980 601 805 
547: 869 791 622 
548: 722 992 622 
549: 722 791 622 
550: 816 925 974 648 
551: 921 925 766 974 648 
552: 925 766 974 980 648 
553: 925 974 980 729 648 
554: 993 961 590 
555: 946 598 727 
556: 978 748 642 
557: 707 992 624 
558: 970 997 984 949 634 833 
559: 970 977 984 949 634 833 
560: 829 971 923 605 
561: 948 799 631 
562: 987 606 694 
563: 910 973 625 
564: 933 921 581 
565: 933 771 581 
566: 872 942 581 
567: 921 942 581 
568: 942 581 844 
569: 894 967 645 
570: 964 942 645 
571: 1000 677 730 
572: 1000 682 686 928 997 
573: 1000 682 795 808 
574: 1000 682 795 997 
575: 1000 682 808 909 
576: 1000 682 958 997 
577: 1000 685 895 
578: 1000 686 933 
579: 978 690 840 
580: 894 993 654 969 
581: 894 654 950 969 
582: 993 961 654 969 
583: 993 654 986 
584: 961 654 950 969 
585: 654 950 986 
586: 655 760 800 
587: 655 760 651 773 
588: 655 941 800 
589: 933 988 660 845 932 
590: 988 660 845 839 
591: 660 845 801 
592: 660 883 932 
593: 930 955 652 824 731 
594: 930 652 824 856 
595: 930 652 973 832 
596: 930 652 973 731 
597: 988 999 683 
598: 683 979 859 
599: 978 999 659 
600: 999 659 974 
601: 659 974 842 
602: 914 779 657 
603: 695 904 663 
604: 695 868 663 
605: 931 953 672 
606: 978 661 748 
607: 951 979 665 
608: 926 979 665 948 
609: 979 665 819 
610: 665 948 818 
611: 965 944 678 
612: 965 883 678 687 
613: 965 678 687 691 
614: 888 698 670 
615: 888 973 670 
616: 763 946 670 
617: 947 838 656 
618: 869 967 674 
619: 869 674 834 
620: 674 834 720 
621: 867 991 675 
622: 867 948 675 
623: 993 947 813 802 
624: 947 838 868 802 
625: 942 753 653 
626: 895 996 906 666 
627: 929 892 669 
628: 942 892 919 669 
629: 892 919 669 805 
630: 919 980 669 805 
631: 919 669 806 
632: 962 963 651 773 
633: 962 952 651 
634: 963 903 651 
635: 760 903 651 
636: 760 952 651 
637: 937 983 681 
638: 865 971 662 
639: 829 971 923 662 
640: 989 873 765 667 
641: 916 986 667 
642: 954 875 680 
643: 851 864 664 
644: 999 830 679 
645: 980 702 679 
646: 981 891 673 
647: 964 992 673 
648: 992 913 673 
649: 985 910 861 874 994 876 676 703 
650: 985 995 676 
651: 994 844 676 
652: 704 985 910 
653: 704 910 739 
654: 704 982 959 
655: 704 959 911 
656: 954 706 875 858 
657: 706 977 984 
658: 722 792 953 
659: 995 888 698 
660: 995 998 698 
661: 812 822 977 715 
662: 812 715 860 
663: 977 715 762 
664: 888 707 900 
665: 707 992 900 
666: 707 915 900 
667: 871 911 721 
668: 911 721 984 
669: 955 725 842 
670: 991 725 984 
671: 855 897 700 716 852 
672: 995 855 897 716 852 
673: 855 897 716 820 852 
674: 957 711 913 966 863 
675: 967 697 913 863 
676: 927 697 863 
677: 980 697 913 863 
678: 697 881 863 
679: 902 914 710 783 
680: 780 864 693 
681: 939 968 719 
682: 763 946 705 
683: 946 938 705 
684: 754 972 701 
685: 970 984 708 
686: 958 907 708 
687: 901 998 724 
688: 901 724 834 
689: 846 998 724 
690: 933 988 998 724 
691: 998 724 699 
692: 990 939 712 
693: 940 956 712 
694: 956 939 712 
695: 880 944 723 756 
696: 745 723 756 
697: 866 983 714 
698: 947 838 714 
699: 766 980 702 
700: 987 964 934 692 767 
701: 987 964 927 692 767 
702: 987 964 942 692 767 
703: 924 998 699 
704: 982 991 699 
705: 944 955 699 
706: 998 991 699 
707: 933 965 713 
708: 933 998 713 
709: 940 956 713 844 
710: 985 994 694 
711: 934 756 691 
712: 905 887 720 
713: 940 956 720 
714: 887 859 720 
715: 909 985 910 874 703 
716: 985 910 861 874 994 777 876 703 
717: 930 824 709 
718: 743 851 709 
719: 895 753 717 
720: 895 996 717 
721: 993 986 717 
722: 986 996 717 
723: 983 900 717 
724: 1000 726 808 
725: 1000 726 846 
726: 726 846 998 
727: 726 998 889 
728: 726 926 948 
729: 730 985 861 
730: 730 947 838 
731: 743 780 804 851 864 
732: 728 792 771 
733: 728 984 920 
734: 745 984 756 
735: 961 973 926 736 979 
736: 930 841 824 731 
737: 930 962 955 824 731 
738: 930 962 973 731 
739: 824 731 806 
740: 967 999 747 
741: 894 969 732 
742: 804 864 732 
743: 962 955 738 773 
744: 955 738 842 
745: 760 738 800 
746: 760 738 776 
747: 760 738 773 
748: 738 842 800 
749: 997 975 746 
750: 950 969 746 
751: 848 733 823 
752: 761 902 733 
753: 861 994 749 
754: 982 961 896 737 
755: 982 991 896 737 
756: 961 966 737 
757: 912 791 966 737 
758: 912 896 737 
759: 978 840 999 770 748 830 
760: 978 932 748 
761: 990 881 729 
762: 850 925 729 
763: 925 790 729 
764: 974 881 729 
765: 970 885 949 833 
766: 946 984 833 
767: 948 799 727 
768: 910 994 739 
769: 847 837 739 
770: 925 974 741 
771: 855 897 741 
772: 978 999 744 
773: 978 973 744 
774: 997 778 744 
775: 757 954 875 
776: 757 976 775 
777: 758 940 956 
778: 758 947 838 
779: 758 927 953 
780: 993 755 754 
781: 755 998 991 
782: 755 942 753 
783: 962 769 923 
784: 769 925 974 
785: 978 967 999 770 
786: 978 967 929 770 
787: 760 976 800 
788: 760 976 773 
789: 760 800 952 
790: 964 942 753 
791: 990 939 763 
792: 997 912 764 
793: 989 925 766 974 
794: 993 986 754 972 
795: 993 969 772 
796: 954 875 772 
797: 851 864 772 
798: 933 998 771 
799: 998 771 782 
800: 971 771 972 
801: 894 950 762 945 
802: 947 838 762 
803: 998 991 762 
804: 991 762 945 
805: 963 972 752 
806: 963 752 796 
807: 976 752 853 
808: 963 750 873 765 
809: 953 750 873 765 
810: 976 971 759 
811: 971 759 819 
812: 989 963 873 765 
813: 989 953 873 765 
814: 989 983 873 765 
815: 850 873 765 
816: 880 914 756 
817: 880 756 751 
818: 955 976 773 
819: 967 992 751 
820: 907 966 751 
821: 926 979 751 
822: 979 859 751 
823: 1000 781 795 
824: 781 981 891 938 
825: 781 998 991 
826: 781 991 946 
827: 781 946 938 
828: 1000 795 808 933 
829: 1000 795 865 
830: 909 872 794 
831: 909 794 934 
832: 985 910 861 994 777 955 
833: 918 780 851 864 
834: 780 804 944 864 
835: 995 786 896 
836: 995 786 900 
837: 786 929 915 
838: 786 929 826 
839: 786 915 900 
840: 989 925 790 
841: 925 790 984 
842: 865 871 779 
843: 871 911 914 779 
844: 987 964 793 
845: 943 951 888 797 
846: 943 951 904 797 
847: 943 951 797 932 
848: 943 797 819 
849: 988 797 932 
850: 897 791 852 
851: 997 860 775 
852: 997 976 775 
853: 997 775 966 
854: 944 955 775 
855: 944 775 966 
856: 955 976 775 
857: 846 962 782 
858: 958 997 778 
859: 958 982 778 896 
860: 981 891 778 
861: 918 864 785 
862: 993 990 785 
863: 804 864 785 
864: 981 891 796 
865: 880 914 783 
866: 848 860 827 823 
867: 848 823 776 
868: 933 988 845 776 
869: 988 999 776 
870: 999 819 776 
871: 1000 808 815 
872: 918 807 995 
873: 807 898 995 
874: 807 898 843 
875: 807 995 888 
876: 812 822 951 
877: 812 822 946 
878: 812 951 932 
879: 804 851 806 
880: 895 926 810 
881: 895 996 810 906 
882: 879 931 810 
883: 919 810 857 
884: 919 810 805 
885: 878 972 803 
886: 878 803 834 
887: 989 963 800 
888: 989 976 800 
889: 989 842 800 
890: 976 941 800 
891: 884 973 799 
892: 884 948 799 
893: 916 891 799 
894: 940 956 809 
895: 985 994 809 
896: 847 837 809 
897: 908 990 801 
898: 981 891 798 
899: 884 983 798 
900: 937 983 798 
901: 950 969 798 
902: 919 938 806 
903: 855 820 806 
904: 831 959 892 919 805 
905: 831 959 919 938 805 
906: 831 915 805 
907: 959 919 980 805 
908: 815 985 994 
909: 815 947 838 
910: 822 951 904 
911: 886 816 835 
912: 816 926 979 
913: 816 996 906 
914: 877 993 813 
915: 954 875 813 
916: 940 956 813 
917: 908 993 968 821 
918: 908 976 821 
919: 877 993 821 
920: 976 821 828 
921: 933 845 814 
922: 981 891 814 
923: 992 855 897 820 852 
924: 855 897 986 820 852 
925: 855 897 820 852 922 
926: 943 936 819 
927: 936 971 819 
928: 940 956 825 
929: 940 975 825 
930: 956 950 825 
931: 967 931 825 
932: 998 904 825 
933: 935 945 818 
934: 867 991 984 818 
935: 867 972 818 
936: 867 984 948 818 
937: 991 945 818 
938: 945 849 818 
939: 958 997 826 
940: 997 911 826 
941: 831 959 977 
942: 831 929 892 
943: 831 929 915 
944: 960 962 829 923 
945: 960 929 829 923 
946: 918 962 829 
947: 918 988 829 
948: 918 829 971 
949: 988 829 923 
950: 907 835 966 
951: 991 835 945 
952: 835 975 966 
953: 933 934 832 
954: 933 832 893 
955: 977 832 984 
956: 973 832 984 
957: 921 991 828 
958: 921 828 853 
959: 998 991 828 
960: 976 828 853 
961: 989 983 836 
962: 989 836 856 
963: 978 840 999 944 830 
964: 978 988 999 830 
965: 978 999 975 830 
966: 840 999 976 830 
967: 988 999 976 830 
968: 901 869 834 
969: 874 994 834 
970: 846 995 998 
971: 846 998 953 
972: 841 977 980 
973: 978 840 912 
974: 840 976 941 
975: 933 988 998 845 
976: 960 924 839 
977: 981 916 839 
978: 877 993 839 
979: 839 957 913 
980: 877 989 843 
981: 877 993 843 
982: 989 843 966 
983: 993 969 843 
984: 985 994 843 
985: 970 842 949 
986: 894 989 842 
987: 989 974 842 
988: 908 990 968 844 
989: 924 959 844 
990: 924 920 844 
991: 928 854 938 
992: 854 919 938 
993: 909 934 850 
994: 850 897 852 
995: 995 992 855 897 852 
996: 870 858 849 
997: 870 849 952 
998: 969 945 849 
999: 969 849 952 
1000: 914 923 849 
1001: 983 945 849 
1002: 872 982 856 
1003: 901 976 853 
1004: 901 945 853 
1005: 921 999 853 
1006: 999 976 853 
1007: 909 927 857 
1008: 909 915 857 
1009: 915 952 857 
1010: 1000 865 958 
1011: 865 958 980 
1012: 865 958 971 
1013: 865 940 955 
1014: 865 937 957 
1015: 985 861 994 889 
1016: 870 996 858 
1017: 960 866 881 
1018: 894 989 860 
1019: 894 860 920 
1020: 997 989 860 
1021: 916 860 986 
1022: 961 860 920 
1023: 860 903 986 
1024: 860 986 920 
1025: 961 926 979 862 
1026: 926 975 979 862 
1027: 996 858 906 
1028: 924 959 911 859 
1029: 924 998 911 859 
1030: 987 927 863 
1031: 987 980 863 
1032: 967 957 992 913 863 
1033: 957 904 913 863 
1034: 957 927 966 863 
1035: 957 881 863 
1036: 878 879 983 
1037: 958 872 982 
1038: 918 879 938 
1039: 997 879 983 
1040: 879 937 931 
1041: 879 937 983 
1042: 879 888 983 900 
1043: 879 931 953 
1044: 880 911 914 
1045: 973 926 883 
1046: 926 883 975 
1047: 960 995 881 
1048: 990 988 881 
1049: 990 939 881 
1050: 936 881 893 
1051: 995 988 881 
1052: 995 986 881 
1053: 988 932 881 
1054: 884 983 900 
1055: 940 982 975 
1056: 990 890 988 968 
1057: 894 950 888 
1058: 995 888 900 
1059: 950 888 952 
1060: 933 936 893 
1061: 933 914 893 
1062: 936 976 971 893 
1063: 936 971 972 893 
1064: 936 953 893 
1065: 936 972 952 893 
1066: 915 952 893 
1067: 894 993 969 945 
1068: 894 967 920 
1069: 894 950 969 945 
1070: 894 969 920 
1071: 895 926 979 
1072: 895 926 953 
1073: 918 995 897 
1074: 958 982 995 896 
1075: 982 995 991 896 
1076: 982 991 941 896 
1077: 982 991 984 896 
1078: 982 975 941 896 
1079: 912 975 896 
1080: 908 901 990 968 
1081: 908 901 990 976 
1082: 901 998 953 
1083: 901 953 945 
1084: 899 961 967 920 
1085: 958 904 946 
1086: 958 904 986 
1087: 934 998 903 
1088: 998 903 953 
1089: 926 903 953 
1090: 958 995 900 
1091: 995 944 900 
1092: 995 992 900 
1093: 944 915 900 
1094: 908 928 939 968 921 
1095: 908 993 990 939 968 971 
1096: 908 990 937 988 
1097: 908 990 937 939 921 
1098: 908 990 988 968 
1099: 908 990 988 976 
1100: 908 990 939 968 921 
1101: 908 990 939 968 963 
1102: 908 990 939 976 971 
1103: 909 934 998 
1104: 918 962 973 
1105: 918 995 988 
1106: 918 995 971 
1107: 918 973 938 
1108: 916 992 941 
1109: 916 986 941 
1110: 916 986 945 
1111: 997 959 911 
1112: 997 911 983 
1113: 997 911 984 
1114: 911 983 945 
1115: 978 912 932 
1116: 978 912 975 
1117: 997 912 975 966 
1118: 951 915 979 
1119: 929 915 979 
1120: 944 955 915 
1121: 963 926 915 979 
1122: 955 915 952 
1123: 937 967 957 992 913 
1124: 933 921 932 
1125: 921 999 974 
1126: 921 942 922 
1127: 960 924 920 
1128: 960 983 920 
1129: 982 961 920 
1130: 982 984 920 
1131: 961 969 920 
1132: 936 976 971 920 
1133: 928 939 968 948 
1134: 962 937 931 
1135: 937 967 931 
1136: 978 929 975 
1137: 961 967 929 
1138: 961 929 979 
1139: 929 975 979 
1140: 989 925 963 974 
1141: 925 963 974 984 
1142: 926 948 923 
1143: 939 968 963 927 
1144: 951 932 923 
1145: 951 938 923 
1146: 988 932 923 
1147: 946 938 923 
1148: 933 967 934 
1149: 933 934 998 
1150: 997 936 976 971 
1151: 978 988 932 
1152: 954 995 937 
1153: 990 962 937 
1154: 956 937 939 
1155: 995 937 967 992 
1156: 995 937 988 
1157: 989 990 939 968 963 
1158: 989 990 939 976 
1159: 960 991 941 
1160: 960 992 941 
1161: 991 986 941 
1162: 986 941 972 
1163: 959 973 938 
1164: 989 944 966 
1165: 944 977 972 
1166: 991 946 984 
1167: 993 971 945 
1168: 993 986 945 
1169: 950 969 980 945 
1170: 950 986 945 
1171: 991 986 945 
1172: 950 969 959 980 
1173: 950 969 952 
1174: 951 975 979 
1175: 960 962 952 
1176: 962 955 952 
1177: 958 997 971 
1178: 958 995 971 
1179: 958 995 986 
1180: 989 957 966 
1181: 997 989 959 
1182: 993 969 959 
1183: 959 977 980 
1184: 960 962 991 
1185: 960 995 991 
1186: 960 995 992 
1187: 961 973 966 
1188: 990 962 963 
1189: 962 963 984 
1190: 962 973 984 
1191: 962 991 984 
1192: 989 990 988 968 
1193: 993 971 972 
1194: 997 989 966 
1195: 997 989 976 
1196: 989 990 988 976 
1197: 997 989 983 
1198: 995 988 998 
1199: 995 991 986 
1200: 995 998 991 
