# The links from G:\Dropbox\Raghda\CNA\Final Project\other methods\CFinder-2.0.6--1448\G:\Dropbox\Raghda\CNA\Final Project\Datasets\binary_networks\LFR6\network_LFR6_Om6.dat
# at no lower link weight threshold,
# and at no upper link weight threshold.
# Links were treated as undirected.
# No time limit was set for the clique search.
# (mutual links and self-links were removed)

1 369
1 548
1 908
1 960
1 970
10 315
10 489
10 901
10 978
100 251
100 407
100 878
100 918
1000 120
1000 225
1000 228
1000 241
1000 262
1000 268
1000 293
1000 303
1000 310
1000 372
1000 383
1000 384
1000 401
1000 423
1000 431
1000 436
1000 449
1000 473
1000 525
1000 527
1000 546
1000 568
1000 593
1000 594
1000 610
1000 617
1000 635
1000 677
1000 682
1000 685
1000 686
1000 70
1000 704
1000 726
1000 730
1000 757
1000 781
1000 795
1000 808
1000 815
1000 846
1000 848
1000 865
1000 894
1000 895
1000 909
1000 928
1000 933
1000 958
1000 997
101 389
101 537
101 671
101 757
102 588
102 807
102 930
102 981
103 872
103 877
103 989
103 993
104 323
104 758
104 841
104 869
105 481
105 812
105 924
105 930
105 943
106 250
106 619
106 884
106 987
107 371
107 613
107 879
107 905
107 954
107 964
107 990
108 626
108 706
108 875
108 954
109 15
109 794
109 885
109 916
11 591
11 690
11 940
11 985
110 470
110 822
110 910
110 982
111 441
111 817
111 899
111 965
112 429
112 880
112 905
112 990
113 501
113 582
113 965
113 970
113 990
114 359
114 743
114 935
114 961
115 861
115 874
115 985
115 994
116 443
116 817
116 898
116 936
117 777
117 861
117 874
117 930
118 540
118 787
118 886
118 962
119 279
119 623
119 774
119 989
12 910
12 956
12 987
12 995
120 1000
120 686
120 795
120 831
121 564
121 870
121 937
121 967
122 364
122 418
122 442
122 840
122 987
123 654
123 950
123 951
123 969
124 361
124 812
124 847
124 9
124 943
124 959
125 142
125 487
125 854
125 877
126 518
126 866
126 890
126 960
127 403
127 780
127 804
127 851
128 609
128 928
128 981
128 988
129 269
129 655
129 722
129 982
13 371
13 728
13 816
13 870
130 217
130 696
130 786
130 995
131 346
131 939
131 968
131 990
132 755
132 811
132 847
132 890
133 485
133 603
133 961
133 969
134 898
134 947
134 965
134 970
135 449
135 489
135 660
135 907
135 943
136 696
136 807
136 888
136 898
137 215
137 449
137 618
137 918
138 267
138 283
138 916
138 934
139 571
139 780
139 794
139 887
139 994
14 921
14 967
14 978
14 999
140 261
140 534
140 769
140 931
141 761
141 768
141 850
141 902
142 125
142 929
142 944
142 978
143 290
143 481
143 668
143 909
144 429
144 847
144 877
144 998
145 594
145 871
145 931
145 969
146 885
146 925
146 933
146 963
147 541
147 698
147 790
147 989
148 379
148 911
148 955
148 977
149 578
149 743
149 780
149 864
15 109
15 845
15 914
15 944
150 813
150 877
150 916
150 989
151 715
151 757
151 839
151 860
152 652
152 824
152 930
152 973
153 330
153 459
153 596
153 887
153 990
154 426
154 867
154 924
154 957
154 987
155 452
155 504
155 603
155 695
156 571
156 608
156 685
156 963
157 305
157 808
157 886
157 895
158 861
158 985
158 988
158 994
159 214
159 311
159 556
159 991
16 707
16 770
16 926
16 968
160 794
160 904
160 927
160 951
161 496
161 779
161 811
161 889
162 592
162 745
162 760
162 947
162 970
163 565
163 604
163 641
163 792
164 558
164 880
164 916
164 947
165 469
165 870
165 947
165 976
166 382
166 784
166 822
166 840
167 572
167 895
167 942
167 98
168 628
168 683
168 866
168 912
169 815
169 894
169 950
169 969
17 431
17 793
17 829
17 943
170 753
170 907
170 947
170 964
171 715
171 763
171 956
171 965
171 998
172 305
172 507
172 540
172 962
173 538
173 821
173 891
173 901
174 270
174 848
174 883
174 968
175 696
175 824
175 962
175 989
176 361
176 597
176 846
176 903
177 884
177 925
177 942
177 978
178 706
178 875
178 888
178 954
179 218
179 262
179 659
179 995
18 277
18 407
18 452
18 89
180 198
180 769
180 797
180 943
181 395
181 838
181 895
181 904
182 27
182 924
182 931
182 959
183 278
183 40
183 483
183 998
184 318
184 538
184 764
184 977
185 706
185 875
185 954
185 991
186 937
186 939
186 968
186 990
187 485
187 488
187 745
187 835
188 319
188 351
188 619
188 968
189 48
189 657
189 740
189 745
189 981
19 342
19 728
19 753
19 942
190 440
190 64
190 988
190 992
191 832
191 892
191 915
191 919
192 284
192 790
192 866
192 870
193 362
193 766
193 781
193 974
194 832
194 870
194 898
194 932
195 722
195 855
195 889
195 951
196 561
196 755
196 946
196 999
197 322
197 813
197 915
197 975
198 180
198 65
198 797
198 943
199 548
199 868
199 930
199 978
2 518
2 530
2 864
2 981
20 736
20 926
20 975
20 979
200 663
200 827
200 932
200 943
201 278
201 633
201 944
201 985
201 987
202 646
202 848
202 874
202 980
202 982
203 327
203 523
203 787
203 886
204 817
204 902
204 993
204 997
205 381
205 602
205 897
205 992
206 336
206 954
206 959
206 976
206 981
207 643
207 779
207 877
207 950
208 293
208 821
208 933
208 975
209 731
209 891
209 910
209 954
209 971
21 695
21 747
21 946
21 951
210 732
210 953
210 988
210 998
211 56
211 807
211 974
211 982
212 374
212 580
212 892
212 919
213 230
213 370
213 871
213 988
214 159
214 287
214 643
214 864
215 137
215 397
215 672
215 931
216 295
216 696
216 79
216 807
217 130
217 721
217 851
217 957
218 179
218 27
218 738
218 797
218 918
219 791
219 885
219 947
219 974
22 279
22 555
22 661
22 997
220 332
220 877
220 880
220 889
221 276
221 816
221 994
221 999
222 332
222 746
222 877
222 909
223 815
223 867
223 935
223 962
224 671
224 725
224 843
224 957
224 987
225 1000
225 686
225 795
225 808
226 885
226 904
226 943
226 986
226 996
227 255
227 905
227 924
227 982
227 987
228 1000
228 614
228 793
228 814
228 875
229 423
229 508
229 950
229 969
23 499
23 789
23 928
23 978
230 213
230 914
230 956
230 963
231 344
231 658
231 847
231 882
231 983
231 996
232 34
232 754
232 965
232 981
233 700
233 716
233 779
233 897
234 665
234 963
234 979
234 988
235 409
235 644
235 711
235 937
236 267
236 273
236 963
236 977
237 788
237 887
237 905
237 992
238 396
238 552
238 591
238 916
239 775
239 882
239 956
239 999
24 582
24 781
24 828
24 842
240 697
240 913
240 957
240 990
241 1000
241 384
241 795
241 808
242 337
242 424
242 437
242 822
243 514
243 925
243 955
243 978
244 397
244 876
244 910
244 985
244 994
245 609
245 772
245 843
245 968
245 975
246 294
246 793
246 821
246 961
246 977
247 349
247 771
247 835
247 907
247 941
248 665
248 736
248 926
248 972
248 979
249 518
249 866
249 915
249 960
249 983
25 52
25 911
25 924
25 960
250 106
250 293
250 847
250 967
250 985
250 996
251 100
251 453
251 582
251 851
251 994
252 710
252 762
252 768
252 902
252 939
253 629
253 704
253 787
253 885
253 962
254 535
254 782
254 811
254 930
254 999
255 227
255 777
255 874
255 910
255 994
256 274
256 524
256 738
256 903
256 917
257 700
257 820
257 852
257 855
257 992
258 327
258 458
258 733
258 787
258 885
259 321
259 46
259 604
259 754
259 778
26 877
26 946
26 965
26 998
260 693
260 749
260 979
260 984
260 990
261 140
261 519
261 884
261 890
261 981
262 1000
262 179
262 551
262 554
262 899
263 273
263 612
263 820
263 897
263 995
264 698
264 896
264 912
264 947
264 982
265 562
265 678
265 687
265 718
265 965
266 867
266 935
266 941
266 960
266 983
267 138
267 236
267 785
267 789
267 981
268 1000
268 565
268 719
268 824
268 996
268 998
269 129
269 364
269 529
269 955
269 973
27 182
27 218
27 670
27 999
270 174
270 947
270 968
270 982
270 999
271 345
271 479
271 592
271 656
271 752
272 282
272 827
272 948
272 966
272 987
272 997
273 236
273 263
273 308
273 750
273 938
274 256
274 738
274 792
274 941
274 955
275 743
275 780
275 804
275 851
275 944
276 221
276 393
276 407
276 763
276 951
277 18
277 840
277 884
277 935
277 996
278 183
278 201
278 496
278 861
278 908
279 119
279 22
279 446
279 774
279 966
28 305
28 523
28 540
28 885
280 582
280 641
280 8
280 956
280 990
281 407
281 452
281 698
281 920
281 951
282 272
282 48
282 759
282 867
282 981
283 138
283 440
283 868
283 931
283 935
283 970
284 192
284 286
284 343
284 538
284 641
285 61
285 637
285 891
285 901
285 992
286 284
286 435
286 67
286 987
286 990
287 214
287 638
287 896
287 958
287 975
288 674
288 875
288 924
288 951
288 989
289 754
289 862
289 905
289 959
289 984
289 987
29 319
29 817
29 839
29 862
290 143
290 792
290 866
290 871
290 947
291 4
291 819
291 840
291 978
291 999
292 596
292 784
292 827
292 955
292 978
293 1000
293 208
293 250
293 837
293 913
294 246
294 584
294 705
294 757
294 964
295 216
295 460
295 790
295 881
295 974
296 638
296 737
296 896
296 991
296 995
297 858
297 859
297 913
297 964
297 978
298 533
298 565
298 710
298 930
298 965
299 510
299 701
299 877
299 922
299 981
3 476
3 576
3 945
3 991
30 333
30 486
30 784
30 999
300 468
300 745
300 880
300 883
300 984
301 354
301 583
301 734
301 927
301 968
301 987
302 566
302 575
302 836
302 981
302 999
303 1000
303 427
303 796
303 905
303 911
304 647
304 649
304 786
304 873
304 963
305 157
305 172
305 28
305 588
305 726
306 768
306 783
306 796
306 810
306 902
307 370
307 560
307 748
307 866
307 986
308 273
308 522
308 750
308 850
308 977
309 523
309 588
309 886
309 898
309 928
31 335
31 584
31 718
31 836
310 1000
310 668
310 817
310 899
310 987
310 994
311 159
311 675
311 734
311 915
311 959
312 541
312 715
312 863
312 924
312 969
313 468
313 905
313 961
313 970
313 984
313 990
314 323
314 517
314 797
314 912
314 927
315 10
315 719
315 898
315 923
315 994
316 736
316 903
316 926
316 963
316 979
317 394
317 803
317 951
317 972
317 983
318 184
318 487
318 627
318 708
318 90
319 188
319 29
319 576
319 817
319 885
32 742
32 861
32 985
32 994
320 724
320 781
320 782
320 962
320 998
321 259
321 712
321 783
321 821
321 942
322 197
322 448
322 762
322 929
322 975
323 104
323 314
323 376
323 764
323 849
324 337
324 574
324 814
324 829
324 923
325 382
325 715
325 836
325 890
325 940
325 996
326 610
326 646
326 916
326 973
326 986
327 203
327 258
327 787
327 793
327 945
328 486
328 644
328 935
328 946
328 984
329 477
329 595
329 737
329 800
329 958
33 51
33 513
33 954
33 998
330 153
330 358
330 772
330 950
330 951
331 512
331 690
331 862
331 929
331 975
332 220
332 222
332 784
332 943
332 991
333 30
333 376
333 803
333 952
333 954
334 497
334 646
334 802
334 896
334 989
335 31
335 429
335 616
335 697
335 828
336 206
336 770
336 808
336 845
336 877
336 916
337 242
337 324
337 731
337 949
337 956
337 982
338 405
338 486
338 661
338 900
338 981
339 439
339 723
339 745
339 880
339 960
34 232
34 514
34 695
34 898
340 559
340 830
340 840
340 978
340 999
341 613
341 708
341 862
341 954
341 970
341 996
342 19
342 636
342 841
342 896
342 955
343 284
343 812
343 925
343 979
343 980
344 231
344 608
344 633
344 889
344 945
345 271
345 418
345 541
345 722
345 947
346 131
346 533
346 789
346 976
346 990
347 766
347 880
347 919
347 978
347 982
348 640
348 78
348 906
348 986
348 996
349 247
349 586
349 725
349 849
349 958
35 794
35 799
35 878
35 940
350 600
350 620
350 866
350 910
350 914
351 188
351 663
351 747
351 885
351 924
352 405
352 537
352 928
352 956
352 987
353 508
353 825
353 894
353 950
353 969
354 301
354 6
354 856
354 895
354 982
355 377
355 451
355 508
355 696
355 898
356 632
356 965
356 974
356 977
356 990
357 425
357 809
357 822
357 924
357 957
358 330
358 415
358 577
358 966
358 975
359 114
359 794
359 818
359 827
359 985
36 688
36 823
36 827
36 848
360 788
360 887
360 905
360 960
360 992
361 124
361 176
361 526
361 782
361 995
362 193
362 538
362 577
362 837
362 961
363 600
363 729
363 850
363 965
363 996
364 122
364 269
364 547
364 971
364 973
365 429
365 740
365 804
365 965
365 969
366 436
366 827
366 84
366 872
366 955
366 969
367 537
367 580
367 799
367 887
367 970
368 814
368 821
368 828
368 987
368 999
369 1
369 792
369 924
369 958
369 997
37 621
37 748
37 830
37 999
370 213
370 307
370 424
370 551
370 718
371 107
371 13
371 871
371 901
371 946
372 1000
372 551
372 900
372 950
372 954
372 978
373 592
373 732
373 839
373 983
373 986
374 212
374 39
374 892
374 919
374 980
375 400
375 672
375 697
375 944
375 969
376 323
376 333
376 466
376 764
376 826
377 355
377 405
377 57
377 696
377 807
378 508
378 786
378 872
378 920
378 977
379 148
379 479
379 510
379 944
379 994
379 996
38 430
38 885
38 935
38 970
380 487
380 747
380 871
380 932
380 939
381 205
381 716
381 820
381 852
381 897
382 166
382 325
382 42
382 527
382 880
383 1000
383 417
383 817
383 867
383 965
383 979
384 1000
384 241
384 795
384 808
384 997
385 406
385 611
385 837
385 887
385 988
386 432
386 560
386 847
386 877
386 954
386 981
387 584
387 774
387 883
387 973
387 995
388 835
388 893
388 91
388 936
388 976
389 101
389 440
389 671
389 843
389 986
39 374
39 480
39 854
39 995
390 574
390 639
390 887
390 928
390 947
390 974
391 63
391 728
391 890
391 907
391 958
391 961
392 653
392 849
392 923
392 951
392 958
392 971
393 276
393 556
393 588
393 603
393 853
393 936
394 317
394 931
394 95
394 970
394 979
394 996
395 181
395 500
395 594
395 701
395 948
395 980
396 238
396 548
396 591
396 599
396 946
396 948
397 215
397 244
397 835
397 925
397 967
397 999
398 565
398 778
398 965
398 970
398 996
398 999
399 677
399 7
399 723
399 745
399 883
399 912
4 291
4 822
4 826
4 908
40 183
40 846
40 903
40 998
400 375
400 650
400 810
400 857
400 927
400 952
401 1000
401 487
401 601
401 853
401 890
401 997
402 683
402 705
402 792
402 816
402 943
402 998
403 127
403 647
403 671
403 788
403 957
403 959
404 551
404 622
404 670
404 959
404 973
404 984
405 338
405 352
405 377
405 416
405 659
405 995
406 385
406 898
406 922
406 930
406 939
406 956
407 100
407 18
407 276
407 281
407 920
407 951
408 803
408 936
408 942
408 979
408 985
408 993
409 235
409 62
409 711
409 801
409 913
409 957
41 876
41 910
41 985
41 994
410 460
410 599
410 900
410 925
410 969
410 993
411 563
411 710
411 761
411 768
411 902
411 936
412 711
412 863
412 913
412 957
412 980
412 992
413 586
413 758
413 884
413 920
413 932
413 934
414 623
414 735
414 878
414 899
414 918
414 965
415 358
415 495
415 922
415 932
415 966
415 975
416 405
416 811
416 876
416 894
416 991
416 999
417 383
417 433
417 762
417 889
417 903
417 998
418 122
418 345
418 675
418 857
418 871
418 965
419 471
419 630
419 747
419 868
419 883
419 914
42 382
42 749
42 903
42 980
420 641
420 648
420 668
420 891
420 903
420 986
421 616
421 644
421 666
421 906
421 986
421 996
422 635
422 759
422 893
422 936
422 952
422 988
423 1000
423 229
423 517
423 718
423 825
423 872
424 242
424 370
424 72
424 800
424 907
424 908
425 357
425 559
425 764
425 769
425 785
425 912
426 154
426 856
426 871
426 873
426 913
426 925
427 303
427 50
427 520
427 803
427 810
427 878
428 456
428 570
428 787
428 866
428 936
428 969
429 112
429 144
429 335
429 365
429 827
429 905
43 821
43 871
43 930
43 946
43 987
430 38
430 685
430 887
430 892
430 906
430 965
430 982
431 1000
431 17
431 845
431 907
431 987
431 990
432 386
432 708
432 726
432 931
432 936
432 961
433 417
433 654
433 782
433 901
433 934
433 998
434 711
434 847
434 863
434 913
434 957
434 992
435 286
435 714
435 733
435 868
435 887
435 976
436 1000
436 366
436 755
436 772
436 994
436 995
437 242
437 613
437 865
437 911
437 934
437 965
438 590
438 619
438 857
438 895
438 943
438 979
439 339
439 752
439 776
439 856
439 974
439 979
44 848
44 935
44 982
44 987
440 190
440 283
440 389
440 537
440 671
440 841
441 111
441 491
441 532
441 958
441 971
441 972
442 122
442 765
442 827
442 871
442 906
442 950
443 116
443 730
443 811
443 836
443 884
443 953
444 753
444 782
444 869
444 906
444 937
444 987
445 595
445 746
445 925
445 940
445 956
445 981
446 279
446 555
446 658
446 966
446 989
446 992
447 598
447 613
447 764
447 952
447 972
447 986
448 322
448 558
448 642
448 813
448 929
448 975
449 1000
449 135
449 137
449 905
449 926
449 950
45 595
45 824
45 891
45 984
450 674
450 683
450 898
450 902
450 939
450 994
451 355
451 53
451 617
451 809
451 924
451 993
452 155
452 18
452 281
452 761
452 763
452 920
453 251
453 487
453 684
453 798
453 811
453 952
454 747
454 752
454 842
454 916
454 984
454 994
455 559
455 592
455 859
455 922
455 935
455 974
456 428
456 556
456 814
456 826
456 86
456 991
457 624
457 754
457 834
457 869
457 966
457 981
458 258
458 783
458 921
458 989
458 995
458 996
459 153
459 669
459 899
459 946
459 970
459 999
46 259
46 476
46 853
46 976
460 295
460 410
460 775
460 817
460 899
460 947
461 702
461 714
461 729
461 834
461 925
461 974
462 783
462 852
462 930
462 935
462 974
462 999
463 847
463 849
463 898
463 975
463 976
463 999
464 534
464 738
464 947
464 950
464 987
464 999
465 876
465 899
465 909
465 957
465 963
465 993
466 376
466 517
466 758
466 764
466 858
466 997
467 563
467 619
467 761
467 768
467 783
467 902
468 300
468 313
468 624
468 723
468 912
468 964
469 165
469 509
469 674
469 732
469 874
469 930
47 714
47 73
47 809
47 967
470 110
470 651
470 853
470 887
470 982
470 99
471 419
471 600
471 763
471 907
471 955
471 989
472 700
472 820
472 825
472 852
472 897
472 909
473 1000
473 681
473 800
473 870
473 930
473 993
473 998
474 634
474 833
474 949
474 970
474 977
474 997
475 674
475 689
475 692
475 767
475 964
475 987
476 3
476 46
476 513
476 642
476 828
476 853
477 329
477 60
477 605
477 914
477 923
477 959
478 737
478 835
478 896
478 941
478 968
478 982
479 271
479 379
479 628
479 630
479 859
479 892
48 189
48 282
48 801
48 977
480 39
480 551
480 838
480 946
480 973
480 984
481 105
481 143
481 660
481 769
481 885
481 971
482 777
482 861
482 874
482 910
482 985
482 994
483 183
483 854
483 907
483 965
483 987
483 993
484 646
484 831
484 846
484 887
484 994
484 999
485 133
485 187
485 747
485 798
485 847
485 927
486 30
486 328
486 338
486 515
486 935
486 941
487 125
487 318
487 380
487 401
487 453
487 684
488 187
488 740
488 799
488 842
488 856
488 947
489 10
489 135
489 613
489 802
489 935
489 998
49 7
49 950
49 954
49 992
490 699
490 794
490 878
490 902
490 926
490 985
491 441
491 653
491 719
491 901
491 972
491 986
492 605
492 815
492 864
492 893
492 924
492 981
493 548
493 565
493 727
493 878
493 937
493 980
494 5
494 614
494 899
494 961
494 968
494 981
495 415
495 577
495 889
495 922
495 966
495 975
496 161
496 278
496 663
496 695
496 951
496 958
497 334
497 513
497 854
497 872
497 918
497 994
498 710
498 794
498 886
498 956
498 975
498 994
499 23
499 779
499 86
499 911
499 919
499 941
5 494
5 672
5 872
5 897
50 427
50 636
50 803
50 879
500 395
500 631
500 668
500 889
500 948
500 980
501 113
501 650
501 776
501 837
501 880
501 898
501 982
502 575
502 871
502 878
502 929
502 957
502 985
502 986
503 640
503 666
503 832
503 906
503 960
503 966
503 996
504 155
504 670
504 774
504 827
504 937
504 938
504 970
505 776
505 792
505 862
505 879
505 922
505 953
505 973
506 534
506 624
506 719
506 823
506 931
506 953
506 967
507 172
507 705
507 723
507 837
507 978
507 985
507 999
508 229
508 353
508 355
508 378
508 595
508 969
508 980
509 469
509 615
509 804
509 863
509 878
509 901
509 930
51 33
51 662
51 923
51 995
510 299
510 379
510 530
510 811
510 836
510 878
510 989
511 802
511 803
511 838
511 947
511 993
512 331
512 862
512 904
512 966
512 971
512 975
512 997
513 33
513 476
513 497
513 814
513 828
513 853
513 890
514 243
514 34
514 927
514 948
514 963
514 968
514 990
515 486
515 554
515 857
515 938
515 965
515 976
515 998
516 667
516 81
516 811
516 867
516 979
516 990
516 991
517 314
517 423
517 466
517 704
517 911
517 923
517 997
518 126
518 2
518 249
518 628
518 866
518 890
518 912
519 261
519 848
519 863
519 894
519 905
519 941
519 970
52 25
52 618
52 75
52 924
520 427
520 574
520 708
520 775
520 803
520 983
520 997
521 778
521 946
521 948
521 951
521 964
521 974
521 976
522 308
522 695
522 831
522 845
522 956
522 974
522 996
523 203
523 28
523 309
523 567
523 569
523 787
523 886
524 256
524 598
524 753
524 770
524 949
524 965
524 982
525 1000
525 583
525 657
525 784
525 817
525 822
525 988
526 361
526 56
526 739
526 782
526 832
526 846
526 998
527 1000
527 382
527 848
527 864
527 884
527 893
527 909
528 553
528 707
528 873
528 900
528 950
528 981
528 998
529 269
529 607
529 836
529 855
529 925
529 971
529 984
53 451
53 854
53 870
53 923
530 2
530 510
530 811
530 836
530 884
530 952
530 989
531 689
531 692
531 767
531 964
531 987
531 996
532 441
532 745
532 747
532 810
532 823
532 968
532 972
533 298
533 346
533 908
533 939
533 948
533 989
533 990
534 140
534 464
534 506
534 546
534 677
534 931
534 983
535 254
535 579
535 689
535 733
535 950
535 957
535 985
536 742
536 785
536 882
536 891
536 938
536 981
537 101
537 352
537 367
537 440
537 886
537 893
537 974
538 173
538 184
538 284
538 362
538 587
538 806
538 890
539 606
539 655
539 702
539 761
539 817
539 921
539 957
54 633
54 681
54 814
54 974
540 118
540 172
540 28
540 787
540 886
540 895
540 945
541 147
541 312
541 345
541 600
541 719
541 819
541 992
542 585
542 774
542 832
542 947
542 979
542 983
542 988
543 553
543 813
543 858
543 868
543 869
543 934
543 967
544 582
544 740
544 784
544 82
544 990
544 993
545 672
545 811
545 843
545 851
545 880
545 956
545 999
546 1000
546 534
546 555
546 608
546 614
546 820
546 939
547 364
547 598
547 862
547 911
547 918
547 971
547 973
548 1
548 199
548 396
548 493
548 587
548 886
548 996
549 56
549 605
549 705
549 805
549 827
549 833
549 845
55 743
55 817
55 876
55 891
550 630
550 766
550 783
550 919
550 953
550 979
550 990
551 262
551 370
551 372
551 404
551 480
551 670
551 959
552 238
552 793
552 799
552 909
552 945
552 973
552 991
553 528
553 543
553 752
553 858
553 869
553 901
553 928
554 262
554 515
554 586
554 756
554 907
554 958
554 98
555 22
555 446
555 546
555 733
555 774
555 976
555 992
556 159
556 393
556 456
556 814
556 826
556 86
556 991
557 624
557 816
557 857
557 865
557 883
557 907
557 991
558 164
558 448
558 630
558 838
558 943
558 947
558 957
559 340
559 425
559 455
559 584
559 886
559 924
559 971
56 211
56 526
56 549
56 998
560 307
560 386
560 586
560 793
560 849
560 966
560 977
561 196
561 57
561 734
561 867
561 922
561 935
561 972
562 265
562 678
562 687
562 713
562 801
562 881
562 965
563 411
563 467
563 710
563 761
563 768
563 783
563 902
564 121
564 625
564 854
564 879
564 922
564 953
564 970
565 163
565 268
565 298
565 398
565 493
565 685
565 951
566 302
566 640
566 666
566 78
566 889
566 906
566 996
567 523
567 612
567 740
567 859
567 900
567 930
567 943
568 1000
568 917
568 920
568 952
568 975
568 994
568 996
569 523
569 577
569 740
569 93
569 936
569 967
569 970
57 377
57 561
57 634
57 684
570 428
570 739
570 853
570 854
570 956
570 968
570 981
571 139
571 156
571 662
571 865
571 923
571 951
571 995
572 167
572 599
572 674
572 728
572 876
572 905
572 965
573 631
573 736
573 746
573 859
573 926
573 948
573 979
574 324
574 390
574 520
574 841
574 860
574 878
574 997
575 302
575 502
575 680
575 702
575 870
575 927
575 954
576 3
576 319
576 711
576 739
576 848
576 950
576 999
577 358
577 362
577 495
577 569
577 826
577 966
577 975
578 149
578 743
578 804
578 851
578 864
578 918
578 944
579 535
579 886
579 892
579 900
579 931
579 983
579 989
58 857
58 858
58 884
58 952
580 212
580 367
580 728
580 831
580 862
580 889
580 892
580 919
581 771
581 821
581 842
581 844
581 872
581 921
581 933
581 942
582 113
582 24
582 251
582 280
582 544
582 966
582 992
582 998
583 301
583 525
583 675
583 841
583 867
583 935
583 962
583 972
584 294
584 31
584 387
584 559
584 664
584 899
584 979
584 981
585 542
585 647
585 825
585 831
585 890
585 900
585 924
585 985
586 349
586 413
586 554
586 560
586 786
586 890
586 907
586 918
587 538
587 548
587 604
587 641
587 76
587 888
587 890
587 983
588 102
588 305
588 309
588 393
588 594
588 787
588 928
588 945
589 636
589 690
589 846
589 869
589 892
589 899
589 912
589 913
59 840
59 912
59 932
59 967
590 438
590 597
590 657
590 733
590 793
590 903
590 961
590 993
591 11
591 238
591 396
591 599
591 727
591 799
591 867
591 991
592 162
592 271
592 373
592 455
592 705
592 830
592 855
592 874
593 1000
593 827
593 850
593 943
593 97
593 985
593 987
593 994
594 1000
594 145
594 395
594 588
594 624
594 668
594 975
594 994
595 329
595 445
595 45
595 508
595 654
595 778
595 842
595 894
596 153
596 292
596 656
596 818
596 867
596 935
596 983
596 999
597 176
597 590
597 653
597 678
597 687
597 893
597 931
597 990
598 447
598 524
598 547
598 658
598 727
598 9
598 946
598 985
599 396
599 410
599 572
599 591
599 727
599 793
599 799
599 973
6 354
6 797
6 932
6 943
60 477
60 679
60 829
60 932
600 350
600 363
600 471
600 541
600 819
600 903
600 941
600 953
601 401
601 805
601 892
601 919
601 929
601 942
601 977
601 980
602 205
602 700
602 852
602 855
602 864
602 897
602 986
602 995
603 133
603 155
603 393
603 803
603 826
603 841
603 908
603 983
604 163
604 259
604 587
604 878
604 898
604 974
604 985
604 993
605 477
605 492
605 549
605 767
605 829
605 859
605 923
605 971
606 539
606 694
606 779
606 818
606 881
606 954
606 987
606 996
607 529
607 735
607 835
607 837
607 847
607 942
608 156
608 344
608 546
608 726
608 895
608 959
608 979
608 993
609 128
609 245
609 818
609 886
609 968
609 975
609 986
609 994
61 285
61 768
61 899
61 920
610 1000
610 326
610 642
610 838
610 873
610 947
610 981
610 996
611 385
611 687
611 794
611 824
611 902
611 930
611 931
611 946
612 263
612 567
612 700
612 716
612 820
612 855
612 897
612 992
613 107
613 341
613 437
613 447
613 489
613 806
613 890
613 983
614 228
614 494
614 546
614 629
614 664
614 679
614 870
614 952
615 509
615 727
615 829
615 844
615 871
615 879
615 892
615 894
616 335
616 421
616 640
616 872
616 906
616 922
616 966
616 996
617 1000
617 451
617 830
617 838
617 943
617 961
617 988
617 999
618 137
618 52
618 898
618 924
618 956
618 982
618 991
618 996
619 106
619 188
619 438
619 467
619 755
619 846
619 909
619 991
62 409
62 741
62 823
62 981
620 350
620 645
620 773
620 822
620 904
620 932
620 946
620 977
621 37
621 770
621 840
621 89
621 921
621 938
621 978
621 999
622 404
622 722
622 791
622 837
622 869
622 893
622 979
622 992
623 119
623 414
623 650
623 77
623 774
623 966
623 992
623 997
624 457
624 468
624 506
624 557
624 594
624 707
624 860
624 992
625 564
625 741
625 910
625 913
625 936
625 970
625 973
625 996
626 108
626 706
626 875
626 876
626 954
626 972
626 977
627 318
627 680
627 684
627 735
627 811
627 856
627 890
627 989
628 168
628 479
628 518
628 739
628 789
628 866
628 913
628 915
629 253
629 614
629 696
629 839
629 866
629 924
629 981
629 996
63 391
63 758
63 851
63 905
63 988
630 419
630 479
630 550
630 558
630 760
630 870
630 931
630 961
631 500
631 573
631 799
631 866
631 886
631 948
631 961
631 994
632 356
632 675
632 749
632 815
632 935
632 962
632 980
632 983
633 201
633 344
633 54
633 754
633 834
633 895
633 908
633 959
634 474
634 57
634 833
634 949
634 970
634 977
634 984
634 997
635 1000
635 422
635 727
635 916
635 941
635 969
635 982
635 991
636 342
636 50
636 589
636 643
636 677
636 691
636 751
636 899
637 285
637 756
637 760
637 857
637 871
637 886
637 983
637 987
638 287
638 296
638 72
638 895
638 896
638 961
638 979
638 982
639 390
639 759
639 813
639 851
639 893
639 932
639 936
639 971
64 190
64 887
64 934
64 978
64 987
640 348
640 503
640 566
640 616
640 880
640 906
640 986
640 996
641 163
641 280
641 284
641 420
641 587
641 791
641 888
641 983
642 448
642 476
642 610
642 748
642 774
642 837
642 970
642 978
643 207
643 214
643 636
643 718
643 8
643 832
643 899
643 961
644 235
644 328
644 421
644 772
644 905
644 935
644 950
644 998
645 620
645 812
645 894
645 942
645 954
645 964
645 967
645 996
646 202
646 326
646 334
646 484
646 673
646 737
646 753
646 981
647 304
647 403
647 585
647 684
647 707
647 83
647 852
647 987
648 420
648 729
648 766
648 816
648 921
648 925
648 974
648 980
649 304
649 766
649 787
649 818
649 898
649 935
649 991
649 995
65 198
65 892
65 919
65 977
650 400
650 501
650 623
650 853
650 883
650 943
650 978
650 999
651 470
651 655
651 760
651 773
651 903
651 951
651 952
651 962
651 963
652 152
652 731
652 824
652 832
652 856
652 930
652 943
652 955
652 973
653 392
653 491
653 597
653 753
653 826
653 855
653 873
653 913
653 942
654 123
654 433
654 595
654 894
654 950
654 961
654 969
654 986
654 993
655 129
655 539
655 651
655 685
655 734
655 760
655 773
655 800
655 941
656 271
656 596
656 662
656 671
656 727
656 838
656 863
656 947
656 965
657 189
657 525
657 590
657 658
657 779
657 803
657 862
657 914
657 958
658 231
658 446
658 598
658 657
658 822
658 85
658 860
658 955
658 992
659 179
659 405
659 702
659 784
659 842
659 914
659 974
659 978
659 999
66 734
66 830
66 876
66 943
66 952
660 135
660 481
660 801
660 839
660 845
660 883
660 932
660 933
660 988
661 22
661 338
661 687
661 748
661 814
661 828
661 919
661 978
661 987
662 51
662 571
662 656
662 673
662 829
662 865
662 881
662 923
662 971
663 200
663 351
663 496
663 664
663 695
663 868
663 88
663 904
663 980
664 584
664 614
664 663
664 768
664 851
664 864
664 870
664 959
664 970
665 234
665 248
665 736
665 818
665 819
665 926
665 948
665 951
665 979
666 421
666 503
666 566
666 837
666 895
666 906
666 960
666 986
666 996
667 516
667 765
667 868
667 873
667 916
667 921
667 977
667 986
667 989
668 143
668 310
668 420
668 500
668 594
668 693
668 81
668 815
668 884
669 459
669 805
669 806
669 892
669 919
669 929
669 937
669 942
669 980
67 286
67 848
67 900
67 965
67 990
670 27
670 404
670 504
670 551
670 698
670 763
670 888
670 946
670 973
671 101
671 224
671 389
671 403
671 440
671 656
671 730
671 901
671 978
672 215
672 375
672 5
672 545
672 757
672 798
672 918
672 931
672 953
673 646
673 662
673 775
673 891
673 913
673 964
673 969
673 981
673 992
674 288
674 450
674 469
674 475
674 572
674 720
674 834
674 869
674 967
675 311
675 418
675 583
675 632
675 867
675 922
675 935
675 948
675 991
676 703
676 844
676 861
676 874
676 876
676 910
676 985
676 994
676 995
677 1000
677 399
677 534
677 636
677 730
677 79
677 899
677 949
677 957
678 265
678 562
678 597
678 687
678 691
678 841
678 883
678 944
678 965
679 60
679 614
679 702
679 712
679 830
679 849
679 885
679 980
679 999
68 780
68 876
68 887
68 965
680 575
680 627
680 873
680 875
680 905
680 926
680 949
680 952
680 954
681 473
681 54
681 786
681 902
681 907
681 937
681 970
681 976
681 983
682 1000
682 686
682 795
682 808
682 887
682 909
682 928
682 958
682 997
683 168
683 402
683 450
683 837
683 859
683 954
683 979
683 988
683 999
684 453
684 487
684 57
684 627
684 647
684 735
684 811
684 836
684 849
685 1000
685 156
685 430
685 565
685 655
685 698
685 775
685 895
685 902
686 1000
686 120
686 225
686 682
686 70
686 928
686 933
686 972
686 997
687 265
687 562
687 597
687 611
687 661
687 678
687 691
687 883
687 965
688 36
688 823
688 827
688 848
688 872
688 929
689 475
689 531
689 535
689 692
689 767
689 964
689 987
69 824
69 871
69 879
69 911
690 11
690 331
690 589
690 723
690 805
690 807
690 840
690 914
690 978
691 636
691 678
691 687
691 756
691 857
691 899
691 934
691 943
691 965
691 997
692 475
692 531
692 689
692 767
692 927
692 934
692 942
692 945
692 964
692 987
693 260
693 668
693 740
693 780
693 828
693 836
693 864
693 968
693 980
693 986
694 606
694 721
694 868
694 903
694 938
694 962
694 982
694 985
694 987
694 994
695 155
695 21
695 34
695 496
695 522
695 663
695 868
695 885
695 886
695 904
696 130
696 136
696 175
696 216
696 355
696 377
696 629
696 724
696 888
696 898
697 240
697 335
697 375
697 863
697 881
697 913
697 927
697 967
697 980
697 991
698 147
698 264
698 281
698 670
698 685
698 888
698 949
698 987
698 995
698 998
699 490
699 724
699 757
699 905
699 924
699 944
699 955
699 982
699 991
699 998
7 399
7 49
7 946
7 968
70 1000
70 686
70 795
70 808
700 233
700 257
700 472
700 602
700 612
700 716
700 852
700 855
700 882
700 897
701 299
701 395
701 735
701 754
701 773
701 779
701 845
701 862
701 883
701 972
702 461
702 539
702 575
702 659
702 679
702 766
702 832
702 9
702 938
702 980
703 676
703 777
703 861
703 874
703 876
703 899
703 909
703 910
703 985
703 994
704 1000
704 253
704 517
704 739
704 910
704 911
704 959
704 982
704 985
704 986
705 294
705 402
705 507
705 549
705 592
705 726
705 752
705 763
705 938
705 946
706 108
706 178
706 185
706 626
706 858
706 875
706 954
706 972
706 977
706 984
707 16
707 528
707 624
707 647
707 739
707 795
707 888
707 900
707 915
707 992
708 318
708 341
708 432
708 520
708 782
708 880
708 907
708 958
708 970
708 984
709 743
709 824
709 85
709 851
709 899
709 904
709 915
709 930
709 933
709 954
71 833
71 949
71 970
71 997
710 252
710 298
710 411
710 498
710 563
710 761
710 768
710 783
710 902
710 914
711 235
711 409
711 412
711 434
711 576
711 863
711 913
711 957
711 966
711 992
712 321
712 679
712 815
712 857
712 939
712 940
712 956
712 979
712 990
712 996
713 562
713 823
713 844
713 933
713 940
713 956
713 965
713 969
713 971
713 998
714 435
714 461
714 47
714 800
714 838
714 866
714 869
714 947
714 983
714 996
715 151
715 171
715 312
715 325
715 732
715 762
715 812
715 822
715 860
715 977
716 233
716 381
716 612
716 700
716 820
716 851
716 852
716 855
716 897
716 995
717 753
717 895
717 900
717 936
717 949
717 963
717 983
717 986
717 993
717 996
718 265
718 31
718 370
718 423
718 643
718 863
718 954
718 965
718 983
718 984
719 268
719 315
719 491
719 506
719 541
719 759
719 790
719 939
719 968
719 969
72 424
72 638
72 896
72 982
720 674
720 831
720 834
720 859
720 873
720 887
720 903
720 905
720 940
720 956
721 217
721 694
721 771
721 796
721 854
721 871
721 911
721 943
721 952
721 984
722 129
722 195
722 345
722 622
722 791
722 792
722 854
722 953
722 973
722 992
723 339
723 399
723 468
723 507
723 690
723 745
723 756
723 880
723 944
723 960
724 320
724 696
724 699
724 725
724 834
724 846
724 901
724 933
724 988
724 998
725 224
725 349
725 724
725 842
725 847
725 919
725 955
725 971
725 984
725 991
726 1000
726 305
726 432
726 608
726 705
726 808
726 846
726 889
726 926
726 948
726 998
727 493
727 591
727 598
727 599
727 615
727 635
727 656
727 799
727 945
727 946
727 948
728 13
728 19
728 391
728 572
728 580
728 771
728 792
728 857
728 870
728 920
728 984
729 363
729 461
729 648
729 790
729 832
729 850
729 881
729 925
729 974
729 980
729 990
73 47
73 814
73 900
73 935
730 1000
730 443
730 671
730 677
730 765
730 83
730 836
730 838
730 861
730 947
730 985
731 209
731 337
731 652
731 806
731 824
731 841
731 876
731 930
731 955
731 962
731 973
732 210
732 373
732 469
732 715
732 804
732 807
732 864
732 878
732 894
732 969
732 986
733 258
733 435
733 535
733 555
733 590
733 761
733 774
733 823
733 848
733 902
733 963
734 301
734 311
734 561
734 655
734 66
734 779
734 829
734 880
734 919
734 934
734 984
735 414
735 607
735 627
735 684
735 701
735 837
735 853
735 939
735 962
735 970
735 980
736 20
736 248
736 316
736 573
736 665
736 926
736 961
736 970
736 973
736 975
736 979
737 296
737 329
737 478
737 646
737 791
737 896
737 912
737 961
737 966
737 982
737 991
738 218
738 256
738 274
738 464
738 760
738 773
738 776
738 800
738 842
738 955
738 962
739 526
739 570
739 576
739 628
739 704
739 707
739 837
739 847
739 910
739 976
739 994
74 777
74 838
74 985
74 994
740 189
740 365
740 488
740 544
740 567
740 569
740 693
740 784
740 82
740 909
740 993
741 62
741 625
741 817
741 855
741 867
741 873
741 897
741 902
741 925
741 944
741 974
742 32
742 536
742 882
742 891
742 916
742 938
742 941
742 981
743 114
743 149
743 275
743 55
743 578
743 709
743 780
743 804
743 851
743 864
743 948
744 778
744 785
744 854
744 856
744 878
744 906
744 931
744 973
744 978
744 997
744 999
745 162
745 187
745 189
745 300
745 339
745 399
745 532
745 723
745 756
745 912
745 984
746 222
746 445
746 573
746 823
746 853
746 854
746 950
746 957
746 969
746 975
746 997
747 21
747 351
747 380
747 419
747 454
747 485
747 532
747 801
747 898
747 967
747 999
748 307
748 37
748 642
748 661
748 770
748 830
748 840
748 902
748 932
748 978
748 999
749 260
749 42
749 632
749 861
749 893
749 923
749 957
749 958
749 969
749 984
749 994
75 52
75 880
75 923
75 988
750 273
750 308
750 765
750 786
750 845
750 868
750 873
750 916
750 938
750 953
750 963
750 977
751 636
751 756
751 850
751 859
751 880
751 907
751 926
751 932
751 966
751 967
751 979
751 992
752 271
752 439
752 454
752 553
752 705
752 796
752 853
752 869
752 963
752 972
752 976
752 991
753 170
753 19
753 444
753 524
753 646
753 653
753 717
753 755
753 895
753 904
753 942
753 964
754 232
754 259
754 289
754 457
754 633
754 701
754 755
754 834
754 873
754 972
754 986
754 993
755 132
755 196
755 436
755 619
755 753
755 754
755 790
755 822
755 942
755 991
755 993
755 998
756 554
756 637
756 691
756 723
756 745
756 751
756 791
756 880
756 914
756 934
756 944
756 984
757 1000
757 101
757 151
757 294
757 672
757 699
757 775
757 796
757 841
757 875
757 954
757 976
758 104
758 413
758 466
758 63
758 838
758 921
758 927
758 940
758 947
758 953
758 956
758 983
759 282
759 422
759 639
759 719
759 819
759 841
759 881
759 91
759 914
759 953
759 971
759 976
76 587
76 929
76 946
76 981
760 162
760 630
760 637
760 651
760 655
760 738
760 773
760 776
760 800
760 903
760 952
760 976
761 141
761 411
761 452
761 467
761 539
761 563
761 710
761 733
761 768
761 783
761 850
761 902
762 252
762 322
762 417
762 715
762 838
762 894
762 945
762 947
762 950
762 977
762 991
762 998
763 171
763 276
763 452
763 471
763 670
763 705
763 862
763 899
763 902
763 939
763 946
763 990
764 184
764 323
764 376
764 425
764 447
764 466
764 769
764 858
764 912
764 927
764 96
764 997
765 442
765 667
765 730
765 750
765 819
765 821
765 850
765 873
765 953
765 963
765 983
765 989
766 193
766 347
766 550
766 648
766 649
766 702
766 848
766 921
766 925
766 974
766 980
766 989
767 475
767 531
767 605
767 689
767 692
767 927
767 934
767 942
767 964
767 976
767 987
768 141
768 252
768 306
768 411
768 467
768 563
768 61
768 664
768 710
768 761
768 783
768 902
769 140
769 180
769 425
769 481
769 764
769 892
769 923
769 925
769 962
769 968
769 972
769 974
77 623
77 847
77 900
77 987
770 16
770 336
770 524
770 621
770 748
770 830
770 840
770 929
770 967
770 978
770 996
770 999
771 247
771 581
771 721
771 728
771 782
771 792
771 896
771 919
771 933
771 971
771 972
771 998
772 245
772 330
772 436
772 644
772 825
772 851
772 864
772 875
772 933
772 954
772 969
772 993
773 620
773 651
773 655
773 701
773 738
773 760
773 809
773 813
773 955
773 962
773 963
773 976
774 119
774 279
774 387
774 504
774 542
774 555
774 623
774 642
774 733
774 961
774 992
774 997
775 239
775 460
775 520
775 673
775 685
775 757
775 860
775 93
775 944
775 955
775 966
775 976
775 997
776 439
776 501
776 505
776 738
776 760
776 792
776 819
776 823
776 845
776 848
776 933
776 988
776 999
777 117
777 255
777 482
777 703
777 74
777 806
777 861
777 874
777 876
777 910
777 955
777 985
777 994
778 259
778 398
778 521
778 595
778 744
778 891
778 894
778 896
778 934
778 958
778 981
778 982
778 997
779 161
779 207
779 233
779 499
779 606
779 657
779 701
779 734
779 8
779 865
779 871
779 911
779 914
78 348
78 566
78 906
78 996
780 127
780 139
780 149
780 275
780 68
780 693
780 743
780 804
780 851
780 864
780 905
780 918
780 944
781 1000
781 193
781 24
781 320
781 795
781 891
781 938
781 946
781 974
781 978
781 981
781 991
781 998
782 254
782 320
782 361
782 433
782 444
782 526
782 708
782 771
782 846
782 912
782 956
782 962
782 998
783 306
783 321
783 458
783 462
783 467
783 550
783 563
783 710
783 761
783 768
783 880
783 902
783 914
784 166
784 292
784 30
784 332
784 525
784 544
784 659
784 740
784 82
784 866
784 907
784 97
784 993
785 267
785 425
785 536
785 744
785 804
785 831
785 864
785 918
785 922
785 928
785 990
785 993
785 994
786 130
786 304
786 378
786 586
786 681
786 750
786 826
786 856
786 896
786 900
786 915
786 929
786 995
787 118
787 203
787 253
787 258
787 327
787 428
787 523
787 540
787 588
787 649
787 789
787 886
787 945
788 237
788 360
788 403
788 887
788 905
788 960
788 969
788 992
789 23
789 267
789 346
789 628
789 787
789 828
789 877
789 883
789 90
789 920
789 931
789 941
789 990
79 216
79 677
79 981
79 985
790 147
790 192
790 295
790 719
790 729
790 755
790 859
790 879
790 883
790 925
790 933
790 984
790 989
791 219
791 622
791 641
791 722
791 737
791 756
791 852
791 869
791 897
791 912
791 966
791 971
791 983
792 163
792 274
792 290
792 369
792 402
792 505
792 722
792 728
792 771
792 776
792 802
792 934
792 953
793 17
793 228
793 246
793 327
793 552
793 560
793 590
793 599
793 818
793 922
793 964
793 967
793 987
794 109
794 139
794 160
794 35
794 359
794 490
794 498
794 611
794 872
794 885
794 900
794 909
794 934
795 1000
795 120
795 225
795 241
795 384
795 682
795 70
795 707
795 781
795 808
795 865
795 933
795 997
796 303
796 306
796 721
796 752
796 757
796 866
796 891
796 902
796 928
796 937
796 953
796 963
796 981
797 180
797 198
797 218
797 314
797 6
797 80
797 819
797 888
797 904
797 932
797 943
797 951
797 988
798 453
798 485
798 672
798 870
798 884
798 885
798 891
798 915
798 934
798 937
798 950
798 969
798 981
798 983
799 35
799 367
799 488
799 552
799 591
799 599
799 631
799 727
799 884
799 891
799 916
799 948
799 973
799 991
8 280
8 643
8 779
8 876
8 970
80 797
80 904
80 925
80 943
800 329
800 424
800 473
800 655
800 714
800 738
800 760
800 809
800 842
800 941
800 952
800 963
800 976
800 989
801 409
801 48
801 562
801 660
801 747
801 807
801 845
801 907
801 908
801 913
801 915
801 965
801 972
801 990
802 334
802 489
802 511
802 792
802 813
802 838
802 868
802 947
802 993
803 317
803 333
803 408
803 427
803 50
803 511
803 520
803 603
803 657
803 834
803 878
803 935
803 972
803 997
804 127
804 275
804 365
804 509
804 578
804 732
804 743
804 780
804 785
804 806
804 851
804 864
804 930
804 944
805 549
805 601
805 669
805 690
805 810
805 831
805 862
805 892
805 915
805 919
805 938
805 953
805 959
805 980
806 538
806 613
806 669
806 731
806 777
806 804
806 820
806 824
806 851
806 855
806 919
806 938
806 948
806 983
807 102
807 136
807 211
807 216
807 377
807 690
807 732
807 801
807 843
807 888
807 898
807 918
807 98
807 995
808 1000
808 157
808 225
808 241
808 336
808 384
808 682
808 70
808 726
808 795
808 815
808 908
808 909
808 933
809 357
809 451
809 47
809 773
809 800
809 837
809 847
809 867
809 922
809 940
809 956
809 967
809 985
809 994
81 516
81 668
81 897
81 982
810 306
810 400
810 427
810 532
810 805
810 857
810 869
810 879
810 895
810 906
810 919
810 926
810 931
810 996
811 132
811 161
811 254
811 416
811 443
811 453
811 510
811 516
811 530
811 545
811 627
811 684
811 816
811 989
812 105
812 124
812 343
812 645
812 715
812 822
812 860
812 890
812 914
812 932
812 946
812 95
812 951
812 977
813 150
813 197
813 448
813 543
813 639
813 773
813 802
813 875
813 877
813 936
813 940
813 947
813 954
813 956
813 993
814 228
814 324
814 368
814 456
814 513
814 54
814 556
814 661
814 73
814 845
814 853
814 868
814 891
814 933
814 981
815 1000
815 169
815 223
815 492
815 632
815 668
815 712
815 808
815 838
815 842
815 935
815 947
815 973
815 985
815 994
816 13
816 221
816 402
816 557
816 648
816 811
816 835
816 886
816 906
816 925
816 926
816 946
816 974
816 979
816 996
817 111
817 116
817 204
817 29
817 310
817 319
817 383
817 460
817 525
817 539
817 55
817 741
817 839
817 885
817 891
818 359
818 596
818 606
818 609
818 649
818 665
818 793
818 849
818 867
818 935
818 945
818 948
818 972
818 984
818 991
819 291
819 541
819 600
819 665
819 759
819 765
819 776
819 797
819 889
819 936
819 943
819 971
819 979
819 986
819 999
82 544
82 740
82 784
82 993
820 257
820 263
820 381
820 472
820 546
820 612
820 716
820 806
820 852
820 855
820 897
820 922
820 968
820 986
820 992
821 173
821 208
821 246
821 321
821 368
821 43
821 581
821 765
821 828
821 877
821 908
821 968
821 976
821 977
821 993
822 110
822 166
822 242
822 357
822 4
822 525
822 620
822 658
822 715
822 755
822 812
822 904
822 946
822 951
822 977
823 36
823 506
823 532
823 62
823 688
823 713
823 733
823 746
823 776
823 827
823 848
823 860
823 929
824 152
824 175
824 268
824 45
824 611
824 652
824 69
824 709
824 731
824 806
824 841
824 856
824 930
824 955
824 962
825 353
825 423
825 472
825 585
825 772
825 850
825 904
825 928
825 931
825 940
825 950
825 956
825 967
825 975
825 998
826 376
826 4
826 456
826 556
826 577
826 603
826 653
826 786
826 844
826 857
826 878
826 911
826 929
826 958
826 997
827 200
827 272
827 292
827 359
827 36
827 366
827 429
827 442
827 504
827 549
827 593
827 688
827 823
827 848
827 860
827 929
828 24
828 335
828 368
828 476
828 513
828 661
828 693
828 789
828 821
828 849
828 853
828 890
828 921
828 976
828 991
828 998
829 17
829 324
829 60
829 605
829 615
829 662
829 734
829 856
829 918
829 923
829 929
829 953
829 960
829 962
829 971
829 988
83 647
83 730
83 925
83 977
830 340
830 37
830 592
830 617
830 66
830 679
830 748
830 770
830 840
830 922
830 944
830 975
830 976
830 978
830 988
830 999
831 120
831 484
831 522
831 580
831 585
831 720
831 785
831 805
831 889
831 892
831 915
831 919
831 929
831 938
831 959
831 977
832 191
832 194
832 503
832 526
832 542
832 643
832 652
832 702
832 729
832 893
832 930
832 933
832 934
832 973
832 977
832 984
833 474
833 549
833 634
833 71
833 885
833 946
833 949
833 970
833 977
833 984
833 997
834 457
834 461
834 633
834 674
834 720
834 724
834 754
834 803
834 869
834 874
834 878
834 901
834 924
834 925
834 962
834 994
835 187
835 247
835 388
835 397
835 478
835 607
835 816
835 837
835 847
835 886
835 907
835 936
835 945
835 966
835 975
835 991
836 302
836 31
836 325
836 443
836 510
836 529
836 530
836 684
836 693
836 730
836 850
836 856
836 859
836 952
836 983
836 989
837 293
837 362
837 385
837 501
837 507
837 607
837 622
837 642
837 666
837 683
837 735
837 739
837 809
837 835
837 847
837 942
838 181
838 480
838 511
838 558
838 610
838 617
838 656
838 714
838 730
838 74
838 758
838 762
838 802
838 815
838 868
838 947
838 993
839 151
839 29
839 373
839 629
839 660
839 817
839 845
839 877
839 913
839 916
839 924
839 948
839 957
839 960
839 981
839 988
839 993
84 366
84 907
84 908
84 943
84 978
840 122
840 166
840 277
840 291
840 340
840 59
840 621
840 690
840 748
840 770
840 830
840 912
840 941
840 944
840 976
840 978
840 999
841 104
841 342
841 440
841 574
841 583
841 603
841 678
841 731
841 757
841 759
841 824
841 868
841 930
841 936
841 948
841 977
841 980
842 24
842 454
842 488
842 581
842 595
842 659
842 725
842 738
842 800
842 815
842 894
842 934
842 949
842 955
842 970
842 974
842 989
843 224
843 245
843 389
843 545
843 807
843 870
843 877
843 884
843 887
843 898
843 966
843 969
843 979
843 985
843 989
843 993
843 994
844 581
844 615
844 676
844 713
844 826
844 886
844 908
844 920
844 924
844 940
844 942
844 956
844 957
844 959
844 968
844 990
844 994
845 15
845 336
845 431
845 522
845 549
845 660
845 701
845 750
845 776
845 801
845 814
845 839
845 93
845 932
845 933
845 988
845 998
846 1000
846 176
846 40
846 484
846 526
846 589
846 619
846 724
846 726
846 782
846 850
846 858
846 890
846 953
846 962
846 995
846 998
847 124
847 132
847 144
847 231
847 250
847 386
847 434
847 463
847 485
847 607
847 725
847 739
847 77
847 809
847 835
847 837
847 942
848 1000
848 174
848 202
848 36
848 44
848 519
848 527
848 576
848 67
848 688
848 733
848 766
848 776
848 823
848 827
848 860
848 929
849 323
849 349
849 392
849 463
849 560
849 679
849 684
849 818
849 828
849 858
849 870
849 907
849 914
849 923
849 945
849 952
849 969
849 983
85 658
85 709
85 905
85 910
85 995
850 141
850 308
850 363
850 593
850 729
850 751
850 761
850 765
850 825
850 836
850 846
850 852
850 873
850 897
850 909
850 925
850 934
850 942
851 127
851 217
851 251
851 275
851 545
851 578
851 63
851 639
851 664
851 709
851 716
851 743
851 772
851 780
851 804
851 806
851 864
851 918
852 257
852 381
852 462
852 472
852 602
852 647
852 700
852 716
852 791
852 820
852 850
852 855
852 897
852 922
852 98
852 986
852 992
852 995
853 393
853 401
853 46
853 470
853 476
853 513
853 570
853 650
853 735
853 746
853 752
853 814
853 828
853 901
853 921
853 945
853 976
853 999
854 125
854 39
854 483
854 497
854 53
854 564
854 570
854 721
854 722
854 744
854 746
854 916
854 919
854 922
854 927
854 928
854 934
854 938
855 195
855 257
855 529
855 592
855 602
855 612
855 653
855 700
855 716
855 741
855 806
855 820
855 852
855 897
855 922
855 986
855 992
855 995
856 354
856 426
856 439
856 488
856 627
856 652
856 744
856 786
856 824
856 829
856 836
856 872
856 898
856 916
856 930
856 982
856 985
856 989
857 400
857 418
857 438
857 515
857 557
857 58
857 637
857 691
857 712
857 728
857 810
857 826
857 884
857 909
857 915
857 919
857 927
857 952
858 297
858 466
858 543
858 553
858 58
858 706
858 764
858 846
858 849
858 869
858 870
858 875
858 904
858 906
858 954
858 988
858 994
858 996
858 997
859 297
859 455
859 479
859 567
859 573
859 605
859 683
859 720
859 751
859 790
859 836
859 887
859 911
859 924
859 931
859 959
859 974
859 979
859 998
86 456
86 499
86 556
86 991
860 151
860 574
860 624
860 658
860 715
860 775
860 812
860 823
860 827
860 848
860 894
860 903
860 916
860 920
860 948
860 961
860 986
860 989
860 997
861 115
861 117
861 158
861 278
861 32
861 482
861 676
861 703
861 730
861 749
861 777
861 874
861 876
861 889
861 910
861 955
861 967
861 985
861 994
862 289
862 29
862 331
862 341
862 505
862 512
862 547
862 580
862 657
862 701
862 763
862 805
862 889
862 926
862 928
862 961
862 971
862 975
862 979
863 312
863 412
863 434
863 509
863 519
863 656
863 697
863 711
863 718
863 881
863 904
863 913
863 927
863 957
863 966
863 967
863 980
863 987
863 992
864 149
864 2
864 214
864 492
864 527
864 578
864 602
864 664
864 693
864 732
864 743
864 772
864 780
864 785
864 804
864 851
864 918
864 944
864 981
865 1000
865 437
865 557
865 571
865 662
865 779
865 795
865 871
865 917
865 937
865 940
865 955
865 956
865 957
865 958
865 960
865 971
865 973
865 980
866 126
866 168
866 192
866 249
866 290
866 307
866 350
866 428
866 518
866 628
866 629
866 631
866 714
866 784
866 796
866 881
866 912
866 960
866 983
867 154
867 223
867 266
867 282
867 383
867 516
867 561
867 583
867 591
867 596
867 675
867 741
867 809
867 818
867 935
867 948
867 972
867 984
867 991
868 199
868 283
868 419
868 435
868 543
868 663
868 667
868 694
868 695
868 750
868 802
868 814
868 838
868 841
868 869
868 911
868 927
868 934
868 947
869 104
869 444
869 457
869 543
869 553
869 589
869 622
869 674
869 714
869 752
869 791
869 810
869 834
869 858
869 868
869 901
869 928
869 934
869 967
87 874
87 876
87 985
87 989
870 121
870 13
870 165
870 192
870 194
870 473
870 53
870 575
870 614
870 630
870 664
870 728
870 798
870 843
870 849
870 858
870 929
870 952
870 996
871 145
871 213
871 290
871 371
871 380
871 418
871 426
871 43
871 442
871 502
871 615
871 637
871 69
871 721
871 779
871 865
871 878
871 911
871 914
871 961
872 103
872 366
872 378
872 423
872 497
872 5
872 581
872 616
872 688
872 794
872 856
872 877
872 906
872 909
872 931
872 942
872 949
872 958
872 982
872 996
873 304
873 426
873 528
873 610
873 653
873 667
873 680
873 720
873 741
873 750
873 754
873 765
873 850
873 941
873 948
873 953
873 963
873 983
873 989
873 996
874 115
874 117
874 202
874 255
874 469
874 482
874 592
874 676
874 703
874 777
874 834
874 861
874 87
874 876
874 909
874 910
874 958
874 965
874 985
874 994
875 108
875 178
875 185
875 228
875 288
875 626
875 680
875 706
875 757
875 772
875 813
875 858
875 914
875 954
875 972
875 977
876 244
876 41
876 416
876 465
876 55
876 572
876 626
876 66
876 676
876 68
876 703
876 731
876 777
876 8
876 861
876 87
876 874
876 910
876 985
876 994
877 103
877 125
877 144
877 150
877 207
877 220
877 222
877 26
877 299
877 336
877 386
877 789
877 813
877 821
877 839
877 843
877 872
877 88
877 989
877 993
878 100
878 35
878 414
878 427
878 490
878 493
878 502
878 509
878 510
878 574
878 604
878 732
878 744
878 803
878 826
878 834
878 871
878 879
878 972
878 983
879 107
879 50
879 505
879 564
879 615
879 69
879 790
879 810
879 878
879 888
879 889
879 900
879 918
879 931
879 937
879 938
879 953
879 983
879 991
879 997
88 663
88 877
88 969
88 990
880 112
880 164
880 220
880 300
880 339
880 347
880 382
880 501
880 545
880 640
880 708
880 723
880 734
880 75
880 751
880 756
880 783
880 911
880 914
880 944
881 295
881 562
881 606
881 662
881 697
881 729
881 759
881 863
881 866
881 893
881 932
881 936
881 939
881 957
881 960
881 974
881 986
881 988
881 990
881 995
882 231
882 239
882 536
882 700
882 742
882 891
882 916
882 938
882 941
882 981
883 174
883 300
883 387
883 399
883 419
883 557
883 650
883 660
883 678
883 687
883 701
883 789
883 790
883 914
883 926
883 932
883 965
883 973
883 974
883 975
884 106
884 177
884 261
884 277
884 413
884 443
884 527
884 530
884 58
884 668
884 798
884 799
884 843
884 857
884 900
884 906
884 914
884 948
884 973
884 980
884 983
885 109
885 146
885 219
885 226
885 253
885 258
885 28
885 319
885 351
885 38
885 481
885 679
885 695
885 794
885 798
885 817
885 833
885 949
885 958
885 970
885 991
886 118
886 157
886 203
886 309
886 498
886 523
886 537
886 540
886 548
886 559
886 579
886 609
886 631
886 637
886 695
886 787
886 816
886 835
886 844
886 895
886 962
887 139
887 153
887 237
887 360
887 367
887 385
887 390
887 430
887 435
887 470
887 484
887 64
887 68
887 682
887 720
887 788
887 843
887 859
887 905
887 960
887 992
888 136
888 178
888 587
888 641
888 670
888 696
888 698
888 707
888 797
888 807
888 879
888 894
888 900
888 942
888 943
888 950
888 951
888 952
888 973
888 983
888 995
889 161
889 195
889 220
889 344
889 417
889 495
889 500
889 566
889 580
889 726
889 819
889 831
889 861
889 862
889 879
889 906
889 919
889 985
889 994
889 996
889 998
89 18
89 621
89 92
89 931
89 970
890 126
890 132
890 261
890 325
890 391
890 401
890 513
890 518
890 538
890 585
890 586
890 587
890 613
890 627
890 812
890 828
890 846
890 907
890 968
890 988
890 990
891 173
891 209
891 285
891 420
891 45
891 536
891 55
891 673
891 742
891 778
891 781
891 796
891 798
891 799
891 814
891 817
891 882
891 916
891 938
891 941
891 981
892 191
892 212
892 374
892 430
892 479
892 579
892 580
892 589
892 601
892 615
892 65
892 669
892 769
892 805
892 831
892 896
892 919
892 929
892 942
892 957
892 959
893 388
893 422
893 492
893 527
893 537
893 597
893 622
893 639
893 749
893 832
893 881
893 914
893 915
893 933
893 935
893 936
893 952
893 953
893 971
893 972
893 976
894 1000
894 169
894 353
894 416
894 519
894 595
894 615
894 645
894 654
894 732
894 762
894 778
894 842
894 860
894 888
894 920
894 945
894 950
894 967
894 969
894 989
894 993
895 1000
895 157
895 167
895 181
895 354
895 438
895 540
895 608
895 633
895 638
895 666
895 685
895 717
895 753
895 810
895 886
895 906
895 926
895 953
895 979
895 982
895 996
896 264
896 287
896 296
896 334
896 342
896 478
896 638
896 72
896 737
896 771
896 778
896 786
896 892
896 912
896 941
896 958
896 961
896 975
896 982
896 984
896 991
896 995
897 205
897 233
897 263
897 381
897 472
897 5
897 602
897 612
897 700
897 716
897 741
897 791
897 81
897 820
897 850
897 852
897 855
897 918
897 922
897 986
897 992
897 995
898 116
898 134
898 136
898 194
898 309
898 315
898 34
898 355
898 406
898 450
898 463
898 501
898 604
898 618
898 649
898 696
898 747
898 807
898 843
898 856
898 899
898 995
899 111
899 262
899 310
899 414
899 459
899 460
899 465
899 494
899 584
899 589
899 61
899 636
899 643
899 677
899 691
899 703
899 709
899 763
899 898
899 92
899 920
899 961
899 967
9 124
9 598
9 702
9 974
90 318
90 789
90 954
90 998
900 338
900 372
900 410
900 528
900 567
900 579
900 585
900 67
900 707
900 717
900 73
900 77
900 786
900 794
900 879
900 884
900 888
900 915
900 944
900 958
900 983
900 992
900 995
901 10
901 173
901 285
901 371
901 433
901 491
901 509
901 553
901 671
901 724
901 834
901 853
901 869
901 908
901 945
901 95
901 953
901 968
901 972
901 976
901 985
901 990
901 998
902 141
902 204
902 252
902 306
902 411
902 450
902 467
902 490
902 563
902 611
902 681
902 685
902 710
902 733
902 741
902 748
902 761
902 763
902 768
902 783
902 796
902 914
902 992
903 176
903 256
903 316
903 40
903 417
903 42
903 420
903 590
903 600
903 651
903 694
903 720
903 760
903 860
903 926
903 934
903 942
903 953
903 963
903 979
903 986
903 992
903 998
904 160
904 181
904 226
904 512
904 620
904 663
904 695
904 709
904 753
904 797
904 80
904 822
904 825
904 858
904 863
904 913
904 943
904 946
904 951
904 957
904 958
904 986
904 998
905 107
905 112
905 227
905 237
905 289
905 303
905 313
905 360
905 429
905 449
905 519
905 572
905 63
905 644
905 680
905 699
905 720
905 780
905 788
905 85
905 887
905 960
905 992
906 348
906 421
906 430
906 442
906 444
906 503
906 566
906 616
906 640
906 666
906 744
906 78
906 810
906 816
906 858
906 872
906 884
906 889
906 895
906 922
906 960
906 966
906 986
906 996
907 135
907 170
907 247
907 391
907 424
907 431
907 471
907 483
907 554
907 557
907 586
907 681
907 708
907 751
907 784
907 801
907 835
907 84
907 849
907 890
907 918
907 958
907 966
907 977
908 1
908 278
908 4
908 424
908 533
908 603
908 633
908 801
908 808
908 821
908 84
908 844
908 901
908 921
908 928
908 937
908 939
908 963
908 968
908 971
908 976
908 988
908 990
908 993
909 1000
909 143
909 222
909 465
909 472
909 527
909 552
909 619
909 682
909 703
909 740
909 794
909 808
909 850
909 857
909 872
909 874
909 910
909 915
909 927
909 934
909 980
909 985
909 998
91 388
91 759
91 936
91 972
910 110
910 12
910 209
910 244
910 255
910 350
910 41
910 482
910 625
910 676
910 703
910 704
910 739
910 777
910 85
910 861
910 874
910 876
910 909
910 955
910 973
910 974
910 985
910 994
911 148
911 25
911 303
911 437
911 499
911 517
911 547
911 69
911 704
911 721
911 779
911 826
911 859
911 868
911 871
911 880
911 914
911 924
911 939
911 945
911 959
911 983
911 984
911 997
911 998
912 168
912 264
912 314
912 399
912 425
912 468
912 518
912 589
912 59
912 737
912 745
912 764
912 782
912 791
912 840
912 866
912 896
912 915
912 922
912 932
912 966
912 975
912 978
912 993
912 997
913 240
913 293
913 297
913 409
913 412
913 426
913 434
913 589
913 625
913 628
913 653
913 673
913 697
913 711
913 801
913 839
913 863
913 904
913 928
913 937
913 957
913 966
913 967
913 980
913 992
914 15
914 230
914 350
914 419
914 477
914 657
914 659
914 690
914 710
914 756
914 759
914 779
914 783
914 812
914 849
914 871
914 875
914 880
914 883
914 884
914 893
914 902
914 911
914 923
914 933
915 191
915 197
915 249
915 311
915 628
915 707
915 709
915 786
915 798
915 801
915 805
915 831
915 857
915 893
915 900
915 909
915 912
915 926
915 929
915 944
915 951
915 952
915 955
915 963
915 979
916 109
916 138
916 150
916 164
916 238
916 326
916 336
916 454
916 635
916 667
916 742
916 750
916 799
916 839
916 854
916 856
916 860
916 882
916 891
916 941
916 945
916 955
916 981
916 986
916 992
917 256
917 568
917 865
917 937
917 940
917 956
917 96
917 988
918 100
918 137
918 218
918 414
918 497
918 547
918 578
918 586
918 672
918 780
918 785
918 807
918 829
918 851
918 864
918 879
918 897
918 907
918 938
918 941
918 962
918 971
918 973
918 988
918 995
919 191
919 212
919 347
919 374
919 499
919 550
919 580
919 601
919 65
919 661
919 669
919 725
919 734
919 771
919 805
919 806
919 810
919 831
919 854
919 857
919 889
919 892
919 938
919 942
919 959
919 980
92 89
92 899
92 930
92 931
920 281
920 378
920 407
920 413
920 452
920 568
920 61
920 728
920 789
920 844
920 860
920 894
920 899
920 924
920 928
920 936
920 960
920 961
920 967
920 969
920 971
920 976
920 982
920 983
920 984
920 986
921 14
921 458
921 539
921 581
921 621
921 648
921 667
921 758
921 766
921 828
921 853
921 908
921 922
921 925
921 928
921 932
921 933
921 937
921 939
921 942
921 968
921 970
921 974
921 990
921 991
921 999
922 299
922 406
922 415
922 455
922 495
922 505
922 561
922 564
922 616
922 675
922 785
922 793
922 809
922 820
922 830
922 852
922 854
922 855
922 897
922 906
922 912
922 921
922 942
922 945
922 963
922 996
923 315
923 324
923 392
923 477
923 51
923 517
923 53
923 571
923 605
923 662
923 749
923 75
923 769
923 829
923 849
923 914
923 926
923 929
923 932
923 938
923 946
923 948
923 951
923 960
923 962
923 971
923 988
924 105
924 154
924 182
924 227
924 25
924 288
924 312
924 351
924 357
924 369
924 451
924 492
924 52
924 559
924 585
924 618
924 629
924 699
924 834
924 839
924 844
924 859
924 911
924 920
924 959
924 960
924 998
925 146
925 177
925 243
925 343
925 397
925 410
925 426
925 445
925 461
925 529
925 648
925 729
925 741
925 766
925 769
925 790
925 80
925 816
925 83
925 834
925 850
925 921
925 963
925 974
925 980
925 984
925 989
926 16
926 20
926 248
926 316
926 449
926 490
926 573
926 665
926 680
926 726
926 736
926 751
926 810
926 816
926 862
926 883
926 895
926 903
926 915
926 923
926 948
926 953
926 961
926 963
926 973
926 975
926 979
927 160
927 301
927 314
927 400
927 485
927 514
927 575
927 692
927 697
927 758
927 764
927 767
927 854
927 857
927 863
927 868
927 909
927 939
927 953
927 957
927 959
927 963
927 964
927 966
927 968
927 987
927 99
928 1000
928 128
928 23
928 309
928 352
928 390
928 553
928 588
928 682
928 686
928 785
928 796
928 825
928 854
928 862
928 869
928 908
928 913
928 920
928 921
928 938
928 939
928 948
928 962
928 968
928 996
928 997
929 142
929 322
929 331
929 448
929 502
929 601
929 669
929 688
929 76
929 770
929 786
929 823
929 826
929 827
929 829
929 831
929 848
929 870
929 892
929 915
929 923
929 960
929 961
929 967
929 975
929 978
929 979
93 569
93 775
93 845
93 999
930 102
930 105
930 117
930 152
930 199
930 254
930 298
930 406
930 43
930 462
930 469
930 473
930 509
930 567
930 611
930 652
930 709
930 731
930 804
930 824
930 832
930 841
930 856
930 92
930 955
930 962
930 973
931 140
931 145
931 182
931 215
931 283
931 394
931 432
931 506
931 534
931 579
931 597
931 611
931 630
931 672
931 744
931 789
931 810
931 825
931 859
931 872
931 879
931 89
931 92
931 937
931 953
931 962
931 967
932 194
932 200
932 380
932 413
932 415
932 59
932 6
932 60
932 620
932 639
932 660
932 748
932 751
932 797
932 812
932 845
932 881
932 883
932 912
932 921
932 923
932 933
932 943
932 951
932 953
932 959
932 978
932 988
933 1000
933 146
933 208
933 581
933 660
933 686
933 709
933 713
933 724
933 771
933 772
933 776
933 790
933 795
933 808
933 814
933 832
933 845
933 893
933 914
933 921
933 932
933 934
933 936
933 965
933 967
933 988
933 998
934 138
934 413
934 433
934 437
934 543
934 64
934 691
934 692
934 734
934 756
934 767
934 778
934 792
934 794
934 798
934 832
934 842
934 850
934 854
934 868
934 869
934 903
934 909
934 933
934 964
934 967
934 987
934 998
935 114
935 223
935 266
935 277
935 283
935 328
935 38
935 44
935 455
935 462
935 486
935 489
935 561
935 583
935 596
935 632
935 644
935 649
935 675
935 73
935 803
935 815
935 818
935 867
935 893
935 945
935 960
935 982
936 116
936 388
936 393
936 408
936 411
936 422
936 428
936 432
936 569
936 625
936 639
936 717
936 813
936 819
936 835
936 841
936 881
936 893
936 91
936 920
936 933
936 943
936 952
936 953
936 971
936 972
936 976
936 997
937 121
937 186
937 235
937 444
937 493
937 504
937 669
937 681
937 796
937 798
937 865
937 879
937 908
937 913
937 917
937 921
937 931
937 939
937 940
937 954
937 956
937 957
937 962
937 967
937 983
937 988
937 990
937 992
937 995
938 273
938 504
938 515
938 536
938 621
938 694
938 702
938 705
938 742
938 750
938 781
938 805
938 806
938 831
938 854
938 879
938 882
938 891
938 918
938 919
938 923
938 928
938 946
938 949
938 951
938 959
938 973
938 981
938 992
939 131
939 186
939 252
939 380
939 406
939 450
939 533
939 546
939 712
939 719
939 735
939 763
939 881
939 908
939 911
939 921
939 927
939 928
939 937
939 94
939 948
939 956
939 963
939 968
939 971
939 976
939 989
939 990
939 993
94 939
94 947
94 965
94 970
94 974
94 987
940 11
940 325
940 35
940 445
940 712
940 713
940 720
940 758
940 809
940 813
940 825
940 844
940 865
940 917
940 937
940 955
940 956
940 96
940 975
940 982
940 988
941 247
941 266
941 274
941 478
941 486
941 499
941 519
941 600
941 635
941 655
941 742
941 789
941 800
941 840
941 873
941 882
941 891
941 896
941 916
941 918
941 960
941 972
941 975
941 976
941 981
941 982
941 986
941 991
941 992
942 167
942 177
942 19
942 321
942 408
942 581
942 601
942 607
942 645
942 653
942 669
942 692
942 753
942 755
942 767
942 837
942 844
942 847
942 850
942 872
942 888
942 892
942 903
942 919
942 921
942 922
942 964
942 987
943 105
943 124
943 135
943 17
943 180
943 198
943 200
943 226
943 332
943 402
943 438
943 558
943 567
943 593
943 6
943 617
943 650
943 652
943 66
943 691
943 721
943 797
943 80
943 819
943 84
943 888
943 904
943 932
943 936
943 951
944 142
944 15
944 201
944 275
944 375
944 379
944 578
944 678
944 699
944 723
944 741
944 756
944 775
944 780
944 804
944 830
944 840
944 864
944 880
944 900
944 915
944 955
944 965
944 966
944 972
944 977
944 978
944 989
944 995
944 999
945 3
945 327
945 344
945 540
945 552
945 588
945 692
945 727
945 762
945 787
945 818
945 835
945 849
945 853
945 894
945 901
945 911
945 916
945 922
945 935
945 950
945 953
945 969
945 971
945 973
945 980
945 983
945 986
945 991
945 993
946 196
946 21
946 26
946 328
946 371
946 396
946 43
946 459
946 480
946 521
946 598
946 611
946 620
946 670
946 7
946 705
946 727
946 76
946 763
946 781
946 812
946 816
946 822
946 833
946 904
946 923
946 938
946 958
946 984
946 991
947 134
947 162
947 164
947 165
947 170
947 219
947 264
947 270
947 290
947 345
947 390
947 460
947 464
947 488
947 511
947 542
947 558
947 610
947 656
947 714
947 730
947 758
947 762
947 802
947 813
947 815
947 838
947 868
947 94
947 993
948 272
948 395
948 396
948 500
948 514
948 521
948 533
948 573
948 631
948 665
948 675
948 726
948 727
948 743
948 799
948 806
948 818
948 839
948 841
948 860
948 867
948 873
948 884
948 923
948 926
948 928
948 939
948 968
948 979
948 984
949 337
949 474
949 524
949 634
949 677
949 680
949 698
949 71
949 717
949 833
949 842
949 872
949 885
949 938
949 960
949 970
949 977
949 984
949 997
95 394
95 812
95 901
95 980
950 123
950 169
950 207
950 229
950 330
950 353
950 372
950 442
950 449
950 464
950 49
950 528
950 535
950 576
950 644
950 654
950 746
950 762
950 798
950 825
950 888
950 894
950 945
950 952
950 956
950 959
950 961
950 969
950 980
950 986
950 990
951 123
951 160
951 195
951 21
951 276
951 281
951 288
951 317
951 330
951 392
951 407
951 496
951 521
951 565
951 571
951 651
951 665
951 797
951 812
951 822
951 888
951 904
951 915
951 923
951 932
951 938
951 943
951 972
951 975
951 979
951 980
952 333
952 400
952 422
952 447
952 453
952 530
952 568
952 58
952 614
952 651
952 66
952 680
952 721
952 760
952 800
952 836
952 849
952 857
952 870
952 888
952 893
952 915
952 936
952 950
952 955
952 958
952 960
952 962
952 969
952 972
952 999
953 210
953 443
953 505
953 506
953 550
953 564
953 600
953 672
953 722
953 750
953 758
953 759
953 765
953 792
953 796
953 805
953 829
953 846
953 873
953 879
953 893
953 895
953 901
953 903
953 926
953 927
953 931
953 932
953 936
953 945
953 989
953 998
954 107
954 108
954 178
954 185
954 206
954 209
954 33
954 333
954 341
954 372
954 386
954 49
954 575
954 606
954 626
954 645
954 680
954 683
954 706
954 709
954 718
954 757
954 772
954 813
954 858
954 875
954 90
954 937
954 972
954 977
954 978
954 995
955 148
955 243
955 269
955 274
955 292
955 342
955 366
955 471
955 652
955 658
955 699
955 725
955 731
955 738
955 773
955 775
955 777
955 824
955 842
955 861
955 865
955 910
955 915
955 916
955 930
955 940
955 944
955 952
955 962
955 976
955 985
955 994
956 12
956 171
956 230
956 239
956 280
956 337
956 352
956 406
956 445
956 498
956 522
956 545
956 570
956 618
956 712
956 713
956 720
956 758
956 782
956 809
956 813
956 825
956 844
956 865
956 917
956 937
956 939
956 940
956 950
956 96
956 988
956 991
957 154
957 217
957 224
957 240
957 357
957 403
957 409
957 412
957 434
957 465
957 502
957 535
957 539
957 558
957 677
957 711
957 746
957 749
957 839
957 844
957 863
957 865
957 881
957 892
957 904
957 913
957 927
957 937
957 966
957 967
957 989
957 992
958 1000
958 287
958 329
958 349
958 369
958 391
958 392
958 441
958 496
958 554
958 657
958 682
958 708
958 749
958 778
958 826
958 865
958 872
958 874
958 885
958 896
958 900
958 904
958 907
958 946
958 952
958 971
958 980
958 982
958 986
958 995
958 997
959 124
959 182
959 206
959 289
959 311
959 403
959 404
959 477
959 551
959 608
959 633
959 664
959 704
959 805
959 831
959 844
959 859
959 892
959 911
959 919
959 924
959 927
959 932
959 938
959 950
959 969
959 973
959 977
959 980
959 982
959 989
959 993
959 997
96 764
96 917
96 940
96 956
960 1
960 126
960 249
960 25
960 266
960 339
960 360
960 503
960 666
960 723
960 788
960 829
960 839
960 865
960 866
960 881
960 887
960 905
960 906
960 920
960 923
960 924
960 929
960 935
960 941
960 949
960 952
960 962
960 966
960 983
960 991
960 992
960 995
960 996
961 114
961 133
961 246
961 313
961 362
961 391
961 432
961 494
961 590
961 617
961 630
961 631
961 638
961 643
961 654
961 736
961 737
961 774
961 860
961 862
961 871
961 896
961 899
961 920
961 926
961 929
961 950
961 966
961 967
961 969
961 973
961 979
961 982
961 993
962 118
962 172
962 175
962 223
962 253
962 320
962 583
962 632
962 651
962 694
962 731
962 735
962 738
962 769
962 773
962 782
962 824
962 829
962 834
962 846
962 886
962 918
962 923
962 928
962 930
962 931
962 937
962 952
962 955
962 960
962 963
962 973
962 984
962 990
962 991
963 146
963 156
963 230
963 234
963 236
963 304
963 316
963 465
963 514
963 651
963 717
963 733
963 750
963 752
963 765
963 773
963 796
963 800
963 873
963 903
963 908
963 915
963 922
963 925
963 926
963 927
963 939
963 962
963 968
963 972
963 974
963 979
963 984
963 989
963 990
964 107
964 170
964 294
964 297
964 468
964 475
964 521
964 531
964 645
964 673
964 689
964 692
964 753
964 767
964 793
964 927
964 934
964 942
964 974
964 987
964 992
965 111
965 113
965 134
965 171
965 232
965 26
965 265
965 298
965 356
965 363
965 365
965 383
965 398
965 414
965 418
965 430
965 437
965 483
965 515
965 524
965 562
965 572
965 656
965 67
965 678
965 68
965 687
965 691
965 713
965 718
965 801
965 874
965 883
965 933
965 94
965 944
966 272
966 279
966 358
966 415
966 446
966 457
966 495
966 503
966 512
966 560
966 577
966 582
966 616
966 623
966 711
966 737
966 751
966 775
966 791
966 835
966 843
966 863
966 906
966 907
966 912
966 913
966 927
966 944
966 957
966 960
966 961
966 973
966 975
966 989
966 996
966 997
967 121
967 14
967 250
967 397
967 47
967 506
967 543
967 569
967 59
967 645
967 674
967 697
967 747
967 751
967 770
967 793
967 809
967 825
967 861
967 863
967 869
967 894
967 899
967 913
967 920
967 929
967 931
967 933
967 934
967 937
967 957
967 961
967 978
967 992
967 995
967 999
968 131
968 16
968 174
968 186
968 188
968 245
968 270
968 301
968 478
968 494
968 514
968 532
968 570
968 609
968 693
968 7
968 719
968 769
968 820
968 821
968 844
968 890
968 901
968 908
968 921
968 927
968 928
968 939
968 948
968 963
968 971
968 988
968 989
968 99
968 990
968 993
969 123
969 133
969 145
969 169
969 229
969 312
969 353
969 365
969 366
969 375
969 410
969 428
969 508
969 635
969 654
969 673
969 713
969 719
969 732
969 746
969 749
969 772
969 788
969 798
969 843
969 849
969 88
969 894
969 920
969 945
969 950
969 952
969 959
969 961
969 980
969 993
969 995
97 593
97 784
97 987
97 994
97 995
970 1
970 113
970 134
970 162
970 283
970 313
970 341
970 367
970 38
970 394
970 398
970 459
970 474
970 504
970 519
970 564
970 569
970 625
970 634
970 642
970 664
970 681
970 708
970 71
970 735
970 736
970 8
970 833
970 842
970 885
970 89
970 921
970 94
970 949
970 977
970 984
970 997
971 209
971 364
971 392
971 441
971 481
971 512
971 529
971 547
971 559
971 605
971 639
971 662
971 713
971 725
971 759
971 771
971 791
971 819
971 829
971 862
971 865
971 893
971 908
971 918
971 920
971 923
971 936
971 939
971 945
971 958
971 968
971 972
971 976
971 990
971 993
971 995
971 997
972 248
972 317
972 441
972 447
972 491
972 532
972 561
972 583
972 626
972 686
972 701
972 706
972 752
972 754
972 769
972 771
972 801
972 803
972 818
972 867
972 875
972 878
972 893
972 901
972 91
972 936
972 941
972 944
972 951
972 952
972 954
972 963
972 971
972 977
972 986
972 993
973 152
973 269
973 326
973 364
973 387
973 404
973 480
973 505
973 547
973 552
973 599
973 625
973 652
973 670
973 722
973 731
973 736
973 744
973 799
973 815
973 832
973 865
973 883
973 884
973 888
973 910
973 918
973 926
973 930
973 938
973 945
973 959
973 961
973 962
973 966
973 978
973 979
973 984
974 193
974 211
974 219
974 295
974 356
974 390
974 439
974 455
974 461
974 462
974 521
974 522
974 537
974 54
974 604
974 648
974 659
974 729
974 741
974 766
974 769
974 781
974 816
974 842
974 859
974 881
974 883
974 9
974 910
974 921
974 925
974 94
974 963
974 964
974 980
974 984
974 989
974 999
975 197
975 20
975 208
975 245
975 287
975 322
975 331
975 358
975 415
975 448
975 463
975 495
975 498
975 512
975 568
975 577
975 594
975 609
975 736
975 746
975 825
975 830
975 835
975 862
975 883
975 896
975 912
975 926
975 929
975 940
975 941
975 951
975 966
975 978
975 979
975 982
975 997
975 999
976 165
976 206
976 346
976 388
976 435
976 46
976 463
976 515
976 521
976 555
976 681
976 739
976 752
976 757
976 759
976 760
976 767
976 773
976 775
976 800
976 821
976 828
976 830
976 840
976 853
976 893
976 901
976 908
976 920
976 936
976 939
976 941
976 955
976 971
976 988
976 989
976 990
976 997
976 999
977 148
977 184
977 236
977 246
977 308
977 356
977 378
977 474
977 48
977 560
977 601
977 620
977 626
977 634
977 65
977 667
977 706
977 715
977 750
977 762
977 812
977 821
977 822
977 83
977 831
977 832
977 833
977 841
977 875
977 907
977 944
977 949
977 954
977 959
977 970
977 972
977 980
977 984
978 10
978 14
978 142
978 177
978 199
978 23
978 243
978 291
978 292
978 297
978 340
978 347
978 372
978 507
978 621
978 64
978 642
978 650
978 659
978 661
978 671
978 690
978 744
978 748
978 770
978 781
978 830
978 84
978 840
978 912
978 929
978 932
978 944
978 954
978 967
978 973
978 975
978 988
978 999
979 20
979 234
979 248
979 260
979 316
979 343
979 383
979 394
979 408
979 438
979 439
979 516
979 542
979 550
979 573
979 584
979 608
979 622
979 638
979 665
979 683
979 712
979 736
979 751
979 816
979 819
979 843
979 859
979 862
979 895
979 903
979 915
979 926
979 929
979 948
979 951
979 961
979 963
979 973
979 975
98 167
98 554
98 807
98 852
980 202
980 343
980 374
980 395
980 412
980 42
980 493
980 500
980 508
980 601
980 632
980 648
980 663
980 669
980 679
980 693
980 697
980 702
980 729
980 735
980 766
980 805
980 841
980 863
980 865
980 884
980 909
980 913
980 919
980 925
980 945
980 95
980 950
980 951
980 958
980 959
980 969
980 974
980 977
980 987
981 102
981 128
981 189
981 2
981 206
981 232
981 261
981 267
981 282
981 299
981 302
981 338
981 386
981 445
981 457
981 492
981 494
981 528
981 536
981 570
981 584
981 610
981 62
981 629
981 646
981 673
981 742
981 76
981 778
981 781
981 79
981 796
981 798
981 814
981 839
981 864
981 882
981 891
981 916
981 938
981 941
982 110
982 129
982 202
982 211
982 227
982 264
982 270
982 337
982 347
982 354
982 430
982 44
982 470
982 478
982 501
982 524
982 618
982 635
982 638
982 694
982 699
982 704
982 72
982 737
982 778
982 81
982 856
982 872
982 895
982 896
982 920
982 935
982 940
982 941
982 958
982 959
982 961
982 975
982 984
982 991
982 995
983 231
983 249
983 266
983 317
983 373
983 520
983 534
983 542
983 579
983 587
983 596
983 603
983 613
983 632
983 637
983 641
983 681
983 714
983 717
983 718
983 758
983 765
983 791
983 798
983 806
983 836
983 849
983 866
983 873
983 878
983 879
983 884
983 888
983 900
983 911
983 920
983 937
983 945
983 960
983 989
983 997
984 260
984 289
984 300
984 313
984 328
984 404
984 45
984 454
984 480
984 529
984 634
984 706
984 708
984 718
984 721
984 725
984 728
984 734
984 745
984 749
984 756
984 790
984 818
984 832
984 833
984 867
984 896
984 911
984 920
984 925
984 946
984 948
984 949
984 962
984 963
984 970
984 973
984 974
984 977
984 982
984 991
984 997
985 11
985 115
985 158
985 201
985 244
985 250
985 32
985 359
985 408
985 41
985 482
985 490
985 502
985 507
985 535
985 585
985 593
985 598
985 604
985 676
985 694
985 703
985 704
985 730
985 74
985 777
985 79
985 809
985 815
985 843
985 856
985 861
985 87
985 874
985 876
985 889
985 901
985 909
985 910
985 955
985 994
985 995
985 997
986 226
986 307
986 326
986 348
986 373
986 389
986 420
986 421
986 447
986 491
986 502
986 602
986 609
986 640
986 654
986 666
986 667
986 693
986 704
986 717
986 732
986 754
986 819
986 820
986 852
986 855
986 860
986 881
986 897
986 903
986 904
986 906
986 916
986 920
986 941
986 945
986 950
986 958
986 972
986 991
986 993
986 995
986 996
987 106
987 12
987 122
987 154
987 201
987 224
987 227
987 272
987 286
987 289
987 301
987 310
987 352
987 368
987 43
987 431
987 44
987 444
987 464
987 475
987 483
987 531
987 593
987 606
987 637
987 64
987 647
987 661
987 689
987 692
987 694
987 698
987 767
987 77
987 793
987 863
987 927
987 934
987 94
987 942
987 964
987 97
987 980
987 993
988 128
988 158
988 190
988 210
988 213
988 234
988 385
988 422
988 525
988 542
988 617
988 63
988 660
988 683
988 724
988 75
988 776
988 797
988 829
988 830
988 839
988 845
988 858
988 881
988 890
988 908
988 917
988 918
988 923
988 932
988 933
988 937
988 940
988 956
988 968
988 976
988 978
988 989
988 990
988 995
988 998
988 999
989 103
989 119
989 147
989 150
989 175
989 288
989 334
989 446
989 458
989 471
989 510
989 530
989 533
989 579
989 627
989 667
989 765
989 766
989 790
989 800
989 811
989 836
989 842
989 843
989 856
989 860
989 87
989 873
989 877
989 894
989 925
989 939
989 944
989 953
989 957
989 959
989 963
989 966
989 968
989 974
989 976
989 983
989 988
989 990
989 997
99 470
99 927
99 968
99 990
990 107
990 112
990 113
990 131
990 153
990 186
990 240
990 260
990 280
990 286
990 313
990 346
990 356
990 431
990 514
990 516
990 533
990 544
990 550
990 597
990 67
990 712
990 729
990 763
990 785
990 789
990 801
990 844
990 88
990 881
990 890
990 901
990 908
990 921
990 937
990 939
990 950
990 962
990 963
990 968
990 971
990 976
990 988
990 989
990 99
990 993
991 159
991 185
991 296
991 3
991 332
991 416
991 456
991 516
991 552
991 556
991 557
991 591
991 618
991 619
991 635
991 649
991 675
991 697
991 699
991 725
991 737
991 752
991 755
991 762
991 781
991 799
991 818
991 828
991 835
991 86
991 867
991 879
991 885
991 896
991 921
991 941
991 945
991 946
991 956
991 960
991 962
991 982
991 984
991 986
991 995
991 998
992 190
992 205
992 237
992 257
992 285
992 360
992 412
992 434
992 446
992 49
992 541
992 555
992 582
992 612
992 622
992 623
992 624
992 658
992 673
992 707
992 711
992 722
992 751
992 774
992 788
992 820
992 852
992 855
992 863
992 887
992 897
992 900
992 902
992 903
992 905
992 913
992 916
992 937
992 938
992 941
992 957
992 960
992 964
992 967
992 994
992 995
993 103
993 204
993 408
993 410
993 451
993 465
993 473
993 483
993 511
993 544
993 590
993 604
993 608
993 654
993 717
993 740
993 754
993 755
993 772
993 784
993 785
993 802
993 813
993 82
993 821
993 838
993 839
993 843
993 877
993 894
993 908
993 912
993 939
993 945
993 947
993 959
993 961
993 968
993 969
993 971
993 972
993 986
993 987
993 990
994 115
994 139
994 158
994 221
994 244
994 251
994 255
994 310
994 315
994 32
994 379
994 41
994 436
994 450
994 454
994 482
994 484
994 497
994 498
994 568
994 593
994 594
994 609
994 631
994 676
994 694
994 703
994 739
994 74
994 749
994 777
994 785
994 809
994 815
994 834
994 843
994 844
994 858
994 861
994 874
994 876
994 889
994 910
994 955
994 97
994 985
994 992
995 12
995 130
995 179
995 263
995 296
995 361
995 387
995 39
995 405
995 436
995 458
995 51
995 571
995 602
995 649
995 676
995 698
995 716
995 786
995 807
995 846
995 85
995 852
995 855
995 881
995 888
995 896
995 897
995 898
995 900
995 918
995 937
995 944
995 954
995 958
995 960
995 967
995 969
995 97
995 971
995 982
995 985
995 986
995 988
995 991
995 992
995 998
996 226
996 231
996 250
996 268
996 277
996 325
996 341
996 348
996 363
996 379
996 394
996 398
996 421
996 458
996 503
996 522
996 531
996 548
996 566
996 568
996 606
996 610
996 616
996 618
996 625
996 629
996 640
996 645
996 666
996 712
996 714
996 717
996 770
996 78
996 810
996 816
996 858
996 870
996 872
996 873
996 889
996 895
996 906
996 922
996 928
996 960
996 966
996 986
997 1000
997 204
997 22
997 272
997 369
997 384
997 401
997 466
997 474
997 512
997 517
997 520
997 574
997 623
997 634
997 682
997 686
997 691
997 71
997 744
997 746
997 764
997 774
997 775
997 778
997 795
997 803
997 826
997 833
997 858
997 860
997 879
997 911
997 912
997 928
997 936
997 949
997 958
997 959
997 966
997 970
997 971
997 975
997 976
997 983
997 984
997 985
997 989
998 144
998 171
998 183
998 210
998 26
998 268
998 320
998 33
998 40
998 402
998 417
998 433
998 473
998 489
998 515
998 526
998 528
998 56
998 582
998 644
998 698
998 699
998 713
998 724
998 726
998 755
998 762
998 771
998 781
998 782
998 825
998 828
998 845
998 846
998 859
998 889
998 90
998 901
998 903
998 904
998 909
998 911
998 924
998 933
998 934
998 953
998 988
998 991
998 995
999 14
999 196
999 221
999 239
999 254
999 27
999 270
999 291
999 30
999 302
999 340
999 368
999 37
999 397
999 398
999 416
999 459
999 462
999 463
999 464
999 484
999 507
999 545
999 576
999 596
999 617
999 621
999 650
999 659
999 679
999 683
999 744
999 747
999 748
999 770
999 776
999 819
999 830
999 840
999 853
999 921
999 93
999 944
999 952
999 967
999 974
999 975
999 976
999 978
999 988
