# The communities at k=3
# from G:\Dropbox\Raghda\CNA\Final Project\other methods\CFinder-2.0.6--1448\G:\Dropbox\Raghda\CNA\Final Project\Datasets\binary_networks\LFR3\network_LFR3_Om4.dat
# at no lower link weight threshold,
# and at no upper link weight threshold.
# Links were treated as undirected.
# No time limit was set for the clique search.

0: 1 743 905 968 979 800 279 393 416 591 1000 110 117 122 201 312 324 343 421 490 498 5 50 500 51 524 565 679 7 700 705 725 727 751 755 768 784 792 813 832 851 859 865 884 901 909 913 928 936 949 960 969 980 984 987 990 995 101 669 102 923 944 957 997 903 104 809 994 999 661 795 925 107 615 694 908 989 224 578 619 714 109 876 937 947 988 295 948 958 996 870 112 789 920 932 849 114 527 569 966 993 116 881 930 118 222 399 916 962 120 773 781 983 62 737 793 123 510 528 124 125 911 919 127 730 912 389 831 505 130 347 917 921 131 375 392 998 132 710 867 967 977 970 976 991 992 134 672 879 926 136 807 904 563 627 863 138 415 838 954 139 446 707 14 531 696 774 140 141 547 739 806 142 617 910 143 595 951 956 959 145 847 940 972 147 646 663 801 148 75 842 963 15 786 788 839 892 150 982 152 719 848 153 337 397 543 166 985 159 973 986 16 250 749 620 161 190 946 681 602 164 330 814 934 860 167 882 168 370 593 857 961 169 898 170 582 758 924 953 172 441 173 734 931 174 636 684 708 175 27 371 176 895 177 564 656 551 820 828 891 179 270 18 927 939 955 180 182 964 974 435 184 978 185 922 186 775 187 424 234 513 715 899 189 742 19 357 494 735 380 74 193 546 702 713 194 658 195 535 744 479 529 823 199 471 572 918 2 20 25 333 685 718 202 492 597 818 929 206 889 208 723 872 259 21 360 854 210 223 211 212 877 952 213 336 732 215 216 890 218 520 950 553 22 220 221 542 864 875 938 225 856 226 227 228 731 816 869 229 729 230 54 639 231 233 850 87 509 235 66 308 771 853 497 238 621 239 776 240 496 241 530 902 652 243 914 245 35 413 247 906 249 644 798 503 692 741 525 253 254 559 733 256 257 398 782 443 260 355 576 261 560 712 262 728 810 827 885 264 265 880 266 267 981 272 651 273 274 933 275 300 819 28 635 280 381 281 409 779 507 283 682 871 284 47 285 753 821 286 613 766 287 363 288 815 313 526 634 291 502 599 843 294 812 297 315 611 642 298 433 475 3 30 457 686 822 301 302 855 893 304 687 305 689 306 460 307 309 574 900 31 356 369 484 310 724 311 690 780 314 896 499 701 887 317 41 318 319 456 320 322 834 841 554 325 757 327 577 328 571 332 423 583 391 638 372 338 657 339 698 536 340 760 344 637 738 350 351 680 878 352 763 353 804 354 598 76 654 361 44 826 364 366 382 9 762 383 495 387 388 625 641 97 39 390 538 411 628 518 396 790 4 697 533 402 403 405 545 408 410 428 549 94 452 483 417 562 748 419 473 825 420 438 630 422 68 588 430 431 589 740 432 695 472 436 688 440 442 451 523 445 447 448 80 833 449 450 616 453 459 461 463 465 466 468 506 858 469 581 476 48 59 485 803 894 487 98 604 491 493 579 794 605 704 501 671 53 754 606 767 633 511 655 514 515 517 539 519 521 699 622 693 660 537 677 568 544 750 632 666 555 84 557 570 745 586 587 759 590 601 72 777 674 683 608 609 726 623 618 624 63 631 659 88 86 640 82 643 811 648 722 675 69 71 78 8 83 95 
1: 10 800 897 835 954 156 171 883 612 504 24 334 258 303 676 691 561 706 67 45 358 36 790 481 90 
2: 103 566 678 840 903 144 772 151 395 626 844 709 203 580 662 209 23 652 437 91 406 754 508 
3: 725 106 802 817 886 965 532 126 650 829 836 454 13 787 791 888 135 348 56 155 653 756 158 614 734 207 567 477 276 783 852 573 316 40 887 760 379 825 846 581 548 754 558 519 541 764 544 645 96 
4: 11 958 996 
5: 768 111 785 805 862 907 129 607 670 830 146 489 845 149 681 165 268 296 458 384 394 46 81 534 
6: 784 909 971 115 550 717 945 12 808 942 532 904 154 592 603 986 181 512 866 183 244 255 92 32 326 765 796 33 341 346 367 716 376 378 439 548 519 721 
7: 119 29 455 
8: 989 142 163 
9: 156 342 552 
10: 251 455 585 79 734 872 214 769 915 778 246 345 478 747 522 868 575 736 331 540 665 486 703 374 594 400 667 412 444 664 596 
11: 977 17 898 
12: 909 935 948 668 793 820 198 941 975 652 673 874 277 647 824 292 837 861 573 335 873 943 359 365 38 584 407 746 426 434 752 600 674 610 726 65 711 89 
13: 799 891 761 248 401 467 488 556 649 263 770 797 269 349 42 429 474 289 825 462 49 629 93 767 
14: 887 796 385 
15: 897 552 820 
16: 984 932 971 
