# The links inside the communities at k=7
# from G:\Dropbox\Raghda\CNA\Final Project\other methods\CFinder-2.0.6--1448\G:\Dropbox\Raghda\CNA\Final Project\Datasets\binary_networks\LFR6\network_LFR6_Om2.dat
# at no lower link weight threshold,
# and at no upper link weight threshold.
# Links were treated as undirected.
# No time limit was set for the clique search.

0:
805 984
805 990
805 987
805 965
805 972
805 896
645 984
645 990
645 987
645 965
645 972
645 989
645 996
645 896
893 984
893 990
893 987
893 965
893 741
893 972
893 989
893 996
893 964
893 896
984 990
984 897
984 838
984 987
984 965
984 741
984 972
984 989
984 996
984 964
984 896
984 549
990 897
990 838
990 987
990 965
990 741
990 972
990 754
990 989
990 996
990 964
990 896
990 816
990 549
897 987
897 965
897 741
897 972
897 989
897 996
897 964
897 896
838 987
838 965
838 972
838 989
838 996
838 896
987 965
987 741
987 972
987 754
987 989
987 996
987 964
987 896
987 816
987 549
965 741
965 972
965 754
965 989
965 996
965 964
965 896
965 816
965 549
741 972
741 989
741 996
741 964
741 896
972 754
972 989
972 996
972 964
972 896
972 816
972 549
754 989
754 896
989 996
989 964
989 896
996 964
996 896
996 816
996 549
964 896
896 816
1:
910 966
910 778
910 952
910 885
910 850
910 652
966 778
966 952
966 885
966 850
966 652
778 952
778 885
778 850
778 652
952 885
952 850
952 652
885 850
885 652
850 652
2:
837 848
837 879
837 891
837 946
837 904
837 871
837 674
848 879
848 891
848 946
848 904
848 871
848 823
848 721
848 674
879 891
879 946
879 904
879 871
879 823
879 721
879 674
891 946
891 904
891 871
891 823
891 721
891 674
946 904
946 871
946 823
946 721
946 674
904 823
904 721
904 674
871 721
871 674
823 721
823 674
721 674
3:
931 929
931 945
931 962
931 889
931 726
931 733
929 945
929 962
929 964
929 889
929 726
929 733
945 962
945 964
945 889
945 726
945 733
962 964
962 889
962 726
962 733
964 889
964 726
964 733
889 726
889 733
726 733
