# The links inside the communities at k=5
# from G:\Dropbox\Raghda\CNA\Final Project\other methods\CFinder-2.0.6--1448\G:\Dropbox\Raghda\CNA\Final Project\Datasets\binary_networks\LFR4\network_LFR4_Om5.dat
# at no lower link weight threshold,
# and at no upper link weight threshold.
# Links were treated as undirected.
# No time limit was set for the clique search.

0:
107 425
107 687
107 7
107 787
425 687
425 7
425 787
687 7
687 787
7 787
1:
892 996
892 131
892 898
892 962
892 981
892 977
892 947
892 850
892 890
892 957
892 865
892 860
892 847
996 898
996 962
996 981
996 977
996 947
996 957
996 847
131 898
131 962
131 981
898 962
898 981
898 977
898 947
898 850
898 890
898 957
898 865
898 860
898 847
962 981
962 977
962 947
962 850
962 890
962 957
962 865
962 860
962 847
981 977
981 947
981 850
981 890
981 957
981 865
981 860
981 847
977 847
947 847
957 847
2:
842 157
842 765
842 947
842 963
842 928
842 948
157 765
157 947
157 963
765 947
765 963
765 928
765 948
947 963
947 948
963 928
963 948
928 948
3:
313 975
313 806
313 926
313 953
975 874
975 163
975 806
975 926
975 953
975 897
975 802
975 946
975 521
874 806
874 926
874 953
874 946
163 806
163 926
163 953
806 926
806 953
806 897
806 946
806 521
926 953
926 897
926 802
926 946
926 521
953 897
953 802
953 946
953 521
897 802
946 521
4:
776 987
776 991
776 986
776 967
776 984
776 921
776 965
776 919
776 548
776 615
835 987
835 991
835 967
835 984
835 921
987 991
987 940
987 986
987 967
987 984
987 225
987 921
987 965
987 346
987 919
987 784
987 548
987 615
991 986
991 967
991 984
991 921
991 919
991 615
940 967
940 984
940 921
940 919
986 967
986 984
986 921
986 965
986 919
986 784
967 984
967 225
967 921
967 965
967 346
967 919
967 548
967 615
984 225
984 921
984 965
984 346
984 919
984 784
984 548
984 615
225 921
921 965
921 346
921 919
921 548
921 615
965 919
965 784
346 919
919 548
919 615
5:
992 723
992 944
992 298
992 375
723 944
723 298
723 375
944 298
944 375
298 375
6:
991 849
991 955
991 788
991 339
849 955
849 788
849 339
955 788
955 339
788 339
7:
971 911
971 903
971 959
971 250
971 837
971 831
911 903
911 959
911 837
903 959
903 250
903 837
903 831
959 250
959 837
959 831
250 837
837 831
8:
999 988
999 277
999 388
999 920
988 277
988 388
988 920
277 388
277 920
388 920
9:
885 857
885 536
885 300
885 340
885 572
857 536
857 300
857 340
857 572
536 340
536 572
300 340
300 572
340 572
10:
721 794
721 744
721 913
721 319
794 744
794 913
794 319
744 913
744 319
913 319
11:
934 938
934 780
934 801
934 347
938 780
938 801
938 347
780 801
780 347
801 347
12:
983 743
983 391
983 922
983 358
743 391
743 922
743 358
391 922
391 358
922 358
13:
737 997
737 468
737 899
737 945
997 468
997 899
997 945
468 899
468 945
899 945
14:
996 952
996 420
996 978
996 791
952 420
952 978
952 791
420 978
420 791
978 791
15:
913 978
913 544
913 550
913 773
978 544
978 550
978 918
978 773
544 550
544 918
544 773
550 918
550 773
918 773
16:
931 964
931 682
931 845
931 946
931 392
931 625
931 394
964 682
964 845
964 392
964 394
682 845
682 946
682 392
682 625
682 394
845 392
845 625
845 394
946 392
946 625
946 394
392 625
625 394
17:
942 551
942 986
942 956
942 404
942 691
942 750
947 551
947 986
947 972
947 691
947 750
551 986
551 972
551 956
551 750
986 972
986 956
986 404
986 691
986 750
972 956
972 404
972 691
972 750
956 691
956 750
404 691
404 750
691 750
18:
983 992
983 889
983 923
983 852
983 416
983 704
983 660
992 889
992 923
992 852
992 416
992 660
889 923
889 852
889 416
889 704
889 660
923 852
923 416
923 704
852 416
852 704
852 660
416 704
704 660
19:
868 881
868 985
868 930
868 504
868 422
868 506
881 985
881 930
881 504
881 422
881 506
985 504
985 422
985 506
930 422
930 506
504 506
422 506
20:
961 731
961 710
961 828
961 957
961 441
961 579
731 710
731 828
731 957
731 441
731 579
710 828
710 957
710 441
710 579
828 957
828 441
828 579
957 441
957 579
441 579
21:
751 995
751 900
751 812
751 948
751 442
751 593
995 900
995 812
995 948
995 442
995 593
900 812
900 948
900 593
812 948
812 442
812 593
948 442
948 593
442 593
22:
992 642
992 759
992 977
992 753
992 871
992 537
642 759
642 977
642 753
642 871
642 537
759 977
759 753
759 871
977 753
977 871
977 537
753 871
871 537
23:
880 990
880 811
880 959
880 535
880 614
990 811
990 959
990 535
990 614
811 959
811 535
811 614
959 535
959 614
535 614
24:
996 970
996 717
996 922
996 559
970 717
970 922
970 559
717 922
717 559
922 559
25:
994 985
994 686
994 745
994 706
994 728
994 599
985 686
985 745
985 706
985 728
985 599
686 745
686 599
745 706
745 599
706 728
706 599
728 599
26:
654 815
654 822
654 966
654 856
654 670
815 822
815 878
815 998
815 764
815 966
815 856
815 670
822 878
822 764
822 966
822 856
822 670
878 998
878 764
878 856
878 670
998 856
998 670
764 670
966 856
856 670
27:
964 957
964 624
964 652
964 702
957 624
957 652
957 702
624 652
624 702
652 702
28:
955 999
955 976
955 920
955 644
979 999
979 988
979 976
979 920
979 644
979 862
999 988
999 906
999 976
999 920
999 644
999 862
988 976
988 920
988 862
906 976
906 920
906 644
976 920
976 644
920 644
920 862
29:
950 982
950 993
950 954
950 804
950 697
982 993
982 954
982 804
982 948
982 697
993 954
993 804
993 948
993 965
993 697
954 804
954 948
954 965
954 697
804 948
804 965
804 697
948 965
948 697
30:
980 749
980 937
980 830
980 932
749 937
749 830
749 932
937 830
937 932
830 932
31:
989 983
989 929
989 936
989 756
989 910
983 929
983 936
983 756
983 910
929 936
929 756
936 756
936 910
756 910
32:
989 988
989 972
989 960
989 854
988 972
988 960
988 854
972 960
972 854
960 854
33:
992 990
992 945
992 930
992 893
990 945
990 930
990 893
945 930
945 893
930 893
