# The contained cliques in the communities at k=4
# from G:\Dropbox\Raghda\CNA\Final Project\other methods\CFinder-2.0.6--1448\G:\Dropbox\Raghda\CNA\Final Project\Datasets\binary_networks\LFR1\networ_LFR1_Om6.dat
# at no lower link weight threshold,
# and at no upper link weight threshold.
# Links were treated as undirected.
# No time limit was set for the clique search.

0: 4 15 107 148 204 252 259 361 386 427 532 544 565 755 756 770 771 774 776 777 778 811 830 831 976 987 54 161 968 
1: 5 340 390 708 724 788 874 928 
2: 6 7 
3: 9 10 12 13 14 295 296 602 603 669 670 735 783 784 809 810 953 963 965 
4: 17 432 
5: 18 182 339 349 350 366 434 435 595 632 791 792 812 869 31 790 247 
6: 19 20 382 506 383 471 507 60 478 487 59 305 80 81 
7: 24 44 169 284 639 656 719 729 769 808 960 964 967 971 
8: 26 27 554 556 757 905 906 224 490 555 682 683 758 818 362 114 130 266 333 363 
9: 34 35 689 560 672 558 
10: 36 175 209 337 353 437 511 582 659 709 722 772 821 829 942 974 978 979 139 961 
11: 37 533 549 566 710 714 737 779 806 836 867 983 62 115 199 292 649 664 718 952 977 103 868 956 
12: 38 39 465 466 317 206 611 
13: 40 73 239 282 347 348 436 456 589 658 707 717 768 773 807 945 966 969 980 
14: 41 65 159 185 194 343 388 453 594 668 854 
15: 42 391 392 517 518 551 580 581 692 703 258 552 704 
16: 43 187 326 338 345 406 521 539 573 662 663 716 728 805 973 
17: 45 69 165 276 583 612 
18: 46 61 100 289 459 461 525 696 697 712 713 723 754 759 760 764 766 767 832 833 834 835 841 842 843 844 862 863 864 865 866 875 876 877 948 955 970 981 986 
19: 50 122 160 173 294 404 446 531 633 765 883 279 
20: 51 215 396 457 491 108 248 
21: 53 109 214 422 590 643 715 730 794 931 106 
22: 55 89 346 407 408 240 
23: 58 254 256 600 688 255 257 563 564 599 431 601 
24: 63 127 149 237 344 414 424 481 586 587 630 644 657 743 
25: 64 470 569 622 641 568 572 923 571 
26: 70 522 579 596 640 203 853 
27: 71 75 287 447 628 674 76 280 319 687 739 320 223 629 675 222 168 318 167 418 448 679 419 421 627 417 420 416 288 181 686 
28: 74 210 402 495 550 814 415 281 
29: 77 78 225 
30: 82 90 196 455 463 529 557 822 859 860 861 943 958 330 331 378 
31: 86 472 619 654 741 742 111 618 693 740 384 750 385 653 323 655 694 322 
32: 91 389 193 260 
33: 92 504 647 505 184 648 183 646 645 
34: 97 
35: 99 251 253 367 423 519 520 849 
36: 102 452 502 503 328 327 
37: 112 113 129 179 542 748 817 180 543 749 857 158 197 562 516 858 514 515 513 
38: 118 119 430 356 357 
39: 121 310 246 249 
40: 128 188 526 638 189 
41: 132 458 528 624 787 394 797 262 293 359 410 360 944 358 234 947 233 477 476 
42: 133 134 545 677 381 479 705 901 138 480 635 636 637 651 652 702 762 902 137 546 547 903 273 274 211 706 
43: 140 141 313 261 617 377 
44: 172 221 405 433 454 548 597 667 761 904 951 
45: 174 321 342 341 
46: 190 286 540 541 578 
47: 191 245 553 609 610 623 691 893 894 297 329 351 352 
48: 192 373 616 374 375 376 425 501 537 538 
49: 195 336 365 469 335 364 
50: 207 216 354 355 372 395 429 588 625 695 929 930 886 
51: 208 387 219 496 220 426 497 409 
52: 235 236 
53: 238 
54: 265 267 275 291 332 460 488 489 584 585 660 801 871 872 873 
55: 268 442 468 441 467 
56: 283 290 720 721 726 727 828 285 725 827 
57: 324 325 398 680 397 400 483 681 399 401 482 699 786 411 
58: 370 371 620 796 574 575 621 665 666 934 576 577 700 800 816 940 815 
59: 379 738 
60: 403 450 535 685 536 534 
61: 508 509 605 634 607 608 604 606 
62: 523 524 819 
63: 591 592 
