# The graph of at k=4
# from G:\Dropbox\Raghda\CNA\Final Project\other methods\CFinder-2.0.6--1448\G:\Dropbox\Raghda\CNA\Final Project\Datasets\binary_networks\LFR1\networ_LFR1_Om6.dat
# at no lower link weight threshold,
# and at no upper link weight threshold.
# Links were treated as undirected.
# No time limit was set for the clique search.

0 1 1
0 5 1
0 7 1
0 11 1
0 13 3
0 18 1
0 30 1
0 41 2
0 50 1
0 58 1
1 4 1
1 8 1
1 10 1
1 13 1
1 18 1
1 24 1
1 25 1
1 30 1
1 33 1
1 41 1
1 50 1
1 54 1
1 63 1
3 5 1
3 7 1
3 18 1
3 36 1
3 41 1
3 45 1
3 50 1
3 56 1
3 59 1
4 8 1
4 22 1
4 25 1
4 30 1
4 33 1
4 36 1
4 53 1
4 54 1
4 56 1
5 7 1
5 11 2
5 13 1
5 14 1
5 16 1
5 19 1
5 25 1
5 30 1
5 41 2
5 42 1
5 45 1
5 46 1
5 57 1
5 61 1
7 10 1
7 12 1
7 13 2
7 18 2
7 30 1
7 41 1
7 42 1
7 44 1
7 45 1
7 57 1
7 58 2
8 10 1
8 11 1
8 25 2
8 33 1
8 37 1
8 54 1
8 55 1
9 21 1
9 23 1
9 30 1
9 54 1
9 63 1
10 11 1
10 12 1
10 15 1
10 18 1
10 24 1
10 25 1
10 26 1
10 27 1
10 30 2
10 31 1
10 33 1
10 35 1
10 37 1
10 47 1
10 55 1
10 57 1
10 58 1
10 59 1
10 63 1
11 13 1
11 21 1
11 23 1
11 25 2
11 26 1
11 36 1
11 37 2
11 41 1
11 42 1
11 44 1
11 46 1
11 48 1
11 54 1
11 55 1
11 57 1
11 62 1
12 57 1
12 58 1
13 18 2
13 30 1
13 41 2
13 42 1
13 44 1
13 50 1
13 58 1
14 16 1
14 19 1
14 30 1
14 61 1
15 33 1
15 35 1
15 47 1
16 19 1
16 30 1
16 61 1
18 24 1
18 27 1
18 30 2
18 42 1
18 44 1
18 58 2
18 63 1
19 30 1
19 61 1
21 23 2
21 30 1
21 36 1
21 54 2
21 62 1
21 63 1
22 30 1
22 36 1
22 53 1
22 56 1
23 30 1
23 36 1
23 54 2
23 62 1
23 63 1
24 30 1
24 63 1
25 33 1
25 37 1
25 42 1
25 46 1
25 54 1
25 55 1
25 57 1
26 27 1
26 30 1
26 31 1
26 37 1
26 44 1
26 48 1
26 59 1
27 28 1
27 30 1
27 31 1
27 34 1
27 44 1
27 47 1
27 58 2
27 59 1
28 34 1
28 44 1
28 47 1
28 58 1
30 31 1
30 36 1
30 53 1
30 54 1
30 56 1
30 58 1
30 59 1
30 61 1
30 63 2
31 59 1
33 35 1
33 47 1
33 54 1
34 44 1
34 47 1
34 58 1
34 63 1
35 47 1
36 50 1
36 53 1
36 54 1
36 56 2
36 59 1
36 62 1
37 44 1
37 48 1
37 55 1
41 45 1
41 50 1
42 44 1
42 46 1
42 57 1
44 47 1
44 48 1
44 58 1
46 57 1
47 58 1
50 56 1
50 59 1
50 62 1
53 56 1
53 60 1
54 62 1
54 63 1
56 59 1
57 58 1
