# The links inside the communities at k=6
# from G:\Dropbox\Raghda\CNA\Final Project\other methods\CFinder-2.0.6--1448\G:\Dropbox\Raghda\CNA\Final Project\Datasets\binary_networks\LFR2\networ_LFR2_Om2.dat
# at no lower link weight threshold,
# and at no upper link weight threshold.
# Links were treated as undirected.
# No time limit was set for the clique search.

0:
979 836
979 835
979 647
979 554
979 416
836 835
836 647
836 554
836 416
835 647
835 554
835 416
647 554
647 416
554 416
1:
952 997
952 910
952 806
952 868
952 653
952 660
952 450
952 724
952 687
997 910
997 806
997 868
997 653
997 660
997 450
997 724
997 687
910 806
910 868
910 653
910 660
910 450
910 724
910 687
806 868
806 653
806 450
806 724
806 687
868 653
868 660
868 450
868 724
868 687
653 724
660 724
724 687
2:
984 919
984 763
984 964
984 991
984 975
984 988
984 838
984 956
984 965
984 980
984 857
984 851
984 830
984 818
984 476
984 649
919 763
919 964
919 991
919 988
919 980
919 851
919 892
763 964
763 988
763 838
763 956
763 965
763 980
964 991
964 975
964 988
964 838
964 956
964 965
964 980
964 851
964 830
964 818
964 892
991 975
991 988
991 610
991 838
991 956
991 840
991 965
991 980
991 857
991 851
991 830
991 818
991 892
991 649
975 988
975 838
975 956
975 980
975 857
975 851
975 830
975 818
975 476
975 892
988 610
988 838
988 956
988 840
988 965
988 980
988 857
988 851
988 830
988 818
988 476
988 892
988 649
610 980
610 857
610 892
838 965
838 980
838 818
838 892
956 840
956 965
956 980
956 830
956 818
956 476
956 892
956 649
840 965
840 980
965 980
965 818
965 649
980 857
980 851
980 818
980 476
980 892
980 649
857 851
857 830
857 892
851 830
851 892
830 892
3:
803 983
803 986
803 993
803 985
803 928
803 900
803 853
803 968
803 808
803 864
983 986
983 993
983 985
983 809
983 928
983 900
983 853
983 798
983 532
983 666
983 759
983 968
983 482
983 636
983 808
983 864
986 993
986 985
986 809
986 928
986 900
986 853
986 798
986 532
986 666
986 759
986 968
986 482
986 636
986 808
986 864
993 985
993 809
993 928
993 900
993 853
993 798
993 532
993 666
993 759
993 968
993 482
993 636
993 808
993 864
985 809
985 928
985 900
985 853
985 798
985 532
985 666
985 759
985 968
985 482
985 636
985 808
985 864
809 928
809 900
809 853
809 798
809 968
809 808
928 900
928 853
928 798
928 666
928 759
928 968
928 636
928 808
928 864
900 853
900 798
900 666
900 759
900 968
900 808
900 864
853 798
853 968
853 808
853 864
798 968
798 864
532 968
666 968
759 968
759 864
968 482
968 636
968 808
968 864
4:
1000 529
1000 587
1000 737
1000 779
1000 801
1000 805
1000 839
1000 861
1000 894
1000 911
1000 912
1000 917
1000 929
1000 938
1000 948
1000 960
1000 990
529 911
529 912
529 938
529 948
587 911
587 912
587 938
587 960
587 990
737 894
737 911
737 938
737 948
737 960
737 990
737 866
779 801
779 839
779 894
779 911
779 912
779 938
779 948
779 960
801 805
801 839
801 894
801 912
801 917
801 948
801 960
801 866
805 839
805 912
805 917
805 938
805 948
805 960
805 990
805 866
839 894
839 911
839 917
839 938
839 948
839 990
839 866
861 911
861 912
861 917
861 948
861 960
861 990
894 911
894 912
894 917
894 929
894 938
894 948
894 960
894 990
911 912
911 917
911 929
911 938
911 948
911 990
911 866
912 917
912 929
912 938
912 948
912 960
912 990
917 929
917 938
917 948
917 990
917 866
929 948
929 960
929 990
938 948
938 960
938 990
938 866
948 960
948 990
948 866
960 990
960 866
990 866
5:
998 959
998 962
998 873
998 963
998 994
998 896
998 970
998 860
998 918
998 904
998 718
998 564
998 609
998 583
998 726
998 614
998 714
959 962
959 873
959 963
959 994
959 896
959 970
959 860
959 918
959 904
959 718
959 564
959 609
959 583
959 726
959 614
959 714
962 873
962 963
962 994
962 896
962 970
962 860
962 918
962 904
962 718
962 564
962 609
962 583
962 726
962 614
962 714
873 963
873 994
873 896
873 970
873 860
873 918
873 904
963 994
963 896
963 970
963 860
963 918
963 904
994 896
994 970
994 860
994 918
994 904
994 718
994 609
994 583
994 726
994 714
896 970
896 860
896 918
896 904
896 718
896 726
896 614
896 714
970 860
970 918
970 904
970 718
970 564
970 609
970 583
970 726
970 614
970 714
860 918
860 904
918 904
918 718
918 726
918 714
904 718
904 564
904 609
904 583
6:
944 954
944 961
944 781
944 519
944 657
954 961
954 781
954 519
954 657
961 781
961 519
961 657
781 519
781 657
519 657
7:
937 834
937 987
937 930
937 996
937 963
937 909
937 827
937 728
937 567
937 596
834 996
834 963
834 909
834 827
834 728
987 930
987 996
987 963
987 909
987 827
987 728
987 567
987 596
930 996
930 909
930 827
930 728
930 567
930 596
996 963
996 909
996 827
996 728
996 567
996 596
963 909
963 827
963 728
963 596
909 827
909 567
827 728
827 596
8:
641 811
641 859
641 865
641 965
641 632
811 859
811 865
811 965
811 846
811 632
859 865
859 965
859 846
859 632
865 965
865 846
865 632
965 846
965 632
846 632
9:
648 974
648 941
648 831
648 995
648 935
648 951
974 997
974 941
974 831
974 699
974 893
974 995
974 751
974 935
974 579
974 951
974 924
974 676
974 739
997 941
997 893
997 995
997 935
997 951
997 924
997 676
997 597
997 663
997 739
941 699
941 893
941 995
941 935
941 579
941 951
941 924
941 663
941 739
831 699
831 995
831 751
831 935
831 951
831 739
699 995
699 935
699 951
699 924
893 995
893 751
893 935
893 579
893 951
893 924
893 676
893 597
893 739
995 751
995 935
995 579
995 951
995 924
995 676
995 597
995 663
995 739
751 935
751 951
751 924
935 579
935 951
935 924
935 597
935 663
935 739
951 924
951 663
951 739
924 676
924 597
924 663
10:
780 913
780 821
780 842
780 594
780 750
913 821
913 842
913 594
913 750
821 842
821 594
821 750
842 594
842 750
594 750
11:
966 862
966 922
966 972
966 770
966 921
966 946
966 976
966 696
966 870
966 925
966 681
966 863
966 773
966 797
966 603
966 771
966 682
862 922
862 972
862 770
862 921
862 946
862 976
862 925
862 773
862 797
862 771
922 972
922 770
922 921
922 946
922 976
922 696
922 870
922 925
922 681
922 863
922 797
922 771
972 770
972 921
972 946
972 976
972 696
972 870
972 925
972 681
972 863
972 797
972 771
972 682
770 946
770 976
770 925
770 681
770 863
921 946
921 976
921 696
921 870
921 925
921 797
921 603
921 771
921 682
946 976
946 696
946 870
946 925
946 681
946 863
946 773
946 797
946 682
976 870
976 925
976 863
976 773
976 797
976 603
976 771
976 682
696 863
870 925
870 863
870 773
870 797
925 681
925 863
925 773
925 797
925 603
925 771
925 682
863 773
797 771
603 771
12:
907 994
907 802
907 881
907 915
907 847
907 867
907 637
907 704
994 802
994 881
994 915
994 847
994 867
994 637
994 704
802 881
802 915
802 847
802 867
802 704
881 915
881 847
881 867
881 637
881 704
915 847
915 867
915 637
915 704
847 867
847 637
847 704
867 637
867 704
13:
788 920
788 967
788 875
788 833
788 906
788 650
920 967
920 875
920 833
920 906
920 650
967 875
967 833
967 906
967 650
875 833
875 906
875 650
833 906
906 650
14:
885 934
885 939
885 886
885 789
885 790
885 701
885 783
934 939
934 886
934 789
934 790
934 701
934 783
939 886
939 789
939 790
939 701
939 783
886 789
886 790
886 701
886 783
789 701
790 701
701 783
15:
981 957
981 765
981 903
981 992
981 977
981 950
981 796
981 940
981 814
981 945
981 722
981 816
981 874
981 725
981 754
981 764
981 693
957 765
957 903
957 992
957 977
957 950
957 796
957 940
957 762
957 814
957 945
957 816
957 725
957 764
957 693
765 992
765 977
765 950
765 940
765 722
765 816
903 992
903 977
903 950
903 796
903 762
903 945
903 874
992 977
992 950
992 796
992 940
992 762
992 814
992 945
992 722
992 874
992 725
992 754
992 764
992 693
977 950
977 940
977 762
977 814
977 945
977 722
977 816
977 874
977 725
977 764
977 693
950 796
950 940
950 722
950 816
950 874
950 725
950 754
950 764
796 945
796 874
796 693
940 762
940 814
940 945
940 722
940 874
940 725
940 754
940 764
762 814
762 945
762 874
814 945
814 874
945 874
945 754
945 764
945 693
722 874
874 693
725 764
754 764
16:
776 989
776 887
776 869
776 943
776 782
989 887
989 869
989 943
989 782
887 869
887 943
887 782
869 943
869 782
943 782
17:
978 971
978 902
978 953
978 969
978 905
978 888
978 815
978 923
978 880
971 902
971 953
971 969
971 905
971 888
971 815
971 923
902 953
902 969
902 888
902 923
953 969
953 905
953 888
953 815
953 923
969 905
969 888
969 815
969 923
969 880
905 815
905 923
905 880
888 923
815 923
815 880
923 880
