# The contained cliques in the communities at k=6
# from G:\Dropbox\Raghda\CNA\Final Project\other methods\CFinder-2.0.6--1448\G:\Dropbox\Raghda\CNA\Final Project\Datasets\binary_networks\LFR2\networ_LFR2_Om2.dat
# at no lower link weight threshold,
# and at no upper link weight threshold.
# Links were treated as undirected.
# No time limit was set for the clique search.

0: 538 
1: 574 873 908 893 
2: 596 1158 896 1017 1147 1148 1153 1157 1159 1160 1167 1183 1185 1186 1188 1219 1170 1015 1016 1149 1154 1155 1184 739 1187 
3: 600 650 837 872 1038 1099 1100 1113 1114 1118 
4: 620 1054 1209 970 1052 1053 1055 1162 1208 1211 971 972 973 1103 1210 1105 1104 1097 1101 1102 1163 1092 1093 1095 1094 1096 1051 1172 1173 730 729 
5: 682 798 821 1003 1135 966 1007 831 
6: 701 
7: 725 1137 822 1001 1138 823 1002 1000 1120 
8: 751 836 
9: 759 1009 1217 844 902 911 1010 1023 845 912 1022 824 874 
10: 766 
11: 828 1091 906 1072 1073 1115 1116 1193 880 1087 1088 922 921 
12: 838 965 
13: 875 1050 
14: 943 944 945 
15: 961 962 963 1045 1139 1223 964 1110 1112 1111 1195 1109 1194 1222 999 1061 993 994 1043 1140 1035 1037 1034 1036 1044 1062 
16: 1063 
17: 1128 1129 1216 
