# The communities at k=6
# from G:\Dropbox\Raghda\CNA\Final Project\other methods\CFinder-2.0.6--1448\G:\Dropbox\Raghda\CNA\Final Project\Datasets\binary_networks\LFR2\networ_LFR2_Om2.dat
# at no lower link weight threshold,
# and at no upper link weight threshold.
# Links were treated as undirected.
# No time limit was set for the clique search.

0: 979 836 835 647 554 416 
1: 952 997 910 806 868 653 660 450 724 687 
2: 984 919 763 964 991 975 988 610 838 956 840 965 980 857 851 830 818 476 892 649 
3: 803 983 986 993 985 809 928 900 853 798 532 666 759 968 482 636 808 864 
4: 1000 529 587 737 779 801 805 839 861 894 911 912 917 929 938 948 960 990 866 
5: 998 959 962 873 963 994 896 970 860 918 904 718 564 609 583 726 614 714 
6: 944 954 961 781 519 657 
7: 937 834 987 930 996 963 909 827 728 567 596 
8: 641 811 859 865 965 846 632 
9: 648 974 997 941 831 699 893 995 751 935 579 951 924 676 597 663 739 
10: 780 913 821 842 594 750 
11: 966 862 922 972 770 921 946 976 696 870 925 681 863 773 797 603 771 682 
12: 907 994 802 881 915 847 867 637 704 
13: 788 920 967 875 833 906 650 
14: 885 934 939 886 789 790 701 783 
15: 981 957 765 903 992 977 950 796 940 762 814 945 722 816 874 725 754 764 693 
16: 776 989 887 869 943 782 
17: 978 971 902 953 969 905 888 815 923 880 
