# The communities at k=5
# from G:\Dropbox\Raghda\CNA\Final Project\other methods\CFinder-2.0.6--1448\G:\Dropbox\Raghda\CNA\Final Project\Datasets\binary_networks\LFR1\networ_LFR1_Om3.dat
# at no lower link weight threshold,
# and at no upper link weight threshold.
# Links were treated as undirected.
# No time limit was set for the clique search.

0: 1000 994 999 150 208 229 362 383 483 540 598 661 697 792 819 871 874 876 881 885 909 917 922 930 938 945 953 954 956 957 958 962 974 977 983 
1: 11 982 989 992 996 960 136 852 174 978 959 245 903 266 826 637 970 882 971 440 454 486 963 50 546 561 571 577 760 625 946 778 700 931 937 715 732 780 832 
2: 747 798 985 114 713 858 265 903 282 355 470 
3: 993 117 619 929 943 998 562 806 480 800 849 412 615 513 545 634 609 680 
4: 980 118 720 934 973 927 998 969 180 892 184 209 264 278 607 285 695 318 743 497 323 709 750 542 926 401 825 508 541 564 755 
5: 974 940 12 896 899 960 125 498 716 24 663 250 283 336 590 552 
6: 698 958 121 976 988 995 997 990 681 20 210 775 234 242 932 855 297 298 925 30 353 912 387 894 393 410 814 419 447 463 500 575 847 794 667 782 668 706 802 739 84 
7: 860 967 975 961 123 856 965 991 969 673 939 928 935 851 913 560 22 839 959 226 895 986 944 256 936 849 831 358 844 469 432 889 656 829 68 
8: 872 735 813 868 127 719 273 237 702 723 294 528 514 319 
9: 129 548 611 744 754 182 600 239 370 558 
10: 897 907 949 961 14 923 143 948 216 27 866 833 951 714 437 572 606 620 635 749 717 688 77 
11: 708 341 874 320 968 972 987 145 984 918 190 820 836 199 582 733 227 888 828 287 788 757 360 821 380 859 926 392 471 726 451 795 476 502 587 644 645 746 
12: 993 640 990 685 147 751 200 217 423 
13: 529 770 933 941 950 157 612 163 669 904 187 638 556 867 269 790 877 364 428 443 55 652 628 69 73 748 
14: 919 162 559 837 883 
15: 900 955 979 533 905 18 676 490 89 
16: 660 756 961 189 691 223 683 629 474 633 
17: 876 884 207 774 796 797 875 262 583 823 303 456 646 460 487 752 567 648 
18: 863 623 873 21 978 
19: 791 212 854 915 942 271 880 887 916 951 769 386 924 395 397 416 773 812 481 485 531 682 525 779 581 642 
20: 240 310 52 684 690 944 
21: 677 701 948 257 488 610 321 38 
22: 840 991 998 858 288 811 385 767 926 41 505 627 547 
23: 974 952 260 425 604 707 316 7 47 86 
24: 390 573 650 776 959 584 834 613 44 718 489 
25: 602 846 850 914 841 801 986 740 535 764 777 741 626 721 63 
26: 958 990 978 793 334 763 808 675 501 510 568 748 78 
27: 940 981 908 966 827 686 835 901 585 786 325 920 597 657 377 783 429 439 459 468 495 532 848 82 
28: 886 940 864 902 964 272 753 803 904 557 838 947 230 906 233 845 236 890 267 793 338 464 631 527 536 762 630 768 
29: 985 870 879 665 639 805 241 857 862 594 689 523 
30: 955 784 865 919 837 883 246 765 605 311 712 414 566 591 692 530 666 574 694 
31: 684 690 944 247 388 413 
32: 955 969 722 248 736 
33: 985 810 658 270 742 
34: 874 728 737 761 275 833 
35: 886 993 444 279 356 793 
36: 886 804 985 810 658 280 703 727 526 586 
37: 881 979 905 817 898 904 921 911 861 286 869 729 305 818 322 842 332 373 376 427 465 511 
38: 881 960 838 307 472 672 452 534 462 
39: 981 389 477 491 671 549 315 411 
40: 807 863 399 873 978 
41: 563 618 843 405 496 
42: 991 986 903 621 418 636 647 766 434 445 450 467 
43: 893 789 711 824 448 466 507 576 
44: 649 551 969 722 517 
45: 724 734 524 678 632 
46: 893 654 711 494 521 
47: 900 952 601 772 674 725 710 553 599 
48: 979 891 816 815 822 
