# The communities at k=4
# from G:\Dropbox\Raghda\CNA\Final Project\other methods\CFinder-2.0.6--1448\G:\Dropbox\Raghda\CNA\Final Project\Datasets\binary_networks\LFR4\network_LFR4_Om2.dat
# at no lower link weight threshold,
# and at no upper link weight threshold.
# Links were treated as undirected.
# No time limit was set for the clique search.

0: 974 100 504 960 978 989 901 909 988 439 994 113 647 919 947 816 631 913 867 973 933 736 142 996 855 300 167 924 991 883 679 952 683 870 603 758 920 370 533 917 640 286 738 757 366 30 712 943 301 882 526 639 359 690 950 685 384 669 396 849 4 444 792 416 456 465 440 441 461 470 692 500 502 615 516 517 676 538 557 579 769 637 644 74 613 663 75 
1: 962 974 1000 103 334 458 475 487 492 566 662 817 886 902 908 915 935 967 976 125 146 209 713 32 326 607 517 656 98 
2: 987 104 746 971 997 785 253 801 207 275 783 712 641 447 610 831 433 554 505 749 
3: 108 850 881 930 982 221 240 830 317 526 350 856 778 695 412 619 516 542 612 
4: 694 832 896 984 11 717 793 966 944 863 205 889 939 788 274 700 305 316 338 831 558 648 543 434 446 540 681 642 798 
5: 982 602 111 699 773 793 514 310 546 635 628 542 
6: 998 12 706 843 986 155 698 411 589 270 408 899 34 88 343 753 474 415 409 637 
7: 804 852 121 787 910 764 575 216 839 548 802 425 729 696 678 
8: 123 128 664 666 821 
9: 710 993 992 134 938 946 509 968 869 192 688 836 975 885 276 776 297 703 323 330 406 599 642 72 
10: 942 145 626 834 861 837 302 401 767 629 
11: 491 833 459 148 828 636 807 440 
12: 997 879 430 816 884 980 888 840 828 149 853 955 795 169 983 689 705 262 811 520 322 923 607 480 582 596 544 561 605 660 
13: 817 827 900 947 954 977 495 151 847 905 163 735 999 298 549 727 358 807 860 373 377 403 815 536 501 
14: 970 887 157 560 774 944 766 178 649 265 917 292 661 414 467 535 655 
15: 914 985 895 861 158 912 179 436 674 201 254 282 767 753 345 675 562 426 704 645 
16: 763 789 164 818 875 356 304 386 426 62 
17: 934 431 166 534 841 583 638 
18: 622 959 834 893 847 168 981 820 722 360 950 588 402 531 724 620 
19: 721 873 874 17 786 961 194 339 379 825 395 494 791 54 
20: 987 969 996 991 981 687 175 865 823 224 862 951 728 421 43 473 780 493 671 
21: 176 799 810 921 968 180 759 220 257 932 260 66 31 923 802 
22: 897 949 845 921 185 668 739 824 719 512 460 511 655 684 
23: 504 963 993 721 774 197 890 208 751 407 680 695 477 478 572 502 511 538 
24: 934 999 948 20 857 894 941 760 321 813 396 476 48 761 506 724 653 702 682 
25: 902 995 740 907 652 966 859 601 876 906 983 200 228 238 928 256 609 808 720 369 508 473 781 663 798 92 
26: 746 971 990 979 777 859 945 711 869 206 731 400 783 722 404 616 510 490 
27: 989 992 851 959 795 936 26 553 839 848 558 745 405 673 413 797 451 56 576 7 
28: 686 871 911 353 438 573 614 96 462 470 
29: 306 965 755 541 52 567 539 540 
30: 886 937 733 949 826 916 922 880 975 885 713 926 324 389 419 55 
31: 594 888 227 600 758 469 583 79 
32: 763 935 970 291 842 925 945 955 864 957 972 237 312 750 932 258 479 904 432 427 454 521 63 
33: 892 898 942 916 241 634 781 486 761 93 
34: 318 475 604 743 654 965 900 919 837 790 927 820 234 931 972 391 926 293 844 672 378 443 618 382 449 398 468 608 
35: 740 594 814 956 319 979 986 591 784 659 848 329 552 633 815 464 632 518 701 527 749 
36: 826 355 457 361 805 864 222 760 756 778 
37: 666 821 623 287 
38: 215 407 805 864 
39: 929 1000 385 429 646 697 741 743 809 827 829 832 846 854 868 898 901 937 940 998 969 779 964 821 958 485 875 687 835 627 219 812 759 866 808 315 796 587 860 529 519 715 742 803 891 621 563 708 681 580 584 770 611 624 658 
40: 771 985 785 845 225 922 
41: 997 955 235 273 
42: 977 876 871 948 437 823 744 752 732 734 307 768 402 586 
43: 946 765 311 581 625 421 803 
44: 652 762 754 903 346 858 545 621 
45: 782 936 472 903 347 617 376 737 392 577 696 707 
46: 976 879 657 953 747 720 348 911 387 522 569 
47: 843 664 806 952 393 732 498 371 530 424 556 
48: 994 867 371 525 590 503 
49: 892 929 910 953 585 381 606 515 547 
50: 961 564 775 800 709 383 693 825 629 423 555 730 565 
51: 890 705 756 904 772 951 630 390 748 462 598 
52: 537 822 836 559 878 858 
53: 877 920 899 488 691 
54: 918 925 819 880 928 716 727 513 571 792 791 701 643 
55: 868 866 528 676 
56: 985 872 726 752 568 
57: 819 981 950 574 
58: 868 714 627 866 618 
59: 794 918 928 640 
60: 714 866 776 661 
61: 1000 710 809 854 
62: 985 863 790 730 
