# The contained cliques in the communities at k=4
# from G:\Dropbox\Raghda\CNA\Final Project\other methods\CFinder-2.0.6--1448\G:\Dropbox\Raghda\CNA\Final Project\Datasets\binary_networks\LFR4\network_LFR4_Om2.dat
# at no lower link weight threshold,
# and at no upper link weight threshold.
# Links were treated as undirected.
# No time limit was set for the clique search.

0: 7 88 1239 1700 1701 127 235 269 623 721 743 744 835 946 1031 1226 1248 1249 1577 1578 1645 1646 1667 1668 1669 1698 1699 1703 1704 236 268 699 1032 1670 700 1651 1306 1287 1652 1286 1650 1167 283 1174 1326 1502 1560 1647 1648 284 220 1327 1194 1195 1238 594 876 1175 1503 593 1663 1325 1338 1682 637 636 638 1559 1636 1649 1340 1561 1634 29 320 770 963 1111 1129 1130 1132 1199 1321 1322 1323 1324 1333 1345 1346 1353 1450 1466 1467 1506 1507 1508 1509 1510 1513 1635 1676 1677 1131 1307 577 786 987 487 1352 1449 460 802 959 461 716 773 1176 1504 811 747 1227 940 939 774 
1: 8 94 300 524 815 816 998 1160 1232 1570 1679 59 293 999 1072 190 592 1389 813 962 223 
2: 16 318 933 950 951 1057 1058 1198 1547 583 952 582 187 442 1522 1442 1487 653 
3: 20 344 382 514 565 735 808 877 960 1083 1119 1329 
4: 23 1368 494 776 894 1274 1275 1311 1369 1526 1605 1654 1685 495 1060 1259 1273 1276 1278 1347 1279 1312 1655 548 895 1209 1260 1277 1348 184 510 896 989 1213 1568 511 1527 1569 1563 1211 440 441 1310 764 1309 763 
5: 26 861 1197 500 809 838 501 1003 
6: 45 1370 107 227 435 555 878 1027 1371 108 436 556 611 879 1028 437 632 633 557 733 1029 228 
7: 51 1270 1271 334 713 853 1030 1351 
8: 56 57 
9: 74 286 823 1144 1302 1303 1400 1401 521 1402 1537 529 730 1365 1538 161 446 731 1261 1366 479 
10: 93 641 1180 489 488 490 1181 
11: 98 595 596 772 
12: 100 1147 1247 1644 1687 1145 1148 1146 1150 1621 1151 1244 1246 1094 1102 1245 1586 1587 1589 1093 858 1096 1588 857 520 1590 518 1101 1591 1673 991 1099 1100 990 992 1686 130 993 1688 422 1579 1299 1296 1300 914 1297 1298 1301 1610 1243 1620 1549 1385 1074 1090 
13: 101 480 724 934 1452 1454 1573 1596 1597 481 854 122 680 855 679 1453 576 944 1397 943 1574 1575 1576 935 1398 675 826 
14: 112 113 1008 1009 1010 1495 469 742 1184 741 740 1183 142 426 937 427 797 
15: 114 115 178 402 456 558 1318 1409 1470 143 179 404 457 559 606 1320 1410 1472 403 401 1319 1471 1317 1469 1076 1222 1075 1077 1078 1223 757 
16: 123 272 759 1491 430 492 493 
17: 126 603 604 605 
18: 128 1070 1173 580 1069 1071 1257 579 1172 1256 1420 1408 1407 1068 985 986 723 
19: 131 167 258 549 686 715 930 1014 1015 
20: 139 239 350 929 1285 1332 1363 1534 750 902 
21: 140 145 215 222 343 418 1498 1551 411 
22: 150 956 1291 1293 1292 1358 1360 1361 1230 1359 1362 640 844 
23: 165 955 1087 1314 189 612 910 988 1315 812 906 1313 907 1328 947 
24: 175 252 717 905 954 1262 1272 1422 1499 1511 517 
25: 176 177 1005 1565 1354 1554 1567 1640 1697 381 670 1006 1540 1696 356 881 1178 1399 1553 1566 1639 1035 1446 1564 1036 667 668 669 287 1555 1556 1641 1642 407 904 
26: 185 1455 1643 665 1373 1457 666 1406 1535 615 1536 616 617 618 899 900 901 1374 1525 1218 1372 924 1217 1219 926 
27: 206 207 842 1473 262 280 728 738 1061 1127 1128 1335 1474 1550 1562 726 729 727 777 1334 736 739 737 841 1548 
28: 241 242 572 661 573 787 1062 803 
29: 253 297 806 807 
30: 259 260 1680 1681 749 652 748 1693 523 651 1675 1611 1612 1390 1445 
31: 265 266 1033 315 627 
32: 273 1463 1695 378 760 784 974 1460 1464 1671 1694 761 762 971 1462 1707 839 972 1461 1616 412 840 413 1490 1618 1619 310 635 975 976 973 783 376 
33: 285 383 804 1189 
34: 299 682 718 720 1000 1001 1164 1631 1632 683 684 1208 1165 1633 694 1163 1331 1441 367 1002 1330 1440 1585 366 719 1530 1625 1528 472 473 799 1103 1104 1626 626 692 690 814 
35: 314 1206 1448 791 862 977 1190 1207 1411 1532 790 789 967 1004 965 966 1533 1412 528 527 978 1021 
36: 322 607 345 608 1505 332 1501 
37: 325 
38: 330 
39: 340 341 969 1415 1417 1514 1519 1521 1628 1629 1515 1520 1155 1516 1518 1152 1154 827 970 1153 1156 1266 1267 1268 1416 1517 508 1264 1269 1284 1349 1252 1265 1477 1253 921 1350 1479 1558 923 1480 1419 1478 1418 1056 1055 1054 1543 1434 1542 1659 1433 1435 1430 1432 591 1157 1431 1593 1598 590 1159 1600 1602 1599 1117 1137 1438 1118 1428 1427 1138 1135 1139 1496 1133 1134 1439 584 1601 1497 1437 1436 1158 1483 1484 1485 1486 1580 1228 1187 1188 1481 
40: 351 1493 1523 
41: 371 
42: 496 722 1141 1143 1465 1468 1142 1459 610 
43: 502 643 751 
44: 560 995 1179 1229 
45: 561 810 1200 677 712 833 1201 
46: 562 703 897 1011 1097 1098 
47: 613 886 673 756 866 867 
48: 672 884 885 
49: 687 805 1050 
50: 698 752 1018 753 754 1016 1019 1082 1109 1392 1017 1020 1110 1108 
51: 711 788 997 1205 1388 
52: 824 1606 1041 
53: 871 1342 
54: 872 873 875 1233 1394 1395 1234 1235 1236 1393 1080 1396 
55: 983 
56: 1065 1066 
57: 1125 
58: 1186 
59: 1196 
60: 1202 
61: 1364 
62: 1476 
