# The communities at k=4
# from G:\Dropbox\Raghda\CNA\Final Project\other methods\CFinder-2.0.6--1448\G:\Dropbox\Raghda\CNA\Final Project\Datasets\binary_networks\LFR5\network_LFR5_Om4.dat
# at no lower link weight threshold,
# and at no upper link weight threshold.
# Links were treated as undirected.
# No time limit was set for the clique search.

0: 1 829 915 991 884 908 986 926 448 41 432 576 
1: 69 11 324 777 975 997 212 962 
2: 108 936 940 998 967 754 630 697 474 
3: 111 814 900 921 963 928 923 793 258 305 87 
4: 706 818 122 877 
5: 658 853 30 419 
6: 992 905 169 565 
7: 743 172 616 972 524 
8: 981 987 878 197 728 787 250 429 925 
9: 956 995 940 998 861 963 304 990 881 911 968 971 972 481 202 873 943 297 618 
10: 884 933 980 920 867 962 221 960 819 
11: 953 862 912 904 23 621 910 865 585 812 811 
12: 947 959 317 64 
13: 1000 334 495 847 858 879 
14: 798 904 257 291 
15: 965 935 982 815 260 854 323 
16: 792 976 839 264 586 
17: 406 741 402 270 
18: 984 805 277 606 
19: 909 972 943 919 313 
20: 603 955 885 332 352 
21: 977 989 882 932 979 999 710 923 993 628 762 363 
22: 998 927 974 374 
23: 851 999 381 445 
24: 895 933 965 957 959 984 994 982 941 961 973 966 897 949 943 843 409 918 469 685 
25: 969 963 970 417 769 
26: 995 881 790 414 507 
27: 980 950 553 757 993 817 421 
28: 730 864 422 473 
29: 947 959 748 443 
30: 1000 543 681 937 
31: 983 967 979 502 694 751 922 866 821 615 722 
32: 795 496 859 962 
33: 996 716 898 517 961 892 
34: 929 975 931 836 978 946 569 873 860 913 523 631 
35: 990 997 988 529 
36: 984 660 779 805 516 
37: 930 986 863 521 944 
38: 840 997 916 494 
39: 691 970 520 695 
40: 888 877 964 512 
41: 816 976 917 564 
42: 985 802 661 519 
43: 999 809 894 725 934 696 
44: 978 950 635 925 648 
45: 958 680 599 613 
46: 878 927 888 619 
47: 899 958 815 597 
48: 980 978 831 886 843 600 641 
49: 726 927 979 974 938 832 918 593 
50: 987 997 961 988 970 598 
51: 996 964 663 848 971 620 
52: 890 783 972 773 887 
53: 833 987 673 951 
54: 981 992 739 791 677 
55: 833 717 974 955 850 
56: 869 982 926 689 
57: 877 924 889 711 752 
58: 1000 760 987 995 
59: 987 786 765 951 893 
60: 956 857 966 759 843 
61: 890 969 907 769 
62: 784 800 993 896 
63: 929 908 791 986 
64: 933 997 826 952 970 914 
65: 830 937 959 946 887 
66: 1000 845 937 981 880 
67: 846 930 906 949 926 
68: 985 969 870 970 
69: 940 973 946 887 
70: 958 908 979 993 
71: 987 959 941 955 
