# The links inside the communities at k=4
# from G:\Dropbox\Raghda\CNA\Final Project\other methods\CFinder-2.0.6--1448\G:\Dropbox\Raghda\CNA\Final Project\Datasets\binary_networks\LFR5\network_LFR5_Om4.dat
# at no lower link weight threshold,
# and at no upper link weight threshold.
# Links were treated as undirected.
# No time limit was set for the clique search.

0:
1 829
1 915
1 991
829 915
829 991
829 884
829 908
829 986
829 926
829 448
829 41
829 432
915 991
915 908
915 986
915 926
915 448
915 41
915 432
915 576
991 884
991 908
991 986
991 926
991 448
991 432
991 576
884 432
908 986
908 926
986 448
986 41
986 576
1:
69 777
69 975
69 962
11 324
11 777
11 975
324 777
324 975
324 962
777 975
777 212
777 962
975 997
975 212
975 962
997 212
997 962
212 962
2:
108 936
108 940
108 998
936 940
936 998
936 967
936 754
936 630
936 697
936 474
940 998
940 754
998 754
998 630
998 697
967 697
967 474
754 630
754 697
754 474
697 474
3:
111 814
111 900
111 921
814 900
814 921
814 963
814 923
814 793
814 305
900 921
900 963
900 928
900 923
900 793
900 258
900 305
900 87
921 963
921 928
921 923
921 793
921 258
921 305
921 87
963 87
928 793
923 793
793 258
793 305
4:
706 818
706 122
706 877
818 122
818 877
122 877
5:
658 853
658 30
658 419
853 30
853 419
30 419
6:
992 905
992 169
992 565
905 169
905 565
169 565
7:
743 172
743 616
743 972
743 524
172 616
172 972
616 972
616 524
972 524
8:
981 987
981 878
981 728
981 787
981 925
987 878
987 197
987 728
987 787
987 250
987 429
987 925
878 787
197 728
197 787
728 787
728 250
728 429
728 925
787 250
787 429
787 925
250 429
9:
956 995
956 990
956 968
956 971
956 943
995 990
995 881
995 968
995 971
995 972
940 998
940 990
940 968
940 971
940 202
998 968
998 202
861 963
861 990
861 911
861 968
861 971
963 304
963 990
963 968
963 971
963 972
963 618
304 990
304 968
304 971
990 881
990 911
990 968
990 971
990 972
990 481
990 202
990 873
990 943
990 297
990 618
881 971
881 972
911 971
968 971
968 972
968 481
968 202
968 873
968 943
968 297
968 618
971 972
971 481
971 873
971 943
971 297
971 618
972 943
873 618
10:
884 980
884 920
884 962
884 221
933 980
933 920
933 962
933 960
980 920
980 867
980 962
980 960
980 819
920 962
920 221
920 960
920 819
867 960
867 819
962 221
962 960
960 819
11:
953 862
953 912
953 23
953 621
953 910
953 865
953 585
953 811
862 912
862 904
862 910
862 865
862 811
912 23
912 621
912 865
912 585
912 812
912 811
904 910
904 865
904 811
23 621
621 865
910 811
865 585
865 812
865 811
812 811
12:
947 959
947 317
947 64
959 317
959 64
317 64
13:
1000 334
1000 495
1000 847
1000 858
1000 879
334 847
334 858
495 847
495 858
847 858
847 879
858 879
14:
798 904
798 257
798 291
904 257
904 291
257 291
15:
965 935
965 982
965 260
965 854
935 982
935 815
935 260
935 854
935 323
982 815
982 260
982 854
982 323
815 854
260 854
854 323
16:
792 976
792 839
792 264
792 586
976 839
976 586
839 264
839 586
264 586
17:
406 741
406 402
406 270
741 402
741 270
402 270
18:
984 805
984 277
984 606
805 277
805 606
277 606
19:
909 972
909 943
909 919
909 313
972 943
972 919
972 313
943 919
943 313
919 313
20:
603 955
603 885
603 332
955 885
955 332
955 352
885 332
885 352
332 352
21:
977 989
977 932
977 979
977 999
977 710
977 923
977 993
977 628
977 762
977 363
989 882
989 932
989 979
989 999
989 923
989 628
882 932
882 999
882 993
932 979
932 999
932 710
932 923
932 993
932 628
932 762
932 363
979 999
979 710
979 923
979 993
999 710
999 993
999 628
999 363
710 628
710 762
993 628
993 363
22:
998 927
998 974
998 374
927 974
927 374
974 374
23:
851 999
851 381
851 445
999 381
999 445
381 445
24:
895 933
895 965
895 957
895 959
895 994
895 982
895 961
895 973
895 966
895 949
895 918
895 469
895 685
933 994
933 966
933 918
965 957
965 984
965 994
965 982
965 973
965 966
965 943
965 918
957 959
957 994
957 982
957 941
957 961
957 973
957 966
957 897
957 949
957 943
957 843
957 409
957 918
957 469
957 685
959 994
959 941
959 966
959 918
984 994
984 973
994 982
994 941
994 961
994 973
994 966
994 897
994 949
994 943
994 409
994 918
994 469
994 685
982 966
982 949
982 918
982 685
941 966
941 918
961 966
961 918
973 966
973 918
973 685
966 897
966 949
966 943
966 843
966 409
966 918
966 685
949 918
943 918
843 918
409 918
918 469
918 685
25:
969 963
969 970
969 417
969 769
963 417
963 769
970 417
970 769
417 769
26:
995 881
995 790
995 414
995 507
881 790
881 414
881 507
790 414
790 507
414 507
27:
980 950
980 553
980 757
980 993
980 817
980 421
950 757
950 817
553 993
553 817
757 993
757 817
993 817
993 421
817 421
28:
730 864
730 422
730 473
864 422
864 473
422 473
29:
947 959
947 748
947 443
959 748
959 443
748 443
30:
1000 543
1000 681
1000 937
543 681
543 937
681 937
31:
983 967
983 979
983 502
983 694
983 751
983 922
983 866
983 821
983 615
983 722
967 694
967 922
967 821
967 722
979 502
979 922
979 821
979 615
979 722
502 922
502 821
502 615
694 751
694 922
751 922
922 866
922 821
922 722
866 821
32:
795 496
795 859
795 962
496 859
496 962
859 962
33:
996 716
996 898
996 517
996 961
716 898
716 517
716 961
716 892
898 517
898 961
898 892
961 892
34:
929 931
929 946
929 860
929 631
975 873
975 860
975 913
975 523
931 836
931 978
931 946
931 569
931 860
931 913
931 523
931 631
836 860
836 631
978 569
978 860
978 913
978 631
946 569
946 860
946 913
569 913
873 860
873 913
860 913
860 523
860 631
913 523
35:
990 997
990 988
990 529
997 988
997 529
988 529
36:
984 779
984 805
984 516
660 779
660 805
660 516
779 805
779 516
805 516
37:
930 986
930 863
930 521
930 944
986 863
986 521
986 944
863 521
863 944
38:
840 997
840 916
840 494
997 916
997 494
916 494
39:
691 970
691 520
691 695
970 520
970 695
520 695
40:
888 877
888 964
888 512
877 964
877 512
964 512
41:
816 976
816 917
816 564
976 917
976 564
917 564
42:
985 802
985 661
985 519
802 661
802 519
661 519
43:
999 809
999 894
999 725
999 934
999 696
809 894
809 725
809 934
809 696
894 725
725 934
725 696
934 696
44:
978 950
978 635
978 925
978 648
950 635
950 925
950 648
635 925
635 648
925 648
45:
958 680
958 599
958 613
680 599
680 613
599 613
46:
878 927
878 888
878 619
927 888
927 619
888 619
47:
899 958
899 815
899 597
958 815
958 597
815 597
48:
980 978
980 831
980 886
980 600
978 831
978 886
978 843
978 600
978 641
831 886
831 600
831 641
886 641
843 600
843 641
600 641
49:
726 927
726 979
726 974
726 938
726 832
726 593
927 974
927 832
927 593
979 974
979 938
979 832
979 918
979 593
974 938
974 918
974 593
938 832
938 918
832 593
50:
987 997
987 970
987 598
997 961
997 988
997 970
997 598
961 988
961 970
988 970
988 598
970 598
51:
996 964
996 663
996 848
996 971
996 620
964 663
964 848
964 971
964 620
663 848
663 620
848 620
971 620
52:
890 783
890 972
890 773
783 972
783 773
783 887
972 773
972 887
773 887
53:
833 987
833 673
833 951
987 673
987 951
673 951
54:
981 992
981 739
981 791
981 677
992 739
992 677
739 791
739 677
791 677
55:
833 717
833 974
833 955
717 974
717 955
717 850
974 955
974 850
955 850
56:
869 982
869 926
869 689
982 926
982 689
926 689
57:
877 924
877 711
877 752
924 889
924 711
924 752
889 711
889 752
711 752
58:
1000 760
1000 987
1000 995
760 987
760 995
987 995
59:
987 786
987 765
987 951
987 893
786 765
786 951
786 893
765 951
765 893
60:
956 857
956 966
956 759
956 843
857 759
857 843
966 759
966 843
759 843
61:
890 969
890 907
890 769
969 907
969 769
907 769
62:
784 800
784 993
784 896
800 993
800 896
993 896
63:
929 908
929 791
929 986
908 791
908 986
791 986
64:
933 997
933 826
933 952
933 970
997 826
997 952
997 970
997 914
826 952
826 970
826 914
970 914
65:
830 937
830 959
830 946
830 887
937 959
937 946
937 887
959 887
946 887
66:
1000 845
1000 937
1000 981
845 937
845 981
845 880
937 981
937 880
981 880
67:
846 930
846 906
846 949
846 926
930 906
930 949
906 949
906 926
949 926
68:
985 969
985 870
985 970
969 870
969 970
870 970
69:
940 973
940 946
940 887
973 946
973 887
946 887
70:
958 908
958 979
958 993
908 979
908 993
979 993
71:
987 959
987 941
987 955
959 941
959 955
941 955
