# The graph of at k=4
# from G:\Dropbox\Raghda\CNA\Final Project\other methods\CFinder-2.0.6--1448\G:\Dropbox\Raghda\CNA\Final Project\Datasets\binary_networks\LFR5\network_LFR5_Om4.dat
# at no lower link weight threshold,
# and at no upper link weight threshold.
# Links were treated as undirected.
# No time limit was set for the clique search.

0 10 1
0 37 1
0 56 1
0 63 2
0 67 1
0 70 1
1 10 1
1 32 1
1 34 1
1 35 1
1 38 1
1 50 1
1 64 1
2 9 2
2 22 1
2 31 1
2 69 1
3 9 1
3 21 1
3 25 1
4 40 1
4 57 1
6 54 1
7 9 1
7 19 1
7 52 1
8 44 1
8 46 1
8 50 1
8 53 1
8 54 1
8 58 1
8 59 1
8 66 1
8 71 1
9 19 2
9 22 1
9 24 1
9 25 1
9 26 2
9 34 1
9 35 1
9 51 1
9 52 1
9 58 1
9 60 1
9 69 1
10 24 1
10 27 1
10 32 1
10 48 1
10 64 1
11 14 1
12 24 1
12 29 2
12 65 1
12 71 1
13 30 1
13 58 1
13 66 1
15 24 2
15 47 1
15 56 1
16 41 1
18 24 1
18 36 2
19 24 1
19 52 1
20 55 1
20 71 1
21 23 1
21 27 1
21 31 1
21 43 1
21 49 1
21 62 1
21 70 2
22 46 1
22 49 2
22 55 1
23 43 1
24 29 1
24 33 1
24 36 1
24 48 1
24 49 1
24 50 1
24 56 1
24 60 2
24 64 1
24 65 1
24 67 1
24 69 1
24 71 2
25 39 1
25 50 1
25 61 2
25 64 1
25 68 2
26 58 1
27 44 1
27 48 1
27 62 1
27 70 1
29 65 1
29 71 1
30 58 1
30 65 1
30 66 2
31 49 1
31 70 1
33 50 1
33 51 1
34 44 1
34 48 1
34 63 1
34 65 1
34 69 1
35 38 1
35 50 2
35 64 1
37 63 1
37 67 1
38 50 1
38 64 1
39 50 1
39 64 1
39 68 1
40 46 1
40 51 1
40 57 1
42 68 1
44 48 1
45 47 1
45 70 1
46 49 1
47 70 1
48 60 1
49 55 1
49 70 1
50 53 1
50 58 1
50 59 1
50 64 2
50 68 1
50 71 1
52 61 1
52 65 1
52 69 1
53 55 1
53 58 1
53 59 2
53 71 1
54 63 1
54 66 1
55 71 1
56 67 1
58 59 1
58 66 1
58 71 1
59 71 1
61 68 1
62 70 1
63 70 1
64 68 1
65 66 1
65 69 2
65 71 1
