# The communities at k=6
# from G:\Dropbox\Raghda\CNA\Final Project\other methods\CFinder-2.0.6--1448\G:\Dropbox\Raghda\CNA\Final Project\Datasets\binary_networks\LFR1\networ_LFR1_Om4.dat
# at no lower link weight threshold,
# and at no upper link weight threshold.
# Links were treated as undirected.
# No time limit was set for the clique search.

0: 1000 311 628 634 710 729 855 859 873 906 
1: 904 926 997 267 673 890 283 689 487 
2: 921 939 951 960 850 856 608 838 845 270 360 373 774 383 411 787 481 504 588 937 632 
3: 987 994 999 959 852 883 885 280 908 635 511 605 
4: 948 999 653 864 922 991 692 876 590 833 282 473 
5: 909 928 944 961 897 920 293 879 321 330 417 434 484 495 548 552 821 594 763 769 
6: 947 952 972 924 938 934 777 857 920 640 860 301 820 435 475 502 713 612 754 937 771 750 786 797 
7: 738 945 988 813 858 887 895 328 731 743 655 520 
8: 1000 867 877 946 962 965 973 980 981 992 995 996 990 984 336 646 391 463 498 843 513 514 516 559 624 672 677 782 846 829 851 
9: 695 942 936 997 935 950 814 872 901 900 342 718 903 747 568 593 658 604 
10: 949 998 993 975 977 622 919 896 831 687 967 345 349 964 466 940 663 505 902 891 598 601 620 636 669 834 866 
11: 987 915 986 990 969 978 979 966 925 353 386 392 756 748 476 486 577 519 929 564 567 617 830 892 812 
12: 991 954 899 953 955 886 862 984 907 853 988 454 916 903 888 416 424 467 764 637 761 
13: 898 911 728 916 781 425 717 
14: 915 656 722 772 799 493 686 570 579 
15: 974 994 530 982 932 800 970 985 841 968 809 842 737 444 560 913 462 464 524 818 565 576 627 697 839 666 684 
16: 793 982 865 801 746 499 
17: 976 956 912 933 923 914 732 507 510 881 610 893 937 708 819 880 788 
18: 714 733 780 803 932 762 563 
19: 942 875 805 884 773 550 586 
20: 1000 798 804 823 832 889 917 931 957 963 983 989 999 945 644 685 557 749 650 757 690 755 
21: 932 918 794 752 765 828 869 739 572 
22: 976 795 930 959 982 910 600 971 
23: 1000 662 751 948 976 994 
24: 651 652 790 661 988 683 
25: 976 744 847 631 676 753 
26: 994 811 827 941 863 703 641 
27: 997 778 826 688 639 700 
28: 990 675 943 705 988 701 874 816 825 
29: 691 836 878 868 778 711 826 
30: 836 878 778 826 688 700 
