# The contained cliques in the communities at k=6
# from G:\Dropbox\Raghda\CNA\Final Project\other methods\CFinder-2.0.6--1448\G:\Dropbox\Raghda\CNA\Final Project\Datasets\binary_networks\LFR1\networ_LFR1_Om4.dat
# at no lower link weight threshold,
# and at no upper link weight threshold.
# Links were treated as undirected.
# No time limit was set for the clique search.

0: 329 767 
1: 367 864 394 652 
2: 374 1093 494 517 535 646 667 768 819 820 882 883 1013 1033 1034 1094 769 770 884 504 
3: 389 672 827 1081 
4: 393 1088 795 842 925 1087 794 640 
5: 412 451 458 650 745 749 824 909 1113 540 608 657 
6: 425 643 666 829 958 1000 1001 1016 1017 1024 1039 1073 1107 609 830 859 860 992 993 
7: 456 984 679 871 973 983 870 971 
8: 464 521 628 658 673 674 675 751 833 869 908 966 1040 1079 1103 1117 1131 
9: 472 821 946 947 815 911 727 813 814 1068 986 1064 880 910 1065 1123 878 879 1066 
10: 475 479 633 668 790 825 826 832 877 885 907 945 1080 
11: 488 519 522 644 651 678 732 752 754 831 987 991 1018 1020 1128 
12: 539 634 886 1014 1015 1047 1127 1129 543 572 1130 
13: 544 954 
14: 575 847 755 
15: 617 618 753 905 906 962 963 964 965 1046 1048 1049 1096 729 629 981 982 980 1045 1099 1098 1097 686 834 1077 687 835 682 627 758 759 
16: 659 
17: 670 671 828 970 988 1036 1089 
18: 726 918 
19: 746 811 
20: 750 868 899 952 953 968 969 995 996 997 998 999 1021 1041 1042 1044 1058 
21: 756 757 990 1006 
22: 785 787 1023 
23: 837 
24: 843 
25: 852 
26: 872 948 
27: 890 
28: 926 927 930 951 931 
29: 939 940 
30: 961 
