# The communities at k=3
# from G:\Dropbox\Raghda\CNA\Final Project\other methods\CFinder-2.0.6--1448\G:\Dropbox\Raghda\CNA\Final Project\Datasets\binary_networks\LFR2\networ_LFR2_Om2.dat
# at no lower link weight threshold,
# and at no upper link weight threshold.
# Links were treated as undirected.
# No time limit was set for the clique search.

0: 629 110 784 792 451 846 604 445 558 620 
1: 1 810 882 823 220 269 394 307 412 659 77 351 586 408 
2: 10 673 845 629 195 517 706 485 675 530 58 
3: 215 368 538 741 731 28 535 672 331 88 
4: 788 984 981 100 944 954 961 1000 148 172 176 190 200 204 206 217 261 263 27 32 369 39 496 529 563 587 601 61 667 737 74 779 787 801 803 805 839 861 894 911 912 917 929 937 938 948 960 98 990 998 582 919 957 304 103 464 765 105 774 885 934 939 834 987 107 889 903 999 108 463 648 595 952 763 983 111 25 296 112 472 964 974 884 114 799 920 967 991 876 969 116 683 933 982 117 655 850 930 955 883 973 12 975 988 997 120 959 962 992 841 907 122 157 525 813 123 910 87 979 126 890 899 942 855 986 129 486 521 13 873 993 931 941 131 877 958 610 966 134 20 875 135 772 977 831 137 356 3 878 699 267 584 698 901 242 642 833 144 402 409 740 93 145 343 608 996 146 661 963 147 836 838 866 832 15 950 994 694 153 374 590 154 509 581 619 985 156 835 381 158 438 809 848 16 160 862 922 956 972 161 893 928 995 163 840 205 751 166 178 167 800 914 949 168 909 170 829 896 171 678 806 173 935 560 578 812 913 641 811 859 770 18 970 606 723 618 182 446 824 183 900 185 921 946 976 186 853 886 314 469 689 421 561 19 191 647 865 965 193 194 197 198 852 199 868 860 203 579 918 796 556 908 592 846 209 916 761 211 547 214 671 216 280 404 219 221 290 926 397 528 980 223 224 225 226 227 228 904 23 488 798 230 820 231 233 236 767 237 239 240 743 789 241 760 936 243 665 246 247 940 249 802 251 532 253 455 881 915 255 721 256 350 847 257 685 258 260 559 566 709 746 264 265 951 266 543 762 268 666 827 423 924 270 523 857 272 501 605 731 856 277 64 278 500 635 279 814 945 281 514 534 284 817 286 42 321 288 289 292 722 297 298 696 645 30 790 302 653 305 759 306 816 308 439 716 309 612 851 312 870 313 315 316 318 676 319 320 616 925 323 643 906 326 830 328 329 650 717 333 524 874 557 335 700 337 768 338 725 34 76 341 692 932 344 348 349 35 825 351 352 602 354 681 357 370 414 646 359 715 728 871 36 360 417 362 363 364 366 367 540 495 373 554 375 379 82 968 38 718 562 382 383 385 386 388 389 391 526 398 461 401 405 406 453 410 734 90 574 415 416 863 460 425 867 427 490 443 435 436 491 564 440 441 442 727 669 656 609 754 660 447 450 457 611 487 479 539 764 462 703 781 465 467 47 470 471 473 474 818 476 498 553 482 484 773 83 593 892 497 5 686 623 503 649 504 505 506 507 627 555 51 511 695 797 519 657 522 654 569 53 575 537 701 705 541 546 548 549 551 570 744 567 57 639 588 583 708 726 783 596 597 598 724 6 78 603 771 607 614 617 65 62 663 632 636 637 640 658 808 697 67 9 682 739 687 864 693 704 71 714 735 8 97 92 
5: 978 102 757 849 275 680 295 612 468 7 735 
6: 109 2 927 758 536 745 152 837 897 229 248 499 580 31 804 336 700 396 573 430 424 483 
7: 11 630 749 795 124 742 451 390 448 393 80 
8: 732 113 794 884 149 738 571 208 572 311 332 346 395 89 433 
9: 747 188 826 238 752 756 276 300 502 420 54 
10: 736 978 971 902 115 876 953 969 125 778 905 977 888 832 840 358 422 815 710 791 923 935 625 254 880 631 262 688 520 418 287 716 480 310 711 717 340 355 684 372 854 426 473 475 577 68 
11: 845 939 118 776 989 887 139 690 869 14 972 165 644 943 179 753 181 618 201 720 926 222 565 677 245 452 283 291 782 322 530 477 516 492 
12: 127 755 855 891 155 619 730 843 670 250 259 274 371 33 712 342 46 84 
13: 844 130 542 931 713 769 218 392 527 99 444 628 449 459 489 5 576 639 81 
14: 132 777 793 96 213 691 481 347 634 413 515 
15: 894 997 136 668 822 831 898 177 399 775 895 210 879 674 234 626 785 733 377 282 41 702 317 748 807 4 854 638 426 552 568 94 
16: 339 138 244 544 
17: 845 140 301 
18: 150 232 365 
19: 729 858 151 271 545 828 159 719 848 947 43 800 192 600 196 621 293 428 429 622 550 434 456 48 69 
20: 952 162 513 786 872 273 299 437 533 353 387 86 664 491 478 797 75 
21: 861 989 891 419 175 812 819 384 746 615 707 431 624 
22: 955 184 752 
23: 780 913 184 821 842 556 594 766 294 585 324 403 679 750 411 734 589 651 
24: 992 979 189 40 
25: 947 29 285 
26: 592 235 327 458 
27: 973 943 652 252 493 303 662 334 45 510 95 70 
28: 665 361 66 
29: 494 665 407 52 
30: 592 613 432 345 49 
31: 999 793 977 91 
32: 320 400 454 
33: 591 400 531 466 
34: 633 791 376 
35: 599 518 576 
36: 678 865 664 
37: 889 758 881 
38: 967 986 950 
