# The communities at k=3
# from G:\Dropbox\Raghda\CNA\Final Project\other methods\CFinder-2.0.6--1448\G:\Dropbox\Raghda\CNA\Final Project\Datasets\binary_networks\LFR3\network_LFR3_Om2.dat
# at no lower link weight threshold,
# and at no upper link weight threshold.
# Links were treated as undirected.
# No time limit was set for the clique search.

0: 1 358 839 906 997 851 104 417 989 944 108 132 491 957 109 780 844 974 127 701 709 130 644 769 929 779 950 945 960 670 15 841 157 164 846 171 439 545 884 628 768 734 179 759 342 999 853 2 627 936 954 987 201 618 727 882 204 209 282 976 21 591 909 326 241 560 860 546 267 836 762 287 940 291 397 640 293 72 301 460 312 805 318 447 623 740 450 320 885 924 329 893 489 34 381 816 938 382 435 610 403 41 719 527 423 597 559 441 742 464 476 544 507 766 552 573 595 616 599 613 639 756 778 82 
1: 10 886 966 982 100 607 995 411 973 994 827 141 548 873 160 570 680 185 900 187 854 198 229 586 251 890 509 263 477 68 27 925 271 298 606 869 551 914 340 38 651 622 907 422 434 847 455 476 813 494 757 580 50 579 802 566 650 95 
2: 135 961 113 553 722 865 993 117 969 978 12 214 866 932 125 875 917 942 949 779 145 564 841 155 879 837 169 605 575 243 667 905 337 539 745 245 585 699 306 587 85 920 361 365 369 378 453 729 408 843 422 831 431 458 481 506 579 524 731 690 
3: 1000 126 148 183 226 238 246 260 261 266 276 300 304 315 363 389 411 445 459 475 493 499 513 537 54 541 58 59 634 662 663 666 668 761 763 78 786 789 811 815 838 842 86 895 937 973 370 22 546 635 685 301 377 524 
4: 997 101 856 981 106 799 835 916 928 107 28 694 861 118 128 277 933 972 153 790 814 16 798 820 165 958 448 735 883 172 182 817 956 184 955 620 20 442 632 215 438 311 673 222 913 227 784 233 56 550 24 716 852 259 529 275 279 299 715 283 556 826 437 801 486 30 307 868 33 463 794 489 374 568 483 424 46 436 452 547 479 580 596 681 530 51 702 549 689 616 599 69 602 660 99 74 80 
5: 988 1000 721 773 937 930 102 576 825 975 980 694 110 810 888 943 112 398 115 967 116 302 705 732 119 754 887 120 864 927 947 991 121 404 421 57 941 13 683 783 894 992 775 133 830 859 880 137 492 750 138 658 968 979 519 945 14 373 142 951 143 256 692 962 151 901 594 158 963 818 163 647 812 877 165 497 168 725 971 173 294 871 177 231 190 904 194 643 195 845 197 919 999 199 604 954 200 202 601 97 213 959 253 409 220 738 872 910 221 822 351 232 696 235 236 860 296 501 645 25 718 934 350 781 258 273 652 665 278 286 710 574 29 746 295 737 88 30 795 303 819 309 310 331 636 316 687 346 319 674 32 321 327 433 323 682 324 325 748 770 354 333 335 336 427 344 348 803 641 353 465 522 355 362 39 368 399 375 377 380 384 385 62 446 396 743 787 47 554 414 631 419 425 791 43 523 444 461 467 480 466 708 468 469 577 478 624 49 578 508 514 724 52 676 788 678 528 53 532 538 648 552 566 617 689 706 713 573 583 6 603 611 609 61 87 63 67 98 70 700 808 
6: 849 668 811 103 629 918 986 45 114 792 857 870 998 978 136 876 931 985 149 563 903 984 625 156 608 977 878 18 26 996 832 987 206 686 874 911 207 730 218 867 223 247 922 224 372 237 896 242 926 852 248 707 923 965 250 899 659 862 284 726 285 741 672 863 449 328 881 807 357 840 889 855 376 383 391 516 392 393 526 654 400 401 440 406 540 661 407 418 559 443 782 626 451 455 728 485 490 495 695 498 504 510 76 535 720 648 767 569 584 824 630 609 703 642 655 9 8 81 94 
7: 105 430 944 946 964 978 122 664 154 671 704 592 211 339 656 410 268 269 800 338 473 714 359 568 415 484 42 527 505 774 569 77 
8: 11 144 262 590 677 691 772 186 474 649 912 188 598 712 557 230 711 240 543 793 272 349 4 429 600 7 
9: 744 225 162 31 717 806 953 858 777 210 472 482 521 525 257 828 736 807 330 796 341 367 638 572 432 771 688 71 
10: 518 582 111 322 487 983 123 891 939 134 581 615 892 167 517 571 170 457 755 175 274 462 621 752 308 19 488 832 191 823 23 698 254 515 612 764 255 386 5 679 281 565 289 733 739 776 313 449 334 697 533 542 93 91 
11: 115 921 935 118 693 140 567 150 749 758 164 180 412 669 536 265 360 364 64 423 760 426 92 534 
12: 124 751 829 898 908 270 561 804 556 290 675 765 305 633 352 37 456 48 495 614 511 
13: 646 129 589 797 915 952 470 948 147 496 809 166 858 734 520 189 192 332 619 193 657 234 239 848 288 574 317 346 420 402 405 588 684 90 
14: 131 990 994 152 902 161 558 174 413 502 178 833 970 181 379 747 196 203 821 205 500 753 208 848 723 347 314 416 343 345 653 356 36 366 371 96 390 394 503 395 785 428 471 637 766 79 84 
15: 956 3 551 
16: 897 372 252 531 555 834 850 264 292 280 672 349 35 512 593 388 454 75 456 562 
17: 249 296 501 
18: 244 337 745 
