# The contained cliques in the communities at k=3
# from G:\Dropbox\Raghda\CNA\Final Project\other methods\CFinder-2.0.6--1448\G:\Dropbox\Raghda\CNA\Final Project\Datasets\binary_networks\LFR3\network_LFR3_Om2.dat
# at no lower link weight threshold,
# and at no upper link weight threshold.
# Links were treated as undirected.
# No time limit was set for the clique search.

0: 0 1 1601 1770 1771 1812 1813 1837 1838 1277 1602 1651 1652 1710 1711 1802 1803 1868 1966 1988 1989 1990 202 208 229 230 401 641 766 815 937 987 1114 1266 1278 1358 1360 1361 1408 1412 1614 1616 1653 1702 1712 1713 1714 1715 1772 1773 1804 1805 1806 1814 1815 1816 1817 1847 1848 1850 1869 1870 1874 1949 1950 1951 1952 1967 1970 1971 1972 1977 1978 1979 1980 1981 1991 1992 1993 1996 1997 1998 2002 2003 2004 2005 2006 2007 2009 2010 201 203 1268 1269 403 1155 1267 1365 1366 1774 1973 1975 226 404 227 228 1362 1809 1953 1954 365 686 1363 1778 1807 1808 1818 1955 1956 364 506 1548 1549 1873 505 1546 1547 1871 1872 298 695 816 1196 1364 1550 1551 1552 1553 1554 1849 1968 2011 297 166 1367 1662 1664 567 896 1115 1304 1305 1306 1359 1663 554 568 898 1605 1615 1974 552 553 1116 209 767 897 1344 1604 769 768 899 1957 1958 657 1775 1976 1665 155 156 354 548 1603 1607 353 355 936 1265 1606 1411 2008 1409 1410 696 1198 1413 1776 1969 402 697 698 1819 1820 687 685 683 684 1542 1543 1777 1177 1117 1197 1307 405 1183 682 681 549 1195 1555 2012 1031 1401 1660 1661 1689 1733 678 1027 1029 1032 1294 1659 1680 1682 1688 268 517 524 677 1677 1679 1681 724 1313 1531 1678 126 138 725 726 839 1221 1246 1293 1725 1734 1875 125 1028 1156 1722 1732 1030 1223 1724 1015 38 1723 39 217 968 215 218 216 1400 1241 1731 1240 1242 1243 1245 78 1244 1289 79 84 923 1528 1529 85 86 1222 463 874 464 424 1129 423 422 676 924 1530 515 516 514 1292 1290 1291 279 873 1658 36 37 1402 727 728 838 679 538 1200 1202 788 1270 1368 27 114 
1: 2 178 441 520 521 588 811 812 990 1093 1094 1095 1314 1315 1342 1419 1420 1690 1691 1692 1693 1694 1695 1763 1764 1765 1787 1821 1822 1823 1876 1877 1878 1879 1928 1929 1930 1938 1939 1962 1963 785 1212 1312 101 247 264 350 825 1142 1421 1422 1696 1697 1698 1767 1768 102 199 1699 884 266 478 826 885 886 1096 1125 1213 1295 1296 1297 1766 1788 1789 2000 182 927 289 522 928 929 930 1162 290 291 1163 931 480 932 933 479 131 130 934 1700 1701 265 310 1179 1769 1826 309 1825 1171 1169 1172 1170 1824 989 1343 988 636 637 248 1126 3 457 
2: 4 804 806 832 1081 1082 1083 1523 1609 1611 1638 1884 1887 1888 1891 1892 1940 1995 275 432 619 786 805 1106 1107 1130 1131 1446 1521 1522 1524 1883 1885 1886 1889 1890 1927 1942 274 527 528 56 620 630 631 716 717 718 1002 1045 1118 1119 1120 1444 1496 1497 1498 1499 1608 1639 1669 1839 1840 1841 1842 1843 1844 1857 1858 1926 51 57 63 920 997 49 50 48 1075 1078 1076 1077 123 1437 1438 122 1439 1859 834 1440 833 1145 1613 1144 1640 1143 1612 1845 107 433 921 998 999 1121 1610 108 77 434 435 1000 76 778 777 151 150 152 1670 1672 1671 1132 1133 1134 1500 1001 1003 1108 624 625 626 1445 1441 430 429 64 65 
3: 5 7 14 16 375 382 640 855 860 863 865 866 1216 1382 1384 1718 1719 6 11 371 857 372 378 380 1716 1717 377 15 367 633 864 1215 1377 1378 1379 1380 1381 1386 1720 10 17 19 20 366 634 635 852 854 859 1283 1383 1387 1641 8 9 379 638 383 368 373 369 370 381 850 1214 1642 639 851 853 13 374 12 714 1448 376 395 394 858 861 1385 862 18 856 1044 1447 239 523 
4: 21 1127 1128 1735 1893 1894 1895 277 348 408 529 530 653 824 947 1203 1271 1539 1736 1897 1965 278 690 242 325 1898 243 456 704 789 792 1199 1426 1575 1737 1740 204 246 673 705 1427 1482 1540 1561 205 206 664 665 346 1273 1560 347 1272 34 674 813 1276 1483 1738 35 493 494 793 814 1797 1900 260 491 790 791 1201 1791 259 1249 1896 1250 1251 1252 1253 1255 977 1254 1484 1796 978 1485 1478 1479 1486 1505 1504 32 58 119 129 235 236 253 255 357 486 497 995 996 1061 1062 1063 1164 1721 272 356 157 118 254 312 311 1429 1563 1742 1801 1428 1741 1792 1800 1576 654 935 1004 80 140 531 1541 1899 390 1475 1476 1477 1562 1743 949 948 172 305 349 1204 1274 2013 173 1206 1346 1744 1345 1347 1739 1745 691 926 1205 1275 176 1393 1392 1394 492 675 33 703 706 938 326 
5: 22 23 24 1064 1065 1066 1320 1512 1781 147 556 779 780 1261 1262 1263 1264 1321 1322 1323 1326 1513 1514 1535 1782 1943 1944 148 149 1536 158 164 391 396 487 532 723 1354 1516 1517 1538 1570 1646 1648 1649 1650 1683 1794 1795 1931 1932 1933 1934 1945 1946 98 137 1515 1647 1793 99 136 336 1391 337 1783 1784 103 574 707 783 1049 1537 1590 1753 1786 1964 104 889 141 890 891 1592 534 719 945 1591 720 721 1760 42 60 502 535 688 699 946 1068 1434 1752 61 62 1324 1325 163 252 708 293 294 503 504 796 794 797 1357 573 795 1751 572 575 193 882 881 883 557 558 1051 1067 536 537 1435 1433 304 689 303 1436 1762 66 116 128 188 198 207 315 319 344 345 544 559 564 629 709 979 981 982 1033 1034 1041 1042 1043 1059 1141 1176 1226 1334 1335 1338 1461 1462 1463 1464 1466 1467 1469 1487 1488 1489 1623 1624 1625 1626 1684 1685 1686 1746 1747 1748 1749 1761 1830 1831 1832 1833 1834 1835 1836 187 563 980 1468 2001 276 320 547 1060 1227 307 308 525 835 836 1300 1302 1340 1494 240 267 329 601 715 844 1178 1341 1495 1559 335 551 837 845 1301 1303 1994 334 333 283 819 1111 1112 1310 284 621 88 194 200 410 722 1185 1186 1187 1643 1644 195 324 411 820 1113 1188 1311 241 210 211 212 1518 561 562 1519 1520 46 269 388 406 414 444 580 644 666 1046 1525 1596 47 270 581 1597 389 668 1281 519 605 1527 443 455 407 454 1526 55 667 583 1635 582 415 393 647 880 1167 1490 1571 1634 1636 392 105 127 606 841 842 846 847 878 879 994 1165 1208 1209 1284 1285 1349 1449 1451 1493 1655 1687 106 341 1236 1237 1403 1404 330 342 597 607 970 1151 1211 1288 1454 70 1168 1637 69 1161 1210 1287 1453 848 1153 1160 1152 650 750 751 1092 1166 1286 1450 1452 648 649 68 67 94 95 93 1654 258 840 992 993 1207 1491 83 233 484 485 594 1091 1234 1492 234 596 595 1235 972 971 973 969 991 273 1348 261 645 646 518 922 550 843 1035 600 555 96 97 314 560 313 316 1047 1048 1465 944 1785 784 292 1050 1390 488 533 489 490 53 1184 732 
6: 25 26 167 1217 1218 1219 817 1189 1190 1442 1459 1480 1556 1557 1909 1910 1911 1914 1935 1936 1941 1959 352 358 439 440 740 741 742 756 757 758 759 762 763 781 818 1005 1006 1016 1036 1037 1038 1191 1192 1228 1229 1327 1328 1329 1330 1331 1337 1369 1370 1371 1373 1374 1375 1423 1424 1443 1481 1501 1502 1503 1705 1706 1707 1708 1709 1754 1755 1756 1757 1758 1759 1810 1811 1912 1913 1915 1937 1960 1961 1987 168 223 360 412 565 760 761 1193 1194 1230 1376 1558 1827 1828 1829 224 680 782 343 566 359 1622 1999 1617 28 237 238 436 498 609 610 828 953 954 962 963 1023 1024 1055 1056 1088 1089 1158 1316 1318 1352 1353 1388 1569 1579 1581 1582 1585 1586 1587 1618 1619 1620 1621 1627 1629 1631 1633 1727 1779 1780 1854 1860 1862 1863 1864 1866 1881 1882 1903 1905 1916 1918 1919 1920 1921 1922 1924 1947 1983 1985 29 1472 771 1389 1471 770 772 113 416 827 1012 1902 111 112 1086 710 1087 1577 1726 711 713 712 1728 1730 1231 1901 1904 1906 52 244 437 822 950 951 1011 1013 1014 1019 1057 1090 1232 1233 1632 1861 1907 1923 1982 1984 438 500 776 1565 1058 1564 1568 821 957 1566 1567 1729 1917 738 823 1578 737 730 731 739 964 1021 1022 1317 1319 1350 1351 1580 1583 1588 1589 1628 1630 1853 1865 1867 317 409 729 774 958 1182 318 955 956 959 773 775 426 425 427 428 1020 1851 1025 1852 1855 1026 1856 1925 1948 744 743 745 124 1986 245 1846 499 1584 501 952 1157 1339 1356 1372 1355 92 177 1425 1460 1017 221 220 222 
7: 30 31 465 470 471 611 642 643 983 1396 466 472 473 612 984 1397 1414 467 469 121 468 966 1417 1418 120 586 670 1150 965 1415 1416 584 669 1180 1181 1398 585 587 939 940 941 942 175 328 986 1280 174 1279 614 1100 613 616 615 300 399 1101 1399 72 754 1149 71 755 985 327 967 
8: 40 801 321 419 802 803 1073 1074 1122 1123 1173 1395 323 296 322 483 295 1110 1124 602 1248 1406 1247 1175 1545 1174 41 1405 1109 1407 183 250 384 481 251 420 421 482 903 919 181 902 179 180 
9: 43 589 910 917 918 590 807 913 1308 591 592 1506 1507 1508 1598 1645 135 339 340 912 1148 1509 1510 1511 1599 1600 133 134 452 1532 1147 1533 1534 571 808 911 569 570 809 231 232 453 914 915 810 
10: 44 45 385 386 875 876 877 510 577 867 907 1137 1238 1798 511 512 869 1008 1070 1071 1430 1593 1594 868 870 262 1431 1455 73 144 263 974 1069 1456 74 331 332 539 540 671 1007 1009 1657 162 1010 1104 1239 579 894 1470 578 871 1799 91 576 1225 90 89 1224 906 925 1080 449 450 451 672 338 1675 447 660 1674 1676 445 446 448 655 154 656 496 397 661 161 892 976 1656 145 893 146 1102 153 1103 895 1457 872 1673 541 1072 1138 1282 1139 975 249 398 1105 1432 1595 186 189 
11: 54 59 100 115 139 299 302 461 462 622 623 662 787 798 916 1052 1053 1054 1084 1085 618 617 169 
12: 75 285 306 476 477 513 526 604 829 1018 1039 1135 1136 1298 1299 1336 1458 1140 1040 
13: 81 82 142 887 1079 256 362 400 417 507 545 651 752 764 765 1154 1220 1260 1473 1544 1908 109 110 143 257 363 508 509 546 753 1256 1257 1790 1880 190 888 191 700 1258 1259 1474 701 702 652 904 905 192 184 185 418 
14: 87 132 159 165 170 171 196 197 213 214 219 225 282 351 361 542 543 593 608 627 628 632 663 735 736 746 747 748 749 799 800 900 960 961 1097 1098 1099 1309 1332 1333 1572 1573 1574 1666 1667 1668 1703 1704 1750 160 599 286 658 659 287 288 598 909 117 692 693 908 694 901 474 475 849 
15: 271 
16: 280 281 830 943 734 1146 301 413 442 458 459 460 495 733 1159 831 603 
17: 387 
18: 431 
