# The links inside the communities at k=3
# from G:\Dropbox\Raghda\CNA\Final Project\other methods\CFinder-2.0.6--1448\G:\Dropbox\Raghda\CNA\Final Project\Datasets\binary_networks\LFR5\network_LFR5_Om2.dat
# at no lower link weight threshold,
# and at no upper link weight threshold.
# Links were treated as undirected.
# No time limit was set for the clique search.

0:
740 502
740 715
740 984
740 960
740 390
740 761
740 814
740 483
8 965
8 750
884 540
884 113
884 877
884 961
884 179
884 878
884 241
884 520
884 268
884 303
884 539
884 404
884 445
884 585
932 828
932 855
932 955
932 972
932 726
932 898
932 703
932 948
932 878
932 962
932 682
932 780
932 699
932 880
932 415
932 803
932 365
932 555
932 469
10 786
10 828
10 997
786 828
786 997
786 839
786 482
786 454
828 511
828 967
828 682
828 699
828 803
828 674
828 365
828 555
828 428
997 820
997 972
997 813
997 151
997 839
997 950
997 819
997 515
997 174
997 532
997 285
997 962
997 760
997 965
997 795
997 750
997 821
997 274
997 319
997 351
997 482
997 361
997 386
997 416
997 422
997 61
997 800
997 558
997 454
997 523
997 673
997 561
997 696
997 99
100 835
100 951
353 898
353 873
835 951
835 903
835 865
835 823
835 976
835 264
835 512
835 376
835 449
835 497
951 903
951 805
951 989
951 866
951 526
951 823
951 976
951 975
951 915
951 907
951 537
951 569
951 736
951 512
951 265
951 627
951 872
951 449
951 560
951 574
1000 114
1000 122
1000 234
1000 245
1000 261
1000 27
1000 471
1000 484
1000 488
1000 492
1000 52
1000 525
1000 531
1000 614
1000 655
1000 709
1000 77
1000 787
1000 791
1000 802
1000 806
1000 849
1000 890
1000 891
1000 899
1000 906
1000 913
1000 917
1000 922
1000 925
1000 944
1000 952
1000 968
1000 986
1000 988
114 614
122 988
154 999
154 690
234 952
234 968
245 988
261 917
261 952
261 988
27 988
460 979
460 766
467 990
467 976
467 357
467 408
471 986
471 988
471 956
484 988
488 988
488 999
488 626
492 988
492 867
511 984
511 967
511 699
511 356
511 469
52 899
52 988
525 899
525 917
525 988
525 824
531 922
531 925
531 979
531 995
614 899
614 906
614 988
614 984
614 633
655 899
655 360
709 899
709 988
709 924
709 901
709 983
77 986
77 988
787 806
787 917
787 925
787 986
787 988
791 906
791 917
791 988
791 978
791 946
791 824
791 942
791 947
791 436
802 890
802 341
802 881
802 954
802 838
802 832
802 689
806 917
806 952
806 988
806 974
806 784
806 870
806 834
806 666
849 890
849 899
849 917
849 952
849 988
849 905
849 798
849 851
849 782
849 963
858 923
858 998
858 799
858 567
858 914
858 918
858 621
858 679
858 514
858 377
858 48
858 797
890 917
890 925
890 952
890 968
890 988
890 881
890 846
890 850
890 962
890 832
890 383
890 660
891 988
891 909
891 957
891 868
891 948
891 926
891 900
891 792
891 764
891 310
891 762
891 71
891 503
899 906
899 917
899 952
899 968
899 988
899 983
899 824
899 633
899 360
903 865
903 130
903 823
903 976
903 825
903 155
903 888
903 215
903 736
903 265
903 594
903 618
903 497
906 917
906 925
906 952
906 988
906 974
906 881
906 954
906 846
906 172
906 838
906 970
906 832
906 290
913 986
913 775
913 999
913 946
913 995
913 969
913 419
913 869
913 916
913 790
917 925
917 952
917 968
917 988
917 824
917 942
917 633
917 970
917 9
922 116
922 845
922 974
922 979
922 813
922 169
922 995
922 947
922 953
922 827
922 457
922 543
922 757
922 342
922 403
922 588
925 952
925 968
925 988
925 984
925 967
925 770
925 960
925 991
925 839
925 919
925 970
925 830
943 936
943 824
943 842
943 963
943 612
943 753
943 318
943 949
943 650
944 988
944 815
944 985
944 980
944 688
944 885
944 779
944 962
944 744
944 603
944 837
944 306
944 236
944 239
944 275
944 300
944 417
944 708
944 496
944 499
952 968
952 984
952 967
952 770
952 960
952 991
952 975
952 919
952 850
952 500
952 970
952 517
952 666
952 755
968 988
968 985
968 885
968 955
968 769
968 824
968 741
968 633
968 962
968 914
968 201
968 214
968 753
968 949
968 702
968 697
968 45
968 80
986 775
986 847
986 956
986 984
986 882
986 967
986 583
986 995
986 822
986 565
986 444
986 22
986 780
986 225
986 969
986 970
986 249
986 419
986 869
986 916
986 391
986 323
986 339
986 445
986 608
986 790
986 774
986 73
988 856
988 994
988 867
988 824
988 962
988 796
988 9
988 807
359 829
359 857
359 953
815 973
815 945
815 897
815 894
815 313
815 708
815 645
908 605
908 137
908 911
908 928
908 716
908 831
908 324
908 352
908 628
908 650
908 683
908 774
908 777
964 104
964 993
964 730
964 886
964 935
964 929
964 781
964 742
964 971
964 859
964 548
964 766
964 641
964 385
964 433
964 424
964 706
964 800
964 503
964 731
964 662
973 110
973 945
973 985
973 996
973 981
973 733
973 860
973 950
973 809
973 992
973 857
973 772
973 897
973 816
973 895
973 363
973 371
973 376
973 412
973 708
973 597
973 645
973 698
973 768
874 924
874 901
874 983
874 987
874 619
874 972
874 887
874 704
874 744
874 863
874 444
874 880
874 933
874 464
966 871
966 910
966 877
966 778
966 860
966 898
966 663
966 804
966 918
966 535
966 446
966 56
966 751
104 993
840 974
840 784
840 870
840 834
840 629
982 909
982 945
982 957
982 825
982 868
982 941
982 817
982 994
982 155
982 888
982 161
982 789
982 995
982 926
982 900
982 248
982 748
982 729
982 442
982 474
982 618
982 588
982 767
993 730
993 923
993 811
993 781
993 219
993 961
993 742
993 907
993 995
993 17
993 971
993 896
993 232
993 992
993 202
993 921
993 859
993 897
993 349
993 766
993 916
993 933
993 288
993 581
993 433
993 424
993 940
993 800
993 473
993 610
993 797
993 731
993 662
993 669
105 865
105 990
730 781
730 971
730 859
730 473
730 662
865 990
865 823
865 976
865 15
865 551
865 512
923 998
923 773
923 896
923 918
923 621
923 494
923 514
923 873
923 377
923 797
923 669
990 996
990 976
990 825
990 559
990 749
990 15
990 934
990 819
990 322
990 328
990 648
990 217
990 659
990 564
990 357
990 408
990 491
990 382
990 675
106 810
106 893
106 977
810 893
810 977
810 737
810 911
810 639
810 431
810 443
810 94
893 977
893 737
893 911
893 947
893 639
893 431
893 443
893 72
893 75
893 94
924 901
924 983
924 677
924 13
924 972
924 887
924 744
924 280
924 754
924 409
924 729
924 550
924 794
924 505
977 989
977 978
977 737
977 911
977 975
977 946
977 732
977 947
977 816
977 639
977 665
977 808
977 963
977 949
977 681
977 693
977 369
977 700
977 431
977 443
977 530
977 755
977 72
977 75
977 94
107 502
107 715
502 715
502 390
715 718
715 847
715 854
715 701
715 293
715 814
775 956
775 822
805 989
805 975
805 907
909 825
909 888
909 161
909 789
909 195
909 764
909 272
909 757
909 762
909 403
909 71
909 503
909 588
912 862
912 999
912 580
912 897
912 916
912 568
912 428
912 940
912 480
540 877
718 910
718 854
718 778
847 981
847 882
847 976
847 822
847 969
847 916
847 293
847 814
847 790
871 910
871 998
871 778
871 898
871 663
871 918
871 535
871 842
871 873
871 803
871 398
871 590
656 937
656 779
656 915
656 235
656 423
855 134
855 721
855 613
855 703
855 780
855 880
855 29
855 728
855 731
110 945
937 984
937 967
937 779
937 915
937 934
937 194
937 221
937 235
937 256
937 257
937 315
937 627
937 423
937 474
937 793
937 669
937 67
945 820
945 957
945 882
945 856
945 930
945 991
945 817
945 994
945 809
945 965
945 897
945 748
945 363
945 371
945 708
945 442
945 645
945 767
111 901
111 983
605 911
605 928
605 231
605 716
605 774
901 983
901 972
901 975
901 887
901 18
901 739
901 754
901 933
901 550
901 447
901 657
901 505
983 984
983 979
983 124
983 677
983 13
983 972
983 975
983 166
983 887
983 18
983 739
983 444
983 939
983 566
983 280
983 754
983 933
983 552
983 409
983 729
983 550
983 636
983 447
983 622
983 794
983 657
983 505
985 981
985 688
985 120
985 885
985 955
985 867
985 156
985 896
985 850
985 603
985 914
985 236
985 239
985 466
985 300
985 372
985 350
985 702
985 371
985 417
985 420
985 496
985 499
112 864
112 910
112 980
112 996
864 980
864 996
864 958
864 413
864 596
864 843
864 848
864 317
864 892
864 321
864 800
864 563
864 797
910 996
910 115
910 854
910 987
910 387
910 778
910 898
910 804
910 918
910 842
910 446
910 751
980 996
980 158
980 958
980 779
980 611
980 649
980 413
980 744
980 837
980 609
980 894
980 676
980 843
980 848
980 275
980 963
980 317
980 892
980 321
980 487
980 797
996 989
996 820
996 920
996 950
996 158
996 958
996 819
996 942
996 649
996 962
996 413
996 704
996 965
996 921
996 795
996 596
996 609
996 244
996 880
996 843
996 848
996 750
996 821
996 317
996 892
996 321
996 334
996 581
996 437
996 416
996 800
996 487
996 522
996 557
996 563
996 595
996 797
113 877
877 860
877 961
877 878
877 520
877 585
862 956
862 999
862 690
862 931
862 916
862 331
862 553
862 568
862 940
862 707
862 830
989 866
989 929
989 846
989 976
989 701
989 270
989 653
989 975
989 168
989 907
989 537
989 63
989 349
989 639
989 281
989 286
989 300
989 301
989 334
989 814
989 388
989 402
989 872
989 530
989 487
989 54
989 560
989 595
989 574
115 854
854 998
854 898
854 900
854 842
854 814
854 751
116 845
116 974
820 920
820 950
820 285
820 962
820 965
820 596
820 821
820 892
820 416
820 557
820 561
845 974
845 979
845 995
845 947
845 953
845 676
845 457
845 543
845 757
845 342
845 681
974 999
974 979
974 954
974 784
974 829
974 813
974 169
974 995
974 841
974 870
974 264
974 947
974 953
974 827
974 832
974 543
974 757
974 326
974 834
974 590
974 629
974 598
974 666
974 751
974 76
117 533
117 956
117 999
205 962
205 795
533 999
533 413
533 940
533 50
956 999
956 882
956 580
956 583
956 690
956 995
956 822
956 921
956 969
956 722
956 276
956 323
956 745
956 940
956 608
956 830
956 774
999 132
999 580
999 592
999 690
999 995
999 413
999 918
999 224
999 897
999 931
999 722
999 626
999 916
999 309
999 323
999 331
999 564
999 553
999 746
999 745
999 568
999 940
999 707
999 480
999 50
999 830
118 414
118 811
118 984
414 811
414 984
414 833
759 994
759 942
759 948
759 878
759 926
759 875
759 218
759 406
811 984
811 896
811 833
811 671
984 783
984 967
984 972
984 770
984 960
984 991
984 89
984 919
984 633
984 500
984 833
984 970
984 527
984 437
984 597
984 591
984 671
984 830
984 541
984 563
119 886
119 981
866 846
866 701
866 270
866 653
866 639
866 281
866 300
866 301
866 814
866 388
866 530
886 981
886 935
886 941
886 946
886 170
886 741
886 658
886 637
886 635
886 519
886 776
886 542
886 458
886 498
886 616
978 920
978 477
978 946
978 587
978 942
978 556
978 947
978 969
978 816
978 255
978 808
978 883
978 31
978 949
978 776
978 681
978 534
978 693
978 700
978 593
978 436
978 475
978 607
981 623
981 860
981 941
981 994
981 741
981 822
981 192
981 992
981 857
981 921
981 617
981 895
981 637
981 627
981 340
981 519
981 776
981 542
981 371
981 392
981 412
981 426
981 434
981 698
981 498
981 616
981 768
12 935
12 987
688 885
688 350
935 987
935 929
935 889
935 139
935 764
935 863
935 838
935 969
935 418
935 883
935 281
935 575
935 747
935 762
935 410
935 404
935 405
935 794
935 616
987 619
987 889
987 634
987 724
987 744
987 863
987 207
987 838
987 40
987 969
987 276
987 279
987 327
987 539
987 332
987 362
987 405
987 527
987 585
987 490
987 516
987 751
120 885
783 967
783 770
783 991
783 994
783 900
783 970
783 808
885 955
885 867
885 975
885 603
885 678
885 914
885 239
885 761
885 350
885 452
885 480
929 168
929 175
929 724
929 418
929 883
929 281
929 284
929 747
929 508
929 762
929 410
929 501
929 428
929 455
929 794
929 509
121 4
121 651
121 979
336 938
336 958
336 939
336 374
4 651
651 979
651 187
651 676
651 766
651 304
651 462
979 813
979 995
979 841
979 187
979 320
979 837
979 947
979 953
979 676
979 766
979 827
979 278
979 304
979 462
979 457
979 543
979 757
979 636
979 83
979 588
957 856
957 868
957 994
957 888
957 995
957 962
957 926
957 900
957 894
957 676
957 735
957 310
957 313
957 343
957 674
957 557
957 768
957 767
781 742
781 971
781 859
781 766
781 385
781 473
781 662
124 677
387 578
387 898
677 938
677 939
727 967
727 991
727 919
727 500
727 970
727 3
727 554
727 755
955 726
955 153
955 867
955 156
955 769
955 975
955 896
955 850
955 914
955 214
955 372
955 528
955 456
955 420
955 697
955 45
955 480
955 80
619 634
619 863
619 279
619 464
737 911
341 954
341 846
623 434
720 994
720 995
720 948
720 875
881 476
881 954
881 846
881 838
881 832
881 631
881 496
881 686
881 689
128 578
128 998
578 998
578 898
578 873
882 991
882 995
882 822
882 969
882 249
882 869
882 916
882 339
882 442
882 790
882 774
882 73
967 960
967 991
967 726
967 919
967 576
967 699
967 970
967 256
967 808
967 641
967 627
967 356
967 674
967 428
967 469
967 517
967 830
967 595
998 778
998 299
998 898
998 663
998 857
998 804
998 918
998 816
998 842
998 494
998 272
998 873
998 803
998 398
998 56
998 755
998 751
129 526
129 954
476 832
476 92
526 954
526 823
526 976
526 172
954 846
954 172
954 838
954 273
954 832
954 383
954 290
954 30
954 631
954 660
954 496
954 686
954 689
13 972
846 270
846 639
846 660
846 814
846 388
972 721
972 611
972 780
972 894
972 661
972 754
972 933
972 691
972 729
972 550
972 728
972 389
972 450
972 454
972 794
130 823
130 976
823 976
823 569
823 376
976 749
976 958
976 934
976 160
976 819
976 907
976 322
976 822
976 217
976 939
976 736
976 796
976 512
976 659
976 564
976 408
976 376
976 449
976 560
219 961
132 580
132 592
580 745
592 707
733 992
733 895
733 765
733 434
784 870
784 834
784 629
784 598
784 666
134 721
721 780
721 691
721 728
721 731
889 139
889 946
889 724
889 744
889 863
889 969
889 279
889 575
889 547
889 490
889 751
701 270
701 653
701 301
701 814
778 804
778 842
778 272
860 961
860 896
860 992
860 857
860 203
860 705
860 895
860 698
860 584
860 768
137 911
911 975
911 926
911 928
911 639
911 324
911 431
911 443
911 683
911 777
583 995
640 756
640 920
640 818
640 421
640 793
634 327
634 464
634 516
856 930
856 941
856 994
856 971
856 649
856 926
856 900
856 768
856 767
856 777
141 756
141 920
756 920
756 818
756 185
756 393
756 421
756 608
756 55
756 793
825 888
825 789
825 648
825 736
825 486
825 545
825 618
825 588
879 817
879 994
879 771
879 938
879 898
879 958
879 942
879 948
879 926
879 875
879 939
879 713
879 638
879 375
879 536
920 818
920 942
920 992
920 947
920 816
920 821
920 700
920 393
920 593
920 421
920 608
920 793
142 599
142 868
142 930
142 941
599 930
599 771
599 938
599 958
599 939
868 941
868 826
868 994
868 900
868 842
868 735
868 507
868 768
868 767
930 941
930 817
930 826
930 994
930 771
930 958
930 900
930 248
930 393
941 826
941 170
941 741
941 926
941 637
941 519
941 542
941 426
941 458
941 498
143 770
143 960
143 991
770 991
770 919
770 970
770 641
936 824
936 842
936 297
936 963
936 612
936 753
936 318
936 892
936 949
936 396
936 435
936 478
936 650
936 830
960 991
960 867
960 919
960 678
960 582
960 24
960 970
960 895
960 637
960 278
960 635
960 761
960 765
960 483
960 5
960 554
991 162
991 919
991 500
991 565
991 582
991 970
991 329
991 641
991 538
991 3
991 527
991 41
991 458
991 487
991 830
991 554
991 755
991 69
144 817
144 826
144 994
506 829
506 294
506 848
506 710
817 826
817 994
817 615
826 994
826 926
826 507
994 905
994 995
994 971
994 942
994 948
994 179
994 878
994 926
994 900
994 875
994 638
994 248
994 808
994 748
994 32
994 34
994 340
994 406
994 442
994 615
994 461
994 518
994 790
994 588
994 755
145 559
145 749
440 763
440 546
559 749
559 934
559 357
749 160
749 322
749 796
749 807
773 799
773 200
773 914
773 621
905 851
905 902
905 959
905 782
905 875
905 963
905 801
905 326
905 694
905 685
905 767
829 904
829 953
829 710
726 803
726 469
726 595
15 551
551 870
551 834
771 782
771 939
771 963
771 801
771 694
813 839
813 515
813 995
813 953
813 274
813 558
938 477
938 958
938 401
938 582
938 939
938 713
938 738
938 722
938 659
938 375
938 746
938 536
938 395
938 670
151 839
839 919
839 319
839 351
839 386
839 422
839 61
839 454
839 686
839 99
152 299
152 898
299 898
653 286
653 388
653 595
898 992
898 875
898 918
898 842
898 873
898 803
961 975
961 907
961 896
961 179
961 992
961 861
961 863
961 921
961 241
961 520
961 268
961 303
961 539
961 581
961 940
961 445
961 585
153 867
867 190
867 678
867 761
867 765
867 420
867 836
867 483
477 949
477 375
477 536
690 276
690 830
155 888
888 789
888 215
888 272
888 729
888 757
888 486
888 594
888 545
888 407
888 606
950 819
950 448
950 965
950 596
950 609
950 880
950 750
950 821
950 416
950 940
950 800
950 487
950 522
950 557
950 673
950 696
156 769
769 201
769 456
769 697
769 45
818 185
818 421
818 608
818 55
818 793
157 798
157 851
157 902
798 851
798 902
798 796
798 963
798 685
851 959
851 782
851 760
851 796
851 963
851 801
851 694
851 685
89 527
902 850
902 931
902 250
902 712
902 827
902 312
902 378
902 694
902 685
902 767
158 958
958 896
958 649
958 841
958 914
958 939
958 713
958 843
958 722
958 848
958 317
958 892
958 334
958 746
958 393
958 670
958 940
958 797
975 907
975 850
975 914
975 537
975 63
975 528
975 702
975 384
975 456
975 872
975 54
975 560
975 574
975 80
613 728
613 731
16 779
16 915
16 934
779 915
779 843
779 793
915 934
915 194
915 221
915 235
915 256
915 257
915 315
915 627
915 423
915 474
915 793
915 669
915 67
934 322
934 217
934 256
934 659
934 315
934 357
934 675
934 423
934 807
934 474
934 793
934 669
160 819
819 328
819 962
819 796
819 361
819 99
161 789
789 965
789 215
789 407
789 474
789 606
162 919
919 565
919 24
919 970
919 329
919 641
919 747
919 830
919 69
672 850
672 576
672 931
672 712
672 378
946 732
946 995
946 969
946 255
946 494
946 808
946 776
946 693
946 700
946 436
946 475
946 607
824 962
824 963
824 753
824 949
742 971
166 887
732 494
732 949
732 776
732 681
887 661
887 566
887 754
887 933
887 552
887 409
887 447
887 794
887 505
586 895
586 765
809 633
809 479
809 833
809 897
809 708
809 597
809 591
809 671
168 907
515 532
515 61
515 686
907 537
907 63
907 349
907 766
907 933
907 402
907 872
907 54
907 560
907 574
169 995
995 822
995 837
995 444
995 223
995 947
995 953
995 225
995 969
995 249
995 676
995 827
995 869
995 916
995 391
995 457
995 801
995 757
995 339
995 674
995 403
995 445
995 790
995 588
995 73
17 971
971 859
971 548
971 766
971 641
971 385
971 546
971 433
971 424
971 706
971 800
971 46
971 503
971 473
971 731
971 662
170 741
741 658
741 635
741 627
741 519
741 702
587 947
587 808
587 774
942 948
942 878
942 926
942 208
942 875
942 255
942 808
942 31
942 949
942 681
942 518
942 755
959 782
959 963
959 316
959 801
959 694
959 685
959 549
633 833
663 446
663 590
896 992
896 921
896 229
896 319
896 581
896 940
896 509
896 584
174 532
532 558
532 686
948 878
948 926
948 208
948 875
948 218
948 638
948 32
948 34
948 406
948 684
948 461
948 518
948 755
175 724
724 969
724 883
724 747
724 405
763 548
763 546
232 921
850 214
850 931
850 827
850 420
850 426
611 676
611 275
611 754
611 933
649 777
841 799
841 914
841 872
179 878
878 875
878 520
878 303
878 539
878 404
878 518
18 739
739 933
962 704
962 760
962 965
962 795
962 596
962 609
962 216
962 880
962 750
962 821
962 407
962 522
962 557
962 673
962 696
962 62
294 710
782 760
782 875
782 780
782 963
782 685
926 875
926 34
926 684
926 518
926 777
928 231
928 716
928 831
928 324
928 352
928 545
928 628
928 650
928 683
928 774
928 777
900 248
900 842
900 748
900 442
900 768
792 764
792 757
792 762
822 565
822 969
822 869
822 916
822 790
704 880
704 750
704 821
704 696
744 969
744 306
187 320
320 766
576 931
576 699
576 712
500 970
760 965
760 673
190 678
678 402
678 765
678 836
192 992
992 861
992 857
992 335
992 921
992 705
992 380
992 772
992 816
992 895
992 552
992 284
992 803
992 581
992 392
992 547
992 765
992 412
992 940
992 493
992 698
992 768
861 921
799 914
799 873
799 377
799 872
799 797
195 764
764 699
764 757
764 762
565 970
857 904
857 953
857 816
857 617
857 552
857 376
857 606
804 535
198 711
198 837
198 904
711 837
711 772
711 927
711 530
711 657
837 904
837 772
837 894
837 654
837 927
837 594
904 772
904 953
904 573
904 927
904 594
904 530
904 657
904 58
904 606
335 705
870 264
870 326
870 834
870 590
870 629
870 598
870 666
870 76
2 479
2 833
479 833
479 591
833 597
833 591
833 671
833 563
20 448
20 965
448 965
648 366
648 491
648 618
965 795
965 244
965 880
965 750
965 274
965 407
965 437
965 708
965 940
965 800
965 523
965 673
965 561
965 696
965 62
200 914
264 512
567 918
914 918
914 466
914 679
914 873
914 702
914 452
401 939
401 536
202 921
863 207
863 838
863 969
863 276
863 332
863 405
863 585
863 751
921 772
921 229
921 284
921 288
921 319
921 581
921 547
921 940
921 610
203 705
705 895
705 489
705 698
795 216
795 522
795 673
795 62
582 939
582 970
582 670
207 838
838 969
838 273
838 832
838 425
208 875
875 406
875 684
875 461
875 755
380 581
40 969
556 949
859 931
859 641
859 963
859 433
859 424
859 706
859 800
859 731
859 662
569 736
569 449
918 621
918 535
918 262
918 679
918 309
918 803
918 446
918 56
918 830
772 927
772 396
22 780
780 969
780 728
780 685
780 790
621 377
621 48
658 498
223 947
223 953
947 953
947 897
947 665
947 827
947 573
947 949
947 681
947 940
953 827
953 573
953 927
953 710
953 543
953 342
953 606
224 897
224 931
897 302
897 916
897 371
897 746
897 940
897 597
897 645
931 250
931 827
931 626
931 312
931 963
931 378
931 746
931 745
931 396
931 420
931 568
931 426
931 480
225 969
969 279
969 391
969 339
969 547
969 425
969 475
969 751
894 654
894 735
894 313
894 343
894 674
894 389
894 422
894 708
939 228
939 713
939 738
939 659
939 374
939 746
939 670
939 499
228 713
418 883
418 747
713 670
699 803
699 762
699 595
548 546
231 716
716 628
716 650
716 683
716 777
816 970
816 895
816 949
816 755
661 933
738 722
24 970
970 329
970 538
970 527
970 41
970 458
970 487
970 517
970 554
970 755
970 69
241 520
617 895
617 493
665 681
796 801
796 675
796 807
895 489
895 765
895 412
895 434
895 493
895 698
249 676
250 712
250 827
712 827
712 378
880 415
880 750
880 29
880 728
880 696
573 710
573 949
842 963
842 612
842 892
842 949
869 790
843 848
843 892
637 635
637 542
637 616
262 679
722 670
722 940
927 594
927 396
927 530
927 657
927 58
848 710
848 892
735 313
735 389
831 628
831 683
831 774
808 748
808 774
641 747
821 800
821 522
821 696
273 832
832 383
832 686
832 92
883 747
883 508
883 892
883 949
883 762
883 410
883 404
883 428
883 455
883 794
883 509
278 304
278 635
304 462
635 761
635 836
302 916
916 745
916 790
916 830
916 774
280 754
280 933
754 933
754 657
933 409
933 729
933 801
933 550
933 622
933 794
933 505
873 803
873 872
284 747
747 762
747 501
747 509
383 631
508 501
538 830
297 963
963 612
963 753
963 892
963 949
963 326
963 396
963 549
963 435
963 490
963 767
30 631
631 689
301 612
301 753
612 753
753 892
753 949
753 435
462 636
729 618
729 606
761 402
761 765
761 836
761 5
659 499
315 627
627 542
316 801
801 694
801 685
801 403
801 622
318 892
318 949
892 949
892 334
892 650
949 700
949 435
949 478
949 490
949 830
757 751
327 539
332 362
340 519
340 776
776 681
776 616
564 745
564 675
366 491
351 482
356 674
486 618
528 697
528 452
702 452
702 80
534 436
408 675
491 382
369 700
700 393
410 501
375 746
746 940
834 629
834 598
834 666
745 707
745 830
814 595
384 456
389 450
547 940
395 670
545 683
402 765
765 483
403 71
405 527
675 807
501 794
437 597
872 560
872 574
872 647
872 797
636 83
420 697
697 452
422 708
568 940
428 940
940 707
940 584
940 669
493 698
446 590
447 622
454 686
836 483
46 503
645 698
628 683
629 666
707 480
591 671
671 541
509 584
557 673
563 595
647 797
1:
787 966
787 703
787 717
787 575
787 441
787 731
103 133
103 752
103 966
133 966
133 733
752 966
752 733
752 703
752 717
752 189
752 291
752 441
966 733
966 958
966 703
966 717
966 189
966 575
966 291
966 441
958 291
717 441
717 731
575 291
2:
209 47
209 876
720 652
720 876
720 572
976 47
976 876
652 876
652 348
652 363
652 572
47 876
47 348
876 348
876 363
3:
562 805
562 912
562 78
108 805
108 912
805 912
805 78
805 193
912 193
4:
990 123
990 230
123 230
5:
197 841
197 804
763 178
763 841
763 804
178 367
178 841
367 841
367 804
841 804
6:
999 14
999 465
14 465
7:
991 146
991 430
146 430
8:
146 773
146 905
773 905
9:
147 470
147 812
470 812
10:
997 148
997 643
812 643
812 829
812 355
812 6
812 549
148 643
148 829
643 829
643 602
829 602
829 6
829 549
602 549
355 6
11:
913 680
913 589
913 998
913 695
913 298
913 386
913 450
913 507
680 998
680 163
680 695
680 788
589 998
589 695
998 163
998 695
998 788
998 298
998 386
998 450
998 507
695 298
695 450
695 507
12:
990 167
990 586
167 586
13:
237 661
237 738
661 738
14:
632 719
632 959
171 587
171 719
171 959
587 719
587 959
719 959
719 646
719 660
719 453
719 7
959 265
959 646
959 660
959 64
959 453
959 7
959 461
265 646
646 660
646 453
646 461
64 453
453 7
15:
990 246
990 182
246 182
16:
912 222
912 658
912 607
222 658
658 607
17:
964 226
964 939
226 939
18:
812 513
812 35
513 35
19:
865 504
865 65
504 65
20:
247 877
247 758
877 567
877 758
877 848
877 642
877 425
877 706
567 706
758 266
758 848
758 642
758 85
758 472
758 497
266 848
848 642
848 425
848 472
642 706
642 85
642 497
425 706
21:
495 544
495 81
544 81
22:
295 982
295 984
982 984
23:
529 254
529 687
529 692
529 394
714 687
714 654
714 604
714 692
714 831
714 691
714 521
254 604
254 692
939 604
939 831
687 604
687 692
687 831
687 521
654 831
604 692
604 831
604 691
692 831
692 394
831 521
691 521
24:
571 244
571 638
571 259
244 638
638 259
638 869
259 869
25:
251 624
251 788
624 788
624 728
788 728
26:
988 840
988 736
840 736
840 252
840 297
736 252
736 297
27:
601 258
601 600
601 316
601 337
601 743
258 368
258 600
368 600
600 743
316 337
337 743
28:
460 368
460 869
368 869
29:
643 263
643 927
263 927
30:
524 263
524 347
524 735
524 451
263 347
347 451
927 267
927 735
927 451
267 735
735 451
31:
990 742
990 283
742 283
32:
992 287
992 429
287 429
33:
853 844
853 644
853 785
853 734
853 296
853 852
853 438
853 620
853 723
853 478
853 579
853 664
844 644
844 785
844 969
844 734
844 296
844 852
844 438
844 620
844 723
844 478
844 579
844 664
644 785
644 734
644 852
644 664
785 969
785 734
785 852
785 555
785 723
785 579
785 664
734 852
734 723
734 579
734 664
296 852
852 438
852 555
852 620
852 723
852 579
852 664
438 723
723 579
723 664
34:
876 344
876 489
344 489
35:
979 352
979 553
352 553
36:
737 448
737 397
448 397
37:
481 510
481 743
510 717
510 869
510 743
717 869
717 743
38:
943 465
943 468
943 836
465 836
468 836
39:
943 667
943 725
943 861
943 411
943 544
667 961
667 725
667 544
961 725
725 439
725 411
861 544
439 411
439 620
439 468
411 620
620 468
40:
861 463
861 645
463 645
41:
932 624
932 459
624 459
42:
786 726
786 570
726 570
43:
840 592
840 738
592 738
44:
953 807
953 615
807 615
45:
826 668
826 689
668 689
46:
930 738
930 669
738 669
47:
739 682
739 710
682 710
48:
815 948
815 843
948 843
49:
901 950
901 832
950 832
