# The communities at k=3
# from G:\Dropbox\Raghda\CNA\Final Project\other methods\CFinder-2.0.6--1448\G:\Dropbox\Raghda\CNA\Final Project\Datasets\binary_networks\LFR5\network_LFR5_Om2.dat
# at no lower link weight threshold,
# and at no upper link weight threshold.
# Links were treated as undirected.
# No time limit was set for the clique search.

0: 740 8 884 932 10 786 828 997 100 353 835 951 1000 114 122 154 234 245 261 27 460 467 471 484 488 492 511 52 525 531 614 655 709 77 787 791 802 806 849 858 890 891 899 903 906 913 917 922 925 943 944 952 968 986 988 359 815 908 964 973 874 966 104 840 982 993 105 730 865 923 990 106 810 893 924 977 107 502 715 775 805 909 912 540 718 847 871 656 855 110 937 945 111 605 901 983 985 112 864 910 980 996 113 877 862 989 115 854 116 820 845 974 117 205 533 956 999 118 414 759 811 984 119 866 886 978 981 12 688 935 987 120 783 885 929 121 336 4 651 979 957 781 124 387 677 727 955 619 737 341 623 720 881 128 578 882 967 998 129 476 526 954 13 846 972 130 823 976 219 132 580 592 733 784 134 721 889 701 778 860 137 911 583 640 139 634 856 141 756 825 879 920 142 599 868 930 941 143 770 936 960 991 144 506 817 826 994 145 440 559 749 773 905 829 270 726 15 551 771 813 938 151 839 152 299 653 898 961 153 867 477 690 155 888 950 156 769 818 157 798 851 89 902 158 958 975 613 703 16 779 915 934 160 819 161 789 162 919 672 946 824 742 166 732 887 586 809 168 515 907 169 322 995 17 971 170 741 587 942 959 172 633 663 896 174 532 948 175 724 763 232 285 850 611 649 328 841 179 878 18 739 962 294 782 926 928 413 900 185 792 822 704 744 187 320 603 576 500 760 190 678 192 992 861 194 799 195 764 565 857 804 198 711 837 904 335 870 2 479 833 20 448 648 965 200 264 567 914 201 401 202 863 921 203 705 795 537 582 207 838 208 875 596 682 609 380 40 556 859 569 214 918 215 216 217 444 218 772 22 780 621 221 658 223 63 947 953 224 897 931 225 969 894 939 228 418 713 229 699 548 231 390 716 306 349 654 816 235 236 661 736 738 239 24 970 241 520 639 566 617 665 244 638 796 248 895 249 676 250 712 766 827 535 880 573 255 415 419 256 257 842 869 466 843 637 329 262 494 679 722 927 512 265 848 626 735 831 268 808 750 641 821 272 273 832 274 275 276 883 514 278 304 635 279 302 916 280 391 754 933 281 873 552 575 284 747 383 409 286 288 312 29 290 748 508 538 293 710 297 963 3 378 30 631 300 301 612 753 303 691 462 309 729 761 31 457 310 659 803 313 315 543 627 316 801 317 318 892 949 319 32 321 323 324 757 326 327 539 372 331 332 362 334 374 339 342 34 340 519 776 564 343 489 660 366 350 351 482 352 550 553 356 674 357 681 486 528 702 9 360 361 534 408 363 728 693 365 491 542 762 369 555 700 371 594 410 375 746 834 376 377 745 536 694 581 382 814 384 456 385 386 388 389 450 392 685 393 547 395 670 396 398 545 546 402 765 403 71 404 405 527 406 407 675 41 501 412 437 872 416 593 417 636 684 420 697 421 422 433 568 708 423 61 424 425 706 426 549 428 940 455 807 431 434 435 800 436 597 442 443 493 445 446 590 447 622 449 45 558 452 496 454 686 615 48 458 836 46 503 461 645 464 469 628 473 530 629 474 475 707 92 478 608 591 480 650 50 483 607 618 487 585 490 610 698 497 498 499 671 5 794 657 505 507 509 584 598 516 517 518 58 522 523 790 56 830 54 541 683 55 554 557 673 560 561 563 595 83 574 696 774 588 647 99 606 689 797 731 616 768 62 767 666 755 777 793 662 669 67 69 80 72 73 75 751 76 94 
1: 787 103 133 752 966 733 958 703 717 189 575 291 441 731 
2: 209 720 976 652 47 876 348 363 572 
3: 562 108 805 912 78 193 
4: 990 123 230 
5: 197 763 178 367 841 804 
6: 999 14 465 
7: 991 146 430 
8: 146 773 905 
9: 147 470 812 
10: 997 812 148 643 829 602 355 6 549 
11: 913 680 589 998 163 695 788 298 386 450 507 
12: 990 167 586 
13: 237 661 738 
14: 632 171 587 719 959 265 646 660 64 453 7 461 
15: 990 246 182 
16: 912 222 658 607 
17: 964 226 939 
18: 812 513 35 
19: 865 504 65 
20: 247 877 567 758 266 848 642 425 706 85 472 497 
21: 495 544 81 
22: 295 982 984 
23: 529 714 254 939 687 654 604 692 831 691 394 521 
24: 571 244 638 259 869 
25: 251 624 788 728 
26: 988 840 736 252 297 
27: 601 258 368 600 316 337 743 
28: 460 368 869 
29: 643 263 927 
30: 524 263 347 927 267 735 451 
31: 990 742 283 
32: 992 287 429 
33: 853 844 644 785 969 734 296 852 438 555 620 723 478 579 664 
34: 876 344 489 
35: 979 352 553 
36: 737 448 397 
37: 481 510 717 869 743 
38: 943 465 468 836 
39: 943 667 961 725 861 439 411 620 468 544 
40: 861 463 645 
41: 932 624 459 
42: 786 726 570 
43: 840 592 738 
44: 953 807 615 
45: 826 668 689 
46: 930 738 669 
47: 739 682 710 
48: 815 948 843 
49: 901 950 832 
