# The links inside the communities at k=8
# from G:\Dropbox\Raghda\CNA\Final Project\other methods\CFinder-2.0.6--1448\G:\Dropbox\Raghda\CNA\Final Project\Datasets\binary_networks\LFR1\networ_LFR1_Om6.dat
# at no lower link weight threshold,
# and at no upper link weight threshold.
# Links were treated as undirected.
# No time limit was set for the clique search.

0:
1000 552
1000 580
1000 624
1000 650
1000 698
1000 705
1000 736
1000 751
1000 820
1000 828
1000 879
1000 906
1000 918
1000 936
1000 981
1000 991
1000 997
552 906
552 918
552 936
552 981
552 991
552 997
580 906
580 918
580 936
580 981
580 991
580 997
624 906
624 918
624 936
624 981
624 991
624 997
650 879
650 906
650 918
650 936
650 981
650 991
650 997
698 828
698 879
698 906
698 918
698 936
698 981
698 991
698 997
705 828
705 879
705 906
705 918
705 936
705 981
705 991
705 997
736 828
736 879
736 906
736 918
736 936
736 981
736 991
736 997
751 820
751 828
751 879
751 906
751 918
751 936
751 981
751 991
751 997
820 828
820 879
820 906
820 918
820 936
820 981
820 991
820 997
828 879
828 906
828 918
828 936
828 981
828 991
828 997
879 906
879 918
879 936
879 981
879 991
879 997
906 918
906 936
906 981
906 991
906 997
918 936
918 981
918 991
918 997
936 981
936 991
936 997
981 991
981 997
991 997
1:
947 961
947 966
947 970
947 933
947 782
947 932
947 560
947 581
947 758
947 626
947 689
947 745
961 966
961 970
961 933
961 782
961 932
961 560
961 581
961 758
961 626
961 689
961 745
966 970
966 933
966 782
966 932
966 560
966 581
966 758
966 626
966 689
966 745
970 933
970 782
970 932
970 560
970 581
970 758
970 626
970 689
970 745
933 782
933 932
933 560
933 581
933 758
933 626
933 689
933 745
782 932
782 560
782 581
782 758
782 626
782 689
782 745
932 560
932 581
932 758
932 626
932 689
932 745
581 758
758 626
758 689
758 745
689 745
2:
977 964
977 992
977 959
977 825
977 859
977 928
977 628
977 587
977 863
977 648
977 678
977 722
977 776
964 992
964 959
964 825
964 859
964 928
964 628
964 587
964 863
964 648
964 678
964 722
964 776
992 959
992 825
992 859
992 928
992 628
992 587
992 863
992 648
992 678
992 722
992 776
959 825
959 859
959 928
959 628
959 587
959 863
959 648
959 678
959 722
959 776
825 859
825 928
825 587
825 863
825 648
825 678
825 722
825 776
859 928
859 628
859 587
859 863
859 648
859 678
859 722
859 776
928 628
928 587
928 863
928 648
928 678
928 722
928 776
628 863
587 863
863 648
863 678
863 722
863 776
722 776
3:
929 875
929 917
929 900
929 911
929 795
929 636
929 612
929 711
875 917
875 900
875 911
875 795
875 636
875 612
875 711
917 900
917 911
917 795
917 636
917 612
917 711
900 911
900 795
900 636
900 612
900 711
911 795
911 636
911 612
911 711
795 636
795 612
795 711
636 711
612 711
4:
999 995
999 942
999 957
999 969
999 927
999 938
999 811
999 774
999 794
999 729
999 617
999 601
999 816
999 833
999 674
995 942
995 957
995 969
995 927
995 938
995 833
942 957
942 969
942 927
942 938
942 811
942 774
942 794
942 729
942 617
942 601
942 816
942 833
942 674
957 969
957 927
957 938
957 811
957 774
957 794
957 729
957 617
957 601
957 816
957 833
957 674
969 927
969 938
969 811
969 774
969 794
969 729
969 617
969 601
969 816
969 833
969 674
927 938
927 811
927 774
927 794
927 729
927 617
927 601
927 816
927 833
927 674
938 811
938 774
938 794
938 729
938 617
938 601
938 816
938 833
938 674
811 774
811 794
811 729
811 816
811 833
774 794
774 816
774 833
794 729
794 816
794 833
729 816
729 833
617 833
601 816
816 833
816 674
833 674
5:
995 972
995 990
995 986
995 939
995 876
995 935
995 941
944 972
944 990
944 634
944 986
944 787
944 913
944 939
944 876
944 935
944 941
944 569
944 574
944 681
944 693
944 726
944 790
972 990
972 634
972 986
972 787
972 913
972 939
972 876
972 935
972 941
972 569
972 574
972 590
972 681
972 693
972 726
972 790
990 634
990 986
990 787
990 913
990 939
990 876
990 935
990 941
990 569
990 574
990 590
990 681
990 693
990 726
990 790
634 986
634 913
634 939
634 876
634 935
986 787
986 913
986 939
986 876
986 935
986 941
986 569
986 574
986 590
986 681
986 693
986 726
986 790
787 913
787 939
787 876
787 935
787 941
787 590
787 726
787 790
913 939
913 876
913 935
913 941
913 574
913 681
913 693
913 726
913 790
939 876
939 935
939 941
939 569
939 574
939 590
939 693
939 726
939 790
876 935
876 941
876 681
876 693
876 726
876 790
935 941
935 569
935 590
935 681
935 693
935 726
935 790
941 569
941 574
941 590
941 681
941 693
941 726
941 790
6:
982 987
982 989
982 998
982 783
982 656
982 809
982 781
982 827
982 962
982 855
982 653
982 573
982 777
982 604
982 638
982 643
982 779
982 744
982 752
982 742
987 989
987 998
987 783
987 656
987 809
987 781
987 827
987 962
987 855
987 653
987 573
987 777
987 604
987 638
987 643
987 779
987 744
987 752
987 742
989 998
989 783
989 656
989 809
989 781
989 827
989 962
989 855
989 653
989 573
989 777
989 604
989 638
989 643
989 779
989 744
989 752
989 742
998 783
998 656
998 809
998 781
998 827
998 962
998 855
998 653
998 573
998 777
998 604
998 638
998 643
998 779
998 744
998 752
998 742
783 809
783 827
783 962
783 855
783 573
783 744
783 752
656 809
656 781
656 962
809 781
809 962
809 855
809 777
809 643
809 779
809 742
781 962
781 855
781 653
781 777
781 643
781 742
827 962
827 855
827 777
827 604
827 638
827 779
827 744
827 742
962 855
962 653
962 573
962 777
962 604
962 638
962 643
962 779
962 744
962 752
962 742
855 653
855 573
855 638
855 779
855 752
777 744
777 752
604 638
643 779
779 752
779 742
744 752
752 742
7:
996 882
996 895
996 908
996 924
996 832
996 712
996 840
882 895
882 908
882 924
882 832
882 712
882 840
882 578
882 666
895 908
895 924
895 832
895 712
895 840
895 578
895 666
908 924
908 832
908 712
908 840
908 578
908 666
924 832
924 712
924 840
924 578
924 666
832 712
832 840
832 578
832 666
712 840
712 578
712 666
840 578
840 666
8:
976 967
976 955
976 960
976 948
976 946
976 632
976 629
976 858
976 661
976 834
976 732
976 797
967 955
967 960
967 948
967 946
967 632
967 629
967 858
967 661
967 834
967 732
967 797
955 960
955 948
955 946
955 632
955 629
955 858
955 661
955 834
955 732
955 797
960 948
960 946
960 632
960 629
960 858
960 661
960 834
960 732
960 797
948 946
948 632
948 629
948 858
948 661
948 834
948 732
948 797
946 632
946 629
946 858
946 661
946 834
946 732
946 797
632 858
629 858
858 661
858 834
858 732
858 797
661 834
834 732
834 797
732 797
9:
980 985
980 993
980 975
980 717
980 963
980 660
980 741
980 819
980 743
980 818
980 669
980 679
980 737
985 993
985 975
985 717
985 963
985 660
985 741
985 819
985 743
985 818
985 669
985 679
985 737
993 975
993 717
993 963
993 660
993 741
993 819
993 743
993 818
993 669
993 679
993 737
975 717
975 963
975 660
975 741
975 819
975 743
975 818
975 669
975 679
975 737
717 963
717 741
717 819
717 669
717 737
963 660
963 741
963 819
963 743
963 818
963 669
963 679
963 737
660 819
660 743
660 818
741 819
741 743
741 818
741 737
819 743
819 818
819 669
819 679
819 737
743 737
818 669
818 679
818 737
679 737
10:
867 934
867 931
867 950
867 901
867 872
867 887
867 851
867 673
934 931
934 950
934 901
934 872
934 887
934 851
934 673
931 950
931 901
931 872
931 887
931 851
931 673
950 901
950 872
950 887
950 851
950 673
901 872
901 887
901 851
901 673
872 887
872 851
872 673
887 851
887 673
851 673
