# The cliques from G:\Dropbox\Raghda\CNA\Final Project\other methods\CFinder-2.0.6--1448\G:\Dropbox\Raghda\CNA\Final Project\Datasets\binary_networks\LFR6\network_LFR6_Om2.dat
# at no lower link weight threshold,
# and at no upper link weight threshold.
# Links were treated as undirected.
# No time limit was set for the clique search.

0: 1 679 991 993 
1: 151 583 944 
2: 100 860 985 
3: 1000 13 849 
4: 1000 13 936 
5: 1000 156 849 
6: 1000 202 685 
7: 1000 202 814 963 
8: 1000 794 83 
9: 101 488 986 
10: 101 540 998 
11: 101 986 998 
12: 102 673 783 927 
13: 102 673 927 970 
14: 103 884 960 
15: 104 790 931 
16: 993 105 926 
17: 107 910 966 
18: 107 957 976 
19: 849 963 148 
20: 966 111 452 
21: 966 111 756 
22: 112 888 918 
23: 966 115 705 952 
24: 966 115 778 952 
25: 116 129 941 
26: 116 612 941 
27: 129 999 379 
28: 117 570 902 
29: 117 902 940 971 
30: 985 997 120 
31: 997 120 732 
32: 997 120 903 
33: 121 981 992 
34: 203 848 946 
35: 910 966 124 
36: 978 884 125 
37: 884 725 125 
38: 673 970 126 
39: 128 858 999 
40: 971 132 308 
41: 971 132 567 
42: 971 132 614 
43: 924 133 396 
44: 994 899 136 
45: 137 848 879 891 
46: 872 444 141 
47: 997 142 269 
48: 917 31 659 
49: 917 31 571 
50: 992 145 684 
51: 146 218 895 
52: 146 710 895 
53: 218 895 800 
54: 147 929 945 962 
55: 149 615 958 
56: 929 945 962 15 
57: 945 962 15 772 
58: 970 152 878 
59: 991 153 866 
60: 991 153 881 
61: 978 154 288 
62: 155 330 808 
63: 907 978 164 
64: 159 909 977 
65: 987 16 972 
66: 931 160 955 
67: 160 955 969 
68: 840 161 786 
69: 710 895 201 2 
70: 990 987 972 166 
71: 990 987 972 168 989 
72: 753 17 874 
73: 866 170 934 
74: 997 938 171 718 
75: 172 980 995 
76: 173 734 959 
77: 994 53 787 
78: 969 175 785 
79: 941 914 178 
80: 901 934 178 
81: 997 179 707 
82: 829 18 846 
83: 958 979 18 
84: 180 835 880 
85: 181 528 947 
86: 181 697 947 
87: 812 969 223 
88: 969 223 868 
89: 764 182 900 
90: 182 222 900 
91: 182 532 900 
92: 912 934 222 
93: 888 183 747 
94: 70 767 774 
95: 962 184 964 
96: 978 884 185 
97: 884 881 185 
98: 993 187 898 
99: 944 989 189 
100: 997 732 192 
101: 917 193 659 
102: 929 945 194 
103: 999 977 195 
104: 990 196 56 
105: 890 846 197 
106: 846 197 561 
107: 929 945 198 
108: 991 884 199 
109: 957 976 204 
110: 957 984 916 204 
111: 919 205 864 
112: 920 876 206 
113: 920 951 206 699 
114: 966 885 207 
115: 771 209 839 
116: 916 949 212 
117: 704 213 905 
118: 866 213 905 
119: 969 214 868 
120: 951 908 73 
121: 980 215 974 
122: 959 215 792 
123: 990 216 896 
124: 985 951 22 
125: 934 951 22 
126: 788 839 220 
127: 993 926 221 
128: 924 221 431 
129: 941 914 225 
130: 914 225 530 
131: 999 977 227 
132: 999 227 915 
133: 995 605 982 23 
134: 982 930 23 
135: 873 898 24 
136: 873 24 813 
137: 870 24 813 
138: 988 955 973 26 
139: 876 548 55 
140: 973 28 30 
141: 902 940 58 
142: 985 57 590 
143: 957 887 34 
144: 879 891 8 
145: 877 367 8 
146: 969 946 44 
147: 990 972 996 38 
148: 991 39 625 
149: 997 661 86 
150: 994 602 82 
151: 960 776 61 
152: 776 406 61 
153: 997 940 41 
154: 785 973 41 
155: 902 971 947 80 
156: 971 947 442 80 
157: 927 795 45 
158: 999 833 45 
159: 464 590 94 
160: 995 996 59 
161: 971 47 54 
162: 929 962 47 
163: 940 971 54 
164: 971 825 54 
165: 980 791 48 
166: 895 482 75 
167: 929 810 5 
168: 617 788 50 
169: 957 853 51 
170: 957 935 51 
171: 909 935 51 
172: 917 914 67 
173: 971 947 87 
174: 944 932 69 
175: 944 826 69 
176: 932 577 69 
177: 826 577 69 
178: 884 960 7 
179: 950 643 91 
180: 950 600 91 
181: 955 785 946 66 
182: 955 804 66 
183: 986 944 84 
184: 778 952 68 
185: 879 891 71 
186: 990 987 72 
187: 954 775 738 76 
188: 897 738 77 
189: 743 912 79 
190: 743 978 79 
191: 968 978 79 
192: 999 938 975 81 
193: 938 920 81 
194: 999 977 9 
195: 980 995 92 
196: 984 990 987 972 98 
197: 1000 245 304 
198: 1000 245 750 
199: 245 909 977 
200: 1000 248 963 
201: 248 902 971 
202: 1000 267 414 
203: 1000 267 912 963 
204: 1000 267 968 
205: 1000 304 890 939 
206: 1000 355 722 978 
207: 355 722 937 
208: 1000 372 939 
209: 372 966 952 
210: 986 344 992 568 
211: 986 344 826 
212: 998 385 995 
213: 986 252 719 
214: 986 252 892 
215: 910 952 379 
216: 999 379 975 
217: 321 913 909 
218: 346 880 839 
219: 346 839 383 
220: 940 971 308 
221: 971 308 825 
222: 971 308 834 
223: 910 966 234 
224: 270 995 996 
225: 997 269 876 
226: 848 879 891 264 946 
227: 978 942 288 
228: 330 808 678 
229: 238 980 982 
230: 238 980 974 
231: 238 996 982 
232: 238 996 974 
233: 275 846 877 
234: 275 877 300 
235: 947 356 825 
236: 957 949 272 
237: 957 272 630 793 
238: 958 324 587 701 
239: 958 324 724 
240: 907 936 292 
241: 907 961 292 
242: 936 939 292 
243: 939 961 292 
244: 991 993 228 
245: 993 873 228 
246: 993 835 228 
247: 999 977 343 
248: 993 926 229 
249: 993 905 229 
250: 993 229 736 
251: 969 230 594 
252: 969 230 737 804 
253: 902 971 947 231 825 
254: 971 947 231 690 825 
255: 970 859 233 
256: 918 233 767 
257: 931 945 235 
258: 988 948 235 
259: 673 783 236 
260: 673 970 236 
261: 783 795 236 
262: 783 684 236 
263: 970 684 236 
264: 962 237 889 
265: 966 952 239 
266: 966 239 497 
267: 990 987 256 
268: 999 240 921 925 975 
269: 240 712 925 975 
270: 961 780 242 634 643 
271: 780 242 426 
272: 988 973 243 
273: 785 973 243 
274: 973 875 243 
275: 886 974 350 
276: 974 350 453 
277: 954 918 943 246 
278: 954 798 246 
279: 954 943 246 680 
280: 979 247 682 
281: 854 906 249 
282: 969 249 852 
283: 919 250 630 
284: 919 250 887 
285: 250 887 928 
286: 997 903 934 251 
287: 903 934 908 251 
288: 982 253 791 
289: 918 767 254 
290: 971 947 254 
291: 989 892 258 
292: 892 258 306 
293: 892 258 388 
294: 986 998 892 306 
295: 710 895 259 670 
296: 895 852 259 670 
297: 987 965 972 261 
298: 902 971 947 262 
299: 971 914 262 
300: 914 900 262 
301: 991 960 263 
302: 911 263 802 
303: 969 265 369 
304: 789 265 923 
305: 955 969 369 
306: 994 266 692 
307: 865 906 266 
308: 961 979 268 
309: 992 944 268 
310: 992 979 268 
311: 941 659 271 
312: 917 659 271 
313: 941 273 711 
314: 839 274 587 
315: 954 960 276 
316: 960 977 276 696 
317: 943 354 797 
318: 968 994 875 277 806 
319: 764 900 278 
320: 948 900 278 
321: 971 614 690 279 
322: 971 932 279 
323: 783 280 820 
324: 280 781 820 
325: 818 980 995 982 281 
326: 869 980 982 281 
327: 992 958 283 
328: 957 916 792 284 728 
329: 907 912 287 
330: 903 951 908 289 
331: 903 951 289 836 
332: 903 908 289 827 
333: 990 987 290 
334: 998 982 293 
335: 971 947 293 
336: 981 932 296 
337: 981 296 342 
338: 981 944 342 
339: 954 943 298 775 
340: 807 299 713 
341: 940 967 368 
342: 794 849 907 303 
343: 794 907 936 303 
344: 984 916 305 
345: 815 982 309 
346: 815 309 922 
347: 807 310 787 
348: 928 310 500 
349: 932 947 311 
350: 917 711 312 
351: 986 992 377 
352: 829 992 377 
353: 976 752 313 
354: 976 313 319 
355: 976 437 319 
356: 890 911 314 
357: 917 900 315 
358: 983 316 517 
359: 997 976 361 
360: 976 752 361 
361: 987 972 317 
362: 895 852 318 
363: 895 318 482 
364: 895 318 584 
365: 654 867 351 
366: 764 981 320 
367: 988 868 325 
368: 943 797 326 
369: 869 982 327 
370: 982 803 855 327 
371: 990 972 328 
372: 951 328 661 
373: 902 947 329 
374: 999 925 975 331 
375: 960 702 332 
376: 960 882 332 
377: 895 582 333 
378: 895 800 333 
379: 895 482 333 
380: 992 892 334 
381: 968 994 875 335 
382: 994 875 631 335 
383: 970 749 336 
384: 795 749 336 
385: 831 942 337 
386: 831 928 337 
387: 430 928 337 
388: 980 982 338 
389: 982 930 338 
390: 995 996 339 
391: 901 934 345 
392: 901 345 365 
393: 901 915 365 
394: 790 835 383 
395: 835 839 383 
396: 878 349 449 
397: 999 857 975 352 
398: 999 921 975 352 
399: 858 999 921 975 353 
400: 931 962 880 357 
401: 962 357 505 
402: 959 887 358 
403: 895 582 852 359 
404: 895 800 359 
405: 942 995 360 
406: 942 746 360 
407: 995 982 360 
408: 988 874 363 894 
409: 947 825 364 
410: 993 378 601 
411: 846 877 367 
412: 931 929 962 370 
413: 929 962 964 370 
414: 917 900 371 
415: 948 900 371 
416: 815 980 982 373 
417: 815 982 930 373 
418: 980 995 375 
419: 980 855 375 
420: 995 375 507 
421: 968 935 386 
422: 910 966 386 
423: 998 980 387 
424: 980 689 389 
425: 980 799 389 
426: 427 606 786 
427: 427 786 581 
428: 414 840 974 
429: 414 840 399 
430: 1000 466 961 
431: 991 993 470 
432: 993 470 626 
433: 1000 470 936 
434: 1000 472 722 939 978 
435: 1000 472 936 939 
436: 488 986 981 
437: 488 986 989 
438: 811 413 948 
439: 993 486 899 
440: 486 844 841 
441: 456 938 967 
442: 456 967 748 
443: 452 672 670 
444: 452 710 670 
445: 807 430 913 
446: 430 913 928 
447: 417 983 899 
448: 417 983 448 
449: 417 899 544 
450: 985 444 886 
451: 994 924 396 
452: 790 439 835 
453: 999 397 975 845 
454: 910 966 952 885 489 
455: 910 966 489 497 
456: 704 437 905 
457: 870 437 905 
458: 948 900 476 
459: 962 964 491 
460: 968 994 924 431 
461: 924 431 575 
462: 990 965 989 474 
463: 911 821 459 
464: 911 995 459 
465: 911 974 459 
466: 995 459 823 
467: 979 780 426 801 
468: 848 891 946 441 
469: 879 891 484 904 
470: 967 974 463 
471: 860 747 433 
472: 860 433 642 
473: 986 989 391 
474: 710 895 670 391 
475: 956 892 400 
476: 957 480 715 
477: 994 942 408 
478: 994 937 408 
479: 994 712 408 
480: 942 878 408 
481: 806 493 935 
482: 806 493 461 
483: 941 940 492 
484: 993 765 420 
485: 993 898 420 
486: 765 886 420 
487: 993 870 449 
488: 870 449 841 
489: 985 974 453 402 
490: 984 887 405 
491: 941 914 405 
492: 956 892 856 390 
493: 989 892 390 
494: 989 904 390 
495: 884 776 392 
496: 776 392 406 
497: 920 394 446 
498: 920 748 446 
499: 667 748 446 
500: 999 977 975 395 933 
501: 999 949 975 395 933 
502: 829 877 398 
503: 860 985 399 
504: 985 840 399 
505: 985 886 399 
506: 888 401 691 
507: 981 838 401 
508: 967 974 402 
509: 958 953 404 
510: 921 925 975 404 
511: 961 979 407 
512: 957 407 424 
513: 957 792 424 
514: 976 919 455 
515: 976 698 455 
516: 980 922 455 
517: 990 987 965 972 996 409 
518: 995 996 409 
519: 888 952 885 483 
520: 959 894 411 
521: 959 411 576 
522: 796 894 411 
523: 994 973 875 412 
524: 994 649 412 
525: 994 412 773 
526: 988 969 868 415 
527: 969 946 868 415 
528: 969 804 415 
529: 931 929 945 810 889 416 
530: 931 929 955 810 889 416 
531: 873 905 448 
532: 873 448 425 
533: 873 448 833 
534: 983 448 425 
535: 993 870 905 813 419 
536: 870 841 419 
537: 905 500 419 
538: 986 579 422 
539: 991 983 425 
540: 991 983 429 
541: 991 714 429 
542: 991 842 429 
543: 947 825 429 
544: 987 965 445 731 
545: 993 898 432 
546: 879 891 432 
547: 916 757 434 
548: 944 932 434 
549: 596 953 436 
550: 513 953 436 
551: 953 740 436 
552: 953 436 633 
553: 988 874 734 438 
554: 988 874 894 438 
555: 988 734 959 438 
556: 988 959 894 438 
557: 858 999 440 
558: 999 440 833 
559: 911 982 440 
560: 570 697 442 
561: 971 697 947 442 
562: 971 947 834 442 
563: 997 901 934 443 
564: 997 901 443 619 
565: 988 959 447 
566: 903 447 648 
567: 895 582 451 
568: 961 979 950 454 
569: 853 959 454 
570: 970 878 457 
571: 997 976 457 
572: 878 713 457 
573: 881 842 458 745 
574: 504 458 745 
575: 970 773 460 
576: 771 839 460 
577: 979 600 461 
578: 858 999 464 
579: 846 877 465 735 
580: 999 845 468 
581: 931 945 962 490 850 
582: 931 929 962 889 471 733 
583: 962 471 555 
584: 910 966 778 952 885 473 
585: 910 966 778 952 669 473 
586: 931 945 733 475 
587: 931 945 475 850 
588: 931 955 475 
589: 945 802 475 
590: 961 979 950 477 
591: 945 962 686 477 
592: 999 921 925 933 478 
593: 999 925 478 694 
594: 948 894 479 
595: 995 791 481 572 
596: 995 481 543 
597: 803 481 543 
598: 957 916 485 
599: 874 894 485 
600: 874 485 518 
601: 918 691 487 
602: 989 904 487 
603: 607 691 487 
604: 563 710 895 
605: 563 895 852 
606: 1000 498 635 936 963 
607: 498 908 827 
608: 1000 510 814 
609: 510 814 937 
610: 533 864 715 
611: 1000 541 963 
612: 541 945 962 
613: 985 540 840 
614: 559 924 875 
615: 559 924 933 
616: 559 777 894 
617: 986 516 981 992 
618: 970 553 820 
619: 501 835 844 
620: 570 567 528 
621: 971 567 932 
622: 990 539 965 996 
623: 513 953 509 
624: 941 914 552 
625: 941 552 495 
626: 941 495 737 
627: 495 908 830 
628: 570 902 528 825 
629: 902 716 528 
630: 902 528 947 825 
631: 914 532 900 
632: 914 532 856 
633: 532 900 546 
634: 997 821 494 
635: 976 876 548 
636: 851 967 548 
637: 938 967 548 
638: 967 876 548 
639: 822 846 561 877 
640: 846 561 877 802 
641: 846 561 877 735 
642: 599 917 530 
643: 917 914 530 562 
644: 990 987 996 557 
645: 910 966 778 497 669 
646: 966 756 497 
647: 750 936 566 
648: 936 861 566 
649: 986 998 531 
650: 958 605 531 
651: 958 953 531 
652: 902 971 947 546 
653: 807 878 499 
654: 967 499 581 
655: 782 905 500 
656: 990 987 989 545 
657: 732 517 604 
658: 983 901 517 
659: 983 908 517 
660: 991 882 515 
661: 991 776 515 
662: 980 791 523 
663: 980 855 922 523 
664: 986 992 892 568 
665: 991 749 504 
666: 717 504 809 
667: 504 745 809 
668: 929 945 962 810 505 
669: 929 945 962 505 733 
670: 986 989 534 
671: 960 943 977 569 
672: 666 943 569 
673: 943 569 632 
674: 977 569 639 
675: 998 869 982 507 
676: 998 995 982 507 
677: 998 640 507 
678: 971 932 551 
679: 971 825 551 
680: 991 881 525 
681: 881 525 554 
682: 717 525 809 
683: 525 809 554 
684: 993 899 544 
685: 993 870 544 
686: 993 898 544 
687: 671 935 536 
688: 874 817 536 
689: 874 536 518 
690: 742 935 536 
691: 935 536 518 
692: 950 643 562 
693: 860 918 747 537 
694: 860 747 607 537 
695: 918 747 691 537 
696: 747 595 691 537 
697: 747 607 691 537 
698: 902 971 834 555 
699: 962 880 555 
700: 995 801 543 
701: 803 930 543 
702: 930 801 543 
703: 935 576 518 
704: 957 887 496 
705: 957 649 496 
706: 943 882 496 
707: 882 588 496 
708: 970 923 564 
709: 994 924 522 
710: 994 859 522 
711: 994 692 522 
712: 994 787 522 
713: 969 852 502 
714: 969 655 502 
715: 979 780 502 520 
716: 961 644 979 520 
717: 961 979 780 520 
718: 979 600 520 
719: 929 889 503 
720: 889 742 503 
721: 986 992 944 989 506 
722: 756 944 506 
723: 999 921 925 975 845 508 
724: 999 921 975 833 508 
725: 999 921 975 508 585 
726: 986 992 904 509 
727: 992 953 509 
728: 953 592 509 
729: 811 988 734 524 
730: 957 959 511 
731: 957 630 793 511 
732: 957 698 511 
733: 959 867 511 
734: 999 938 925 514 
735: 970 749 519 
736: 970 773 519 
737: 999 925 975 519 
738: 976 919 521 
739: 919 916 521 
740: 919 934 521 
741: 934 908 521 
742: 934 727 521 
743: 884 881 640 554 
744: 990 987 965 527 
745: 970 847 542 
746: 808 847 542 
747: 967 974 542 
748: 848 879 891 904 535 721 
749: 848 879 891 871 535 721 
750: 984 990 987 965 972 996 549 
751: 973 868 550 
752: 973 804 550 
753: 950 660 550 
754: 986 981 560 
755: 986 759 560 
756: 990 987 965 560 
757: 822 966 952 885 565 
758: 966 952 885 739 565 
759: 966 952 885 565 652 
760: 1000 578 750 863 
761: 1000 578 968 
762: 578 966 952 669 
763: 1000 620 811 
764: 1000 620 863 963 
765: 620 811 734 
766: 599 764 837 
767: 599 917 571 
768: 612 941 981 914 
769: 612 941 914 711 
770: 612 981 917 914 
771: 612 917 914 711 
772: 986 579 944 
773: 986 579 629 
774: 761 621 588 
775: 621 943 832 
776: 621 943 738 
777: 596 953 682 
778: 596 906 682 
779: 743 771 617 839 
780: 771 617 839 587 
781: 617 788 839 
782: 940 971 614 690 
783: 971 614 947 690 
784: 743 771 610 839 613 
785: 771 610 880 839 
786: 961 615 979 
787: 615 958 663 953 
788: 615 958 979 953 
789: 615 958 979 906 
790: 615 958 953 740 
791: 986 583 944 892 
792: 653 583 944 
793: 583 944 932 
794: 583 932 947 
795: 978 586 842 
796: 881 586 842 
797: 710 895 582 670 
798: 895 582 852 670 
799: 818 995 605 982 
800: 874 595 894 
801: 854 948 571 
802: 981 917 571 
803: 981 948 571 
804: 956 953 592 
805: 958 953 592 
806: 971 947 628 
807: 971 628 618 
808: 969 828 946 594 
809: 958 953 587 701 
810: 995 629 922 
811: 941 981 914 580 
812: 941 737 580 
813: 994 942 597 
814: 998 956 584 
815: 895 800 584 
816: 932 719 584 
817: 994 989 602 
818: 994 787 602 
819: 998 989 602 
820: 992 989 602 
821: 860 888 747 607 
822: 860 747 607 774 
823: 888 747 607 691 
824: 994 937 616 
825: 967 974 616 
826: 902 940 971 716 618 
827: 940 971 690 618 
828: 979 950 600 
829: 950 634 600 
830: 993 926 601 
831: 910 952 885 601 
832: 986 992 944 989 623 
833: 986 944 719 623 
834: 989 623 735 
835: 991 993 631 625 
836: 993 765 625 
837: 993 625 833 
838: 765 886 625 
839: 988 959 576 
840: 988 935 576 
841: 777 959 576 
842: 777 935 576 
843: 708 969 868 598 
844: 988 969 868 598 
845: 988 969 598 650 
846: 969 785 868 598 
847: 969 804 598 
848: 786 967 609 
849: 967 836 609 
850: 786 967 581 
851: 979 780 581 
852: 722 963 575 
853: 936 963 575 
854: 924 875 575 
855: 954 798 588 
856: 983 901 619 
857: 983 788 619 
858: 983 699 619 
859: 901 836 619 
860: 786 967 590 
861: 985 974 603 
862: 990 987 965 603 
863: 998 815 573 
864: 998 869 573 
865: 998 995 573 
866: 869 996 573 
867: 869 683 573 
868: 995 996 573 
869: 995 683 573 
870: 981 932 577 
871: 981 826 577 
872: 932 719 577 
873: 892 826 577 
874: 993 926 626 
875: 993 983 626 
876: 993 833 626 
877: 704 833 626 
878: 998 980 995 572 
879: 998 980 974 572 
880: 980 995 791 572 
881: 980 995 683 572 
882: 980 974 791 572 
883: 999 857 975 585 
884: 999 977 921 975 933 585 
885: 951 604 651 
886: 931 929 945 962 889 574 
887: 931 945 962 686 574 
888: 931 962 686 880 574 
889: 931 962 880 889 574 
890: 945 962 772 574 
891: 985 840 589 
892: 985 886 589 
893: 840 786 589 
894: 786 886 589 
895: 996 862 589 
896: 862 883 589 
897: 646 943 608 
898: 943 862 608 
899: 982 608 638 
900: 790 835 613 
901: 771 835 839 613 
902: 788 839 613 
903: 954 666 611 
904: 954 775 611 
905: 999 949 975 611 
906: 999 975 611 675 
907: 854 992 624 
908: 992 956 624 
909: 992 958 724 624 
910: 992 958 633 624 
911: 958 774 624 
912: 912 732 627 
913: 927 732 627 
914: 927 951 627 
915: 997 732 627 
916: 997 951 661 627 
917: 997 830 627 
918: 1000 635 794 890 
919: 1000 635 794 936 
920: 1000 635 794 978 
921: 1000 635 863 936 963 
922: 1000 635 890 963 
923: 1000 635 963 978 
924: 645 984 990 987 965 972 989 996 896 
925: 978 884 654 
926: 978 654 745 
927: 998 653 826 
928: 653 944 826 
929: 646 943 977 
930: 646 977 639 
931: 903 657 934 
932: 657 671 777 894 
933: 657 777 796 894 
934: 998 636 757 
935: 790 636 880 
936: 771 636 880 
937: 991 884 644 
938: 961 644 634 
939: 865 956 637 953 
940: 865 956 637 906 
941: 865 958 637 953 724 
942: 865 958 637 906 676 
943: 992 956 637 953 
944: 992 956 637 906 
945: 992 958 637 953 724 
946: 992 958 637 906 676 
947: 941 914 659 711 
948: 941 659 737 
949: 917 914 659 711 
950: 994 924 875 631 
951: 991 656 749 
952: 783 927 656 
953: 927 970 656 
954: 970 656 749 
955: 985 951 641 
956: 994 937 641 
957: 951 908 641 
958: 951 641 651 
959: 961 780 950 634 643 
960: 961 780 950 634 801 
961: 950 643 806 
962: 957 919 630 793 
963: 957 630 715 
964: 994 649 933 
965: 957 949 649 
966: 957 792 649 
967: 949 649 933 
968: 752 950 660 
969: 920 876 660 
970: 876 950 660 
971: 997 901 661 
972: 983 901 661 
973: 983 661 651 
974: 951 661 651 
975: 988 782 969 868 655 
976: 988 955 969 868 655 
977: 955 969 785 946 868 655 
978: 976 876 664 
979: 940 876 664 
980: 842 664 745 
981: 876 950 664 
982: 876 664 658 
983: 881 842 640 
984: 819 883 640 
985: 860 888 642 
986: 888 642 691 
987: 916 864 642 
988: 916 792 642 
989: 954 943 832 632 
990: 954 923 632 
991: 702 832 632 
992: 943 797 632 
993: 832 696 632 
994: 923 696 632 
995: 865 958 953 633 
996: 865 958 906 633 
997: 992 958 953 633 
998: 992 958 906 633 
999: 953 682 633 
1000: 906 682 633 
1001: 890 911 648 
1002: 829 911 648 
1003: 876 667 658 
1004: 876 834 658 
1005: 910 966 952 693 647 
1006: 966 810 647 
1007: 955 810 647 
1008: 983 827 651 
1009: 934 951 651 
1010: 934 827 651 
1011: 993 983 797 665 
1012: 993 870 665 
1013: 993 898 736 665 
1014: 993 898 797 665 
1015: 870 665 729 
1016: 898 665 729 
1017: 910 966 705 952 885 652 
1018: 910 966 778 952 885 850 652 
1019: 999 977 921 975 639 
1020: 909 977 921 639 
1021: 988 782 969 650 
1022: 988 955 969 973 650 
1023: 988 969 973 852 650 
1024: 969 828 973 650 
1025: 998 982 638 
1026: 924 875 638 
1027: 924 933 638 
1028: 982 803 638 
1029: 973 875 638 
1030: 973 933 638 
1031: 858 999 977 975 933 662 
1032: 858 999 977 975 675 662 
1033: 858 999 925 975 933 662 
1034: 999 977 975 845 933 662 
1035: 999 977 975 845 675 662 
1036: 999 949 925 975 933 662 
1037: 999 925 975 845 933 662 
1038: 679 991 993 983 
1039: 679 984 987 972 989 
1040: 685 848 879 891 946 
1041: 673 783 927 820 
1042: 673 927 970 781 820 
1043: 673 927 970 773 
1044: 910 966 705 952 885 739 
1045: 910 966 705 952 669 
1046: 966 888 705 952 885 739 
1047: 954 666 943 832 
1048: 666 943 882 
1049: 666 832 696 
1050: 991 704 905 813 
1051: 960 702 977 832 
1052: 702 898 779 
1053: 672 895 852 670 
1054: 783 927 684 
1055: 927 970 684 
1056: 992 684 979 
1057: 671 777 935 894 
1058: 945 962 686 964 
1059: 945 962 686 742 
1060: 962 686 880 964 
1061: 940 971 932 697 
1062: 940 971 697 690 
1063: 971 932 697 947 
1064: 971 697 947 690 
1065: 927 983 920 699 
1066: 927 920 951 699 
1067: 983 866 699 
1068: 954 909 680 
1069: 954 680 923 
1070: 984 916 680 
1071: 943 680 758 
1072: 770 953 682 
1073: 956 979 953 682 
1074: 956 979 906 682 
1075: 953 740 682 
1076: 895 800 670 
1077: 968 994 973 692 935 
1078: 968 994 973 692 933 
1079: 968 857 692 
1080: 968 913 973 692 935 
1081: 997 976 876 667 
1082: 976 752 667 
1083: 967 876 667 748 
1084: 960 977 832 696 
1085: 977 832 696 820 
1086: 977 696 681 
1087: 957 976 887 698 
1088: 957 984 887 698 
1089: 957 984 698 715 
1090: 957 728 698 
1091: 942 878 678 
1092: 878 923 678 
1093: 878 678 713 
1094: 986 981 706 
1095: 986 719 706 
1096: 980 995 982 689 843 
1097: 980 982 689 855 
1098: 995 883 689 843 
1099: 982 930 689 843 
1100: 985 840 974 695 
1101: 985 886 974 695 
1102: 998 930 974 695 
1103: 840 786 695 
1104: 786 886 695 
1105: 974 819 695 
1106: 954 832 677 
1107: 977 832 677 
1108: 772 869 980 683 
1109: 772 980 995 683 
1110: 869 980 982 683 
1111: 980 995 982 683 
1112: 995 683 823 
1113: 784 979 701 
1114: 956 979 953 701 766 
1115: 958 979 953 760 701 
1116: 979 717 701 
1117: 910 966 952 885 739 693 
1118: 910 966 952 693 669 
1119: 966 756 952 693 
1120: 966 888 952 885 739 693 
1121: 954 681 738 
1122: 911 996 681 
1123: 869 996 681 
1124: 913 928 700 
1125: 858 999 938 925 975 687 
1126: 934 951 908 687 
1127: 888 918 747 691 
1128: 986 981 992 703 
1129: 986 981 826 703 
1130: 924 935 703 
1131: 973 935 703 
1132: 976 919 694 
1133: 976 853 694 
1134: 919 728 694 
1135: 999 925 975 845 694 
1136: 853 728 694 
1137: 858 999 977 921 975 675 
1138: 858 999 921 975 762 675 
1139: 999 977 921 975 845 675 
1140: 943 977 676 
1141: 943 797 676 
1142: 909 977 676 
1143: 985 997 668 
1144: 985 983 920 668 
1145: 997 934 668 
1146: 990 987 965 972 996 668 
1147: 837 848 879 891 946 904 674 
1148: 837 848 879 891 946 871 674 
1149: 848 879 891 946 904 823 721 674 
1150: 848 879 891 946 871 721 674 
1151: 999 857 925 975 688 
1152: 999 977 975 845 933 688 
1153: 999 949 925 975 933 688 
1154: 999 925 975 845 933 688 
1155: 999 975 763 688 
1156: 1000 722 814 939 963 
1157: 1000 722 939 963 978 
1158: 722 814 939 963 937 
1159: 722 939 861 
1160: 994 708 787 
1161: 708 969 852 
1162: 991 884 725 881 
1163: 997 732 746 
1164: 991 884 714 
1165: 990 987 965 714 972 896 
1166: 997 976 718 
1167: 997 718 834 
1168: 976 752 718 
1169: 851 718 748 
1170: 752 718 834 
1171: 718 748 834 
1172: 811 988 734 959 
1173: 811 777 734 959 
1174: 893 988 734 959 
1175: 890 911 846 723 877 
1176: 993 736 813 
1177: 927 934 736 
1178: 988 969 868 737 
1179: 910 966 952 885 739 850 
1180: 994 899 712 
1181: 994 712 975 
1182: 977 712 975 
1183: 949 712 925 975 
1184: 944 932 719 
1185: 941 914 900 711 
1186: 917 914 900 711 
1187: 957 919 916 728 
1188: 957 919 959 728 
1189: 957 916 853 728 
1190: 957 853 959 728 
1191: 957 959 792 728 
1192: 824 792 728 
1193: 979 906 717 
1194: 842 717 809 
1195: 994 770 713 
1196: 807 878 713 
1197: 865 958 979 953 724 
1198: 992 958 979 953 760 724 
1199: 979 724 801 
1200: 957 984 916 853 864 715 
1201: 831 968 709 
1202: 968 924 933 709 
1203: 807 787 709 
1204: 924 909 933 709 
1205: 924 773 709 
1206: 990 987 965 972 896 731 
1207: 991 882 727 
1208: 927 934 951 727 
1209: 997 934 951 727 
1210: 865 958 953 720 
1211: 865 958 906 720 
1212: 992 958 953 720 
1213: 992 958 906 720 
1214: 864 928 720 
1215: 890 989 735 
1216: 890 846 877 735 
1217: 990 987 965 989 996 735 
1218: 931 929 945 962 889 726 733 
1219: 931 929 962 955 889 726 
1220: 929 945 962 964 889 726 733 
1221: 929 962 955 964 889 726 
1222: 945 962 772 964 726 
1223: 860 985 974 730 
1224: 860 967 974 730 
1225: 860 747 730 
1226: 985 840 974 730 
1227: 840 967 974 730 
1228: 899 789 729 
1229: 870 844 841 729 
1230: 898 844 729 
1231: 789 923 729 
1232: 954 897 738 
1233: 954 943 862 738 
1234: 954 943 775 738 
1235: 1000 743 912 939 963 
1236: 1000 743 939 963 978 
1237: 1000 750 812 939 963 
1238: 1000 750 863 936 939 963 
1239: 1000 750 939 963 978 
1240: 753 988 948 
1241: 753 988 874 
1242: 1000 761 907 936 963 
1243: 1000 761 907 963 978 
1244: 998 756 956 
1245: 756 956 944 
1246: 764 981 837 
1247: 764 981 838 
1248: 764 837 891 
1249: 986 992 759 956 892 
1250: 986 992 759 989 892 
1251: 986 759 956 892 826 
1252: 759 956 892 856 
1253: 994 924 755 875 
1254: 994 755 973 875 
1255: 893 984 990 987 965 741 972 989 996 964 896 
1256: 984 990 897 987 965 741 972 989 996 964 896 
1257: 988 948 754 
1258: 990 987 965 972 754 989 896 
1259: 993 873 765 813 
1260: 765 886 841 
1261: 860 888 918 747 
1262: 860 918 747 774 
1263: 865 958 953 740 
1264: 992 770 958 953 760 
1265: 976 919 767 887 
1266: 888 918 767 
1267: 918 767 774 
1268: 984 919 767 887 
1269: 984 919 767 793 
1270: 991 859 749 
1271: 970 859 749 
1272: 985 912 762 
1273: 985 920 762 
1274: 999 921 975 762 763 
1275: 997 951 746 
1276: 851 967 748 
1277: 920 876 748 
1278: 876 748 834 
1279: 893 988 742 
1280: 988 742 935 
1281: 945 962 889 742 
1282: 999 949 921 925 975 768 
1283: 985 951 744 
1284: 985 974 744 
1285: 985 827 744 
1286: 903 901 827 744 
1287: 903 951 744 
1288: 965 996 744 
1289: 869 996 744 
1290: 869 819 744 
1291: 996 974 744 
1292: 996 922 744 
1293: 974 819 744 
1294: 819 922 744 
1295: 872 844 751 
1296: 978 842 751 
1297: 926 844 751 
1298: 881 842 751 
1299: 986 998 757 
1300: 984 919 916 793 757 
1301: 928 793 757 
1302: 980 799 763 
1303: 980 843 763 
1304: 930 799 763 
1305: 930 843 763 
1306: 883 843 763 
1307: 978 960 942 745 
1308: 978 842 745 
1309: 960 881 745 
1310: 942 745 809 
1311: 842 745 809 
1312: 812 988 969 758 
1313: 812 969 946 758 
1314: 988 919 959 758 
1315: 919 959 864 867 758 
1316: 969 804 758 
1317: 811 817 766 
1318: 854 906 766 
1319: 956 979 906 766 
1320: 874 817 894 766 
1321: 874 867 766 
1322: 1000 784 912 939 
1323: 1000 784 939 968 
1324: 784 939 968 861 
1325: 784 992 979 
1326: 783 927 795 
1327: 771 835 880 839 
1328: 966 888 778 952 885 
1329: 988 782 969 781 
1330: 873 782 905 
1331: 983 782 830 
1332: 818 772 980 995 
1333: 840 786 967 
1334: 811 777 935 
1335: 777 959 894 
1336: 955 969 785 973 946 868 
1337: 961 979 780 950 801 
1338: 873 898 779 905 
1339: 870 779 905 
1340: 985 983 788 
1341: 985 951 788 
1342: 903 983 788 
1343: 903 951 788 
1344: 880 788 839 
1345: 926 899 789 
1346: 812 988 969 781 
1347: 988 969 973 781 
1348: 969 973 804 781 
1349: 991 884 960 881 776 
1350: 991 881 842 776 
1351: 842 776 809 
1352: 954 960 943 775 
1353: 954 923 775 
1354: 807 878 787 
1355: 994 924 935 773 
1356: 924 913 935 773 
1357: 865 958 979 906 774 
1358: 985 794 936 
1359: 1000 794 814 907 936 
1360: 1000 794 849 907 978 
1361: 1000 794 890 968 
1362: 1000 794 936 968 
1363: 1000 794 968 978 
1364: 794 849 978 857 
1365: 794 968 978 857 
1366: 1000 805 814 939 963 
1367: 1000 805 939 961 963 
1368: 1000 805 939 961 968 
1369: 805 961 873 
1370: 805 968 990 
1371: 805 984 990 987 965 972 896 
1372: 811 988 948 
1373: 811 988 935 
1374: 1000 812 849 963 
1375: 1000 812 939 961 963 
1376: 812 849 861 
1377: 812 939 861 
1378: 1000 814 907 936 963 
1379: 1000 814 936 939 963 
1380: 814 907 963 937 
1381: 814 907 795 
1382: 814 939 795 
1383: 790 931 929 962 810 889 
1384: 790 931 962 880 889 
1385: 790 835 880 
1386: 991 960 798 
1387: 954 960 798 
1388: 960 798 803 
1389: 798 980 803 915 855 
1390: 798 980 915 843 
1391: 798 980 855 922 
1392: 998 815 980 982 
1393: 998 815 982 930 
1394: 815 980 922 
1395: 815 930 922 
1396: 815 930 801 
1397: 815 883 922 
1398: 872 939 795 
1399: 931 929 945 962 810 889 
1400: 931 929 962 955 810 889 
1401: 929 945 962 810 964 889 
1402: 929 962 955 810 964 889 
1403: 986 989 800 
1404: 818 980 982 803 855 
1405: 982 803 930 
1406: 959 792 867 
1407: 988 874 796 894 
1408: 955 969 973 804 
1409: 991 993 905 813 
1410: 993 873 905 813 
1411: 993 899 905 813 
1412: 980 995 982 791 799 
1413: 982 930 791 799 
1414: 930 974 791 
1415: 872 936 939 802 
1416: 890 939 963 802 
1417: 890 911 846 877 802 
1418: 936 939 963 802 
1419: 936 939 861 802 
1420: 939 961 963 802 
1421: 957 984 919 916 793 
1422: 957 928 793 
1423: 984 824 793 
1424: 824 928 793 
1425: 968 994 806 935 
1426: 968 994 806 933 
1427: 994 909 875 806 
1428: 994 909 806 935 
1429: 994 909 806 933 
1430: 818 980 995 982 799 
1431: 818 980 995 799 922 
1432: 980 915 799 
1433: 980 819 799 922 
1434: 995 799 801 
1435: 930 799 922 
1436: 930 799 801 
1437: 991 993 983 797 
1438: 991 993 898 797 
1439: 898 844 797 
1440: 990 987 965 972 996 896 816 
1441: 818 980 816 
1442: 911 821 816 
1443: 911 996 816 
1444: 942 882 809 
1445: 822 890 911 846 877 
1446: 822 910 966 952 885 850 
1447: 822 966 888 952 885 
1448: 1000 831 849 907 963 
1449: 1000 831 890 963 
1450: 1000 831 890 968 
1451: 829 992 956 
1452: 829 911 846 877 
1453: 998 818 980 995 982 
1454: 998 818 980 974 
1455: 818 980 974 855 
1456: 818 980 855 922 
1457: 991 821 982 
1458: 997 821 938 
1459: 997 821 834 
1460: 911 821 982 
1461: 821 982 930 
1462: 969 828 973 946 868 
1463: 960 824 882 
1464: 984 824 887 
1465: 824 887 928 
1466: 936 994 817 
1467: 994 899 817 
1468: 994 937 817 
1469: 893 899 817 
1470: 954 960 943 832 
1471: 954 918 943 832 
1472: 954 918 832 820 
1473: 960 943 977 832 
1474: 869 980 819 
1475: 980 974 819 
1476: 974 819 883 
1477: 819 883 922 
1478: 954 918 897 820 
1479: 927 908 820 
1480: 986 998 956 892 826 
1481: 986 981 944 826 
1482: 986 956 944 892 826 
1483: 985 983 920 827 
1484: 903 983 901 827 
1485: 903 983 908 827 
1486: 903 901 934 827 
1487: 903 934 908 827 
1488: 983 866 901 827 
1489: 983 847 920 827 
1490: 983 920 908 827 
1491: 866 901 934 827 
1492: 991 993 983 830 
1493: 993 983 871 830 
1494: 985 997 830 
1495: 985 983 830 
1496: 997 903 830 
1497: 903 983 908 830 
1498: 926 996 922 823 
1499: 926 883 922 823 
1500: 879 996 823 
1501: 995 996 922 823 
1502: 995 883 922 823 
1503: 981 837 904 
1504: 984 990 838 987 965 972 989 996 896 
1505: 981 838 948 
1506: 993 926 835 
1507: 993 983 835 871 
1508: 926 835 844 
1509: 872 844 841 
1510: 886 844 841 
1511: 903 901 915 836 
1512: 903 951 915 836 
1513: 998 869 980 982 843 
1514: 998 869 982 930 843 
1515: 998 980 995 982 843 
1516: 998 980 974 843 
1517: 998 980 915 843 
1518: 998 930 974 843 
1519: 869 996 982 843 
1520: 995 996 982 843 
1521: 996 974 843 
1522: 974 883 843 
1523: 997 876 834 
1524: 902 971 932 947 834 
1525: 999 938 977 921 975 845 
1526: 999 938 921 925 975 845 
1527: 999 977 921 975 845 933 
1528: 999 921 925 975 845 933 
1529: 993 873 898 833 
1530: 993 898 871 833 
1531: 999 949 921 975 833 
1532: 1000 849 872 
1533: 1000 849 907 912 963 
1534: 1000 849 907 963 978 
1535: 849 907 861 
1536: 849 963 978 857 
1537: 863 939 963 937 
1538: 863 970 859 
1539: 854 992 906 
1540: 858 999 938 977 921 975 
1541: 858 999 938 921 925 975 
1542: 858 999 977 921 975 933 
1543: 858 999 921 925 975 933 
1544: 997 976 853 
1545: 957 976 853 864 887 
1546: 957 984 916 853 949 887 
1547: 957 984 916 853 864 887 
1548: 957 853 949 959 887 
1549: 957 853 959 864 887 
1550: 957 853 864 887 928 
1551: 963 937 857 
1552: 968 937 857 
1553: 999 857 938 925 975 
1554: 986 956 851 
1555: 912 983 847 
1556: 954 960 943 862 
1557: 954 862 923 
1558: 996 862 922 
1559: 862 883 922 
1560: 957 976 919 864 887 
1561: 957 984 919 916 864 887 
1562: 957 919 959 864 887 
1563: 976 919 864 867 
1564: 984 919 864 867 
1565: 984 987 864 
1566: 978 942 859 
1567: 994 942 859 
1568: 907 936 861 
1569: 936 939 968 861 
1570: 998 956 892 856 
1571: 998 930 856 
1572: 941 914 856 
1573: 956 944 892 856 
1574: 926 996 855 922 
1575: 996 982 855 
1576: 996 974 855 
1577: 931 929 945 962 889 850 
1578: 929 945 962 964 889 850 
1579: 993 872 866 
1580: 1000 872 936 939 
1581: 865 956 979 953 
1582: 865 956 979 906 
1583: 993 873 866 898 905 
1584: 991 993 983 866 
1585: 991 993 866 898 905 
1586: 963 983 866 
1587: 983 866 901 915 
1588: 988 955 969 973 868 
1589: 993 898 905 871 
1590: 879 932 904 
1591: 970 878 923 
1592: 997 940 876 
1593: 976 920 876 
1594: 940 967 876 
1595: 967 876 950 
1596: 968 994 924 875 
1597: 968 994 973 875 
1598: 968 924 913 875 
1599: 968 913 973 875 
1600: 994 924 909 875 
1601: 994 909 973 875 
1602: 924 913 909 875 
1603: 913 909 973 875 
1604: 978 884 960 
1605: 931 962 955 880 889 
1606: 962 955 880 964 889 
1607: 991 960 882 
1608: 960 942 882 
1609: 960 943 977 882 
1610: 957 984 919 916 949 887 
1611: 957 919 949 959 887 
1612: 1000 890 939 963 
1613: 1000 890 939 968 
1614: 893 988 948 
1615: 893 972 959 
1616: 954 960 897 
1617: 960 897 987 
1618: 986 998 989 892 
1619: 986 992 956 944 892 
1620: 986 992 944 989 892 
1621: 988 948 894 
1622: 988 935 894 
1623: 1000 907 912 961 963 
1624: 1000 907 961 963 978 
1625: 907 961 963 937 
1626: 902 940 971 932 
1627: 927 903 983 901 
1628: 927 903 983 908 
1629: 927 903 901 934 
1630: 927 903 934 951 908 
1631: 997 903 901 934 
1632: 997 903 901 915 
1633: 997 903 934 951 
1634: 997 903 951 915 
1635: 903 983 901 915 
1636: 993 926 899 
1637: 993 983 899 
1638: 914 948 900 
1639: 992 956 979 906 
1640: 992 958 979 906 
1641: 986 998 989 904 
1642: 986 981 992 944 904 
1643: 986 992 944 989 904 
1644: 998 962 904 
1645: 981 944 932 904 
1646: 985 912 983 
1647: 1000 912 939 961 963 
1648: 912 963 983 
1649: 912 983 908 
1650: 912 983 915 
1651: 912 934 908 
1652: 981 914 948 
1653: 911 995 996 982 
1654: 911 996 974 
1655: 968 924 913 935 
1656: 924 913 909 935 
1657: 913 909 973 935 
1658: 994 924 909 935 
1659: 994 924 909 933 
1660: 994 909 973 935 
1661: 994 909 973 933 
1662: 909 977 921 933 
1663: 927 983 920 908 
1664: 927 920 951 908 
1665: 998 926 930 
1666: 926 930 922 
1667: 968 994 924 935 
1668: 968 994 924 933 
1669: 981 917 932 
1670: 985 920 951 
1671: 998 976 920 
1672: 999 938 949 921 925 975 
1673: 999 949 921 925 975 933 
1674: 984 929 964 
1675: 967 930 974 
1676: 1000 936 939 968 
1677: 1000 936 968 994 
1678: 939 961 963 937 
1679: 939 961 968 937 
1680: 968 994 937 
1681: 968 997 935 
1682: 988 973 935 
1683: 994 975 933 
1684: 1000 939 961 963 978 
1685: 1000 939 961 968 978 
1686: 942 995 996 
1687: 992 958 944 
1688: 985 997 951 
1689: 992 956 979 953 
