# The links from G:\Dropbox\Raghda\CNA\Final Project\other methods\CFinder-2.0.6--1448\G:\Dropbox\Raghda\CNA\Final Project\Datasets\binary_networks\LFR6\network_LFR6_Om2.dat
# at no lower link weight threshold,
# and at no upper link weight threshold.
# Links were treated as undirected.
# No time limit was set for the clique search.
# (mutual links and self-links were removed)

1 151
1 679
1 991
1 993
10 11
10 529
10 563
10 822
100 36
100 427
100 860
100 985
1000 13
1000 156
1000 202
1000 21
1000 245
1000 248
1000 267
1000 304
1000 355
1000 372
1000 414
1000 466
1000 470
1000 472
1000 498
1000 510
1000 533
1000 541
1000 578
1000 620
1000 635
1000 685
1000 722
1000 743
1000 750
1000 753
1000 761
1000 784
1000 794
1000 805
1000 811
1000 812
1000 814
1000 83
1000 831
1000 849
1000 863
1000 872
1000 890
1000 907
1000 912
1000 936
1000 939
1000 954
1000 961
1000 963
1000 968
1000 978
1000 994
101 488
101 540
101 986
101 998
102 673
102 783
102 927
102 970
103 708
103 884
103 960
103 997
104 784
104 790
104 865
104 931
105 599
105 645
105 926
105 993
106 413
106 559
106 654
106 893
107 910
107 957
107 966
107 976
108 344
108 486
108 516
108 553
109 148
109 20
109 385
109 854
11 10
11 456
11 829
11 978
110 33
110 606
110 807
110 811
111 452
111 756
111 860
111 966
112 322
112 888
112 918
112 984
113 3
113 418
113 430
113 526
114 771
114 872
114 924
114 961
115 705
115 778
115 952
115 966
116 129
116 612
116 764
116 941
117 570
117 902
117 940
117 971
118 217
118 421
118 942
118 988
119 417
119 501
119 725
119 993
12 252
12 462
12 579
12 653
120 732
120 903
120 985
120 997
121 203
121 653
121 981
121 992
122 301
122 708
122 873
122 983
123 646
123 666
123 798
123 899
124 621
124 910
124 918
124 966
125 704
125 725
125 884
125 978
126 673
126 919
126 970
126 990
127 37
127 702
127 897
127 943
128 596
128 837
128 858
128 999
129 116
129 379
129 941
129 999
13 1000
13 849
13 936
13 937
130 444
130 917
130 941
130 983
131 321
131 346
131 617
131 954
132 308
132 567
132 614
132 971
133 396
133 539
133 916
133 924
134 6
134 672
134 770
134 937
135 759
135 829
135 981
135 998
136 234
136 853
136 899
136 994
137 657
137 848
137 879
137 891
138 610
138 636
138 838
138 914
139 870
139 873
139 968
139 987
14 270
14 815
14 818
14 926
140 4
140 795
140 857
140 961
141 297
141 444
141 840
141 872
142 269
142 911
142 966
142 997
143 322
143 382
143 529
143 782
144 31
144 526
144 529
144 985
145 684
145 85
145 865
145 992
146 218
146 264
146 710
146 895
147 169
147 929
147 945
147 962
148 109
148 593
148 849
148 963
149 513
149 615
149 956
149 958
15 772
15 929
15 945
15 962
150 439
150 755
150 821
150 851
151 1
151 583
151 848
151 944
152 410
152 878
152 913
152 970
153 866
153 881
153 948
153 991
154 288
154 644
154 663
154 978
155 3
155 330
155 808
155 965
156 1000
156 164
156 741
156 849
157 644
157 725
157 815
157 983
158 418
158 714
158 938
158 942
159 397
159 716
159 909
159 977
16 552
16 949
16 972
16 987
160 901
160 931
160 955
160 969
161 586
161 786
161 840
161 940
162 452
162 46
162 944
162 952
163 322
163 869
163 885
163 976
164 156
164 556
164 907
164 978
165 201
165 582
165 671
165 754
166 972
166 987
166 988
166 990
167 348
167 752
167 765
167 967
168 972
168 987
168 989
168 990
169 147
169 541
169 686
169 810
17 753
17 777
17 828
17 874
170 238
170 495
170 866
170 934
171 718
171 938
171 981
171 997
172 323
172 891
172 980
172 995
173 734
173 90
173 937
173 959
174 53
174 605
174 770
174 966
175 570
175 785
175 932
175 969
176 489
176 847
176 866
176 979
177 541
177 886
177 991
177 996
178 901
178 914
178 934
178 941
179 275
179 707
179 780
179 997
18 829
18 846
18 958
18 979
180 824
180 835
180 842
180 880
181 223
181 528
181 697
181 947
182 222
182 532
182 764
182 900
183 322
183 70
183 747
183 888
184 356
184 920
184 962
184 964
185 795
185 881
185 884
185 978
186 494
186 785
186 876
186 982
187 437
187 898
187 938
187 993
188 241
188 772
188 862
188 982
189 548
189 944
189 989
189 997
19 476
19 637
19 784
19 981
190 779
190 901
190 924
190 951
191 272
191 595
191 948
191 953
192 732
192 965
192 969
192 997
193 659
193 716
193 74
193 917
194 929
194 945
194 973
194 997
195 971
195 977
195 985
195 999
196 56
196 822
196 907
196 990
197 211
197 561
197 846
197 890
198 476
198 571
198 929
198 945
199 788
199 884
199 908
199 991
2 201
2 710
2 740
2 895
20 109
20 25
20 324
20 865
200 491
200 592
200 807
200 863
201 165
201 2
201 710
201 895
202 1000
202 685
202 814
202 963
203 121
203 800
203 848
203 946
204 916
204 957
204 976
204 984
205 760
205 864
205 906
205 919
206 699
206 876
206 920
206 951
207 803
207 885
207 966
207 995
208 789
208 817
208 902
208 967
209 428
209 771
209 839
209 875
21 1000
21 292
21 948
21 973
210 622
210 918
210 944
210 988
211 197
211 723
211 945
211 955
212 916
212 930
212 949
212 995
213 631
213 704
213 866
213 905
214 73
214 868
214 969
214 985
215 792
215 959
215 974
215 980
216 796
216 896
216 945
216 990
217 118
217 380
217 897
217 992
218 146
218 740
218 800
218 895
219 255
219 628
219 955
219 978
22 832
22 934
22 951
22 985
220 558
220 788
220 839
220 877
221 431
221 924
221 926
221 993
222 182
222 900
222 912
222 934
223 181
223 812
223 868
223 969
224 656
224 789
224 859
224 882
225 530
225 863
225 914
225 941
226 614
226 697
226 754
226 867
227 869
227 915
227 977
227 999
228 343
228 835
228 873
228 991
228 993
229 558
229 736
229 905
229 926
229 993
23 605
23 930
23 982
23 995
230 594
230 737
230 804
230 969
230 999
231 690
231 825
231 902
231 947
231 971
232 347
232 384
232 557
232 739
232 851
233 641
233 767
233 859
233 918
233 970
234 136
234 474
234 672
234 910
234 966
235 828
235 931
235 945
235 948
235 988
236 673
236 684
236 783
236 795
236 970
237 685
237 889
237 890
237 936
237 962
238 170
238 974
238 980
238 982
238 996
239 256
239 497
239 749
239 952
239 966
24 813
24 870
24 873
24 898
240 712
240 921
240 925
240 975
240 999
241 188
241 459
241 819
241 926
241 950
242 426
242 634
242 643
242 780
242 961
243 441
243 785
243 875
243 973
243 988
244 282
244 350
244 494
244 553
244 753
245 1000
245 304
245 750
245 909
245 977
246 680
246 798
246 918
246 943
246 954
247 470
247 682
247 872
247 97
247 979
248 1000
248 861
248 902
248 963
248 971
249 592
249 852
249 854
249 906
249 969
25 20
25 484
25 832
25 932
250 630
250 792
250 887
250 919
250 928
251 762
251 903
251 908
251 934
251 997
252 12
252 719
252 756
252 892
252 986
253 410
253 467
253 791
253 819
253 982
254 463
254 767
254 918
254 947
254 971
255 219
255 374
255 433
255 917
255 941
256 239
256 739
256 865
256 987
256 990
257 285
257 765
257 782
257 844
257 976
258 306
258 388
258 840
258 892
258 989
259 670
259 710
259 852
259 89
259 895
26 70
26 955
26 973
26 988
260 4
260 725
260 746
260 915
260 941
261 900
261 965
261 972
261 981
261 987
262 900
262 902
262 914
262 947
262 971
263 56
263 802
263 911
263 960
263 991
264 146
264 848
264 879
264 891
264 946
265 369
265 723
265 789
265 923
265 969
266 692
266 760
266 865
266 906
266 994
267 1000
267 414
267 912
267 963
267 968
268 513
268 944
268 961
268 979
268 992
269 142
269 78
269 876
269 961
269 997
27 55
27 817
27 883
27 97
270 14
270 620
270 798
270 995
270 996
271 476
271 659
271 769
271 917
271 941
272 191
272 630
272 793
272 949
272 957
273 384
273 596
273 711
273 769
273 941
274 587
274 839
274 904
274 928
274 949
275 179
275 300
275 667
275 846
275 877
276 354
276 696
276 954
276 960
276 977
277 579
277 806
277 875
277 968
277 994
278 530
278 764
278 856
278 900
278 948
279 614
279 646
279 690
279 932
279 971
28 30
28 897
28 939
28 973
280 552
280 755
280 781
280 783
280 820
281 818
281 869
281 980
281 982
281 995
282 244
282 32
282 707
282 748
282 913
283 547
283 753
283 940
283 958
283 992
284 728
284 792
284 916
284 957
284 967
285 257
285 628
285 698
285 776
285 942
286 391
286 678
286 706
286 826
286 992
287 717
287 760
287 903
287 907
287 912
288 154
288 942
288 944
288 978
288 991
289 827
289 836
289 903
289 908
289 951
29 689
29 799
29 837
29 994
290 400
290 797
290 799
290 987
290 990
291 469
291 566
291 629
291 829
291 981
292 21
292 907
292 936
292 939
292 961
293 947
293 971
293 982
293 988
293 998
294 374
294 671
294 816
294 843
294 968
295 531
295 580
295 856
295 887
295 960
296 342
296 480
296 546
296 932
296 981
297 141
297 467
297 499
297 529
297 836
298 558
298 689
298 775
298 943
298 954
299 368
299 418
299 713
299 807
299 902
3 113
3 155
3 795
3 973
30 28
30 649
30 973
30 980
300 275
300 742
300 877
300 938
300 948
301 122
301 341
301 606
301 789
301 878
302 646
302 852
302 909
302 918
302 923
303 541
303 794
303 849
303 907
303 936
304 1000
304 245
304 711
304 890
304 939
305 754
305 916
305 928
305 959
305 984
306 258
306 538
306 892
306 986
306 998
307 695
307 791
307 855
307 862
307 945
308 132
308 825
308 834
308 940
308 971
309 408
309 815
309 915
309 922
309 982
31 144
31 571
31 659
31 917
310 500
310 597
310 787
310 807
310 928
311 493
311 58
311 811
311 932
311 947
312 377
312 711
312 831
312 917
312 979
313 319
313 456
313 752
313 851
313 976
314 875
314 890
314 911
314 940
314 950
315 492
315 545
315 854
315 900
315 917
316 361
316 517
316 818
316 917
316 983
317 57
317 621
317 677
317 972
317 987
318 482
318 584
318 683
318 852
318 895
319 313
319 437
319 660
319 938
319 976
32 282
32 351
32 950
32 952
320 515
320 764
320 953
320 960
320 981
321 131
321 413
321 423
321 909
321 913
322 112
322 143
322 163
322 183
322 890
323 172
323 781
323 783
323 828
323 883
324 20
324 587
324 701
324 724
324 958
325 579
325 868
325 978
325 988
325 998
326 591
326 65
326 797
326 897
326 943
327 630
327 803
327 855
327 869
327 982
328 657
328 661
328 951
328 972
328 990
329 40
329 655
329 789
329 902
329 947
33 110
33 791
33 985
33 996
330 155
330 410
330 678
330 768
330 808
331 755
331 900
331 925
331 975
331 999
332 702
332 761
332 882
332 940
332 960
333 482
333 582
333 800
333 814
333 895
334 646
334 862
334 892
334 969
334 992
335 450
335 631
335 875
335 968
335 994
336 749
336 795
336 95
336 970
336 995
337 430
337 677
337 831
337 928
337 942
338 396
338 744
338 930
338 980
338 982
339 523
339 715
339 976
339 995
339 996
34 867
34 887
34 957
34 979
340 602
340 664
340 751
340 776
340 824
341 301
341 381
341 713
341 845
341 940
342 296
342 759
342 944
342 981
342 998
343 228
343 779
343 813
343 977
343 999
344 108
344 568
344 826
344 986
344 992
345 365
345 52
345 901
345 926
345 934
346 131
346 383
346 751
346 839
346 880
347 232
347 418
347 678
347 787
347 937
348 167
348 381
348 420
348 873
348 876
349 449
349 595
349 607
349 878
349 998
35 504
35 616
35 753
35 881
350 244
350 453
350 886
350 974
350 997
351 32
351 654
351 796
351 867
351 935
352 746
352 857
352 921
352 975
352 999
353 693
353 858
353 921
353 975
353 999
354 276
354 677
354 702
354 797
354 943
355 1000
355 42
355 722
355 937
355 978
356 184
356 640
356 752
356 825
356 947
357 381
357 505
357 880
357 931
357 962
358 597
358 828
358 874
358 887
358 959
359 582
359 740
359 800
359 852
359 895
36 100
36 851
36 886
36 976
360 660
360 746
360 942
360 982
360 995
361 316
361 752
361 900
361 976
361 997
362 494
362 566
362 781
362 976
362 986
363 393
363 756
363 874
363 894
363 988
364 567
364 760
364 825
364 906
364 947
365 345
365 534
365 901
365 908
365 915
366 378
366 681
366 816
366 930
366 995
367 618
367 8
367 846
367 877
367 947
368 299
368 808
368 940
368 967
368 970
369 265
369 713
369 942
369 955
369 969
37 127
37 569
37 882
37 954
370 690
370 929
370 931
370 962
370 964
371 405
371 737
371 900
371 917
371 948
372 1000
372 939
372 952
372 966
372 996
373 815
373 930
373 951
373 980
373 982
374 255
374 294
374 44
374 642
374 747
375 507
375 595
375 855
375 980
375 995
376 551
376 854
376 872
376 899
376 917
377 312
377 600
377 829
377 986
377 992
378 366
378 601
378 844
378 993
378 996
379 129
379 910
379 952
379 975
379 999
38 719
38 972
38 990
38 996
380 217
380 492
380 769
380 899
380 923
381 341
381 348
381 357
381 706
381 950
382 143
382 501
382 787
382 981
382 991
383 346
383 632
383 790
383 835
383 839
384 232
384 273
384 428
384 863
384 948
385 109
385 806
385 953
385 995
385 998
386 910
386 935
386 942
386 966
386 968
387 700
387 899
387 951
387 980
387 998
388 258
388 566
388 623
388 757
388 892
389 663
389 689
389 724
389 799
389 980
39 523
39 625
39 871
39 991
390 822
390 856
390 892
390 904
390 956
390 989
391 286
391 670
391 710
391 895
391 986
391 989
392 406
392 525
392 628
392 776
392 884
392 942
393 363
393 736
393 796
393 901
393 951
393 959
394 446
394 687
394 718
394 86
394 920
394 967
395 933
395 949
395 975
395 977
395 989
395 999
396 133
396 338
396 763
396 911
396 924
396 994
397 159
397 551
397 677
397 845
397 975
397 999
398 516
398 558
398 829
398 877
398 967
398 985
399 414
399 616
399 840
399 860
399 886
399 985
4 140
4 260
4 761
4 981
40 329
40 775
40 82
40 870
400 290
400 719
400 892
400 943
400 956
400 963
401 433
401 691
401 830
401 838
401 888
401 981
402 404
402 453
402 526
402 967
402 974
402 985
403 828
403 893
403 894
403 900
403 981
403 998
404 402
404 921
404 925
404 953
404 958
404 975
405 371
405 887
405 914
405 941
405 979
405 984
406 392
406 61
406 654
406 725
406 776
406 859
407 424
407 455
407 957
407 961
407 979
407 995
408 309
408 712
408 878
408 937
408 942
408 994
409 965
409 972
409 987
409 990
409 995
409 996
41 785
41 940
41 973
41 997
410 152
410 253
410 330
410 483
410 955
410 998
411 576
411 598
411 742
411 796
411 894
411 959
412 649
412 773
412 875
412 952
412 973
412 994
413 106
413 321
413 517
413 811
413 948
413 954
414 1000
414 267
414 399
414 840
414 857
414 974
415 804
415 819
415 868
415 946
415 969
415 988
416 810
416 889
416 929
416 931
416 945
416 955
417 119
417 448
417 544
417 841
417 899
417 983
418 113
418 158
418 299
418 347
418 556
418 878
419 500
419 813
419 841
419 870
419 905
419 993
42 355
42 709
42 907
42 947
420 348
420 742
420 765
420 886
420 898
420 993
421 118
421 708
421 874
421 928
421 935
421 970
422 579
422 768
422 804
422 937
422 986
422 988
423 321
423 677
423 775
423 862
423 918
423 927
424 407
424 466
424 792
424 843
424 957
424 981
425 448
425 609
425 870
425 873
425 983
425 991
426 242
426 780
426 801
426 806
426 901
426 979
427 100
427 581
427 606
427 786
427 836
427 974
428 209
428 384
428 523
428 928
428 970
428 995
429 714
429 825
429 842
429 947
429 983
429 991
43 536
43 867
43 907
43 948
430 113
430 337
430 712
430 807
430 913
430 928
431 221
431 445
431 575
431 924
431 968
431 994
432 841
432 879
432 891
432 898
432 921
432 993
433 255
433 401
433 463
433 642
433 747
433 860
434 630
434 757
434 916
434 932
434 944
434 959
435 498
435 669
435 923
435 928
435 937
435 985
436 484
436 513
436 596
436 633
436 740
436 953
437 187
437 319
437 704
437 870
437 905
437 976
438 734
438 776
438 874
438 894
438 959
438 988
439 150
439 610
439 790
439 835
439 941
439 948
44 374
44 796
44 946
44 969
440 833
440 858
440 911
440 926
440 982
440 999
441 243
441 588
441 779
441 848
441 891
441 946
442 570
442 697
442 80
442 834
442 947
442 971
443 619
443 73
443 880
443 901
443 934
443 997
444 130
444 141
444 836
444 872
444 886
444 985
445 431
445 731
445 752
445 965
445 987
445 997
446 394
446 667
446 707
446 748
446 920
446 940
447 648
447 828
447 847
447 903
447 959
447 988
448 417
448 425
448 833
448 873
448 905
448 983
449 349
449 841
449 870
449 878
449 993
449 994
45 795
45 833
45 927
45 999
450 335
450 727
450 755
450 859
450 88
450 884
451 582
451 703
451 740
451 895
451 913
451 933
452 111
452 162
452 670
452 672
452 710
452 966
453 350
453 402
453 62
453 836
453 974
453 985
454 720
454 853
454 950
454 959
454 961
454 979
455 407
455 698
455 919
455 922
455 976
455 980
456 11
456 313
456 681
456 748
456 938
456 967
457 648
457 713
457 878
457 970
457 976
457 997
458 504
458 515
458 745
458 842
458 881
458 893
459 241
459 821
459 823
459 911
459 974
459 995
46 162
46 949
46 967
46 986
460 771
460 773
460 783
460 790
460 839
460 970
461 493
461 561
461 562
461 600
461 806
461 979
462 12
462 538
462 748
462 976
462 985
462 986
463 254
463 433
463 537
463 966
463 967
463 974
464 590
464 603
464 656
464 858
464 94
464 999
465 720
465 735
465 755
465 846
465 877
465 909
466 1000
466 424
466 861
466 922
466 961
466 974
467 253
467 297
467 60
467 815
467 974
467 995
468 573
468 845
468 883
468 885
468 982
468 999
469 291
469 490
469 577
469 59
469 726
469 998
47 54
47 929
47 962
47 971
470 1000
470 247
470 626
470 936
470 991
470 993
471 555
471 733
471 889
471 929
471 931
471 962
472 1000
472 713
472 722
472 936
472 939
472 978
473 669
473 778
473 885
473 910
473 952
473 966
474 234
474 761
474 775
474 965
474 989
474 990
475 733
475 802
475 850
475 931
475 945
475 955
476 19
476 198
476 271
476 900
476 948
476 995
477 686
477 945
477 950
477 961
477 962
477 979
478 694
478 918
478 921
478 925
478 933
478 999
479 703
479 831
479 894
479 913
479 948
479 994
48 765
48 791
48 872
48 980
480 296
480 539
480 715
480 757
480 957
480 989
481 543
481 572
481 734
481 791
481 803
481 995
482 318
482 333
482 658
482 740
482 75
482 895
483 410
483 878
483 885
483 888
483 928
483 952
484 25
484 436
484 684
484 879
484 891
484 904
485 518
485 874
485 889
485 894
485 916
485 957
486 108
486 725
486 841
486 844
486 899
486 993
487 607
487 691
487 760
487 904
487 918
487 989
488 101
488 712
488 856
488 981
488 986
488 989
489 176
489 497
489 885
489 910
489 952
489 966
49 53
49 593
49 913
49 923
490 469
490 647
490 850
490 931
490 945
490 962
491 200
491 64
491 883
491 915
491 962
491 964
492 315
492 380
492 920
492 940
492 941
492 950
493 311
493 461
493 767
493 796
493 806
493 935
494 186
494 244
494 362
494 557
494 821
494 950
494 997
495 170
495 540
495 552
495 737
495 830
495 908
495 941
496 588
496 649
496 779
496 882
496 887
496 943
496 957
497 239
497 489
497 669
497 756
497 778
497 910
497 966
498 1000
498 435
498 635
498 827
498 908
498 936
498 963
499 297
499 564
499 581
499 593
499 807
499 878
499 967
5 531
5 810
5 929
5 956
50 617
50 788
50 877
50 955
500 310
500 419
500 522
500 666
500 782
500 905
500 928
501 119
501 382
501 551
501 779
501 830
501 835
501 844
502 520
502 655
502 780
502 852
502 871
502 969
502 979
503 579
503 636
503 742
503 800
503 889
503 929
503 981
504 35
504 458
504 717
504 745
504 749
504 809
504 991
505 357
505 733
505 801
505 810
505 929
505 945
505 962
506 756
506 768
506 944
506 946
506 986
506 989
506 992
507 375
507 640
507 869
507 897
507 982
507 995
507 998
508 585
508 833
508 845
508 921
508 925
508 975
508 999
509 513
509 592
509 904
509 953
509 986
509 992
509 997
51 853
51 909
51 935
51 957
510 1000
510 524
510 769
510 796
510 814
510 937
510 948
511 630
511 698
511 793
511 816
511 867
511 957
511 959
512 558
512 67
512 769
512 813
512 854
512 882
512 954
513 149
513 268
513 436
513 509
513 622
513 852
513 953
514 544
514 841
514 905
514 925
514 938
514 988
514 999
515 320
515 458
515 776
515 882
515 912
515 978
515 991
516 108
516 398
516 756
516 856
516 981
516 986
516 992
517 316
517 413
517 604
517 732
517 901
517 908
517 983
518 485
518 536
518 576
518 828
518 874
518 935
518 981
519 622
519 749
519 773
519 925
519 970
519 975
519 999
52 345
52 651
52 825
52 997
520 502
520 600
520 644
520 780
520 961
520 976
520 979
521 727
521 730
521 908
521 916
521 919
521 934
521 976
522 500
522 692
522 787
522 859
522 924
522 925
522 994
523 339
523 39
523 428
523 791
523 855
523 922
523 980
524 510
524 559
524 671
524 734
524 811
524 858
524 988
525 392
525 554
525 566
525 717
525 809
525 881
525 991
526 113
526 144
526 402
526 792
526 808
526 886
526 899
527 770
527 808
527 828
527 851
527 965
527 987
527 990
528 181
528 567
528 570
528 716
528 825
528 902
528 947
529 10
529 143
529 144
529 297
529 542
529 731
529 938
53 174
53 49
53 787
53 994
530 225
530 278
530 533
530 562
530 599
530 914
530 917
531 295
531 5
531 605
531 953
531 958
531 986
531 998
532 182
532 546
532 854
532 856
532 900
532 914
532 982
533 1000
533 530
533 715
533 793
533 837
533 864
533 941
534 365
534 622
534 730
534 768
534 830
534 986
534 989
535 721
535 759
535 848
535 871
535 879
535 891
535 904
536 43
536 518
536 671
536 742
536 817
536 874
536 935
537 463
537 595
537 607
537 691
537 747
537 860
537 918
538 306
538 462
538 567
538 591
538 621
538 702
538 992
539 133
539 480
539 889
539 949
539 965
539 990
539 996
54 47
54 825
54 940
54 971
540 101
540 495
540 800
540 836
540 840
540 985
540 998
541 1000
541 169
541 177
541 303
541 945
541 962
541 963
542 529
542 808
542 847
542 937
542 967
542 970
542 974
543 481
543 801
543 803
543 819
543 930
543 995
543 999
544 417
544 514
544 862
544 870
544 898
544 899
544 993
545 315
545 665
545 769
545 941
545 987
545 989
545 990
546 296
546 532
546 599
546 900
546 902
546 947
546 971
547 283
547 660
547 666
547 677
547 707
547 960
547 995
548 189
548 55
548 851
548 876
548 938
548 967
548 976
549 618
549 965
549 972
549 984
549 987
549 990
549 996
55 27
55 548
55 789
55 876
550 660
550 718
550 769
550 804
550 868
550 950
550 973
551 376
551 397
551 501
551 825
551 932
551 971
551 993
552 16
552 280
552 495
552 597
552 642
552 914
552 941
553 108
553 244
553 604
553 692
553 820
553 924
553 970
554 525
554 640
554 809
554 824
554 881
554 884
554 918
555 471
555 834
555 880
555 884
555 902
555 962
555 971
556 164
556 418
556 808
556 809
556 881
556 923
556 980
557 232
557 494
557 713
557 729
557 987
557 990
557 996
558 220
558 229
558 298
558 398
558 512
558 911
558 923
559 106
559 524
559 777
559 875
559 894
559 924
559 933
56 196
56 263
56 755
56 990
560 759
560 868
560 965
560 981
560 986
560 987
560 990
561 197
561 461
561 735
561 802
561 822
561 846
561 877
562 461
562 530
562 643
562 854
562 914
562 917
562 950
563 10
563 710
563 852
563 895
563 913
563 942
563 970
564 499
564 616
564 765
564 870
564 898
564 923
564 970
565 652
565 739
565 822
565 885
565 923
565 952
565 966
566 291
566 362
566 388
566 525
566 750
566 861
566 936
567 132
567 364
567 528
567 538
567 570
567 932
567 971
568 344
568 591
568 594
568 892
568 972
568 986
568 992
569 37
569 632
569 639
569 666
569 943
569 960
569 977
57 317
57 590
57 65
57 985
570 117
570 175
570 442
570 528
570 567
570 697
570 825
570 902
571 198
571 31
571 599
571 854
571 917
571 948
571 957
571 981
572 481
572 683
572 791
572 859
572 974
572 980
572 995
572 998
573 468
573 683
573 815
573 869
573 993
573 995
573 996
573 998
574 686
574 772
574 880
574 889
574 929
574 931
574 945
574 962
575 431
575 722
575 784
575 874
575 875
575 924
575 936
575 963
576 411
576 518
576 777
576 87
576 935
576 959
576 964
576 988
577 469
577 69
577 719
577 826
577 83
577 892
577 932
577 981
578 1000
578 669
578 750
578 863
578 917
578 952
578 966
578 968
579 12
579 277
579 325
579 422
579 503
579 629
579 944
579 986
58 311
58 65
58 902
58 940
580 295
580 658
580 737
580 824
580 914
580 941
580 978
580 981
581 427
581 499
581 714
581 780
581 786
581 806
581 967
581 979
582 165
582 333
582 359
582 451
582 670
582 710
582 852
582 895
583 151
583 653
583 829
583 892
583 932
583 944
583 947
583 986
584 318
584 719
584 800
584 895
584 914
584 932
584 956
584 998
585 508
585 824
585 857
585 921
585 933
585 975
585 977
585 999
586 161
586 644
586 727
586 746
586 824
586 842
586 881
586 978
587 274
587 324
587 617
587 701
587 771
587 839
587 953
587 958
588 441
588 496
588 621
588 761
588 798
588 882
588 954
588 956
589 786
589 840
589 862
589 883
589 886
589 915
589 985
589 996
59 469
59 930
59 995
59 996
590 464
590 57
590 60
590 684
590 786
590 94
590 967
590 985
591 326
591 538
591 568
591 768
591 826
591 831
591 932
591 954
592 200
592 249
592 509
592 63
592 836
592 953
592 956
592 958
593 148
593 49
593 499
593 7
593 847
593 854
593 942
593 953
594 230
594 568
594 629
594 653
594 828
594 946
594 956
594 969
595 191
595 349
595 375
595 537
595 691
595 747
595 874
595 894
596 128
596 273
596 436
596 682
596 859
596 906
596 948
596 953
597 310
597 358
597 552
597 696
597 851
597 853
597 942
597 994
598 411
598 650
598 708
598 785
598 804
598 868
598 969
598 988
599 105
599 530
599 546
599 571
599 764
599 837
599 856
599 917
6 134
6 748
6 942
6 970
60 467
60 590
60 796
60 959
600 377
600 461
600 520
600 634
600 91
600 950
600 959
600 979
601 378
601 609
601 885
601 910
601 926
601 937
601 952
601 993
602 340
602 606
602 787
602 82
602 989
602 992
602 994
602 998
603 464
603 606
603 947
603 965
603 974
603 985
603 987
603 990
604 517
604 553
604 651
604 732
604 773
604 783
604 910
604 951
605 174
605 23
605 531
605 818
605 956
605 958
605 982
605 995
606 110
606 301
606 427
606 602
606 603
606 786
606 795
606 937
607 349
607 487
607 537
607 691
607 747
607 774
607 860
607 888
608 638
608 646
608 862
608 905
608 909
608 943
608 97
608 982
609 425
609 601
609 682
609 786
609 836
609 899
609 967
609 985
61 406
61 639
61 776
61 960
610 138
610 439
610 613
610 743
610 771
610 839
610 847
610 880
611 666
611 675
611 775
611 867
611 949
611 954
611 975
611 999
612 116
612 711
612 769
612 914
612 917
612 931
612 941
612 981
613 610
613 743
613 771
613 788
613 790
613 835
613 839
613 906
614 132
614 226
614 279
614 690
614 940
614 947
614 971
614 987
615 149
615 663
615 740
615 906
615 953
615 958
615 961
615 979
616 35
616 399
616 564
616 678
616 937
616 967
616 974
616 994
617 131
617 50
617 587
617 743
617 771
617 788
617 839
617 840
618 367
618 549
618 628
618 690
618 716
618 902
618 940
618 971
619 443
619 699
619 788
619 836
619 901
619 972
619 983
619 997
62 453
62 636
62 647
62 891
620 1000
620 270
620 734
620 811
620 861
620 863
620 867
620 963
621 124
621 317
621 538
621 588
621 738
621 761
621 832
621 943
622 210
622 513
622 519
622 534
622 854
622 958
622 981
622 998
623 388
623 636
623 719
623 735
623 944
623 986
623 989
623 992
624 633
624 724
624 732
624 774
624 854
624 956
624 958
624 992
625 39
625 631
625 659
625 765
625 833
625 886
625 991
625 993
626 470
626 704
626 833
626 886
626 926
626 973
626 983
626 993
627 661
627 732
627 804
627 830
627 912
627 927
627 951
627 997
628 219
628 285
628 392
628 618
628 749
628 865
628 947
628 971
629 291
629 579
629 594
629 821
629 922
629 975
629 986
629 995
63 592
63 703
63 719
63 753
630 250
630 272
630 327
630 434
630 511
630 715
630 793
630 919
630 957
631 213
631 335
631 625
631 875
631 924
631 991
631 993
631 994
631 999
632 383
632 569
632 696
632 702
632 797
632 832
632 923
632 943
632 954
633 436
633 624
633 682
633 865
633 906
633 925
633 953
633 958
633 992
634 242
634 600
634 643
634 644
634 780
634 801
634 808
634 950
634 961
635 1000
635 498
635 794
635 863
635 890
635 936
635 963
635 974
635 978
636 138
636 503
636 62
636 623
636 757
636 771
636 790
636 880
636 998
637 19
637 676
637 724
637 865
637 906
637 953
637 956
637 958
637 992
638 608
638 803
638 875
638 924
638 933
638 965
638 973
638 982
638 998
639 569
639 61
639 646
639 775
639 909
639 921
639 975
639 977
639 999
64 491
64 797
64 816
64 905
640 356
640 507
640 554
640 819
640 842
640 881
640 883
640 884
640 998
641 233
641 651
641 878
641 908
641 937
641 951
641 977
641 985
641 994
642 374
642 433
642 552
642 691
642 792
642 860
642 864
642 888
642 916
643 242
643 562
643 634
643 780
643 806
643 91
643 950
643 961
643 986
644 154
644 157
644 520
644 586
644 634
644 884
644 961
644 979
644 991
645 105
645 896
645 965
645 972
645 984
645 987
645 989
645 990
645 996
646 123
646 279
646 302
646 334
646 608
646 639
646 716
646 943
646 977
647 490
647 62
647 693
647 810
647 910
647 952
647 955
647 966
647 993
648 447
648 457
648 699
648 829
648 890
648 903
648 911
648 93
648 985
649 30
649 412
649 496
649 792
649 913
649 933
649 949
649 957
649 994
65 326
65 57
65 58
65 840
650 598
650 782
650 828
650 852
650 949
650 955
650 969
650 973
650 988
651 52
651 604
651 641
651 661
651 715
651 827
651 934
651 951
651 983
652 565
652 705
652 778
652 850
652 885
652 910
652 952
652 966
652 989
653 12
653 121
653 583
653 594
653 800
653 826
653 912
653 944
653 998
654 106
654 351
654 406
654 745
654 867
654 884
654 978
654 980
654 988
655 329
655 502
655 782
655 785
655 868
655 946
655 955
655 969
655 988
656 224
656 464
656 749
656 783
656 809
656 927
656 970
656 978
656 991
657 137
657 328
657 671
657 777
657 796
657 847
657 894
657 903
657 934
658 482
658 580
658 664
658 667
658 731
658 751
658 834
658 876
658 942
659 193
659 271
659 31
659 625
659 711
659 737
659 914
659 917
659 941
66 785
66 804
66 946
66 955
660 319
660 360
660 547
660 550
660 752
660 821
660 876
660 920
660 950
661 328
661 627
661 651
661 823
661 86
661 901
661 951
661 983
661 997
662 675
662 845
662 858
662 925
662 933
662 949
662 975
662 977
662 999
663 154
663 389
663 615
663 717
663 800
663 881
663 882
663 953
663 958
664 340
664 658
664 699
664 745
664 842
664 876
664 940
664 950
664 976
665 545
665 729
665 736
665 751
665 797
665 870
665 898
665 983
665 993
666 123
666 500
666 547
666 569
666 611
666 696
666 832
666 882
666 943
666 954
667 275
667 446
667 658
667 748
667 752
667 876
667 964
667 967
667 976
667 997
668 920
668 934
668 965
668 972
668 983
668 985
668 987
668 990
668 996
668 997
669 435
669 473
669 497
669 578
669 693
669 705
669 778
669 910
669 952
669 966
67 512
67 778
67 914
67 917
670 259
670 391
670 452
670 582
670 672
670 710
670 800
670 852
670 895
670 922
671 165
671 294
671 524
671 536
671 657
671 777
671 887
671 893
671 894
671 935
672 134
672 234
672 452
672 670
672 687
672 700
672 851
672 852
672 895
672 994
673 102
673 126
673 236
673 745
673 773
673 781
673 783
673 820
673 927
673 970
674 721
674 823
674 837
674 84
674 848
674 871
674 879
674 891
674 904
674 946
675 611
675 662
675 762
675 842
675 845
675 858
675 921
675 975
675 977
675 999
676 637
676 777
676 797
676 865
676 906
676 909
676 943
676 958
676 977
676 992
677 317
677 337
677 354
677 397
677 423
677 547
677 716
677 832
677 954
677 977
678 286
678 330
678 347
678 616
678 700
678 713
678 808
678 878
678 923
678 942
679 1
679 844
679 972
679 974
679 983
679 984
679 987
679 989
679 991
679 993
68 778
68 922
68 952
68 982
680 246
680 758
680 892
680 909
680 916
680 923
680 943
680 954
680 976
680 984
681 366
681 456
681 696
681 738
681 801
681 869
681 911
681 954
681 977
681 996
682 247
682 596
682 609
682 633
682 740
682 770
682 906
682 953
682 956
682 979
683 318
683 572
683 573
683 772
683 823
683 862
683 869
683 980
683 982
683 995
684 145
684 236
684 484
684 590
684 783
684 927
684 95
684 970
684 979
684 992
685 1000
685 202
685 237
685 848
685 861
685 879
685 891
685 937
685 946
685 983
686 169
686 477
686 574
686 742
686 855
686 880
686 931
686 945
686 962
686 964
687 394
687 672
687 858
687 908
687 925
687 934
687 938
687 951
687 975
687 999
688 763
688 774
688 845
688 857
688 925
688 933
688 949
688 975
688 977
688 999
689 29
689 298
689 389
689 843
689 855
689 883
689 930
689 980
689 982
689 995
69 577
69 826
69 932
69 944
690 231
690 279
690 370
690 614
690 618
690 697
690 825
690 940
690 947
690 971
691 401
691 487
691 537
691 595
691 607
691 642
691 747
691 888
691 918
691 990
692 266
692 522
692 553
692 857
692 913
692 933
692 935
692 968
692 973
692 994
693 353
693 647
693 669
693 739
693 756
693 885
693 888
693 910
693 952
693 966
694 478
694 728
694 845
694 853
694 919
694 925
694 973
694 975
694 976
694 999
695 307
695 786
695 819
695 840
695 886
695 930
695 952
695 974
695 985
695 998
696 276
696 597
696 632
696 666
696 681
696 820
696 832
696 923
696 960
696 977
697 181
697 226
697 442
697 570
697 690
697 832
697 932
697 940
697 947
697 971
698 285
698 455
698 511
698 715
698 728
698 887
698 957
698 976
698 982
698 984
699 206
699 619
699 648
699 664
699 86
699 866
699 920
699 927
699 951
699 983
7 593
7 884
7 956
7 960
70 183
70 26
70 767
70 774
700 387
700 672
700 678
700 708
700 709
700 847
700 863
700 913
700 919
700 928
701 324
701 587
701 717
701 760
701 766
701 784
701 953
701 956
701 958
701 979
702 127
702 332
702 354
702 538
702 632
702 779
702 832
702 898
702 960
702 977
703 451
703 479
703 63
703 826
703 924
703 935
703 973
703 981
703 986
703 992
704 125
704 213
704 437
704 626
704 751
704 813
704 833
704 841
704 905
704 991
705 115
705 652
705 669
705 739
705 885
705 888
705 910
705 952
705 954
705 966
706 286
706 381
706 719
706 768
706 916
706 920
706 967
706 981
706 986
706 997
707 179
707 282
707 446
707 547
707 720
707 731
707 753
707 93
707 950
707 997
708 103
708 122
708 421
708 598
708 700
708 787
708 789
708 852
708 868
708 969
708 994
709 42
709 700
709 773
709 787
709 807
709 808
709 831
709 909
709 924
709 933
709 968
71 879
71 891
71 940
71 950
710 146
710 2
710 201
710 259
710 391
710 452
710 563
710 582
710 670
710 895
710 978
711 273
711 304
711 312
711 612
711 659
711 72
711 827
711 900
711 914
711 917
711 941
712 240
712 408
712 430
712 488
712 723
712 899
712 925
712 949
712 975
712 977
712 994
713 299
713 341
713 369
713 457
713 472
713 557
713 678
713 770
713 807
713 878
713 994
714 158
714 429
714 581
714 809
714 884
714 896
714 965
714 972
714 987
714 990
714 991
715 339
715 480
715 533
715 630
715 651
715 698
715 853
715 864
715 916
715 957
715 984
716 159
716 193
716 528
716 618
716 646
716 677
716 752
716 76
716 902
716 940
716 971
717 287
717 504
717 525
717 663
717 701
717 765
717 770
717 809
717 842
717 906
717 979
718 171
718 394
718 550
718 748
718 752
718 793
718 834
718 851
718 938
718 976
718 997
719 252
719 38
719 400
719 577
719 584
719 623
719 63
719 706
719 932
719 944
719 986
72 711
72 987
72 990
72 992
720 454
720 465
720 707
720 792
720 864
720 865
720 906
720 928
720 953
720 958
720 992
721 535
721 674
721 823
721 848
721 871
721 879
721 891
721 904
721 913
721 946
721 984
722 1000
722 355
722 472
722 575
722 814
722 833
722 861
722 937
722 939
722 963
722 978
723 211
723 265
723 712
723 770
723 846
723 847
723 851
723 877
723 884
723 890
723 911
724 324
724 389
724 624
724 637
724 760
724 801
724 865
724 953
724 958
724 979
724 992
725 119
725 125
725 157
725 260
725 406
725 486
725 881
725 884
725 926
725 928
725 991
726 469
726 733
726 772
726 889
726 929
726 931
726 945
726 955
726 962
726 964
726 981
727 450
727 521
727 586
727 745
727 882
727 927
727 934
727 951
727 959
727 991
727 997
728 284
728 694
728 698
728 792
728 824
728 853
728 916
728 919
728 957
728 959
728 970
729 557
729 665
729 789
729 841
729 844
729 870
729 898
729 899
729 913
729 923
729 999
73 214
73 443
73 908
73 951
730 521
730 534
730 746
730 747
730 840
730 860
730 903
730 96
730 967
730 974
730 985
731 445
731 529
731 658
731 707
731 821
731 896
731 965
731 970
731 972
731 987
731 990
732 120
732 192
732 517
732 604
732 624
732 627
732 746
732 836
732 912
732 927
732 997
733 471
733 475
733 505
733 726
733 860
733 889
733 929
733 931
733 945
733 962
733 964
734 173
734 438
734 481
734 524
734 620
734 777
734 811
734 874
734 893
734 959
734 988
735 465
735 561
735 623
735 846
735 877
735 890
735 965
735 987
735 989
735 990
735 996
736 229
736 393
736 665
736 761
736 762
736 813
736 898
736 915
736 927
736 934
736 993
737 230
737 371
737 495
737 580
737 659
737 804
737 843
737 868
737 941
737 969
737 988
738 621
738 681
738 76
738 77
738 775
738 862
738 88
738 897
738 928
738 943
738 954
739 232
739 256
739 565
739 693
739 705
739 850
739 885
739 888
739 910
739 952
739 966
74 193
74 809
74 859
74 955
740 2
740 218
740 359
740 436
740 451
740 482
740 615
740 682
740 865
740 953
740 955
740 958
741 156
741 893
741 896
741 897
741 964
741 965
741 972
741 984
741 987
741 989
741 990
741 996
742 300
742 411
742 420
742 503
742 536
742 686
742 889
742 893
742 935
742 945
742 962
742 988
743 1000
743 610
743 613
743 617
743 771
743 79
743 839
743 841
743 912
743 939
743 963
743 978
744 338
744 819
744 827
744 869
744 901
744 903
744 922
744 951
744 965
744 974
744 985
744 996
745 458
745 504
745 654
745 664
745 673
745 727
745 809
745 842
745 881
745 942
745 960
745 978
746 260
746 352
746 360
746 586
746 730
746 732
746 749
746 866
746 924
746 942
746 951
746 997
747 183
747 374
747 433
747 537
747 595
747 607
747 691
747 730
747 774
747 860
747 888
747 918
748 282
748 446
748 456
748 462
748 6
748 667
748 718
748 834
748 851
748 876
748 920
748 967
749 239
749 336
749 504
749 519
749 628
749 656
749 746
749 751
749 795
749 859
749 970
749 991
75 482
75 872
75 895
75 945
750 1000
750 245
750 566
750 578
750 812
750 863
750 875
750 902
750 936
750 939
750 963
750 978
751 340
751 346
751 658
751 665
751 704
751 749
751 842
751 844
751 872
751 881
751 926
751 978
752 167
752 313
752 356
752 361
752 445
752 660
752 667
752 716
752 718
752 834
752 950
752 976
753 1000
753 17
753 244
753 283
753 35
753 63
753 707
753 834
753 874
753 948
753 967
753 988
754 165
754 226
754 305
754 777
754 896
754 948
754 965
754 972
754 987
754 988
754 989
754 990
755 150
755 280
755 331
755 450
755 465
755 56
755 838
755 875
755 924
755 941
755 973
755 994
756 111
756 252
756 363
756 497
756 506
756 516
756 693
756 944
756 952
756 956
756 966
756 998
757 388
757 434
757 480
757 636
757 793
757 89
757 916
757 919
757 928
757 984
757 986
757 998
758 680
758 804
758 812
758 864
758 867
758 919
758 943
758 946
758 959
758 969
758 988
758 993
759 135
759 342
759 535
759 560
759 826
759 856
759 892
759 932
759 956
759 986
759 989
759 992
76 716
76 738
76 775
76 954
760 205
760 266
760 287
760 364
760 487
760 701
760 724
760 770
760 953
760 958
760 979
760 992
761 1000
761 332
761 4
761 474
761 588
761 621
761 736
761 779
761 907
761 936
761 963
761 978
762 251
762 675
762 736
762 763
762 858
762 912
762 920
762 921
762 922
762 975
762 985
762 999
763 396
763 688
763 762
763 799
763 843
763 883
763 921
763 923
763 930
763 975
763 980
763 999
764 116
764 182
764 278
764 320
764 599
764 837
764 838
764 854
764 891
764 900
764 908
764 981
765 167
765 257
765 420
765 48
765 564
765 625
765 717
765 813
765 841
765 873
765 886
765 993
766 701
766 811
766 817
766 854
766 867
766 874
766 881
766 894
766 906
766 953
766 956
766 979
767 233
767 254
767 493
767 70
767 774
767 793
767 887
767 888
767 918
767 919
767 976
767 984
768 330
768 422
768 506
768 534
768 591
768 706
768 874
768 921
768 925
768 949
768 975
768 999
769 271
769 273
769 380
769 510
769 512
769 545
769 550
769 612
769 837
769 856
769 900
769 99
77 738
77 798
77 897
77 977
770 134
770 174
770 527
770 682
770 713
770 717
770 723
770 760
770 948
770 953
770 958
770 992
770 994
771 114
771 209
771 460
771 587
771 610
771 613
771 617
771 636
771 743
771 835
771 839
771 880
771 949
772 15
772 188
772 574
772 683
772 726
772 818
772 869
772 945
772 962
772 964
772 979
772 980
772 995
773 412
773 460
773 519
773 604
773 673
773 709
773 913
773 924
773 927
773 935
773 970
773 991
773 994
774 607
774 624
774 688
774 70
774 747
774 767
774 846
774 860
774 865
774 906
774 918
774 958
774 979
775 298
775 40
775 423
775 474
775 611
775 639
775 738
775 76
775 886
775 923
775 943
775 954
775 960
776 285
776 340
776 392
776 406
776 438
776 515
776 61
776 809
776 842
776 881
776 884
776 960
776 991
777 17
777 559
777 576
777 657
777 671
777 676
777 734
777 754
777 796
777 811
777 894
777 935
777 959
778 115
778 473
778 497
778 652
778 669
778 67
778 68
778 850
778 885
778 888
778 910
778 952
778 966
779 190
779 343
779 441
779 496
779 501
779 702
779 761
779 870
779 873
779 88
779 898
779 905
779 918
78 269
78 886
78 950
78 969
780 179
780 242
780 426
780 502
780 520
780 581
780 634
780 643
780 801
780 931
780 950
780 961
780 979
781 280
781 323
781 362
781 673
781 782
781 804
781 812
781 820
781 927
781 969
781 970
781 973
781 988
782 143
782 257
782 500
782 650
782 655
782 781
782 830
782 868
782 873
782 905
782 969
782 983
782 988
783 102
783 236
783 280
783 323
783 460
783 604
783 656
783 673
783 684
783 795
783 820
783 869
783 927
784 1000
784 104
784 19
784 575
784 701
784 837
784 861
784 912
784 939
784 955
784 968
784 979
784 992
785 175
785 186
785 243
785 41
785 598
785 655
785 66
785 867
785 868
785 946
785 955
785 969
785 973
786 161
786 427
786 581
786 589
786 590
786 606
786 609
786 695
786 840
786 886
786 907
786 96
786 967
787 310
787 347
787 382
787 522
787 53
787 602
787 708
787 709
787 807
787 847
787 863
787 878
787 994
788 199
788 220
788 50
788 613
788 617
788 619
788 839
788 858
788 880
788 903
788 951
788 983
788 985
789 208
789 224
789 265
789 301
789 329
789 55
789 708
789 729
789 807
789 851
789 899
789 923
789 926
79 743
79 912
79 968
79 978
790 104
790 383
790 439
790 460
790 613
790 636
790 810
790 813
790 835
790 880
790 889
790 929
790 931
790 962
791 253
791 307
791 33
791 48
791 481
791 523
791 572
791 799
791 930
791 940
791 974
791 980
791 982
791 995
792 215
792 250
792 284
792 424
792 526
792 642
792 649
792 720
792 728
792 824
792 867
792 916
792 957
792 959
793 272
793 511
793 533
793 630
793 718
793 757
793 767
793 824
793 84
793 916
793 919
793 928
793 957
793 984
794 1000
794 303
794 635
794 814
794 83
794 849
794 855
794 857
794 890
794 907
794 936
794 968
794 978
794 985
795 140
795 185
795 236
795 3
795 336
795 45
795 606
795 749
795 783
795 814
795 872
795 907
795 927
795 939
796 216
796 351
796 393
796 411
796 44
796 493
796 510
796 60
796 657
796 777
796 849
796 874
796 894
796 988
797 290
797 326
797 354
797 632
797 64
797 665
797 676
797 844
797 898
797 943
797 983
797 986
797 991
797 993
798 123
798 246
798 270
798 588
798 77
798 803
798 843
798 855
798 915
798 922
798 954
798 960
798 980
798 991
799 29
799 290
799 389
799 763
799 791
799 801
799 818
799 819
799 915
799 922
799 930
799 980
799 982
799 995
8 367
8 877
8 879
8 891
80 442
80 902
80 947
80 971
800 203
800 218
800 333
800 359
800 503
800 540
800 584
800 653
800 663
800 670
800 895
800 973
800 986
800 989
801 426
801 505
801 543
801 634
801 681
801 724
801 780
801 799
801 815
801 930
801 950
801 961
801 979
801 995
802 263
802 475
802 561
802 846
802 861
802 872
802 877
802 890
802 911
802 936
802 939
802 945
802 961
802 963
803 207
803 327
803 481
803 543
803 638
803 798
803 818
803 855
803 915
803 930
803 950
803 960
803 980
803 982
804 230
804 415
804 422
804 550
804 598
804 627
804 66
804 737
804 758
804 781
804 817
804 955
804 969
804 973
805 1000
805 814
805 873
805 896
805 939
805 948
805 961
805 963
805 965
805 968
805 972
805 984
805 987
805 990
806 277
806 385
806 426
806 461
806 493
806 581
806 643
806 875
806 909
806 933
806 935
806 950
806 968
806 994
807 110
807 200
807 299
807 310
807 430
807 499
807 709
807 713
807 787
807 789
807 878
807 888
807 913
807 977
808 155
808 330
808 368
808 526
808 527
808 542
808 556
808 634
808 678
808 709
808 817
808 847
808 863
808 90
809 504
809 525
809 554
809 556
809 656
809 714
809 717
809 74
809 745
809 776
809 842
809 882
809 942
809 989
81 920
81 938
81 975
81 999
810 169
810 416
810 5
810 505
810 647
810 790
810 889
810 929
810 931
810 945
810 955
810 962
810 964
810 966
811 1000
811 110
811 311
811 413
811 524
811 620
811 734
811 766
811 777
811 817
811 935
811 948
811 959
811 988
812 1000
812 223
812 750
812 758
812 781
812 849
812 861
812 939
812 946
812 961
812 963
812 969
812 988
812 996
813 24
813 343
813 419
813 512
813 704
813 736
813 765
813 790
813 870
813 873
813 899
813 905
813 991
813 993
814 1000
814 202
814 333
814 510
814 722
814 794
814 795
814 805
814 837
814 907
814 936
814 937
814 939
814 963
815 14
815 157
815 309
815 373
815 467
815 573
815 801
815 883
815 922
815 930
815 941
815 980
815 982
815 998
816 294
816 366
816 511
816 64
816 818
816 821
816 896
816 911
816 965
816 972
816 980
816 987
816 990
816 996
817 208
817 27
817 536
817 766
817 804
817 808
817 811
817 874
817 893
817 894
817 899
817 928
817 936
817 937
817 994
818 14
818 281
818 316
818 605
818 772
818 799
818 803
818 816
818 855
818 922
818 974
818 980
818 982
818 995
818 998
819 241
819 253
819 415
819 543
819 640
819 695
819 744
819 799
819 85
819 869
819 882
819 883
819 922
819 974
819 980
82 40
82 602
82 831
82 994
820 280
820 553
820 673
820 696
820 781
820 783
820 832
820 842
820 897
820 908
820 918
820 927
820 954
820 970
820 977
821 150
821 459
821 494
821 629
821 660
821 731
821 816
821 834
821 883
821 911
821 930
821 938
821 982
821 991
821 997
822 10
822 196
822 390
822 561
822 565
822 846
822 850
822 877
822 885
822 888
822 890
822 910
822 911
822 952
822 966
823 459
823 661
823 674
823 683
823 721
823 848
823 879
823 883
823 891
823 904
823 922
823 926
823 946
823 995
823 996
824 180
824 340
824 554
824 580
824 585
824 586
824 728
824 792
824 793
824 882
824 887
824 928
824 960
824 980
824 984
825 231
825 308
825 356
825 364
825 429
825 52
825 528
825 54
825 551
825 570
825 690
825 882
825 902
825 947
825 971
826 286
826 344
826 577
826 591
826 653
826 69
826 703
826 759
826 892
826 944
826 956
826 967
826 981
826 986
826 998
827 289
827 498
827 651
827 711
827 744
827 847
827 866
827 901
827 903
827 908
827 920
827 934
827 95
827 983
827 985
828 17
828 235
828 323
828 358
828 403
828 447
828 518
828 527
828 594
828 650
828 861
828 868
828 946
828 969
828 973
829 11
829 135
829 18
829 291
829 377
829 398
829 583
829 648
829 846
829 877
829 880
829 883
829 911
829 956
829 992
83 1000
83 577
83 794
83 861
830 401
830 495
830 501
830 534
830 627
830 782
830 841
830 871
830 903
830 908
830 983
830 985
830 991
830 993
830 997
831 1000
831 312
831 337
831 479
831 591
831 709
831 82
831 849
831 851
831 890
831 907
831 928
831 942
831 963
831 968
832 22
832 25
832 621
832 632
832 666
832 677
832 696
832 697
832 702
832 820
832 918
832 943
832 954
832 960
832 977
833 440
833 448
833 45
833 508
833 625
833 626
833 704
833 722
833 871
833 873
833 898
833 921
833 949
833 975
833 993
833 999
834 308
834 442
834 555
834 658
834 718
834 748
834 752
834 753
834 821
834 876
834 898
834 902
834 932
834 947
834 971
834 997
835 180
835 228
835 383
835 439
835 501
835 613
835 771
835 790
835 839
835 844
835 871
835 880
835 926
835 943
835 983
835 993
836 289
836 297
836 427
836 444
836 453
836 540
836 592
836 609
836 619
836 732
836 901
836 903
836 905
836 915
836 951
836 967
837 128
837 29
837 533
837 599
837 674
837 764
837 769
837 784
837 814
837 848
837 871
837 879
837 891
837 904
837 946
837 981
838 138
838 401
838 755
838 764
838 85
838 896
838 948
838 962
838 965
838 972
838 981
838 984
838 987
838 989
838 990
838 996
839 209
839 220
839 274
839 346
839 383
839 460
839 587
839 610
839 613
839 617
839 743
839 771
839 788
839 835
839 880
839 996
84 674
84 793
84 944
84 986
840 141
840 161
840 258
840 399
840 414
840 540
840 589
840 617
840 65
840 695
840 730
840 786
840 94
840 967
840 974
840 985
841 417
841 419
841 432
841 449
841 486
841 514
841 704
841 729
841 743
841 765
841 830
841 844
841 870
841 872
841 886
841 971
842 180
842 429
842 458
842 586
842 640
842 664
842 675
842 717
842 745
842 751
842 776
842 809
842 820
842 881
842 978
842 991
843 294
843 424
843 689
843 737
843 763
843 798
843 869
843 883
843 915
843 930
843 974
843 980
843 982
843 995
843 996
843 998
844 257
844 378
844 486
844 501
844 679
844 729
844 751
844 797
844 835
844 841
844 856
844 870
844 872
844 886
844 898
844 926
845 341
845 397
845 468
845 508
845 662
845 675
845 688
845 694
845 921
845 925
845 933
845 938
845 975
845 977
845 986
845 999
846 18
846 197
846 275
846 367
846 465
846 561
846 723
846 735
846 774
846 802
846 822
846 829
846 877
846 890
846 911
846 917
847 176
847 447
847 542
847 593
847 610
847 657
847 700
847 723
847 787
847 808
847 827
847 89
847 912
847 920
847 970
847 983
847 997
848 137
848 151
848 203
848 264
848 441
848 535
848 674
848 685
848 721
848 823
848 837
848 871
848 879
848 891
848 904
848 946
848 979
849 1000
849 13
849 148
849 156
849 303
849 794
849 796
849 812
849 831
849 857
849 861
849 872
849 877
849 907
849 912
849 963
849 978
85 145
85 819
85 838
85 995
850 475
850 490
850 652
850 739
850 778
850 822
850 885
850 889
850 910
850 929
850 931
850 945
850 947
850 952
850 962
850 964
850 966
851 150
851 232
851 313
851 36
851 527
851 548
851 597
851 672
851 718
851 723
851 748
851 789
851 831
851 89
851 956
851 967
851 986
852 249
852 259
852 302
852 318
852 359
852 502
852 513
852 563
852 582
852 650
852 670
852 672
852 708
852 895
852 969
852 973
852 988
853 136
853 454
853 51
853 597
853 694
853 715
853 728
853 864
853 887
853 916
853 928
853 949
853 957
853 959
853 976
853 984
853 997
854 109
854 249
854 315
854 376
854 512
854 532
854 562
854 571
854 593
854 622
854 624
854 764
854 766
854 906
854 948
854 976
854 992
855 307
855 327
855 375
855 523
855 686
855 689
855 794
855 798
855 803
855 818
855 915
855 922
855 926
855 974
855 980
855 982
855 996
856 278
856 295
856 390
856 488
856 516
856 532
856 599
856 759
856 769
856 844
856 892
856 914
856 930
856 941
856 944
856 956
856 998
857 140
857 352
857 414
857 585
857 688
857 692
857 794
857 849
857 925
857 937
857 938
857 963
857 968
857 972
857 975
857 978
857 999
858 128
858 353
858 440
858 464
858 524
858 662
858 675
858 687
858 762
858 788
858 921
858 925
858 933
858 938
858 975
858 977
858 999
859 224
859 233
859 406
859 450
859 522
859 572
859 596
859 74
859 749
859 863
859 90
859 913
859 942
859 970
859 978
859 991
859 994
86 394
86 661
86 699
86 997
860 100
860 111
860 399
860 433
860 537
860 607
860 642
860 730
860 733
860 747
860 774
860 888
860 918
860 94
860 967
860 974
860 985
861 248
861 466
861 566
861 620
861 685
861 722
861 784
861 802
861 812
861 828
861 83
861 849
861 896
861 907
861 936
861 939
861 968
862 188
862 307
862 334
862 423
862 544
862 589
862 608
862 683
862 738
862 883
862 922
862 923
862 943
862 954
862 960
862 986
862 996
863 1000
863 200
863 225
863 384
863 578
863 620
863 635
863 700
863 750
863 787
863 808
863 859
863 936
863 937
863 939
863 963
863 970
864 205
864 533
864 642
864 715
864 720
864 758
864 853
864 867
864 887
864 916
864 919
864 928
864 957
864 959
864 976
864 984
864 987
865 104
865 145
865 20
865 256
865 266
865 628
865 633
865 637
865 676
865 720
865 724
865 740
865 774
865 906
865 953
865 956
865 958
865 979
866 153
866 170
866 176
866 213
866 699
866 746
866 827
866 872
866 873
866 898
866 901
866 905
866 915
866 934
866 963
866 983
866 991
866 993
867 226
867 34
867 351
867 43
867 511
867 611
867 620
867 654
867 758
867 766
867 785
867 792
867 864
867 874
867 919
867 959
867 976
867 984
868 214
868 223
868 325
868 415
868 550
868 560
868 598
868 655
868 708
868 737
868 782
868 785
868 828
868 946
868 955
868 969
868 973
868 988
869 163
869 227
869 281
869 327
869 507
869 573
869 681
869 683
869 744
869 772
869 783
869 819
869 843
869 930
869 980
869 982
869 996
869 998
87 576
87 934
87 947
87 971
870 139
870 24
870 40
870 419
870 425
870 437
870 449
870 544
870 564
870 665
870 729
870 779
870 813
870 841
870 844
870 905
870 992
870 993
871 39
871 502
871 535
871 674
871 721
871 830
871 833
871 835
871 837
871 848
871 879
871 886
871 891
871 898
871 905
871 946
871 983
871 993
872 1000
872 114
872 141
872 247
872 376
872 444
872 48
872 75
872 751
872 795
872 802
872 841
872 844
872 849
872 866
872 936
872 939
872 993
873 122
873 139
873 228
873 24
873 348
873 425
873 448
873 765
873 779
873 782
873 805
873 813
873 833
873 866
873 898
873 905
873 961
873 993
874 17
874 358
874 363
874 421
874 438
874 485
874 518
874 536
874 575
874 595
874 734
874 753
874 766
874 768
874 796
874 817
874 867
874 894
874 988
875 209
875 243
875 277
875 314
875 335
875 412
875 559
875 575
875 631
875 638
875 750
875 755
875 806
875 909
875 913
875 924
875 968
875 973
875 994
876 186
876 206
876 269
876 348
876 548
876 55
876 658
876 660
876 664
876 667
876 748
876 834
876 920
876 939
876 940
876 950
876 967
876 976
876 997
877 220
877 275
877 300
877 367
877 398
877 465
877 50
877 561
877 723
877 735
877 8
877 802
877 822
877 829
877 846
877 849
877 890
877 911
877 93
878 152
878 301
878 349
878 408
878 418
878 449
878 457
878 483
878 499
878 641
878 678
878 713
878 787
878 807
878 910
878 911
878 923
878 942
878 970
879 137
879 264
879 432
879 484
879 535
879 674
879 685
879 71
879 721
879 8
879 823
879 837
879 848
879 871
879 891
879 904
879 932
879 946
879 996
88 450
88 738
88 779
88 923
880 180
880 346
880 357
880 443
880 555
880 574
880 610
880 636
880 686
880 771
880 788
880 790
880 829
880 835
880 839
880 889
880 931
880 955
880 962
880 964
881 153
881 185
881 35
881 458
881 525
881 554
881 556
881 586
881 640
881 663
881 725
881 745
881 751
881 766
881 776
881 842
881 884
881 909
881 960
881 991
882 224
882 332
882 37
882 496
882 512
882 515
882 588
882 663
882 666
882 727
882 809
882 819
882 824
882 825
882 923
882 942
882 943
882 960
882 977
882 991
883 27
883 323
883 468
883 491
883 589
883 640
883 689
883 763
883 815
883 819
883 821
883 823
883 829
883 843
883 862
883 922
883 926
883 974
883 99
883 995
884 103
884 125
884 185
884 199
884 392
884 450
884 554
884 555
884 640
884 644
884 654
884 7
884 714
884 723
884 725
884 776
884 881
884 960
884 978
884 991
885 163
885 207
885 468
885 473
885 483
885 489
885 565
885 601
885 652
885 693
885 705
885 739
885 778
885 822
885 850
885 888
885 910
885 946
885 952
885 966
886 177
886 350
886 36
886 399
886 420
886 444
886 526
886 589
886 625
886 626
886 695
886 765
886 775
886 78
886 786
886 841
886 844
886 871
886 974
886 985
887 250
887 295
887 34
887 358
887 405
887 496
887 671
887 698
887 767
887 824
887 853
887 864
887 916
887 919
887 928
887 949
887 957
887 959
887 976
887 984
888 112
888 183
888 401
888 483
888 607
888 642
888 691
888 693
888 705
888 739
888 747
888 767
888 778
888 807
888 822
888 860
888 885
888 918
888 952
888 966
888 992
889 237
889 416
889 471
889 485
889 503
889 539
889 574
889 726
889 733
889 742
889 790
889 810
889 850
889 880
889 929
889 931
889 945
889 955
889 96
889 962
889 964
89 259
89 757
89 847
89 851
890 1000
890 197
890 237
890 304
890 314
890 322
890 635
890 648
890 723
890 735
890 794
890 802
890 822
890 831
890 846
890 877
890 911
890 939
890 963
890 968
890 989
891 137
891 172
891 264
891 432
891 441
891 484
891 535
891 62
891 674
891 685
891 71
891 721
891 764
891 8
891 823
891 837
891 848
891 871
891 879
891 904
891 946
892 252
892 258
892 306
892 334
892 388
892 390
892 400
892 568
892 577
892 583
892 680
892 759
892 826
892 856
892 944
892 956
892 986
892 989
892 992
892 993
892 998
893 106
893 403
893 458
893 671
893 734
893 741
893 742
893 817
893 896
893 899
893 948
893 959
893 964
893 965
893 972
893 984
893 987
893 988
893 989
893 990
893 996
894 363
894 403
894 411
894 438
894 479
894 485
894 559
894 595
894 657
894 671
894 766
894 777
894 796
894 817
894 874
894 9
894 935
894 948
894 959
894 983
894 988
895 146
895 2
895 201
895 218
895 259
895 318
895 333
895 359
895 391
895 451
895 482
895 563
895 582
895 584
895 670
895 672
895 710
895 75
895 800
895 852
895 901
896 216
896 645
896 714
896 731
896 741
896 754
896 805
896 816
896 838
896 861
896 893
896 897
896 952
896 964
896 965
896 972
896 984
896 987
896 989
896 990
896 996
897 127
897 217
897 28
897 326
897 507
897 738
897 741
897 77
897 820
897 896
897 918
897 954
897 960
897 964
897 965
897 972
897 984
897 987
897 989
897 990
897 996
898 187
898 24
898 420
898 432
898 544
898 564
898 665
898 702
898 729
898 736
898 779
898 797
898 833
898 834
898 844
898 866
898 871
898 873
898 905
898 991
898 993
899 123
899 136
899 376
899 380
899 387
899 417
899 486
899 526
899 544
899 609
899 712
899 729
899 789
899 813
899 817
899 893
899 905
899 926
899 970
899 983
899 993
899 994
9 894
9 958
9 977
9 999
90 173
90 808
90 859
90 926
900 182
900 222
900 261
900 262
900 278
900 315
900 331
900 361
900 371
900 403
900 476
900 532
900 546
900 711
900 764
900 769
900 914
900 917
900 941
900 948
900 970
900 993
901 160
901 178
901 190
901 345
901 365
901 393
901 426
901 443
901 517
901 619
901 661
901 744
901 827
901 836
901 866
901 895
901 903
901 915
901 927
901 934
901 983
901 997
902 117
902 208
902 231
902 248
902 262
902 299
902 329
902 528
902 546
902 555
902 570
902 58
902 618
902 716
902 750
902 80
902 825
902 834
902 932
902 940
902 947
902 971
903 120
903 251
903 287
903 289
903 447
903 648
903 657
903 730
903 744
903 788
903 827
903 830
903 836
903 901
903 908
903 91
903 915
903 927
903 934
903 951
903 983
903 997
904 274
904 390
904 484
904 487
904 509
904 535
904 674
904 721
904 823
904 837
904 848
904 879
904 891
904 932
904 944
904 946
904 962
904 981
904 986
904 989
904 992
904 998
905 213
905 229
905 419
905 437
905 448
905 500
905 514
905 608
905 64
905 704
905 779
905 782
905 813
905 836
905 866
905 870
905 871
905 873
905 898
905 899
905 991
905 993
906 205
906 249
906 266
906 364
906 596
906 613
906 615
906 633
906 637
906 676
906 682
906 717
906 720
906 766
906 774
906 854
906 865
906 956
906 958
906 975
906 979
906 992
907 1000
907 164
907 196
907 287
907 292
907 303
907 42
907 43
907 761
907 786
907 794
907 795
907 814
907 831
907 849
907 861
907 912
907 936
907 937
907 961
907 963
907 978
908 199
908 251
908 289
908 365
908 495
908 498
908 517
908 521
908 641
908 687
908 73
908 764
908 820
908 827
908 830
908 903
908 912
908 920
908 927
908 934
908 950
908 951
908 983
909 159
909 245
909 302
909 321
909 465
909 51
909 608
909 639
909 676
909 680
909 709
909 806
909 875
909 881
909 913
909 921
909 924
909 933
909 935
909 954
909 973
909 977
909 994
91 600
91 643
91 903
91 950
910 107
910 124
910 234
910 379
910 386
910 473
910 489
910 497
910 601
910 604
910 647
910 652
910 669
910 693
910 705
910 739
910 778
910 822
910 850
910 878
910 885
910 952
910 966
911 142
911 263
911 314
911 396
911 440
911 459
911 558
911 648
911 681
911 723
911 802
911 816
911 821
911 822
911 829
911 846
911 877
911 878
911 890
911 974
911 982
911 995
911 996
912 1000
912 222
912 267
912 287
912 515
912 627
912 653
912 732
912 743
912 762
912 784
912 79
912 847
912 849
912 907
912 908
912 915
912 934
912 939
912 961
912 963
912 983
912 985
913 152
913 282
913 321
913 430
913 451
913 479
913 49
913 563
913 649
913 692
913 700
913 721
913 729
913 773
913 807
913 859
913 875
913 909
913 924
913 928
913 935
913 968
913 973
914 138
914 178
914 225
914 262
914 405
914 530
914 532
914 552
914 562
914 580
914 584
914 612
914 659
914 67
914 711
914 856
914 900
914 917
914 941
914 948
914 971
914 981
914 99
915 227
915 260
915 309
915 365
915 491
915 589
915 736
915 798
915 799
915 803
915 836
915 843
915 855
915 866
915 901
915 903
915 912
915 951
915 980
915 983
915 997
915 998
915 999
916 133
916 204
916 212
916 284
916 305
916 434
916 485
916 521
916 642
916 680
916 706
916 715
916 728
916 757
916 792
916 793
916 853
916 864
916 887
916 919
916 949
916 957
916 958
916 984
917 130
917 193
917 255
917 271
917 31
917 312
917 315
917 316
917 371
917 376
917 530
917 562
917 571
917 578
917 599
917 612
917 659
917 67
917 711
917 846
917 900
917 914
917 932
917 981
918 112
918 124
918 210
918 233
918 246
918 254
918 302
918 423
918 478
918 487
918 537
918 554
918 691
918 747
918 767
918 774
918 779
918 820
918 832
918 860
918 888
918 897
918 943
918 954
919 126
919 205
919 250
919 455
919 521
919 630
919 694
919 700
919 728
919 757
919 758
919 767
919 793
919 864
919 867
919 887
919 916
919 934
919 949
919 957
919 959
919 976
919 984
919 988
92 943
92 980
92 984
92 995
920 184
920 206
920 394
920 446
920 492
920 660
920 668
920 699
920 706
920 748
920 762
920 81
920 827
920 847
920 876
920 908
920 927
920 93
920 938
920 951
920 976
920 983
920 985
920 998
921 240
921 352
921 353
921 404
921 432
921 478
921 508
921 585
921 639
921 675
921 762
921 763
921 768
921 833
921 845
921 858
921 909
921 925
921 933
921 938
921 949
921 975
921 977
921 999
922 309
922 455
922 466
922 523
922 629
922 670
922 68
922 744
922 762
922 798
922 799
922 815
922 818
922 819
922 823
922 855
922 862
922 883
922 926
922 929
922 930
922 980
922 995
922 996
923 265
923 302
923 380
923 435
923 49
923 556
923 558
923 564
923 565
923 632
923 678
923 680
923 696
923 729
923 763
923 775
923 789
923 862
923 878
923 88
923 882
923 938
923 954
923 970
924 114
924 133
924 190
924 221
924 396
924 431
924 522
924 553
924 559
924 575
924 631
924 638
924 703
924 709
924 746
924 755
924 773
924 875
924 909
924 913
924 933
924 935
924 968
924 994
925 240
925 331
925 404
925 478
925 508
925 514
925 519
925 522
925 633
925 662
925 687
925 688
925 694
925 712
925 768
925 845
925 857
925 858
925 921
925 933
925 938
925 949
925 975
925 999
926 105
926 14
926 221
926 229
926 241
926 345
926 440
926 601
926 626
926 725
926 751
926 789
926 823
926 835
926 844
926 855
926 883
926 899
926 90
926 922
926 930
926 993
926 996
926 998
927 102
927 423
927 45
927 627
927 656
927 673
927 684
927 699
927 727
927 732
927 736
927 773
927 781
927 783
927 795
927 820
927 901
927 903
927 908
927 920
927 934
927 951
927 970
927 971
927 983
928 250
928 274
928 305
928 310
928 337
928 421
928 428
928 430
928 435
928 483
928 500
928 700
928 720
928 725
928 738
928 757
928 793
928 817
928 824
928 831
928 853
928 864
928 887
928 913
928 957
929 147
929 15
929 194
929 198
929 370
929 416
929 47
929 471
929 5
929 503
929 505
929 574
929 726
929 733
929 790
929 810
929 850
929 889
929 922
929 931
929 945
929 955
929 962
929 964
929 984
93 648
93 707
93 877
93 920
930 212
930 23
930 338
930 366
930 373
930 543
930 59
930 689
930 695
930 763
930 791
930 799
930 801
930 803
930 815
930 821
930 843
930 856
930 869
930 922
930 926
930 967
930 974
930 982
930 998
931 104
931 160
931 235
931 357
931 370
931 416
931 471
931 475
931 490
931 574
931 612
931 686
931 726
931 733
931 780
931 790
931 810
931 850
931 880
931 889
931 929
931 945
931 955
931 962
931 971
932 175
932 25
932 279
932 296
932 311
932 434
932 551
932 567
932 577
932 583
932 584
932 591
932 69
932 697
932 719
932 759
932 834
932 879
932 902
932 904
932 917
932 940
932 944
932 947
932 971
932 981
933 395
933 451
933 478
933 559
933 585
933 638
933 649
933 662
933 688
933 692
933 709
933 806
933 845
933 858
933 909
933 921
933 924
933 925
933 949
933 968
933 973
933 975
933 976
933 977
933 994
933 999
934 170
934 178
934 22
934 222
934 251
934 345
934 443
934 521
934 651
934 657
934 668
934 687
934 727
934 736
934 827
934 866
934 87
934 901
934 903
934 908
934 912
934 919
934 927
934 951
934 954
934 997
935 351
935 386
935 421
935 493
935 51
935 518
935 536
935 576
935 671
935 692
935 703
935 742
935 773
935 777
935 806
935 811
935 894
935 909
935 913
935 924
935 957
935 968
935 973
935 988
935 994
935 997
936 1000
936 13
936 237
936 292
936 303
936 470
936 472
936 498
936 566
936 575
936 635
936 750
936 761
936 794
936 802
936 814
936 817
936 861
936 863
936 872
936 907
936 939
936 963
936 968
936 985
936 994
937 13
937 134
937 173
937 347
937 355
937 408
937 422
937 435
937 510
937 542
937 601
937 606
937 616
937 641
937 685
937 722
937 814
937 817
937 857
937 863
937 907
937 939
937 961
937 963
937 968
937 994
938 158
938 171
938 187
938 300
938 319
938 456
938 514
938 529
938 548
938 687
938 718
938 81
938 821
938 845
938 857
938 858
938 920
938 921
938 923
938 925
938 949
938 967
938 975
938 977
938 987
938 997
938 999
939 1000
939 28
939 292
939 304
939 372
939 472
939 722
939 743
939 750
939 784
939 795
939 802
939 805
939 812
939 814
939 861
939 863
939 872
939 876
939 890
939 912
939 936
939 937
939 961
939 963
939 968
939 978
94 464
94 590
94 840
94 860
940 117
940 161
940 283
940 308
940 314
940 332
940 341
940 368
940 41
940 446
940 492
940 54
940 58
940 614
940 618
940 664
940 690
940 697
940 71
940 716
940 791
940 876
940 902
940 932
940 941
940 967
940 971
940 997
941 116
941 129
941 130
941 178
941 225
941 255
941 260
941 271
941 273
941 405
941 439
941 492
941 495
941 533
941 545
941 552
941 580
941 612
941 659
941 711
941 737
941 755
941 815
941 856
941 900
941 914
941 940
941 981
942 118
942 158
942 285
942 288
942 337
942 360
942 369
942 386
942 392
942 408
942 563
942 593
942 597
942 6
942 658
942 678
942 745
942 746
942 809
942 831
942 859
942 878
942 882
942 960
942 978
942 994
942 995
942 996
943 127
943 246
943 298
943 326
943 354
943 400
943 496
943 569
943 608
943 621
943 632
943 646
943 666
943 676
943 680
943 738
943 758
943 775
943 797
943 832
943 835
943 862
943 882
943 918
943 92
943 954
943 960
943 977
944 151
944 162
944 189
944 210
944 268
944 288
944 342
944 434
944 506
944 579
944 583
944 623
944 653
944 69
944 719
944 756
944 826
944 84
944 856
944 892
944 904
944 932
944 956
944 958
944 981
944 986
944 989
944 992
945 147
945 15
945 194
945 198
945 211
945 216
945 235
945 307
945 416
945 475
945 477
945 490
945 505
945 541
945 574
945 686
945 726
945 733
945 742
945 75
945 772
945 802
945 810
945 850
945 889
945 929
945 931
945 962
945 964
946 203
946 264
946 415
946 44
946 441
946 506
946 594
946 655
946 66
946 674
946 685
946 721
946 758
946 785
946 812
946 823
946 828
946 837
946 848
946 868
946 871
946 879
946 885
946 891
946 904
946 955
946 969
946 973
946 978
947 181
947 231
947 254
947 262
947 293
947 311
947 329
947 356
947 364
947 367
947 42
947 429
947 442
947 528
947 546
947 583
947 603
947 614
947 628
947 690
947 697
947 80
947 825
947 834
947 850
947 87
947 902
947 932
947 971
948 153
948 191
948 21
948 235
948 278
948 300
948 371
948 384
948 413
948 43
948 439
948 476
948 479
948 510
948 571
948 596
948 753
948 754
948 770
948 805
948 811
948 838
948 854
948 893
948 894
948 900
948 914
948 981
948 988
949 16
949 212
949 272
949 274
949 395
949 46
949 539
949 611
949 649
949 650
949 662
949 688
949 712
949 768
949 771
949 833
949 853
949 887
949 916
949 919
949 921
949 925
949 933
949 938
949 957
949 959
949 975
949 984
949 999
95 336
95 684
95 827
95 972
950 241
950 314
950 32
950 381
950 454
950 477
950 492
950 494
950 550
950 562
950 600
950 634
950 643
950 660
950 664
950 707
950 71
950 752
950 78
950 780
950 801
950 803
950 806
950 876
950 908
950 91
950 961
950 967
950 979
951 190
951 206
951 22
951 289
951 328
951 373
951 387
951 393
951 604
951 627
951 641
951 651
951 661
951 687
951 699
951 727
951 73
951 744
951 746
951 788
951 836
951 903
951 908
951 915
951 920
951 927
951 934
951 985
951 997
952 115
952 162
952 239
952 32
952 372
952 379
952 412
952 473
952 483
952 489
952 565
952 578
952 601
952 647
952 652
952 669
952 68
952 693
952 695
952 705
952 739
952 756
952 778
952 822
952 850
952 885
952 888
952 896
952 910
952 966
953 191
953 320
953 385
953 404
953 436
953 509
953 513
953 531
953 587
953 592
953 593
953 596
953 615
953 633
953 637
953 663
953 682
953 701
953 720
953 724
953 740
953 760
953 766
953 770
953 865
953 956
953 958
953 966
953 979
953 992
954 1000
954 131
954 246
954 276
954 298
954 37
954 413
954 512
954 588
954 591
954 611
954 632
954 666
954 677
954 680
954 681
954 705
954 738
954 76
954 775
954 798
954 820
954 832
954 862
954 897
954 909
954 918
954 923
954 934
954 943
954 960
955 160
955 211
955 219
955 26
955 369
955 410
955 416
955 475
955 50
955 647
955 650
955 655
955 66
955 726
955 74
955 740
955 784
955 785
955 804
955 810
955 868
955 880
955 889
955 929
955 931
955 946
955 962
955 964
955 969
955 973
955 988
956 149
956 390
956 400
956 5
956 584
956 588
956 592
956 594
956 605
956 624
956 637
956 682
956 7
956 701
956 756
956 759
956 766
956 826
956 829
956 851
956 856
956 865
956 892
956 906
956 944
956 953
956 96
956 964
956 979
956 986
956 992
956 998
957 107
957 204
957 272
957 284
957 34
957 407
957 424
957 480
957 485
957 496
957 51
957 511
957 571
957 630
957 649
957 698
957 715
957 728
957 792
957 793
957 853
957 864
957 887
957 916
957 919
957 928
957 935
957 949
957 959
957 976
957 977
957 984
958 149
958 18
958 283
958 324
958 404
958 531
958 587
958 592
958 605
958 615
958 622
958 624
958 633
958 637
958 663
958 676
958 701
958 720
958 724
958 740
958 760
958 770
958 774
958 865
958 9
958 906
958 916
958 944
958 953
958 979
958 990
958 992
959 173
959 215
959 305
959 358
959 393
959 411
959 434
959 438
959 447
959 454
959 511
959 576
959 60
959 600
959 727
959 728
959 734
959 758
959 777
959 792
959 811
959 853
959 864
959 867
959 887
959 893
959 894
959 919
959 949
959 957
959 972
959 988
96 730
96 786
96 889
96 956
960 103
960 263
960 276
960 295
960 320
960 332
960 547
960 569
960 61
960 696
960 7
960 702
960 745
960 775
960 776
960 798
960 803
960 824
960 832
960 862
960 881
960 882
960 884
960 897
960 942
960 943
960 954
960 977
960 978
960 987
960 991
960 992
961 1000
961 114
961 140
961 242
961 268
961 269
961 292
961 407
961 454
961 466
961 477
961 520
961 615
961 634
961 643
961 644
961 780
961 801
961 802
961 805
961 812
961 873
961 907
961 912
961 937
961 939
961 950
961 963
961 968
961 970
961 978
961 979
962 147
962 15
962 184
962 237
962 357
962 370
962 47
962 471
962 477
962 490
962 491
962 505
962 541
962 555
962 574
962 686
962 726
962 733
962 742
962 772
962 790
962 810
962 838
962 850
962 880
962 889
962 904
962 929
962 931
962 945
962 955
962 964
962 998
963 1000
963 148
963 202
963 248
963 267
963 400
963 498
963 541
963 575
963 620
963 635
963 722
963 743
963 750
963 761
963 802
963 805
963 812
963 814
963 831
963 849
963 857
963 863
963 866
963 890
963 907
963 912
963 936
963 937
963 939
963 961
963 978
963 983
964 184
964 370
964 491
964 576
964 667
964 686
964 726
964 733
964 741
964 772
964 810
964 850
964 880
964 889
964 893
964 896
964 897
964 929
964 945
964 955
964 956
964 962
964 965
964 972
964 984
964 987
964 989
964 990
964 996
965 155
965 192
965 261
965 409
965 445
965 474
965 527
965 539
965 549
965 560
965 603
965 638
965 645
965 668
965 714
965 731
965 735
965 741
965 744
965 754
965 805
965 816
965 838
965 893
965 896
965 897
965 964
965 972
965 984
965 987
965 989
965 990
965 996
966 107
966 111
966 115
966 124
966 142
966 174
966 207
966 234
966 239
966 372
966 386
966 452
966 463
966 473
966 489
966 497
966 565
966 578
966 647
966 652
966 669
966 693
966 705
966 739
966 756
966 778
966 810
966 822
966 850
966 885
966 888
966 910
966 952
966 953
967 167
967 208
967 284
967 368
967 394
967 398
967 402
967 456
967 46
967 463
967 499
967 542
967 548
967 581
967 590
967 609
967 616
967 667
967 706
967 730
967 748
967 753
967 786
967 826
967 836
967 840
967 851
967 860
967 876
967 930
967 938
967 940
967 950
967 974
968 1000
968 139
968 267
968 277
968 294
968 335
968 386
968 431
968 578
968 692
968 709
968 784
968 79
968 794
968 805
968 806
968 831
968 857
968 861
968 875
968 890
968 913
968 924
968 933
968 935
968 936
968 937
968 939
968 961
968 973
968 978
968 990
968 994
968 997
969 160
969 175
969 192
969 214
969 223
969 230
969 249
969 265
969 334
969 369
969 415
969 44
969 502
969 594
969 598
969 650
969 655
969 708
969 737
969 758
969 78
969 781
969 782
969 785
969 804
969 812
969 828
969 852
969 868
969 946
969 955
969 973
969 974
969 988
97 247
97 27
97 608
97 980
970 102
970 126
970 152
970 233
970 236
970 336
970 368
970 421
970 428
970 457
970 460
970 519
970 542
970 553
970 563
970 564
970 6
970 656
970 673
970 684
970 728
970 731
970 749
970 773
970 781
970 820
970 847
970 859
970 863
970 878
970 899
970 900
970 923
970 927
970 961
971 117
971 132
971 195
971 231
971 248
971 254
971 262
971 279
971 293
971 308
971 442
971 47
971 54
971 546
971 551
971 555
971 567
971 614
971 618
971 628
971 690
971 697
971 716
971 80
971 825
971 834
971 841
971 87
971 902
971 914
971 927
971 931
971 932
971 940
971 947
972 16
972 166
972 168
972 261
972 317
972 328
972 38
972 409
972 549
972 568
972 619
972 645
972 668
972 679
972 714
972 731
972 741
972 754
972 805
972 816
972 838
972 857
972 893
972 896
972 897
972 95
972 959
972 964
972 965
972 98
972 984
972 987
972 989
972 990
972 996
973 194
973 21
973 243
973 26
973 28
973 3
973 30
973 41
973 412
973 550
973 626
973 638
973 650
973 692
973 694
973 703
973 755
973 781
973 785
973 800
973 804
973 828
973 852
973 868
973 875
973 909
973 913
973 933
973 935
973 946
973 955
973 968
973 969
973 988
973 994
974 215
974 238
974 350
974 402
974 414
974 427
974 453
974 459
974 463
974 466
974 467
974 542
974 572
974 603
974 616
974 635
974 679
974 695
974 730
974 744
974 791
974 818
974 819
974 840
974 843
974 855
974 860
974 883
974 886
974 911
974 930
974 967
974 969
974 980
974 985
974 996
974 998
975 240
975 331
975 352
975 353
975 379
975 395
975 397
975 404
975 508
975 519
975 585
975 611
975 629
975 639
975 662
975 675
975 687
975 688
975 694
975 712
975 762
975 763
975 768
975 81
975 833
975 845
975 857
975 858
975 906
975 921
975 925
975 933
975 938
975 949
975 977
975 994
975 999
976 107
976 163
976 204
976 257
976 313
976 319
976 339
976 36
976 361
976 362
976 437
976 455
976 457
976 462
976 520
976 521
976 548
976 664
976 667
976 680
976 694
976 698
976 718
976 752
976 767
976 853
976 854
976 864
976 867
976 876
976 887
976 919
976 920
976 933
976 957
976 997
976 998
977 159
977 195
977 227
977 245
977 276
977 343
977 395
977 569
977 585
977 639
977 641
977 646
977 662
977 675
977 676
977 677
977 681
977 688
977 696
977 702
977 712
977 77
977 807
977 820
977 832
977 845
977 858
977 882
977 9
977 909
977 921
977 933
977 938
977 943
977 957
977 960
977 975
977 999
978 1000
978 11
978 125
978 154
978 164
978 185
978 219
978 288
978 325
978 355
978 472
978 515
978 580
978 586
978 635
978 654
978 656
978 710
978 722
978 743
978 745
978 750
978 751
978 761
978 79
978 794
978 842
978 849
978 857
978 859
978 884
978 907
978 939
978 942
978 946
978 960
978 961
978 963
978 968
979 176
979 18
979 247
979 268
979 312
979 34
979 405
979 407
979 426
979 454
979 461
979 477
979 502
979 520
979 581
979 600
979 615
979 644
979 682
979 684
979 701
979 717
979 724
979 760
979 766
979 772
979 774
979 780
979 784
979 801
979 848
979 865
979 906
979 950
979 953
979 956
979 958
979 961
979 992
98 972
98 984
98 987
98 990
980 172
980 215
980 238
980 281
980 30
980 338
980 373
980 375
980 387
980 389
980 455
980 48
980 523
980 556
980 572
980 654
980 683
980 689
980 763
980 772
980 791
980 798
980 799
980 803
980 815
980 816
980 818
980 819
980 824
980 843
980 855
980 869
980 915
980 92
980 922
980 97
980 974
980 982
980 995
980 998
981 121
981 135
981 171
981 19
981 261
981 291
981 296
981 320
981 342
981 382
981 4
981 401
981 403
981 424
981 488
981 503
981 516
981 518
981 560
981 571
981 577
981 580
981 612
981 622
981 703
981 706
981 726
981 764
981 826
981 837
981 838
981 904
981 914
981 917
981 932
981 941
981 944
981 948
981 986
981 992
982 186
982 188
982 23
982 238
982 253
982 281
982 293
982 309
982 327
982 338
982 360
982 373
982 440
982 468
982 507
982 532
982 605
982 608
982 638
982 68
982 683
982 689
982 698
982 791
982 799
982 803
982 815
982 818
982 821
982 843
982 855
982 869
982 911
982 930
982 980
982 99
982 991
982 995
982 996
982 998
983 122
983 130
983 157
983 316
983 417
983 425
983 429
983 448
983 517
983 619
983 626
983 651
983 661
983 665
983 668
983 679
983 685
983 699
983 782
983 788
983 797
983 827
983 830
983 835
983 847
983 866
983 871
983 894
983 899
983 901
983 903
983 908
983 912
983 915
983 920
983 927
983 963
983 985
983 991
983 993
984 112
984 204
984 305
984 405
984 549
984 645
984 679
984 680
984 698
984 715
984 721
984 741
984 757
984 767
984 793
984 805
984 824
984 838
984 853
984 864
984 867
984 887
984 893
984 896
984 897
984 916
984 919
984 92
984 929
984 949
984 957
984 964
984 965
984 972
984 98
984 987
984 989
984 990
984 996
985 100
985 120
985 144
985 195
985 214
985 22
985 33
985 398
985 399
985 402
985 435
985 444
985 453
985 462
985 540
985 57
985 589
985 590
985 603
985 609
985 641
985 648
985 668
985 695
985 730
985 744
985 762
985 788
985 794
985 827
985 830
985 840
985 860
985 886
985 912
985 920
985 936
985 951
985 974
985 983
985 997
986 101
986 252
986 306
986 344
986 362
986 377
986 391
986 422
986 46
986 462
986 488
986 506
986 509
986 516
986 531
986 534
986 560
986 568
986 579
986 583
986 623
986 629
986 643
986 703
986 706
986 719
986 757
986 759
986 797
986 800
986 826
986 84
986 845
986 851
986 862
986 892
986 904
986 944
986 956
986 981
986 989
986 992
986 998
987 139
987 16
987 166
987 168
987 256
987 261
987 290
987 317
987 409
987 445
987 527
987 545
987 549
987 557
987 560
987 603
987 614
987 645
987 668
987 679
987 714
987 72
987 731
987 735
987 741
987 754
987 805
987 816
987 838
987 864
987 893
987 896
987 897
987 938
987 960
987 964
987 965
987 972
987 98
987 984
987 989
987 990
987 996
988 118
988 166
988 210
988 235
988 243
988 26
988 293
988 325
988 363
988 415
988 422
988 438
988 447
988 514
988 524
988 576
988 598
988 650
988 654
988 655
988 734
988 737
988 742
988 753
988 754
988 758
988 781
988 782
988 796
988 811
988 812
988 852
988 868
988 874
988 893
988 894
988 919
988 935
988 948
988 955
988 959
988 969
988 973
989 168
989 189
989 258
989 390
989 391
989 395
989 474
989 480
989 487
989 488
989 506
989 534
989 545
989 602
989 623
989 645
989 652
989 679
989 735
989 741
989 754
989 759
989 800
989 809
989 838
989 890
989 892
989 893
989 896
989 897
989 904
989 944
989 964
989 965
989 972
989 984
989 986
989 987
989 990
989 992
989 994
989 996
989 998
99 769
99 883
99 914
99 982
990 126
990 166
990 168
990 196
990 216
990 256
990 290
990 328
990 38
990 409
990 474
990 527
990 539
990 545
990 549
990 557
990 56
990 560
990 603
990 645
990 668
990 691
990 714
990 72
990 731
990 735
990 741
990 754
990 805
990 816
990 838
990 893
990 896
990 897
990 958
990 964
990 965
990 968
990 972
990 98
990 984
990 987
990 989
990 996
991 1
991 153
991 177
991 199
991 228
991 263
991 288
991 382
991 39
991 425
991 429
991 470
991 504
991 515
991 525
991 625
991 631
991 644
991 656
991 679
991 704
991 714
991 725
991 727
991 749
991 773
991 776
991 797
991 798
991 813
991 821
991 830
991 842
991 859
991 866
991 881
991 882
991 884
991 898
991 905
991 960
991 982
991 983
991 993
992 121
992 145
992 217
992 268
992 283
992 286
992 334
992 344
992 377
992 506
992 509
992 516
992 538
992 568
992 602
992 623
992 624
992 633
992 637
992 676
992 684
992 703
992 72
992 720
992 724
992 759
992 760
992 770
992 784
992 829
992 854
992 870
992 888
992 892
992 904
992 906
992 944
992 953
992 956
992 958
992 960
992 979
992 981
992 986
992 989
993 1
993 105
993 119
993 187
993 221
993 228
993 229
993 378
993 419
993 420
993 432
993 449
993 470
993 486
993 544
993 551
993 573
993 601
993 625
993 626
993 631
993 647
993 665
993 679
993 736
993 758
993 765
993 797
993 813
993 830
993 833
993 835
993 866
993 870
993 871
993 872
993 873
993 892
993 898
993 899
993 900
993 905
993 926
993 983
993 991
994 1000
994 136
994 266
994 277
994 29
994 335
994 396
994 408
994 412
994 431
994 449
994 479
994 522
994 53
994 597
994 602
994 616
994 631
994 641
994 649
994 672
994 692
994 708
994 712
994 713
994 755
994 770
994 773
994 787
994 806
994 817
994 82
994 859
994 875
994 899
994 909
994 924
994 933
994 935
994 936
994 937
994 942
994 968
994 973
994 975
994 989
995 172
995 207
995 212
995 23
995 270
995 281
995 336
995 339
995 360
995 366
995 375
995 385
995 407
995 409
995 428
995 459
995 467
995 476
995 481
995 507
995 543
995 547
995 572
995 573
995 59
995 605
995 629
995 683
995 689
995 772
995 791
995 799
995 801
995 818
995 823
995 843
995 85
995 883
995 911
995 92
995 922
995 942
995 980
995 982
995 996
995 998
996 177
996 238
996 270
996 33
996 339
996 372
996 378
996 38
996 409
996 539
996 549
996 557
996 573
996 589
996 59
996 645
996 668
996 681
996 735
996 741
996 744
996 812
996 816
996 823
996 838
996 839
996 843
996 855
996 862
996 869
996 879
996 893
996 896
996 897
996 911
996 922
996 926
996 942
996 964
996 965
996 972
996 974
996 982
996 984
996 987
996 989
996 990
996 995
997 103
997 120
997 142
997 171
997 179
997 189
997 192
997 194
997 251
997 269
997 350
997 361
997 41
997 443
997 445
997 457
997 494
997 509
997 52
997 619
997 627
997 661
997 667
997 668
997 706
997 707
997 718
997 727
997 732
997 746
997 821
997 830
997 834
997 847
997 853
997 86
997 876
997 901
997 903
997 915
997 934
997 935
997 938
997 940
997 951
997 968
997 976
997 985
998 101
998 135
998 293
998 306
998 325
998 342
998 349
998 385
998 387
998 403
998 410
998 469
998 507
998 531
998 540
998 572
998 573
998 584
998 602
998 622
998 636
998 638
998 640
998 653
998 695
998 756
998 757
998 815
998 818
998 826
998 843
998 856
998 869
998 892
998 904
998 915
998 920
998 926
998 930
998 956
998 962
998 974
998 976
998 980
998 982
998 986
998 989
998 995
999 128
999 129
999 195
999 227
999 230
999 240
999 331
999 343
999 352
999 353
999 379
999 395
999 397
999 440
999 45
999 464
999 468
999 478
999 508
999 514
999 519
999 543
999 585
999 611
999 631
999 639
999 662
999 675
999 687
999 688
999 694
999 729
999 762
999 763
999 768
999 81
999 833
999 845
999 857
999 858
999 9
999 915
999 921
999 925
999 933
999 938
999 949
999 975
999 977
