# The communities at k=3
# from G:\Dropbox\Raghda\CNA\Final Project\other methods\CFinder-2.0.6--1448\G:\Dropbox\Raghda\CNA\Final Project\Datasets\binary_networks\LFR1\networ_LFR1_Om6.dat
# at no lower link weight threshold,
# and at no upper link weight threshold.
# Links were treated as undirected.
# No time limit was set for the clique search.

0: 1000 953 976 999 100 236 398 521 658 125 184 231 331 334 36 430 552 553 580 624 641 647 650 698 705 72 730 736 751 755 803 820 828 85 873 879 883 905 906 918 936 967 979 981 991 997 904 984 103 21 516 665 867 105 798 864 965 978 108 955 960 109 11 973 110 608 930 951 995 996 127 838 943 623 115 942 957 969 116 944 972 990 778 961 121 123 982 987 989 998 934 126 348 467 486 771 748 128 931 950 13 882 895 908 924 634 134 135 986 137 459 912 952 140 760 850 860 141 725 142 596 958 983 145 645 149 724 899 920 150 646 746 865 787 153 956 156 225 593 844 848 158 159 51 539 800 160 913 939 572 162 832 988 165 166 415 167 747 792 835 897 168 715 847 169 174 901 894 180 181 586 889 881 190 927 938 971 925 811 200 775 201 676 796 203 205 356 367 968 208 328 209 303 211 891 212 880 774 215 216 274 637 217 218 575 219 535 585 921 233 739 234 763 716 994 238 24 713 937 940 247 554 614 710 25 511 923 824 251 843 253 472 740 857 890 254 557 313 259 823 27 271 701 613 700 275 276 594 277 602 794 284 420 288 712 29 840 290 707 839 291 563 297 3 302 65 621 31 783 311 639 728 318 319 812 974 656 375 88 329 559 733 332 333 337 821 813 344 582 802 729 387 809 358 359 542 363 366 600 756 371 781 373 377 460 379 876 383 562 389 390 789 50 400 90 403 753 407 954 409 827 962 945 412 413 872 887 849 418 935 941 635 829 428 43 519 765 434 780 435 439 479 530 445 448 855 457 540 659 461 481 653 465 708 837 468 568 470 483 477 759 709 484 485 487 493 494 496 886 502 948 946 515 518 786 527 531 617 54 543 548 564 565 569 57 573 777 574 578 58 66 59 590 632 599 622 692 706 770 842 601 816 604 638 70 833 618 629 858 851 643 68 779 96 744 661 834 662 666 673 674 681 691 683 79 693 7 76 910 89 726 731 732 752 797 742 815 77 9 790 799 92 8 82 
1: 122 534 785 805 868 124 14 668 206 471 616 509 98 
2: 641 172 764 866 600 408 473 500 541 954 786 
3: 605 652 824 300 
4: 10 980 985 993 883 102 975 995 717 130 952 163 971 197 204 240 824 283 304 341 963 813 660 789 417 829 432 45 453 78 741 819 743 818 669 679 737 680 910 
5: 52 627 597 952 983 929 875 917 260 900 911 795 308 945 636 612 711 731 
6: 106 577 697 841 885 133 801 148 252 402 187 449 889 235 424 301 396 
7: 107 524 528 532 791 640 282 968 397 514 789 95 566 
8: 517 905 132 185 996 56 877 147 871 804 222 607 824 352 757 954 451 654 47 49 
9: 806 113 546 830 902 278 926 956 988 228 716 248 589 836 272 523 813 4 438 
10: 873 422 442 595 996 114 642 773 793 956 170 489 239 513 603 663 365 447 749 446 
11: 117 474 558 611 620 889 207 286 241 525 
12: 803 977 118 964 992 896 952 143 959 144 714 750 788 822 988 592 971 775 825 940 824 740 859 268 862 270 928 28 316 327 431 361 38 385 436 480 628 537 570 587 863 648 99 678 69 910 722 776 731 799 
13: 119 909 914 916 138 202 878 968 220 230 262 852 306 378 491 845 815 762 
14: 12 684 808 870 874 956 615 309 404 630 734 437 469 583 886 5 799 
15: 120 947 961 966 970 968 224 716 246 933 258 265 320 813 802 401 406 426 782 464 932 549 560 581 758 626 689 745 
16: 48 164 721 769 831 295 695 312 492 386 510 41 
17: 395 979 129 380 139 250 664 727 716 994 455 824 298 
18: 853 93 958 152 655 690 267 321 382 74 
19: 131 266 735 766 173 264 419 40 67 683 
20: 136 888 896 903 178 667 198 450 263 703 326 336 503 37 945 475 544 545 
21: 146 338 351 454 694 15 347 42 802 
22: 922 151 584 807 183 907 919 188 399 810 20 63 940 55 299 974 506 433 579 817 571 522 91 651 60 691 815 
23: 814 189 429 649 23 672 307 505 86 
24: 983 154 17 598 720 768 956 22 631 394 508 
25: 915 877 155 685 704 576 889 194 670 884 2 325 482 362 314 315 498 974 343 381 610 84 
26: 996 94 356 
27: 956 157 625 784 848 854 289 335 405 499 6 46 799 
28: 898 161 346 512 229 619 826 292 369 550 339 342 61 425 829 497 886 
29: 171 279 476 501 657 393 349 423 
30: 186 192 242 243 
31: 952 177 370 686 
32: 179 567 644 699 738 210 609 226 410 416 533 
33: 755 803 905 952 949 182 495 696 893 971 856 280 861 281 547 846 310 324 702 35 388 411 53 81 
34: 191 257 526 588 772 538 293 561 71 
35: 883 958 686 193 196 671 719 971 372 688 606 317 754 756 44 374 687 421 
36: 905 213 360 478 682 261 357 
37: 869 767 227 551 723 591 974 427 466 97 
38: 873 488 232 507 520 677 761 255 285 87 
39: 883 892 26 490 718 305 34 633 323 345 536 452 340 62 
40: 755 675 368 39 504 756 83 
41: 353 605 921 
42: 953 826 354 
