# The contained cliques in the communities at k=3
# from G:\Dropbox\Raghda\CNA\Final Project\other methods\CFinder-2.0.6--1448\G:\Dropbox\Raghda\CNA\Final Project\Datasets\binary_networks\LFR1\networ_LFR1_Om6.dat
# at no lower link weight threshold,
# and at no upper link weight threshold.
# Links were treated as undirected.
# No time limit was set for the clique search.

0: 0 71 75 76 167 168 181 222 223 280 287 288 318 319 320 416 417 418 419 420 421 447 448 627 628 629 674 675 679 686 687 739 837 889 698 640 946 70 203 522 530 579 596 853 529 82 90 196 330 331 378 455 463 557 822 859 860 861 943 958 839 592 661 985 591 593 615 96 162 613 678 95 97 163 614 164 101 660 265 267 275 291 332 460 488 489 584 585 650 736 801 871 872 873 932 989 931 53 106 109 214 422 590 643 715 730 794 938 949 17 72 432 690 988 16 327 451 503 328 502 827 102 452 283 285 290 720 721 725 726 727 782 828 983 37 62 103 115 199 292 533 549 566 649 664 710 714 718 737 779 806 836 867 868 881 909 913 919 952 977 956 858 990 514 516 562 817 857 112 129 179 513 515 542 748 113 158 180 197 543 749 804 269 268 298 441 442 467 468 47 157 49 48 443 912 918 942 916 36 175 209 337 353 437 511 582 659 709 722 772 821 825 829 879 961 974 978 979 139 982 619 693 694 742 86 111 217 322 472 618 654 655 740 741 846 937 385 178 218 384 750 176 177 473 323 653 793 110 939 940 370 371 574 575 576 577 620 621 665 666 700 796 800 816 934 271 368 270 272 369 795 933 799 815 941 781 975 855 972 567 812 569 470 568 570 622 64 571 572 641 642 676 923 802 905 26 27 114 130 224 266 333 362 363 490 554 555 556 682 683 757 758 818 906 917 334 18 31 182 247 250 339 349 350 366 434 435 595 632 790 791 792 869 890 936 789 963 9 10 12 13 14 295 296 602 603 669 670 732 734 735 783 784 809 810 845 896 953 962 965 895 11 897 24 44 169 284 639 656 719 729 769 808 878 911 960 964 967 971 984 986 461 525 696 697 712 713 723 754 759 760 764 766 767 832 833 834 835 841 842 843 844 862 863 864 865 866 875 876 877 46 61 100 289 459 915 926 948 955 970 981 731 598 7 25 244 6 243 8 957 904 172 221 405 433 454 548 597 667 761 951 763 959 883 50 122 160 173 279 294 404 446 531 633 765 852 856 884 921 885 886 207 216 354 355 372 395 429 588 625 695 882 929 930 
1: 1 45 69 165 276 583 612 
2: 2 523 524 701 733 819 
3: 3 475 
4: 4 15 54 107 148 161 204 252 259 361 386 427 532 544 565 755 756 770 771 774 776 777 778 811 830 831 880 907 924 935 968 976 987 954 775 
5: 5 340 390 671 673 708 724 788 840 874 928 
6: 19 20 59 80 81 305 382 383 471 478 487 506 507 60 135 198 136 900 
7: 21 22 604 23 311 508 605 241 312 608 242 509 510 607 634 606 
8: 28 58 79 254 255 256 257 431 563 564 599 600 688 927 950 29 30 186 601 
9: 32 33 609 610 297 329 351 352 623 691 893 894 191 245 553 908 823 
10: 34 35 117 559 689 848 560 672 438 558 561 439 440 753 201 500 752 200 202 474 499 498 464 116 
11: 38 39 465 466 611 317 166 206 205 
12: 40 73 239 282 347 348 436 456 589 658 707 711 717 768 773 807 826 838 850 887 925 945 966 969 980 851 888 870 210 402 415 495 550 814 74 281 898 684 
13: 41 65 159 185 194 343 388 453 594 668 854 920 
14: 42 258 391 392 517 518 551 552 580 581 692 703 704 891 899 
15: 43 187 326 338 345 406 521 539 573 662 663 716 728 805 824 910 914 973 512 
16: 51 108 215 248 396 457 491 
17: 52 299 66 300 68 67 379 738 302 303 304 380 485 486 813 
18: 55 89 240 346 407 408 
19: 56 57 120 301 121 246 249 310 780 
20: 63 127 149 237 344 414 424 481 586 587 630 644 657 743 
21: 77 78 83 225 84 85 226 306 
22: 87 88 677 381 479 705 762 901 133 134 137 138 153 155 263 273 480 545 546 635 636 637 651 652 702 706 803 902 903 922 154 156 264 211 274 547 
23: 91 193 260 389 
24: 92 184 504 505 645 647 648 183 646 
25: 93 94 399 482 699 746 785 786 324 397 398 680 147 150 278 325 400 401 483 681 146 277 492 412 493 413 494 747 484 152 151 315 316 411 
26: 98 
27: 99 251 253 367 423 519 520 849 892 
28: 104 105 230 307 308 231 425 616 232 192 373 374 375 376 428 501 537 538 
29: 118 119 309 430 356 357 
30: 123 124 
31: 125 126 
32: 128 170 188 189 526 638 171 527 
33: 131 132 233 476 477 234 293 359 394 410 458 528 624 787 797 947 262 358 360 944 847 393 
34: 140 141 261 313 617 377 
35: 142 143 144 745 798 450 535 314 403 449 536 685 820 145 238 534 744 
36: 174 321 342 341 
37: 190 286 540 541 578 
38: 195 212 335 336 364 365 469 751 213 
39: 208 387 409 426 496 497 219 220 228 227 229 626 
40: 235 236 444 445 
41: 462 
42: 631 
