# The links inside the communities at k=3
# from G:\Dropbox\Raghda\CNA\Final Project\other methods\CFinder-2.0.6--1448\G:\Dropbox\Raghda\CNA\Final Project\Datasets\binary_networks\LFR1\networ_LFR1_Om6.dat
# at no lower link weight threshold,
# and at no upper link weight threshold.
# Links were treated as undirected.
# No time limit was set for the clique search.

0:
1000 125
1000 184
1000 231
1000 331
1000 334
1000 36
1000 552
1000 553
1000 580
1000 624
1000 641
1000 647
1000 650
1000 698
1000 705
1000 72
1000 736
1000 751
1000 755
1000 803
1000 820
1000 828
1000 85
1000 879
1000 883
1000 905
1000 906
1000 918
1000 936
1000 967
1000 979
1000 981
1000 991
1000 997
953 430
953 996
953 958
953 149
953 899
953 920
953 153
953 968
953 233
953 739
953 994
953 251
953 843
953 297
953 383
953 945
953 412
953 765
953 445
953 910
976 803
976 905
976 967
976 108
976 955
976 960
976 121
976 889
976 209
976 940
976 802
976 789
976 519
976 948
976 946
976 531
976 632
976 629
976 858
976 661
976 834
976 7
976 910
976 732
976 797
999 995
999 115
999 942
999 957
999 969
999 956
999 889
999 190
999 927
999 938
999 811
999 774
999 215
999 994
999 740
999 313
999 27
999 275
999 794
999 729
999 363
999 789
999 400
999 945
999 470
999 617
999 543
999 601
999 816
999 833
999 674
999 815
100 236
100 398
100 521
100 658
236 398
236 658
236 775
398 521
398 658
398 50
521 658
521 883
521 109
521 50
658 883
658 109
658 998
658 775
125 981
125 991
125 997
184 981
184 991
184 997
231 967
331 981
331 991
331 997
334 936
334 981
334 991
334 997
36 981
36 991
36 997
430 899
430 920
430 843
430 765
552 906
552 918
552 936
552 981
552 991
552 997
553 918
553 936
553 981
553 991
553 997
580 906
580 918
580 936
580 981
580 991
580 997
624 906
624 918
624 936
624 981
624 991
624 997
641 997
647 997
650 879
650 906
650 918
650 936
650 981
650 991
650 997
698 828
698 879
698 906
698 918
698 936
698 981
698 991
698 997
705 828
705 879
705 906
705 918
705 936
705 981
705 991
705 997
72 981
72 991
72 997
730 943
730 646
730 166
730 637
730 535
730 613
730 700
730 302
730 527
736 828
736 879
736 906
736 918
736 936
736 981
736 991
736 997
751 820
751 828
751 879
751 906
751 918
751 936
751 981
751 991
751 997
755 997
755 943
755 865
803 967
803 997
803 984
803 973
803 943
803 575
803 700
820 828
820 879
820 906
820 918
820 936
820 981
820 991
820 997
828 879
828 906
828 918
828 936
828 981
828 991
828 997
85 991
85 997
873 984
873 973
873 987
873 989
873 998
873 882
873 908
873 724
873 839
873 559
873 837
879 906
879 918
879 936
879 981
879 991
879 997
883 991
883 997
883 987
883 989
883 998
883 50
905 967
905 981
905 991
905 997
905 965
905 978
905 960
905 701
906 918
906 936
906 981
906 991
906 997
918 936
918 979
918 981
918 991
918 997
936 979
936 981
936 991
936 997
967 108
967 955
967 960
967 121
967 889
967 209
967 940
967 802
967 789
967 519
967 948
967 946
967 531
967 632
967 629
967 858
967 661
967 834
967 7
967 910
967 732
967 797
979 981
979 991
979 997
979 958
979 988
979 880
979 937
979 247
979 614
979 710
979 923
979 823
979 290
979 707
979 839
979 3
979 728
979 460
979 849
979 708
979 837
979 706
979 842
979 618
981 991
981 997
981 701
991 997
991 982
991 638
904 987
904 988
904 925
904 211
904 891
904 940
904 31
904 319
904 812
904 358
904 379
904 434
904 780
904 759
904 496
904 886
904 662
984 11
984 973
984 623
984 141
984 725
984 145
984 645
984 572
984 988
984 208
984 328
984 303
984 218
984 575
984 994
984 621
984 375
984 88
984 329
984 559
984 733
984 332
984 373
984 96
984 89
984 731
984 799
103 21
103 516
21 516
21 958
21 983
516 958
516 983
516 387
665 921
665 890
867 934
867 931
867 950
867 901
867 872
867 887
867 851
867 673
105 798
105 864
105 965
105 978
798 864
798 965
798 978
798 748
798 971
798 968
798 701
798 288
798 974
798 359
798 542
864 965
864 978
864 748
864 971
864 968
864 219
864 259
864 271
864 701
864 288
864 974
864 542
864 493
965 978
965 127
965 748
965 971
965 968
965 219
965 259
965 271
965 701
965 288
965 974
965 359
965 542
965 90
965 829
965 43
965 493
965 799
978 127
978 748
978 913
978 971
978 968
978 219
978 259
978 271
978 701
978 288
978 974
978 359
978 542
978 90
978 829
978 43
978 461
978 493
978 799
108 955
108 960
955 960
955 209
955 940
955 519
955 948
955 946
955 531
955 632
955 629
955 858
955 661
955 834
955 7
955 732
955 797
960 121
960 889
960 209
960 940
960 519
960 948
960 946
960 531
960 632
960 629
960 858
960 661
960 834
960 7
960 910
960 732
960 797
11 973
973 623
973 141
973 725
973 145
973 645
973 572
973 988
973 208
973 328
973 303
973 218
973 575
973 994
973 621
973 375
973 88
973 329
973 559
973 733
973 332
973 373
973 96
973 89
973 731
973 799
110 608
110 930
110 951
110 995
608 930
608 951
608 847
608 821
608 439
608 479
930 951
930 995
930 778
930 983
930 168
930 715
930 847
930 181
930 586
930 254
930 284
930 420
930 337
930 821
930 635
930 439
930 479
930 57
930 815
951 995
951 778
951 983
951 168
951 715
951 847
951 181
951 586
951 254
951 284
951 420
951 337
951 821
951 635
951 439
951 479
951 57
951 815
995 838
995 942
995 957
995 969
995 972
995 990
995 961
995 348
995 467
995 486
995 771
995 986
995 912
995 983
995 939
995 792
995 835
995 897
995 847
995 927
995 938
995 796
995 585
995 557
995 821
995 366
995 876
995 753
995 935
995 941
995 635
995 448
995 659
995 461
995 886
995 66
995 833
996 989
996 882
996 895
996 908
996 924
996 899
996 920
996 593
996 844
996 800
996 832
996 921
996 251
996 843
996 857
996 890
996 712
996 840
996 390
996 962
996 945
996 765
996 709
996 485
996 548
127 748
838 137
838 459
838 912
838 596
838 983
838 557
838 974
838 540
838 659
838 481
943 942
943 150
943 646
943 746
943 865
943 166
943 415
943 216
943 274
943 637
943 535
943 994
943 613
943 700
943 302
943 65
943 829
943 527
623 725
623 575
623 994
623 621
623 332
115 942
115 957
115 969
942 957
942 969
942 860
942 956
942 927
942 938
942 811
942 774
942 215
942 994
942 313
942 275
942 794
942 729
942 400
942 470
942 617
942 543
942 601
942 816
942 833
942 674
957 969
957 956
957 190
957 927
957 938
957 811
957 774
957 215
957 994
957 313
957 27
957 275
957 794
957 729
957 363
957 400
957 945
957 470
957 617
957 543
957 601
957 816
957 833
957 674
969 990
969 956
969 889
969 927
969 938
969 811
969 774
969 215
969 994
969 740
969 313
969 27
969 275
969 794
969 802
969 729
969 363
969 789
969 400
969 945
969 470
969 617
969 543
969 601
969 816
969 833
969 674
969 815
116 944
116 972
116 990
944 972
944 990
944 634
944 135
944 986
944 787
944 913
944 939
944 169
944 876
944 789
944 954
944 418
944 935
944 941
944 435
944 457
944 569
944 574
944 681
944 693
944 726
944 790
972 990
972 634
972 986
972 787
972 160
972 913
972 939
972 169
972 971
972 238
972 876
972 954
972 418
972 935
972 941
972 435
972 457
972 515
972 569
972 574
972 590
972 681
972 693
972 726
972 815
972 790
972 8
990 634
990 135
990 986
990 787
990 160
990 913
990 939
990 971
990 238
990 974
990 813
990 802
990 756
990 876
990 954
990 418
990 935
990 941
990 435
990 457
990 886
990 564
990 569
990 574
990 590
990 681
990 693
990 726
990 815
990 790
990 8
778 983
778 715
778 847
778 586
778 284
778 337
778 821
778 635
961 927
123 982
123 987
123 989
123 998
982 987
982 989
982 998
982 158
982 940
982 602
982 783
982 656
982 809
982 781
982 389
982 409
982 827
982 962
982 945
982 855
982 653
982 487
982 573
982 777
982 604
982 638
982 643
982 779
982 744
982 752
982 742
987 989
987 998
987 134
987 158
987 940
987 602
987 783
987 656
987 809
987 781
987 389
987 409
987 827
987 962
987 945
987 855
987 653
987 487
987 573
987 777
987 604
987 638
987 643
987 779
987 744
987 910
987 752
987 742
987 77
989 998
989 134
989 158
989 940
989 824
989 602
989 783
989 656
989 802
989 809
989 781
989 389
989 409
989 827
989 962
989 945
989 855
989 653
989 487
989 573
989 777
989 604
989 638
989 643
989 779
989 744
989 910
989 752
989 742
989 77
998 134
998 158
998 940
998 824
998 602
998 783
998 656
998 802
998 809
998 781
998 389
998 409
998 827
998 962
998 945
998 855
998 653
998 487
998 573
998 777
998 604
998 638
998 643
998 779
998 744
998 910
998 752
998 742
998 77
934 128
934 931
934 950
934 174
934 901
934 203
934 968
934 212
934 937
934 318
934 756
934 371
934 562
934 413
934 872
934 887
934 786
934 851
934 68
934 673
934 82
126 348
126 467
126 486
126 771
348 771
348 200
467 486
467 771
467 585
486 585
486 366
771 200
771 585
771 366
771 600
771 66
748 219
748 259
748 701
748 974
748 359
128 931
128 950
931 950
931 899
931 174
931 901
931 775
931 203
931 968
931 212
931 318
931 371
931 562
931 413
931 872
931 887
931 851
931 673
931 815
931 82
950 174
950 901
950 775
950 203
950 968
950 212
950 318
950 756
950 371
950 562
950 413
950 872
950 887
950 786
950 851
950 68
950 673
950 815
950 82
13 882
13 895
13 908
13 924
882 895
882 908
882 924
882 832
882 165
882 712
882 840
882 333
882 954
882 829
882 484
882 502
882 578
882 666
895 908
895 924
895 162
895 832
895 165
895 712
895 29
895 840
895 954
895 484
895 502
895 578
895 666
908 924
908 162
908 832
908 165
908 712
908 29
908 840
908 333
908 954
908 484
908 502
908 578
908 666
924 832
924 165
924 712
924 29
924 840
924 333
924 954
924 829
924 484
924 502
924 578
924 666
634 986
634 913
634 939
634 876
634 935
135 986
986 958
986 787
986 913
986 939
986 169
986 971
986 238
986 974
986 813
986 802
986 876
986 789
986 954
986 418
986 935
986 941
986 435
986 457
986 515
986 564
986 569
986 574
986 590
986 681
986 693
986 726
986 790
986 8
137 459
137 912
459 912
459 974
459 540
459 659
912 596
912 983
912 740
912 557
912 974
912 540
912 659
912 461
912 481
912 691
952 880
952 937
952 923
952 823
952 786
140 760
140 850
140 860
760 850
760 860
760 763
760 994
760 713
760 407
760 530
760 468
760 568
760 494
850 860
850 763
850 994
850 24
850 713
850 407
850 412
850 530
850 468
850 568
850 494
850 886
860 763
860 994
860 24
860 713
860 621
860 407
860 530
860 468
860 568
860 494
860 886
141 725
725 145
725 575
725 559
725 733
725 373
725 89
142 958
142 983
958 983
958 899
958 920
958 247
958 614
958 251
958 843
958 728
958 387
958 377
958 954
958 849
958 770
958 842
983 800
983 586
983 921
983 857
983 890
983 840
983 821
983 387
983 954
983 540
983 481
983 483
983 691
145 645
645 988
645 303
645 575
645 733
645 96
149 899
149 920
724 988
724 894
724 881
724 839
724 582
724 708
724 837
724 565
899 920
899 153
899 968
899 233
899 739
899 994
899 843
899 383
899 945
899 412
899 765
899 445
899 910
920 153
920 968
920 233
920 739
920 994
920 251
920 843
920 297
920 383
920 945
920 412
920 765
920 445
920 910
920 731
150 646
150 746
150 865
646 746
646 865
646 637
646 535
646 994
746 865
746 415
746 637
746 994
746 302
746 527
865 166
865 415
865 894
865 274
865 637
865 535
865 994
865 613
865 65
865 829
865 527
787 913
787 939
787 876
787 935
787 941
787 590
787 726
787 790
956 938
156 225
156 593
156 844
225 844
225 988
225 367
593 844
593 539
593 205
593 716
593 485
844 159
844 539
844 988
844 205
844 367
844 716
844 945
844 485
848 715
848 254
159 539
51 614
51 710
51 377
539 988
539 945
800 921
800 472
800 857
800 890
800 813
800 954
800 483
800 709
800 54
800 548
160 913
160 939
913 939
913 974
913 876
913 935
913 941
913 515
913 564
913 574
913 681
913 693
913 726
913 790
939 971
939 974
939 876
939 935
939 941
939 457
939 886
939 564
939 569
939 574
939 590
939 693
939 726
939 790
572 988
572 208
572 329
572 733
572 373
162 832
832 712
832 840
832 333
832 484
832 502
832 578
832 666
988 894
988 881
988 925
988 367
988 891
988 812
988 375
988 733
988 780
988 837
988 759
988 485
988 59
988 89
166 415
415 216
415 700
167 747
167 792
167 835
167 897
747 835
747 897
747 180
747 676
747 796
747 217
747 403
747 753
747 428
792 835
792 897
792 676
792 796
792 217
792 403
792 753
792 428
792 448
835 897
835 180
835 201
835 676
835 796
835 217
835 234
835 753
835 428
835 66
835 691
897 180
897 201
897 676
897 796
897 217
897 234
897 403
897 753
897 428
897 448
897 886
897 691
168 715
168 847
715 847
715 254
715 821
715 635
715 439
715 57
847 181
847 586
847 254
847 284
847 821
847 479
847 57
174 901
901 203
901 968
901 318
901 371
901 562
901 413
901 872
901 887
901 851
901 68
901 673
901 82
894 889
894 881
894 554
894 290
894 707
894 839
894 582
894 829
894 465
894 708
894 837
894 565
894 683
894 910
181 586
586 821
889 881
889 938
889 839
881 554
881 290
881 707
881 839
881 582
881 829
881 465
881 708
881 837
881 565
881 59
881 910
190 927
190 938
927 938
927 811
927 774
927 994
927 27
927 794
927 729
927 400
927 470
927 617
927 543
927 601
927 816
927 833
927 674
938 811
938 774
938 994
938 275
938 794
938 729
938 363
938 945
938 470
938 617
938 601
938 816
938 833
938 674
971 701
971 941
925 211
925 891
925 940
925 31
925 319
925 812
925 358
925 379
925 434
925 780
925 759
925 496
925 886
925 662
811 774
811 794
811 729
811 543
811 816
811 833
201 676
201 796
676 796
676 234
676 403
796 234
796 753
796 428
796 448
205 356
205 367
356 367
968 843
968 271
968 297
968 887
968 765
208 328
328 375
328 88
303 621
211 891
891 940
891 31
891 319
891 812
891 358
891 379
891 434
891 780
891 759
891 496
891 886
891 662
880 937
880 25
880 511
880 923
880 823
880 276
880 594
880 277
880 291
880 563
880 3
880 311
880 639
880 344
880 477
774 794
774 816
774 833
216 274
216 637
274 613
274 700
637 700
637 302
218 575
535 994
585 366
585 66
921 253
921 472
921 857
921 890
921 813
921 390
921 954
921 709
921 518
921 54
921 548
921 58
921 70
921 92
233 739
739 994
739 843
739 383
739 412
739 765
739 445
763 994
763 713
763 407
763 530
763 468
763 568
763 494
763 886
994 713
994 843
994 613
994 700
994 621
994 375
994 733
994 332
994 412
994 765
994 530
24 713
713 407
713 530
713 468
713 568
937 25
937 511
937 923
937 823
937 276
937 594
937 277
937 291
937 563
937 3
937 311
937 639
937 344
937 789
937 477
937 786
940 812
247 614
247 710
554 707
554 839
554 837
614 710
614 377
614 460
614 954
710 377
710 460
710 954
25 511
25 923
511 923
511 823
511 639
511 477
923 823
923 276
923 594
923 277
923 291
923 563
923 3
923 311
923 639
923 344
923 789
923 477
923 786
251 843
843 297
843 765
843 445
843 731
253 472
253 857
253 890
472 857
472 890
472 483
740 540
857 890
857 813
857 390
857 483
857 709
857 54
857 548
857 58
857 70
857 92
890 390
890 954
890 483
890 709
890 518
890 54
890 548
890 58
890 70
890 92
557 659
557 481
823 276
823 594
823 277
823 563
823 311
823 639
823 344
823 477
271 701
701 288
613 700
613 527
700 527
276 594
594 563
594 639
602 656
602 962
602 855
794 729
794 816
794 833
284 420
420 821
420 635
712 840
712 578
712 666
29 840
840 333
840 954
840 484
840 502
840 578
840 666
290 707
290 839
707 837
707 59
707 910
839 582
839 465
839 837
839 565
839 683
291 563
302 65
621 88
621 559
783 809
783 827
783 962
783 855
783 573
783 744
783 752
311 639
639 477
728 849
728 599
728 622
728 692
728 706
728 770
728 842
728 618
319 812
812 358
812 379
812 434
812 780
812 759
812 496
812 662
974 540
974 659
974 461
974 790
656 809
656 781
656 962
329 559
329 733
559 733
733 332
337 821
821 635
821 479
582 465
582 708
582 565
729 816
729 833
809 781
809 962
809 855
809 777
809 643
809 779
809 742
359 542
542 493
366 600
756 941
781 962
781 855
781 653
781 777
781 643
781 742
377 460
460 954
876 935
876 941
876 457
876 681
876 693
876 726
876 790
562 872
562 887
90 493
403 753
753 448
753 886
954 709
409 827
409 962
827 962
827 855
827 777
827 604
827 638
827 779
827 744
827 742
962 855
962 653
962 487
962 573
962 777
962 604
962 638
962 643
962 779
962 744
962 752
962 742
945 765
945 485
945 548
413 872
413 887
872 887
872 851
872 673
887 851
887 673
849 599
849 622
849 692
849 706
849 770
849 842
849 618
849 683
849 79
849 76
849 9
418 935
418 941
935 941
935 435
935 886
935 515
935 564
935 569
935 590
935 681
935 693
935 726
935 790
941 515
941 564
941 569
941 574
941 590
941 681
941 693
941 726
941 790
635 439
829 837
519 948
519 946
765 445
434 780
780 759
780 496
780 662
439 479
855 653
855 573
855 638
855 779
855 752
540 659
659 461
461 481
653 744
465 708
465 837
708 837
708 59
837 565
837 910
468 568
568 494
483 709
759 496
759 662
709 548
709 58
948 946
948 531
948 632
948 629
948 858
948 661
948 834
948 732
948 797
946 531
946 632
946 629
946 858
946 661
946 834
946 732
946 797
617 833
573 777
777 744
777 752
632 858
599 622
599 692
599 706
599 770
599 842
622 692
622 706
622 770
622 842
692 706
692 770
692 842
692 618
692 79
706 842
706 618
706 76
770 842
770 618
770 79
770 9
842 618
842 683
842 79
842 76
842 9
601 816
816 833
816 674
604 638
833 674
629 858
858 661
858 834
858 732
858 797
851 673
643 779
779 752
779 742
744 752
661 834
834 732
834 797
732 797
752 742
1:
122 534
122 785
122 805
122 868
534 785
534 805
534 868
534 668
534 616
534 509
785 805
785 868
785 14
785 668
785 206
785 471
785 616
785 509
785 98
805 868
805 124
805 14
805 668
805 206
805 471
805 616
805 509
805 98
868 124
868 14
868 668
868 206
868 471
868 616
868 509
868 98
14 668
668 471
668 616
668 509
471 616
616 509
616 98
2:
641 764
641 866
172 764
172 866
764 866
764 600
764 408
764 473
764 500
764 541
764 954
764 786
866 600
866 408
866 473
866 500
866 541
866 954
866 786
408 473
408 500
408 541
408 954
473 500
473 541
473 954
500 541
541 954
954 786
3:
605 652
605 824
605 300
652 824
652 300
4:
10 980
10 985
10 993
980 985
980 993
980 102
980 975
980 717
980 952
980 163
980 971
980 197
980 204
980 240
980 824
980 283
980 304
980 341
980 963
980 660
980 789
980 417
980 829
980 432
980 45
980 453
980 78
980 741
980 819
980 743
980 818
980 669
980 679
980 737
980 680
985 993
985 102
985 975
985 717
985 130
985 952
985 163
985 971
985 197
985 240
985 283
985 304
985 341
985 963
985 813
985 660
985 417
985 829
985 432
985 45
985 453
985 78
985 741
985 819
985 743
985 818
985 669
985 679
985 737
985 680
985 910
993 883
993 102
993 975
993 717
993 130
993 952
993 163
993 971
993 197
993 204
993 240
993 824
993 283
993 304
993 341
993 963
993 813
993 660
993 789
993 417
993 432
993 45
993 453
993 78
993 741
993 819
993 743
993 818
993 669
993 679
993 737
993 680
993 910
883 975
102 975
975 995
975 717
975 130
975 952
975 163
975 971
975 197
975 204
975 283
975 304
975 341
975 963
975 660
975 417
975 432
975 45
975 453
975 741
975 819
975 743
975 818
975 669
975 679
975 737
975 680
975 910
995 679
717 963
717 741
717 819
717 669
717 737
717 680
971 963
341 963
963 660
963 417
963 432
963 453
963 741
963 819
963 743
963 818
963 669
963 679
963 737
963 680
660 819
660 743
660 818
741 819
741 743
741 818
741 737
819 743
819 818
819 669
819 679
819 737
743 737
743 680
818 669
818 679
818 737
818 680
679 737
5:
52 929
52 917
52 911
627 929
627 917
597 929
597 917
952 929
952 875
952 917
952 900
952 911
983 929
983 875
983 917
983 900
983 911
983 795
929 875
929 917
929 260
929 900
929 911
929 795
929 308
929 945
929 636
929 612
929 711
929 731
875 917
875 260
875 900
875 911
875 795
875 636
875 612
875 711
917 260
917 900
917 911
917 795
917 308
917 945
917 636
917 612
917 711
917 731
260 900
260 911
900 911
900 795
900 308
900 945
900 636
900 612
900 711
911 795
911 308
911 945
911 636
911 612
911 711
795 636
795 612
795 711
636 711
612 711
6:
106 577
106 697
106 841
106 885
577 841
577 885
577 133
577 801
577 301
577 396
697 841
697 885
697 133
697 801
697 402
697 187
697 301
697 396
841 885
841 801
841 148
841 252
841 402
841 449
841 889
841 424
841 301
841 396
885 133
885 801
885 148
885 252
885 402
885 187
885 449
885 235
885 424
885 301
885 396
133 801
801 402
801 449
801 889
801 235
801 424
801 301
801 396
148 252
148 402
252 449
252 424
187 449
449 424
424 396
7:
107 524
107 528
107 532
107 791
524 528
524 791
524 640
524 282
524 397
524 566
528 640
528 968
528 514
528 566
532 791
532 282
532 514
532 95
532 566
791 640
791 282
791 397
791 514
791 789
791 95
791 566
640 968
640 397
640 514
640 566
968 566
397 514
397 789
397 95
514 566
8:
517 996
517 877
517 871
517 804
517 757
517 954
905 877
905 871
132 56
132 877
185 877
185 147
185 804
996 877
996 871
996 804
996 451
996 654
56 877
56 871
56 757
877 147
877 871
877 804
877 607
877 824
877 757
877 451
877 654
877 47
877 49
147 871
871 804
871 607
871 824
871 352
871 757
871 954
871 451
871 654
871 47
871 49
804 222
804 607
804 352
804 757
804 954
804 451
804 654
222 607
607 352
607 757
607 451
352 757
757 47
757 49
451 654
654 47
654 49
9:
806 546
806 830
806 902
806 278
806 926
806 956
806 988
806 228
806 589
806 836
806 523
806 4
806 438
113 546
113 830
113 902
546 902
546 926
546 589
546 836
546 523
830 902
830 278
830 926
830 956
830 988
830 716
830 248
830 589
830 836
830 272
830 523
902 278
902 926
902 956
902 988
902 228
902 248
902 589
902 836
902 272
902 523
902 813
902 4
902 438
278 836
926 956
926 988
926 228
926 716
926 248
926 589
926 836
926 272
926 523
926 813
926 4
926 438
956 836
988 836
988 438
248 589
248 836
589 836
836 272
836 4
836 438
272 523
10:
873 513
873 447
873 749
422 996
422 170
442 793
442 956
595 642
595 773
595 603
595 749
595 446
996 114
996 773
996 793
996 170
996 446
114 642
114 773
114 793
642 773
642 793
642 603
642 749
642 446
773 793
773 956
773 239
773 603
773 663
773 447
773 749
793 956
793 170
793 603
793 365
793 749
793 446
956 663
956 446
489 513
489 663
239 513
239 603
239 663
513 663
513 447
603 749
663 365
663 749
365 447
365 749
447 749
749 446
11:
117 474
117 558
117 611
117 620
474 558
474 611
474 620
474 525
558 611
558 620
558 889
558 286
558 525
611 889
611 241
611 525
620 207
620 286
620 241
620 525
889 525
207 286
286 241
286 525
241 525
12:
803 822
803 862
977 118
977 964
977 992
977 952
977 143
977 959
977 971
977 825
977 940
977 824
977 740
977 859
977 268
977 862
977 270
977 928
977 361
977 38
977 385
977 480
977 628
977 537
977 570
977 587
977 863
977 648
977 678
977 69
977 910
977 722
977 776
977 799
118 964
118 992
964 992
964 896
964 952
964 143
964 959
964 971
964 775
964 825
964 940
964 859
964 268
964 270
964 928
964 361
964 38
964 385
964 480
964 628
964 537
964 570
964 587
964 863
964 648
964 678
964 69
964 910
964 722
964 776
964 731
992 952
992 143
992 959
992 971
992 775
992 825
992 940
992 824
992 740
992 859
992 268
992 270
992 928
992 361
992 38
992 385
992 480
992 628
992 537
992 587
992 863
992 648
992 678
992 69
992 910
992 722
992 776
992 731
992 799
896 775
952 959
952 928
143 959
959 971
959 825
959 940
959 859
959 268
959 270
959 928
959 361
959 385
959 480
959 628
959 537
959 587
959 863
959 648
959 678
959 69
959 722
959 776
144 714
144 750
144 788
144 822
714 750
714 788
714 822
714 988
714 592
714 862
714 316
714 431
714 436
750 788
750 822
750 988
750 862
750 28
750 431
750 436
750 99
788 822
788 988
788 862
788 28
788 316
788 327
788 431
788 436
788 799
822 988
822 592
822 862
822 28
822 316
822 327
822 431
822 436
988 862
988 99
971 928
971 863
825 859
825 928
825 587
825 863
825 648
825 678
825 722
825 776
859 928
859 480
859 628
859 537
859 587
859 863
859 648
859 678
859 722
859 776
862 28
862 316
862 327
862 431
862 436
862 99
862 799
270 928
928 361
928 480
928 628
928 537
928 587
928 863
928 648
928 678
928 722
928 776
327 431
628 863
587 863
863 648
863 678
863 722
863 776
722 776
13:
119 909
119 914
119 916
909 914
909 916
909 138
909 202
909 878
909 968
909 220
909 230
909 262
909 852
909 306
909 378
909 491
909 845
909 762
914 916
914 138
914 202
914 878
914 968
914 220
914 230
914 262
914 852
914 306
914 378
914 491
914 845
914 815
914 762
916 138
916 202
916 878
916 968
916 220
916 230
916 262
916 852
916 306
916 378
916 491
916 845
916 815
916 762
202 878
878 968
878 262
878 852
878 306
878 378
878 491
878 845
878 762
968 852
262 852
852 306
852 491
852 845
852 762
491 845
845 762
14:
12 684
12 808
12 870
12 874
684 808
684 870
684 874
684 309
684 404
684 630
684 734
684 583
808 870
808 874
808 615
808 309
808 404
808 630
808 734
808 437
808 469
808 583
808 886
870 874
870 956
870 615
870 309
870 404
870 630
870 734
870 437
870 469
870 583
870 886
870 5
870 799
874 956
874 615
874 309
874 404
874 630
874 734
874 437
874 469
874 583
874 5
874 799
956 437
956 583
615 309
615 734
615 583
615 5
404 630
404 734
630 437
630 469
734 469
734 583
734 5
469 583
15:
120 947
120 961
120 966
120 970
947 961
947 966
947 970
947 968
947 246
947 933
947 258
947 265
947 320
947 406
947 426
947 782
947 464
947 932
947 549
947 560
947 581
947 758
947 626
947 689
947 745
961 966
961 970
961 968
961 224
961 246
961 933
961 258
961 265
961 320
961 406
961 426
961 782
961 464
961 932
961 549
961 560
961 581
961 758
961 626
961 689
961 745
966 970
966 968
966 224
966 716
966 246
966 933
966 258
966 265
966 320
966 813
966 802
966 406
966 426
966 782
966 464
966 932
966 549
966 560
966 581
966 758
966 626
966 689
966 745
970 968
970 224
970 716
970 246
970 933
970 258
970 265
970 320
970 813
970 802
970 401
970 406
970 426
970 782
970 464
970 932
970 549
970 560
970 581
970 758
970 626
970 689
970 745
968 933
246 933
933 265
933 320
933 406
933 426
933 782
933 464
933 932
933 549
933 560
933 581
933 758
933 626
933 689
933 745
802 401
782 932
782 560
782 581
782 758
782 626
782 689
782 745
464 932
932 549
932 560
932 581
932 758
932 626
932 689
932 745
581 758
758 626
758 689
758 745
689 745
16:
48 769
48 831
48 695
164 721
164 769
164 831
721 769
721 831
721 295
721 695
721 312
721 492
721 386
721 510
721 41
769 831
769 295
769 695
769 312
769 492
769 386
769 510
769 41
831 295
831 695
831 312
831 492
831 386
831 510
831 41
295 695
695 312
695 492
695 386
695 510
312 492
492 510
386 510
17:
395 129
395 380
395 139
395 664
979 664
979 727
979 994
979 455
979 824
129 380
380 664
380 994
139 250
139 664
139 727
250 727
250 994
250 455
250 824
664 727
664 994
664 298
727 716
727 994
727 455
727 824
727 298
716 455
994 298
455 298
18:
853 93
853 958
853 152
853 655
853 690
853 267
853 321
853 382
853 74
93 655
93 690
958 152
958 655
958 690
958 321
152 655
152 690
655 690
655 267
655 321
655 382
690 267
690 321
690 382
690 74
321 382
382 74
19:
131 266
131 735
131 766
266 766
266 173
266 419
735 766
735 173
735 264
735 419
735 40
735 67
735 683
766 173
766 264
766 419
766 40
766 67
766 683
173 264
264 419
419 40
419 67
20:
136 888
136 896
136 903
888 896
888 903
888 178
888 667
888 198
888 450
888 263
888 703
888 326
888 336
888 503
888 37
888 945
888 475
888 544
888 545
896 903
896 178
896 667
896 198
896 450
896 263
896 703
896 326
896 336
896 503
896 37
896 945
896 475
896 544
896 545
903 178
903 667
903 198
903 450
903 263
903 703
903 326
903 336
903 503
903 37
903 945
903 475
903 544
903 545
178 667
667 703
667 945
667 475
667 545
198 450
450 703
263 703
703 326
703 544
703 545
336 503
503 475
503 544
544 545
21:
146 338
146 351
146 454
146 694
338 454
338 694
338 15
338 42
351 454
351 694
351 15
454 694
454 42
694 15
694 347
694 42
694 802
15 347
347 42
347 802
22:
922 151
922 584
922 807
922 907
922 919
922 188
922 399
922 810
922 20
922 55
922 299
922 506
922 579
922 817
922 571
922 522
922 91
922 651
922 60
922 691
922 815
151 584
151 807
584 183
584 907
584 919
584 433
584 579
807 183
807 907
807 919
807 399
807 810
807 940
807 299
807 974
807 817
807 571
807 651
183 907
183 919
907 919
907 188
907 399
907 810
907 20
907 63
907 299
907 506
907 433
907 579
907 817
907 571
907 522
907 651
919 399
919 810
919 63
919 940
919 299
919 974
919 506
919 433
919 579
919 817
919 571
919 522
919 60
919 691
919 815
188 399
188 810
399 506
810 299
810 974
810 506
810 817
810 522
810 91
810 651
20 63
63 651
940 433
940 817
55 817
55 651
974 571
974 91
506 579
506 571
433 579
433 817
579 817
817 522
817 651
817 60
571 522
651 60
23:
814 189
814 429
814 649
814 23
814 672
814 307
814 505
814 86
189 429
189 649
429 649
429 672
429 307
429 505
649 23
649 672
649 307
649 505
649 86
23 672
672 307
672 505
672 86
307 505
505 86
24:
983 598
983 720
983 22
983 631
983 508
154 17
154 598
154 720
154 768
17 598
17 720
17 768
598 720
598 768
598 394
598 508
720 768
720 956
720 22
720 631
720 394
720 508
768 956
768 22
768 631
768 394
768 508
956 631
956 394
956 508
22 631
631 394
631 508
25:
915 877
915 155
915 685
915 704
915 576
915 889
915 194
915 670
915 884
915 482
915 362
915 314
915 315
915 498
915 381
915 610
915 84
877 685
155 685
155 704
685 889
685 670
685 884
685 325
685 482
685 315
685 610
704 576
704 670
704 884
704 2
704 362
704 314
704 974
576 884
576 482
576 315
576 343
576 610
889 884
194 670
194 884
670 314
670 498
670 974
670 84
884 2
884 325
884 482
884 362
884 314
884 315
884 498
884 974
884 343
884 610
884 84
2 325
2 482
325 343
482 974
362 974
315 498
498 974
498 381
343 610
381 610
26:
996 94
996 356
94 356
27:
956 784
956 848
956 854
157 625
157 784
157 848
157 854
625 784
625 848
625 854
625 289
625 335
625 405
784 848
784 854
784 289
784 335
784 405
784 499
784 6
784 46
848 854
848 289
848 335
848 405
848 499
848 6
848 46
848 799
854 289
854 335
854 405
854 499
854 6
854 46
854 799
405 499
499 46
28:
898 161
898 346
898 512
898 229
898 619
898 826
898 292
898 369
898 550
898 339
898 342
898 61
898 425
898 829
898 497
898 886
161 346
161 512
346 550
346 342
346 61
512 619
512 826
512 550
512 339
512 61
229 619
229 826
619 826
619 292
619 550
826 292
826 369
826 550
826 339
826 342
826 425
826 497
826 886
292 369
369 339
369 425
550 497
61 829
425 497
497 886
29:
171 279
171 476
171 501
171 657
279 501
279 657
279 393
476 501
476 657
476 393
476 349
501 657
501 349
657 393
657 349
657 423
393 349
393 423
349 423
30:
186 242
186 243
192 242
192 243
242 243
31:
952 177
952 370
952 686
177 370
177 686
32:
179 567
179 644
179 699
179 738
567 644
567 699
567 738
567 210
567 226
567 533
644 699
644 738
644 609
644 226
644 410
644 533
699 738
699 609
699 410
699 416
699 533
738 210
738 609
738 226
738 410
738 533
210 609
609 226
609 410
609 533
410 416
410 533
33:
755 949
755 856
803 949
803 310
905 949
905 893
905 861
952 949
952 280
952 861
952 846
949 182
949 495
949 696
949 893
949 971
949 856
949 280
949 861
949 281
949 547
949 846
949 310
949 324
949 702
949 35
949 388
949 411
949 53
949 81
182 495
182 696
182 893
495 971
495 861
495 702
495 35
696 893
696 856
696 861
696 547
696 846
696 702
696 388
696 411
893 971
893 856
893 280
893 861
893 547
893 846
893 310
893 324
893 702
893 35
893 388
893 411
893 81
971 856
971 846
971 702
856 280
856 861
856 547
856 846
856 310
856 324
856 702
856 53
856 81
280 861
861 281
861 547
861 846
861 702
861 35
861 411
861 53
861 81
281 547
281 846
547 846
846 310
846 702
846 388
846 411
846 53
324 702
34:
191 257
191 526
191 588
191 772
257 588
257 772
257 538
526 588
526 772
526 538
526 293
526 561
526 71
588 772
588 538
588 561
588 71
772 538
772 293
772 561
772 71
538 293
538 561
293 561
561 71
35:
883 671
883 687
958 372
958 754
958 44
686 688
686 374
193 196
193 671
193 719
193 971
196 671
196 372
196 688
671 971
671 606
671 687
671 421
719 971
719 688
719 317
719 754
719 756
719 374
719 687
719 421
971 687
372 688
372 754
372 44
688 606
688 317
688 754
688 374
688 687
606 754
606 687
606 421
317 754
754 756
754 44
754 374
754 687
754 421
374 687
687 421
36:
905 682
905 261
905 357
213 360
213 478
213 682
360 478
360 682
360 357
478 682
478 261
478 357
682 261
682 357
261 357
37:
869 767
869 227
869 551
869 723
869 591
869 974
869 427
869 466
869 97
767 227
767 551
767 723
767 591
767 974
767 427
767 466
767 97
227 551
227 723
551 723
551 591
551 427
551 466
723 591
723 974
723 427
723 466
723 97
591 974
591 427
591 466
974 427
974 97
38:
873 677
873 761
488 507
488 677
488 761
488 255
488 285
232 507
232 520
232 677
232 761
507 520
507 677
507 761
507 87
520 677
520 761
520 255
520 285
677 761
677 255
677 285
761 255
761 285
761 87
285 87
39:
883 892
883 536
883 62
892 26
892 490
892 718
892 305
892 34
892 633
892 323
892 345
892 536
892 452
892 340
892 62
26 490
26 718
490 718
490 305
490 633
718 305
718 633
718 323
718 345
718 536
718 452
718 340
305 34
305 633
34 633
34 452
633 452
633 62
323 345
323 536
345 536
536 452
452 340
340 62
40:
755 675
755 368
675 368
675 39
675 504
675 83
368 39
368 504
368 756
39 504
39 83
504 756
504 83
41:
353 605
353 921
605 921
42:
953 826
953 354
826 354
