# The links inside the communities at k=6
# from G:\Dropbox\Raghda\CNA\Final Project\other methods\CFinder-2.0.6--1448\G:\Dropbox\Raghda\CNA\Final Project\Datasets\binary_networks\LFR6\network_LFR6_Om4.dat
# at no lower link weight threshold,
# and at no upper link weight threshold.
# Links were treated as undirected.
# No time limit was set for the clique search.

0:
998 929
998 977
998 972
998 943
998 803
998 940
998 317
998 872
998 578
929 977
929 972
929 803
929 940
929 872
974 977
974 972
974 803
974 940
974 872
974 578
977 972
977 943
977 803
977 940
977 550
977 317
977 872
977 578
972 943
972 803
972 940
972 550
972 317
972 872
972 578
943 803
943 940
943 550
943 872
803 940
803 578
940 550
940 317
940 872
940 578
550 872
317 872
872 578
1:
980 762
980 741
980 503
980 626
980 698
762 741
762 503
762 626
762 698
741 503
741 626
741 698
503 626
503 698
626 698
2:
959 982
959 942
959 899
959 967
959 672
959 789
959 835
959 638
982 942
982 899
982 967
982 672
982 789
982 835
982 521
982 638
942 899
942 967
942 672
942 789
942 835
942 521
942 638
899 967
899 672
899 789
899 835
899 521
967 672
967 835
672 789
672 835
789 835
789 521
789 638
835 521
835 638
3:
585 927
585 949
585 953
585 826
585 960
927 949
927 953
927 826
927 960
949 953
949 826
949 960
953 826
953 960
826 960
4:
791 996
791 999
791 950
791 915
791 798
844 996
844 999
844 987
844 950
844 915
844 696
844 632
996 999
996 816
996 987
996 950
996 915
996 696
996 798
996 632
999 816
999 987
999 950
999 915
999 696
999 798
999 632
816 987
816 950
816 915
816 798
987 950
987 915
950 915
950 696
950 798
950 632
915 696
915 798
915 632
696 798
5:
974 981
974 785
974 923
974 948
974 654
981 785
981 923
981 948
981 654
785 923
785 948
785 654
923 948
923 654
948 654
6:
1000 695
1000 839
1000 853
1000 861
1000 986
695 839
695 853
695 861
695 986
839 853
839 861
839 986
853 861
853 986
861 986
7:
984 897
984 951
984 912
984 985
984 764
984 823
984 973
984 889
897 951
897 985
897 823
897 889
951 912
951 985
951 764
951 823
951 973
951 889
912 985
912 764
912 889
985 764
985 823
985 889
764 823
764 973
764 889
823 973
823 889
973 889
