# The communities at k=7
# from G:\Dropbox\Raghda\CNA\Final Project\other methods\CFinder-2.0.6--1448\G:\Dropbox\Raghda\CNA\Final Project\Datasets\binary_networks\LFR3\network_LFR3_Om6.dat
# at no lower link weight threshold,
# and at no upper link weight threshold.
# Links were treated as undirected.
# No time limit was set for the clique search.

0: 953 852 887 987 846 909 932 847 879 407 520 532 544 550 650 609 676 
1: 795 964 992 891 907 947 670 782 925 883 816 443 561 758 
2: 968 922 985 886 972 908 770 467 733 
3: 923 989 991 999 967 555 893 896 741 718 791 788 798 536 545 547 557 591 628 776 742 
4: 832 833 917 935 787 752 542 631 714 627 
5: 825 876 815 865 871 728 528 523 584 
6: 895 931 965 889 722 694 765 531 559 
7: 789 851 919 933 724 678 556 
8: 767 986 993 997 998 934 957 976 902 848 911 615 948 856 828 903 818 715 836 652 
9: 870 964 992 762 891 947 925 610 
10: 840 914 946 814 875 844 826 734 686 
11: 954 955 712 996 860 669 629 
12: 705 962 995 805 969 785 685 
13: 973 990 877 960 747 863 988 915 928 945 937 843 869 872 783 727 
14: 780 835 942 949 924 892 930 939 940 774 
