# The contained cliques in the communities at k=4
# from G:\Dropbox\Raghda\CNA\Final Project\other methods\CFinder-2.0.6--1448\G:\Dropbox\Raghda\CNA\Final Project\Datasets\binary_networks\LFR2\networ_LFR2_Om3.dat
# at no lower link weight threshold,
# and at no upper link weight threshold.
# Links were treated as undirected.
# No time limit was set for the clique search.

0: 3 783 787 914 1146 439 784 165 409 460 583 676 1147 1163 1219 91 584 309 499 828 500 788 977 1134 1133 915 360 
1: 7 229 443 710 711 918 919 1038 1039 1084 227 232 235 444 445 578 579 580 709 844 1041 1042 228 230 
2: 8 198 853 
3: 14 1169 1170 141 169 226 254 257 343 449 454 458 553 574 691 707 1017 1171 1187 1211 1227 204 1226 1294 
4: 19 220 430 136 289 321 390 566 664 
5: 23 263 490 639 491 492 
6: 25 213 386 605 693 387 694 399 695 
7: 40 239 927 105 269 413 489 673 1182 270 467 201 282 
8: 41 
9: 42 205 426 612 1123 1167 424 1122 311 465 572 661 823 976 1124 1168 312 663 662 940 824 573 641 640 613 614 666 1019 
10: 56 355 814 891 998 1190 225 505 515 671 672 884 886 890 892 1184 1188 514 513 793 791 794 792 428 996 997 1120 1151 1189 429 812 813 815 885 810 329 1119 202 238 1031 1121 1178 1029 1032 760 1030 759 1179 1177 905 1200 1202 1212 1217 1239 347 357 422 437 451 452 608 668 725 841 842 906 907 1027 1161 1162 1201 1203 1213 708 151 392 320 565 564 
11: 59 1081 1082 1251 1252 1253 159 255 268 272 294 326 354 356 375 486 531 656 659 660 744 1102 1103 1104 1254 1271 1272 323 122 1288 1274 1256 
12: 60 
13: 61 521 1043 1044 1135 1136 1137 1193 1194 1195 1240 322 1128 683 973 974 636 637 638 398 644 837 397 433 404 464 1129 359 1109 
14: 62 603 686 1173 78 602 1141 1142 820 1077 1089 1110 1111 819 795 687 796 1025 1088 1075 1076 1026 1078 1267 642 1268 643 
15: 94 1034 539 752 785 1035 1036 1093 1094 1095 142 540 562 786 825 1064 324 
16: 98 256 338 160 
17: 108 536 1183 931 958 994 928 932 929 957 942 943 
18: 115 271 698 394 1070 
19: 116 
20: 120 858 967 
21: 137 554 699 703 728 804 805 838 1216 555 704 729 700 806 1144 1199 548 547 839 
22: 140 646 742 415 645 414 743 741 740 
23: 149 
24: 150 379 485 561 1000 380 484 559 999 1205 462 681 463 1098 774 775 176 418 682 
25: 158 
26: 161 216 223 417 581 692 697 983 1117 1250 
27: 184 507 509 512 
28: 185 874 1004 1005 199 283 634 655 633 635 689 654 476 316 
29: 217 402 829 831 1028 1033 313 384 498 701 830 
30: 240 779 780 925 406 926 1126 510 519 947 
31: 275 276 599 616 448 446 447 600 
32: 288 488 799 800 1106 1112 1113 1191 576 391 577 984 556 569 688 358 557 766 1155 767 768 769 1107 1157 989 1156 987 988 986 985 570 
33: 290 
34: 302 303 747 746 778 591 777 526 592 377 350 776 
35: 307 1020 314 340 351 816 952 1022 1023 1143 817 954 953 550 
36: 317 318 
37: 334 873 726 756 727 
38: 346 567 861 
39: 363 619 
40: 366 
41: 393 
42: 407 1010 1009 1007 1008 1012 1138 1085 1046 1047 1051 1050 615 
43: 431 960 
44: 438 593 524 523 
45: 457 606 
46: 495 497 
47: 503 866 628 867 894 903 627 902 898 900 896 899 1231 1232 859 870 897 901 860 871 1159 545 544 1258 1259 893 872 895 1160 1115 1114 
48: 508 732 801 912 731 
49: 542 543 
50: 551 
51: 552 1014 713 
52: 563 706 
53: 585 586 
54: 604 
55: 658 889 979 755 978 754 992 
56: 678 821 
57: 737 
58: 765 878 970 
59: 855 
60: 922 
61: 1116 
62: 1118 
63: 1223 
