# The communities at k=4
# from G:\Dropbox\Raghda\CNA\Final Project\other methods\CFinder-2.0.6--1448\G:\Dropbox\Raghda\CNA\Final Project\Datasets\binary_networks\LFR2\networ_LFR2_Om3.dat
# at no lower link weight threshold,
# and at no upper link weight threshold.
# Links were treated as undirected.
# No time limit was set for the clique search.

0: 100 832 983 993 479 990 887 165 464 976 821 239 865 831 289 43 342 377 587 390 579 815 495 700 604 655 
1: 1000 230 235 270 271 324 344 389 416 428 559 560 572 610 650 701 712 749 750 773 787 847 935 94 945 948 986 992 
2: 25 705 818 776 645 46 
3: 303 999 113 444 853 951 966 987 990 838 460 962 384 905 259 278 991 961 207 955 890 273 79 742 452 873 882 478 513 92 565 
4: 111 685 892 938 646 201 859 223 252 318 366 470 510 78 
5: 190 816 980 321 538 382 467 883 
6: 116 874 875 994 534 905 314 385 476 331 600 530 59 
7: 338 13 681 934 959 178 848 212 397 301 886 680 347 381 49 523 
8: 818 130 349 776 
9: 807 891 131 946 950 981 839 698 969 527 442 327 870 518 364 482 475 481 691 725 577 97 
10: 978 880 992 316 989 994 408 988 878 851 952 995 728 789 996 140 954 984 896 957 849 979 568 550 929 942 894 840 833 24 250 263 277 334 285 601 323 359 365 373 431 406 422 856 730 869 581 590 468 673 820 485 487 670 60 740 722 554 653 632 642 779 86 
11: 997 993 998 982 987 930 971 142 910 911 908 972 357 943 968 194 926 351 214 932 799 226 593 254 260 28 335 284 315 453 548 419 566 759 
12: 143 611 692 844 
13: 755 953 985 144 973 810 974 970 849 906 916 469 927 864 812 253 933 792 287 547 330 897 339 514 371 695 412 504 615 
14: 842 963 793 931 145 843 925 155 483 970 976 814 800 561 584 614 506 747 802 752 
15: 940 784 790 168 976 209 900 915 923 904 763 255 627 586 644 429 466 571 746 
16: 805 360 170 754 267 283 51 
17: 745 868 920 711 919 180 837 693 702 424 
18: 992 744 852 185 991 213 328 765 532 633 
19: 866 186 494 764 
20: 19 651 769 893 774 678 
21: 885 924 956 809 570 202 914 806 855 438 582 594 459 788 540 822 545 618 
22: 930 835 206 663 798 607 606 350 502 
23: 769 893 23 356 
24: 876 783 917 925 724 427 969 58 912 307 592 796 404 354 37 465 496 
25: 771 969 276 91 
26: 555 908 965 943 889 811 958 860 30 960 352 785 521 928 551 899 61 696 72 
27: 713 682 699 399 93 451 405 440 
28: 836 918 942 220 826 901 739 248 541 421 660 542 4 47 511 
29: 941 947 861 804 909 245 310 337 824 387 743 544 585 721 628 599 88 
30: 224 706 726 813 845 727 991 686 881 340 608 403 425 820 
31: 471 692 844 490 825 217 529 658 894 
32: 525 867 895 964 823 863 222 907 922 775 903 286 580 319 780 477 596 461 473 528 858 716 
33: 937 999 757 225 
34: 719 980 535 234 489 602 817 879 967 320 304 912 603 417 
35: 921 884 949 980 846 829 944 677 238 246 269 281 806 439 723 597 
36: 921 884 402 944 249 
37: 982 987 990 679 857 575 326 631 652 
38: 674 854 672 797 275 472 
39: 937 999 968 507 294 508 
40: 830 398 295 621 
41: 720 761 325 455 
42: 902 937 1000 762 998 999 794 757 498 735 967 819 753 341 
43: 827 872 734 714 368 
44: 563 499 767 375 664 676 688 415 
45: 827 872 401 512 647 
46: 630 386 396 690 516 
47: 977 938 987 913 888 635 828 939 975 898 552 648 967 668 912 862 388 883 801 436 639 640 
48: 885 936 908 984 613 675 423 574 649 
49: 661 761 432 533 578 
50: 866 764 756 441 
51: 612 782 968 871 736 463 
52: 795 738 519 694 731 546 564 
53: 484 778 729 803 515 
54: 488 975 967 616 
55: 733 778 729 741 803 598 751 503 657 717 
56: 998 982 841 509 623 
57: 643 707 981 588 
58: 905 621 715 737 665 760 
59: 984 667 697 862 
60: 707 950 981 689 
61: 998 962 890 785 
62: 992 875 994 779 
63: 999 968 886 967 
