# The links inside the communities at k=4
# from G:\Dropbox\Raghda\CNA\Final Project\other methods\CFinder-2.0.6--1448\G:\Dropbox\Raghda\CNA\Final Project\Datasets\binary_networks\LFR2\networ_LFR2_Om3.dat
# at no lower link weight threshold,
# and at no upper link weight threshold.
# Links were treated as undirected.
# No time limit was set for the clique search.

0:
100 832
100 983
100 993
832 983
832 993
832 990
832 976
832 821
832 865
832 587
832 579
832 815
832 655
983 993
983 479
983 990
983 887
983 165
983 464
983 976
983 239
983 865
983 831
983 289
983 43
983 342
983 377
983 587
983 390
983 579
983 815
983 495
983 700
983 604
983 655
993 479
993 990
993 887
993 165
993 464
993 976
993 821
993 239
993 865
993 831
993 289
993 43
993 342
993 377
993 587
993 390
993 579
993 815
993 495
993 700
993 655
479 887
479 865
479 815
990 887
990 976
990 821
990 865
990 831
990 289
990 815
887 464
887 976
887 831
887 587
887 495
887 700
165 464
976 821
976 865
976 815
821 831
821 700
821 655
239 865
865 390
865 815
865 604
865 655
831 43
831 342
831 587
831 815
831 495
831 700
377 587
390 579
579 700
815 604
815 655
495 700
1:
1000 230
1000 235
1000 270
1000 271
1000 324
1000 344
1000 389
1000 416
1000 428
1000 559
1000 560
1000 572
1000 610
1000 650
1000 701
1000 712
1000 749
1000 750
1000 773
1000 787
1000 847
1000 935
1000 94
1000 945
1000 948
1000 986
1000 992
230 847
230 945
230 986
235 847
235 986
270 945
270 948
270 986
271 749
271 986
324 773
324 948
324 986
344 948
344 986
389 935
389 945
389 948
389 986
416 935
416 948
416 986
428 750
428 935
428 948
428 986
559 701
559 935
559 945
559 986
560 650
560 847
560 945
560 986
572 701
572 935
572 945
572 948
572 986
610 847
610 935
610 945
610 948
610 986
650 701
650 935
650 945
650 986
701 935
701 945
701 986
712 787
712 935
712 945
712 948
712 986
712 992
749 787
749 935
749 945
749 948
749 986
749 992
750 773
750 787
750 847
750 935
750 948
750 986
773 847
773 935
773 945
773 948
773 986
773 992
787 945
787 948
787 986
787 992
847 935
847 945
847 948
847 986
847 992
935 945
935 948
935 986
935 992
94 945
94 948
945 948
945 986
945 992
948 986
948 992
986 992
2:
25 818
25 776
25 645
705 818
705 776
705 645
818 776
818 645
818 46
776 645
776 46
645 46
3:
303 966
303 962
303 961
999 987
999 990
999 991
999 882
113 853
113 951
113 966
444 966
444 962
444 961
444 955
853 951
853 966
853 838
853 962
853 905
853 991
853 961
853 955
853 890
853 882
853 92
951 966
951 990
951 838
951 460
951 962
951 384
951 278
951 991
951 961
951 955
951 890
951 273
951 79
951 742
951 873
951 882
951 478
951 513
951 565
966 990
966 838
966 460
966 962
966 905
966 259
966 278
966 991
966 961
966 207
966 955
966 890
966 742
966 452
966 873
966 882
966 478
966 513
966 92
966 565
987 990
987 991
990 962
990 991
990 961
990 955
990 890
990 873
990 882
838 962
838 991
838 961
838 955
838 890
838 742
838 873
838 882
460 961
460 955
962 384
962 259
962 278
962 991
962 961
962 955
962 890
962 273
962 79
962 742
962 873
962 882
962 478
962 565
384 961
905 961
905 955
905 890
259 961
259 955
991 961
991 955
991 882
961 207
961 955
961 890
961 273
961 742
961 873
961 882
961 478
961 513
207 955
955 890
955 79
955 742
955 452
955 873
955 882
955 565
890 742
890 873
890 882
890 513
890 92
742 873
452 873
452 882
873 882
873 478
882 513
882 565
4:
111 685
111 892
111 938
685 892
685 938
685 859
685 366
685 78
892 938
892 646
892 201
892 859
892 223
892 252
892 318
892 366
892 470
892 510
892 78
938 646
938 201
938 859
938 223
938 252
938 318
938 366
938 470
938 510
938 78
646 859
646 510
201 859
859 223
859 252
859 318
859 366
859 470
859 510
470 510
5:
190 816
190 980
190 321
816 980
816 321
816 538
816 382
816 467
816 883
980 321
980 538
980 382
980 467
980 883
321 538
538 382
538 883
382 467
467 883
6:
116 874
116 875
116 994
874 875
874 994
874 534
874 314
874 385
874 476
874 331
874 600
874 530
874 59
875 994
875 534
875 905
875 314
875 385
875 331
875 600
875 530
875 59
994 534
994 314
994 385
994 476
994 530
994 59
905 600
905 530
314 385
314 476
331 600
600 530
7:
338 681
338 934
338 959
13 681
13 934
13 959
681 934
681 959
681 848
681 680
934 959
934 178
934 848
934 212
934 397
934 301
934 886
934 680
934 347
934 381
934 49
934 523
959 178
959 848
959 212
959 397
959 301
959 886
959 680
959 347
959 381
959 49
959 523
178 848
848 212
848 886
848 680
848 347
848 381
848 523
212 397
397 381
301 886
680 347
680 381
49 523
8:
818 130
818 349
818 776
130 349
130 776
349 776
9:
807 891
807 946
807 950
807 981
807 969
807 327
807 870
807 475
891 946
891 981
891 442
891 870
891 364
891 482
891 475
131 946
131 950
131 981
946 950
946 981
946 839
946 969
946 527
946 442
946 870
946 518
946 364
946 691
946 725
946 577
946 97
950 981
950 839
950 698
950 527
950 364
950 482
950 475
950 725
950 97
981 839
981 698
981 969
981 527
981 327
981 870
981 518
981 364
981 482
981 475
981 481
981 691
981 577
981 97
839 698
839 969
839 327
839 870
839 482
839 725
839 577
698 577
969 527
969 870
969 518
527 691
442 870
327 870
870 482
870 481
870 691
870 577
518 577
481 691
10:
978 880
978 992
978 989
978 994
978 408
978 988
978 878
978 984
978 896
978 979
978 568
978 550
978 942
978 894
978 833
978 277
978 285
978 323
978 373
978 856
978 869
978 485
978 740
978 632
978 642
880 989
880 994
880 988
880 878
880 984
880 896
880 979
880 942
880 833
880 277
880 856
880 869
992 989
992 994
992 988
992 878
992 984
992 979
992 568
992 833
992 856
316 994
316 996
316 929
989 994
989 408
989 988
989 878
989 984
989 896
989 849
989 979
989 568
989 550
989 942
989 894
989 833
989 24
989 277
989 285
989 359
989 373
989 856
989 869
989 485
989 740
989 632
989 642
994 988
994 878
994 851
994 995
994 996
994 957
994 849
994 979
994 929
994 894
994 263
994 856
994 590
994 60
994 642
994 779
408 878
408 979
408 856
988 878
988 984
988 896
988 979
988 568
988 550
988 942
988 833
988 24
988 285
988 323
988 359
988 373
988 856
988 869
988 485
988 740
988 554
988 632
988 642
878 896
878 979
878 833
878 323
878 869
878 554
851 952
851 995
851 996
851 954
851 957
851 929
851 840
851 670
851 722
851 779
952 728
952 789
952 996
952 954
952 929
952 601
952 365
952 730
952 581
952 590
952 820
952 670
952 779
995 728
995 789
995 996
995 140
995 954
995 957
995 849
995 929
995 840
995 250
995 263
995 334
995 601
995 365
995 431
995 406
995 422
995 730
995 581
995 590
995 468
995 673
995 487
995 670
995 722
995 653
995 86
728 996
728 954
728 929
728 468
728 779
789 996
789 957
789 406
789 581
789 653
996 140
996 954
996 957
996 929
996 263
996 334
996 601
996 365
996 406
996 422
996 730
996 581
996 590
996 820
996 487
996 670
996 60
996 722
996 653
996 779
996 86
140 954
954 957
954 929
954 840
954 334
954 431
954 590
954 468
954 673
954 820
954 653
984 896
984 979
984 856
984 740
896 979
896 550
896 942
896 833
896 856
896 869
896 740
896 554
957 849
957 929
957 840
957 334
957 431
957 422
957 730
957 673
957 487
957 670
957 60
957 653
957 779
957 86
849 979
849 929
979 568
979 929
979 942
979 894
979 833
979 277
979 359
979 373
979 856
979 869
979 485
979 740
979 554
979 632
979 642
550 856
929 840
929 250
929 365
929 581
929 673
929 820
929 487
929 779
840 250
840 673
840 722
840 779
833 24
833 869
601 730
601 722
406 422
856 632
730 722
730 653
869 485
869 554
869 632
869 642
590 670
468 673
487 670
740 642
722 779
11:
997 998
997 987
997 930
997 971
997 142
997 910
997 911
997 908
997 972
997 357
997 943
997 968
997 194
997 926
997 351
997 214
997 932
997 799
997 226
997 593
997 254
997 260
997 28
997 335
997 284
997 315
997 453
997 548
997 419
997 566
997 759
993 998
993 930
993 926
993 932
998 982
998 987
998 930
998 971
998 910
998 911
998 972
998 968
998 926
998 214
998 932
998 799
998 419
982 987
982 971
987 971
987 910
987 911
987 972
987 932
987 799
987 759
930 971
930 972
930 968
930 926
930 932
971 910
971 911
971 908
971 972
971 968
971 926
971 351
971 214
971 932
971 799
971 593
971 260
971 28
971 335
971 315
971 453
971 548
971 419
971 566
971 759
142 910
142 911
910 911
910 908
910 972
910 357
910 968
910 926
910 932
910 593
910 566
910 759
911 972
911 968
911 194
911 926
911 932
911 799
911 453
911 548
911 759
908 972
908 943
908 932
972 357
972 943
972 926
972 932
972 799
972 226
972 593
972 254
972 260
972 28
972 335
972 284
972 315
972 548
972 419
972 566
972 759
968 926
968 932
968 799
968 566
194 926
926 351
926 932
926 799
926 593
926 254
926 335
926 453
926 759
351 932
214 932
932 799
932 226
932 260
932 284
932 548
932 759
593 759
12:
143 611
143 692
143 844
611 692
611 844
692 844
13:
755 953
755 985
755 973
755 974
755 906
755 916
755 927
953 985
953 144
953 973
953 810
953 974
953 970
953 906
953 916
953 927
953 864
953 812
953 253
953 933
953 287
953 547
953 897
953 514
953 695
953 412
985 144
985 973
985 974
985 970
985 906
985 916
985 469
985 927
985 864
985 812
985 253
985 933
985 287
985 547
985 330
985 897
985 339
985 695
985 412
985 504
985 615
144 973
973 810
973 974
973 970
973 849
973 906
973 916
973 469
973 927
973 864
973 812
973 933
973 897
973 339
973 371
973 412
973 615
810 849
810 916
810 927
810 812
810 933
974 970
974 906
974 916
974 927
974 864
974 812
974 253
974 933
974 792
974 330
974 897
974 339
974 514
974 371
974 695
974 504
974 615
970 864
970 812
970 933
970 547
970 695
849 927
849 933
906 927
906 864
906 812
906 933
906 287
906 897
906 615
916 927
916 864
916 812
916 933
916 547
916 514
916 371
469 897
927 864
927 812
927 933
927 897
927 514
927 371
927 695
864 933
864 287
864 330
812 933
253 933
933 792
933 897
933 412
933 504
792 897
547 897
330 897
897 695
897 615
14:
842 963
842 843
842 483
842 814
963 793
963 931
963 145
963 843
963 925
963 155
963 483
963 970
963 976
963 814
963 800
963 561
963 584
963 614
963 506
963 747
963 802
963 752
793 931
793 970
793 814
793 584
793 614
793 747
931 145
931 843
931 925
931 155
931 483
931 970
931 976
931 800
931 584
931 614
931 506
931 747
931 752
145 843
843 483
843 970
843 814
843 506
843 747
843 802
925 970
925 976
155 483
970 814
970 800
970 802
970 752
976 814
976 800
976 561
976 747
976 802
976 752
814 800
814 614
814 802
800 584
800 802
800 752
561 747
561 802
584 614
584 506
614 802
506 747
747 752
802 752
15:
940 784
940 790
940 168
940 976
940 209
940 900
940 915
940 923
940 904
940 763
940 255
940 627
940 644
940 429
940 466
940 571
940 746
784 976
784 900
784 915
784 923
784 904
784 763
784 466
784 571
790 168
790 976
790 915
790 923
790 904
790 746
168 976
976 900
976 915
976 904
976 586
976 746
209 900
209 915
900 915
900 904
900 763
900 627
900 586
900 644
900 429
900 466
900 571
900 746
915 923
915 904
915 763
915 255
915 627
915 586
915 644
915 429
915 571
915 746
923 904
923 763
904 627
904 586
904 644
904 429
904 466
904 746
763 429
763 571
763 746
255 627
627 746
586 644
644 429
16:
805 360
805 170
805 754
805 267
805 283
805 51
360 170
360 754
360 267
170 754
754 267
754 283
754 51
267 283
283 51
17:
745 868
745 920
745 711
745 837
745 693
745 702
868 920
868 711
868 919
868 837
868 702
920 919
920 180
920 837
920 693
920 702
920 424
711 919
711 837
711 702
919 180
919 837
919 693
919 702
919 424
180 837
837 424
693 702
18:
992 744
992 852
992 185
992 991
992 213
992 328
992 765
992 532
992 633
744 852
744 185
744 991
744 213
744 532
744 633
852 991
852 213
852 328
852 765
852 532
852 633
185 991
991 213
991 328
991 765
991 532
991 633
532 633
19:
866 186
866 494
866 764
186 494
186 764
494 764
20:
19 651
19 769
19 893
651 769
651 893
651 678
769 893
769 774
769 678
893 774
893 678
774 678
21:
885 924
885 956
885 914
885 855
924 956
924 570
924 202
924 914
924 582
924 594
924 459
924 788
924 540
924 822
924 545
924 618
956 809
956 570
956 202
956 914
956 806
956 855
956 438
956 582
956 594
956 459
956 788
956 540
956 822
956 545
956 618
809 914
809 618
570 914
570 855
570 788
570 822
202 914
914 806
914 855
914 438
914 582
914 594
914 459
914 788
914 540
914 822
914 545
914 618
806 855
855 594
855 459
855 788
855 540
855 822
855 545
438 582
438 594
582 822
594 822
459 788
788 822
788 545
788 618
540 822
822 618
22:
930 835
930 663
930 607
930 606
930 502
835 206
835 663
835 798
835 607
835 606
835 350
835 502
206 663
206 798
663 798
663 607
663 502
798 607
798 606
798 350
798 502
607 606
607 350
350 502
23:
769 893
769 23
769 356
893 23
893 356
23 356
24:
876 783
876 917
876 925
876 724
876 427
876 969
876 912
876 592
876 404
876 354
876 37
876 465
876 496
783 925
783 969
783 912
783 592
917 925
917 724
917 969
917 58
917 912
917 307
917 592
917 796
917 404
917 354
917 37
917 465
917 496
925 724
925 427
925 969
925 58
925 912
925 307
925 796
925 404
925 465
724 427
724 796
724 496
427 969
969 912
969 592
969 354
969 37
58 796
307 592
307 796
592 796
796 404
796 465
796 496
25:
771 969
771 276
771 91
969 276
969 91
276 91
26:
555 965
555 943
555 958
555 960
555 928
908 965
908 943
908 958
908 960
908 928
965 943
965 889
965 811
965 958
965 860
965 30
965 960
965 352
965 785
965 521
965 928
965 551
965 899
965 61
965 696
965 72
943 889
943 811
943 958
943 860
943 960
943 785
943 521
943 928
943 551
943 899
943 696
889 811
889 958
889 860
889 960
889 785
889 928
889 899
889 696
811 958
811 860
811 960
811 785
811 928
811 899
958 860
958 30
958 960
958 352
958 785
958 521
958 928
958 551
958 899
958 61
958 696
958 72
860 960
860 785
860 928
860 899
30 960
960 352
960 785
960 521
960 928
960 551
960 899
960 61
960 696
960 72
785 928
785 899
521 928
928 551
928 899
928 696
899 696
27:
713 682
713 699
713 399
713 93
713 451
713 405
713 440
682 699
682 399
682 451
682 405
682 440
699 399
699 93
699 451
699 405
399 93
451 405
405 440
28:
836 918
836 942
836 826
836 901
836 739
836 541
836 660
836 4
836 511
918 942
918 220
918 826
918 901
918 739
918 248
918 541
918 421
918 660
918 542
918 4
918 47
942 901
942 739
942 541
942 421
942 542
942 511
220 826
220 901
826 901
826 739
826 541
826 660
826 542
826 47
901 739
901 248
901 421
901 660
901 542
901 4
901 47
901 511
739 248
739 511
541 511
660 542
29:
941 947
941 861
941 804
941 909
941 245
941 310
941 337
941 824
941 387
941 743
941 544
941 585
941 721
941 628
941 599
941 88
947 861
947 804
947 909
947 245
947 310
947 337
947 824
947 387
947 743
947 544
947 585
947 721
947 628
947 599
947 88
861 804
861 909
861 245
861 824
861 743
861 544
861 721
861 628
861 599
804 909
804 824
804 387
804 743
804 721
804 628
909 245
909 310
909 824
909 387
909 743
909 544
909 585
909 721
909 628
909 599
337 824
824 743
824 585
824 721
824 599
824 88
743 628
585 721
721 599
30:
224 813
224 991
224 881
706 813
706 845
706 727
706 991
706 881
706 403
726 813
726 991
726 881
726 340
726 608
813 845
813 991
813 881
813 608
813 820
845 727
845 991
845 686
845 881
845 608
845 425
845 820
727 991
727 686
727 881
727 403
727 425
991 686
991 881
991 340
991 608
991 403
881 340
881 608
881 425
881 820
340 608
31:
471 692
471 844
471 490
471 825
471 658
692 844
692 825
692 529
844 490
844 825
844 217
844 529
844 658
844 894
490 825
490 529
490 894
825 217
825 529
825 658
825 894
217 529
217 658
32:
525 867
525 964
525 863
525 907
525 858
867 964
867 823
867 863
867 907
867 922
867 903
867 286
867 580
867 319
867 461
867 716
895 964
895 823
895 863
895 907
895 922
895 775
895 903
895 780
895 596
895 473
895 528
895 858
895 716
964 863
964 222
964 907
964 922
964 775
964 903
964 286
964 580
964 319
964 780
964 477
964 596
964 461
964 473
964 528
964 858
964 716
823 863
823 922
823 775
823 903
823 580
823 473
823 858
823 716
863 907
863 922
863 903
863 780
863 477
863 716
222 907
222 922
907 922
907 775
907 903
907 319
907 780
907 477
907 596
907 473
907 528
907 858
922 775
922 903
922 286
922 580
922 780
922 477
922 596
922 461
922 858
775 596
775 858
903 319
903 780
903 596
903 461
903 473
903 528
903 858
580 858
780 461
780 858
780 716
528 858
858 716
33:
937 999
937 757
937 225
999 757
999 225
757 225
34:
719 817
719 879
719 603
980 535
980 602
980 879
980 967
980 304
980 912
980 603
535 879
535 967
535 912
535 417
234 489
234 602
234 817
234 879
489 602
489 817
602 817
602 879
602 967
817 879
817 967
817 320
817 603
879 967
879 320
879 304
879 912
879 603
879 417
967 603
967 417
320 603
304 912
35:
921 949
921 846
921 829
921 944
921 677
921 238
921 269
921 723
921 597
884 949
884 980
884 846
884 829
884 944
884 677
884 246
884 439
884 723
949 980
949 846
949 829
949 944
949 238
949 246
949 269
949 281
949 806
949 439
949 723
980 846
980 944
980 677
980 439
980 723
980 597
846 829
846 944
846 246
846 281
846 806
846 723
829 944
829 677
829 238
829 723
944 677
944 246
944 269
944 281
944 806
944 723
944 597
723 597
36:
921 402
921 944
921 249
884 402
884 944
884 249
402 944
402 249
944 249
37:
982 987
982 990
982 679
982 857
982 575
982 631
982 652
987 990
987 679
987 857
987 575
987 326
987 652
990 679
990 857
990 575
990 326
990 631
990 652
679 857
679 326
679 652
857 631
857 652
575 631
38:
674 854
674 672
674 797
674 275
674 472
854 672
854 797
854 275
854 472
672 797
672 275
672 472
39:
937 999
937 968
937 507
937 294
937 508
999 968
999 507
999 294
999 508
968 507
968 294
968 508
507 508
40:
830 398
830 295
830 621
398 295
398 621
295 621
41:
720 761
720 325
720 455
761 325
761 455
325 455
42:
902 998
902 999
902 794
902 498
902 735
902 819
902 753
937 999
937 735
937 753
937 341
1000 762
1000 998
1000 999
762 998
762 999
762 757
762 735
762 967
762 819
998 999
998 794
998 735
998 819
999 757
999 498
999 735
999 967
999 819
999 753
999 341
794 735
794 819
757 967
757 819
498 819
735 753
753 341
43:
827 872
827 734
827 714
827 368
872 734
872 714
872 368
734 714
734 368
44:
563 499
563 767
563 676
563 688
563 415
499 676
499 415
767 375
767 664
767 676
767 688
375 664
375 676
375 688
664 676
664 688
676 688
676 415
688 415
45:
827 872
827 401
827 512
827 647
872 401
872 512
872 647
401 647
512 647
46:
630 386
630 396
630 690
630 516
386 396
386 690
396 690
396 516
690 516
47:
977 987
977 913
977 888
977 635
977 828
977 939
977 975
977 967
977 668
977 912
977 883
977 436
977 640
938 913
938 898
938 801
987 888
987 635
987 828
987 975
987 898
987 668
987 801
987 640
913 888
913 939
913 975
913 898
913 552
913 648
913 912
913 801
913 436
913 639
913 640
888 828
888 939
888 898
888 552
888 912
888 640
635 828
635 975
635 967
828 975
828 898
828 668
828 883
828 639
828 640
939 975
939 639
975 898
975 552
975 648
975 967
975 668
975 912
975 862
975 388
975 883
975 801
975 436
975 639
975 640
898 552
898 648
898 668
898 862
898 388
898 883
898 801
898 639
898 640
648 912
648 388
967 436
668 801
862 801
801 639
48:
885 936
885 984
885 613
936 908
936 984
936 613
936 675
936 423
936 574
936 649
908 984
908 574
984 613
984 675
984 423
984 574
984 649
613 574
675 423
675 574
675 649
423 574
49:
661 432
661 533
661 578
761 432
761 533
761 578
432 533
432 578
533 578
50:
866 764
866 756
866 441
764 756
764 441
756 441
51:
612 782
612 871
612 736
782 968
782 871
782 736
782 463
968 871
968 736
968 463
871 736
871 463
52:
795 738
795 519
795 694
795 731
795 546
795 564
738 519
738 694
738 731
738 546
738 564
519 694
519 731
694 731
694 546
694 564
731 546
731 564
546 564
53:
484 778
484 729
484 803
484 515
778 729
778 803
778 515
729 803
729 515
54:
488 975
488 967
488 616
975 967
975 616
967 616
55:
733 778
733 741
733 803
778 741
778 803
778 717
729 803
729 598
729 751
741 803
741 751
741 657
741 717
803 598
803 751
803 717
598 751
598 717
751 503
751 657
751 717
503 657
503 717
657 717
56:
998 982
998 841
998 509
998 623
982 841
982 623
841 509
841 623
509 623
57:
643 707
643 981
643 588
707 981
707 588
981 588
58:
905 715
905 737
905 665
905 760
621 737
621 665
621 760
715 737
715 760
737 665
737 760
665 760
59:
984 667
984 697
984 862
667 697
667 862
697 862
60:
707 950
707 981
707 689
950 981
950 689
981 689
61:
998 962
998 890
998 785
962 890
962 785
890 785
62:
992 875
992 994
992 779
875 994
875 779
994 779
63:
999 968
999 886
999 967
968 886
968 967
886 967
