# The links from G:\Dropbox\Raghda\CNA\Final Project\other methods\CFinder-2.0.6--1448\G:\Dropbox\Raghda\CNA\Final Project\Datasets\binary_networks\LFR6\network_LFR6_Om3.dat
# at no lower link weight threshold,
# and at no upper link weight threshold.
# Links were treated as undirected.
# No time limit was set for the clique search.
# (mutual links and self-links were removed)

1 526
1 889
1 934
1 966
10 225
10 378
10 595
10 888
100 711
100 808
100 837
100 972
1000 109
1000 147
1000 168
1000 174
1000 191
1000 194
1000 23
1000 245
1000 253
1000 293
1000 304
1000 321
1000 329
1000 380
1000 450
1000 462
1000 515
1000 517
1000 58
1000 601
1000 622
1000 625
1000 693
1000 71
1000 711
1000 73
1000 745
1000 763
1000 783
1000 786
1000 809
1000 84
1000 86
1000 863
1000 867
1000 870
1000 879
1000 881
1000 902
1000 904
1000 909
1000 926
1000 930
1000 935
1000 942
1000 943
1000 964
1000 975
1000 982
101 188
101 707
101 872
101 927
102 909
102 926
102 942
102 956
103 491
103 576
103 626
103 700
104 571
104 601
104 839
104 995
105 780
105 810
105 935
105 985
106 758
106 969
106 984
106 986
107 458
107 940
107 950
107 996
108 582
108 749
108 771
108 972
109 1000
109 336
109 398
109 720
11 579
11 786
11 933
11 996
110 148
110 56
110 574
110 688
111 851
111 958
111 970
111 996
112 260
112 369
112 841
112 967
113 301
113 865
113 969
113 997
114 704
114 736
114 877
114 924
115 724
115 783
115 994
115 996
116 152
116 157
116 720
116 724
117 625
117 657
117 948
117 955
118 903
118 983
118 984
118 993
119 541
119 788
119 810
119 914
12 538
12 903
12 984
12 993
120 285
120 712
120 81
120 889
121 175
121 923
121 946
121 949
122 229
122 407
122 560
122 998
123 319
123 633
123 911
123 974
124 306
124 542
124 956
124 962
125 750
125 860
125 936
125 970
126 431
126 44
126 492
126 57
127 634
127 898
127 952
127 989
128 751
128 784
128 895
128 945
129 436
129 764
129 871
129 974
13 717
13 839
13 937
13 976
130 474
130 892
130 916
130 987
131 475
131 634
131 696
131 901
132 748
132 842
132 929
132 938
133 257
133 972
133 980
133 993
134 522
134 792
134 815
134 853
135 243
135 406
135 954
135 974
136 435
136 796
136 817
136 918
137 609
137 963
137 969
137 992
138 40
138 913
138 933
138 986
139 303
139 540
139 729
139 851
14 350
14 529
14 868
14 969
140 220
140 521
140 874
140 925
141 459
141 808
141 850
141 997
142 162
142 395
142 790
142 999
143 748
143 768
143 823
143 966
144 258
144 482
144 661
144 894
145 748
145 906
145 950
145 966
146 287
146 360
146 829
146 866
147 1000
147 728
147 946
147 979
148 110
148 939
148 980
148 995
149 696
149 832
149 942
149 994
15 800
15 822
15 917
15 957
150 848
150 877
150 903
150 959
151 765
151 965
151 972
151 994
152 116
152 810
152 965
152 996
153 393
153 531
153 753
153 933
154 834
154 967
154 984
154 993
155 392
155 594
155 865
155 951
156 823
156 827
156 950
156 973
157 116
157 519
157 949
157 968
158 243
158 911
158 912
158 982
159 764
159 822
159 927
159 940
16 725
16 736
16 957
16 990
160 297
160 513
160 807
160 928
161 279
161 614
161 684
161 787
162 142
162 384
162 439
162 816
163 877
163 933
163 936
163 938
164 875
164 887
164 940
164 981
165 352
165 772
165 983
165 989
166 758
166 762
166 937
166 957
167 552
167 830
167 839
167 984
168 1000
168 321
168 616
168 786
169 385
169 527
169 921
169 931
17 20
17 502
17 553
17 912
170 307
170 627
170 959
170 999
171 255
171 280
171 865
171 923
172 837
172 866
172 876
172 932
173 293
173 349
173 473
173 882
174 1000
174 756
174 959
174 97
175 121
175 940
175 946
175 962
176 283
176 612
176 935
176 968
177 2
177 810
177 868
177 980
178 393
178 611
178 873
178 935
179 194
179 381
179 890
179 981
18 570
18 606
18 810
18 988
180 616
180 641
180 90
180 976
181 191
181 908
181 915
181 963
182 277
182 485
182 920
182 956
183 811
183 846
183 975
183 981
184 357
184 56
184 714
184 892
185 632
185 800
185 874
185 995
186 371
186 874
186 931
186 941
187 615
187 735
187 889
187 983
188 101
188 389
188 726
188 948
189 766
189 898
189 920
189 921
19 379
19 918
19 993
19 999
190 430
190 972
190 985
190 996
191 1000
191 181
191 863
191 942
192 289
192 935
192 960
192 998
193 451
193 712
193 830
193 913
194 1000
194 179
194 406
194 701
195 693
195 871
195 907
195 961
196 629
196 934
196 985
196 996
197 698
197 845
197 942
197 999
198 483
198 726
198 931
198 941
199 344
199 521
199 79
199 832
2 177
2 914
2 962
2 998
20 17
20 472
20 868
20 934
200 407
200 471
200 488
200 880
201 542
201 911
201 927
201 944
202 293
202 879
202 927
202 977
203 303
203 390
203 787
203 822
204 466
204 586
204 711
204 905
205 379
205 580
205 75
205 994
206 293
206 584
206 781
206 805
207 682
207 827
207 909
207 988
208 448
208 505
208 565
208 990
209 437
209 740
209 858
209 897
21 553
21 731
21 873
21 996
210 340
210 795
210 823
210 950
211 685
211 856
211 922
211 998
212 343
212 353
212 907
212 961
213 762
213 897
213 965
213 972
214 408
214 59
214 848
214 959
214 999
215 568
215 760
215 822
215 883
215 971
216 380
216 566
216 787
216 884
216 997
217 260
217 40
217 591
217 976
217 999
218 504
218 905
218 914
218 933
218 968
219 802
219 803
219 806
219 882
219 970
22 531
22 582
22 844
22 933
220 140
220 355
220 361
220 944
220 950
221 554
221 715
221 966
221 968
221 971
222 957
222 967
222 988
222 989
222 998
223 374
223 848
223 861
223 951
223 995
224 808
224 837
224 850
224 965
224 972
225 10
225 576
225 6
225 727
225 824
226 597
226 773
226 859
226 894
226 992
227 262
227 883
227 949
227 984
227 993
228 231
228 915
228 976
228 980
228 999
229 122
229 407
229 484
229 790
229 998
23 1000
23 352
23 878
23 996
230 315
230 364
230 788
230 895
230 957
231 228
231 831
231 867
231 974
231 994
232 383
232 504
232 868
232 938
232 999
233 254
233 680
233 768
233 959
233 990
234 431
234 824
234 846
234 988
234 998
235 610
235 952
235 963
235 983
235 989
236 821
236 830
236 839
236 937
236 964
237 291
237 652
237 803
237 806
237 882
238 255
238 859
238 865
238 893
238 952
239 851
239 930
239 968
239 986
239 996
24 700
24 853
24 919
24 945
240 836
240 916
240 987
240 990
240 992
241 392
241 592
241 837
241 950
241 966
242 462
242 820
242 858
242 900
242 925
243 135
243 158
243 888
243 974
243 989
244 644
244 703
244 963
244 974
244 983
245 1000
245 540
245 787
245 789
245 820
246 270
246 703
246 767
246 938
246 999
247 716
247 757
247 924
247 926
247 977
248 594
248 620
248 760
248 911
248 991
249 924
249 943
249 951
249 960
249 969
25 831
25 945
25 952
25 989
250 6
250 673
250 817
250 898
250 981
251 731
251 863
251 902
251 943
251 982
252 583
252 745
252 885
252 918
252 960
253 1000
253 329
253 517
253 597
253 975
254 233
254 510
254 706
254 710
254 995
255 171
255 238
255 620
255 948
255 992
256 899
256 927
256 967
256 984
256 993
257 133
257 659
257 792
257 858
257 947
258 144
258 421
258 62
258 653
258 929
259 282
259 411
259 614
259 655
259 778
26 306
26 522
26 964
26 965
260 112
260 217
260 719
260 828
260 973
261 578
261 59
261 962
261 994
261 999
262 227
262 896
262 935
262 955
262 960
263 647
263 814
263 884
263 899
263 986
264 690
264 859
264 928
264 974
264 992
265 834
265 878
265 895
265 984
265 993
266 558
266 896
266 935
266 954
266 960
267 286
267 602
267 858
267 994
267 996
268 766
268 785
268 921
268 939
268 95
269 559
269 628
269 894
269 971
269 999
27 672
27 955
27 978
27 992
270 246
270 743
270 857
270 918
270 990
271 726
271 854
271 931
271 941
271 977
272 288
272 574
272 870
272 873
272 912
273 461
273 884
273 938
273 967
273 973
274 331
274 488
274 524
274 706
274 887
275 510
275 630
275 739
275 915
275 995
276 359
276 716
276 747
276 992
276 997
277 182
277 436
277 974
277 985
277 996
278 893
278 908
278 941
278 975
278 992
279 161
279 614
279 690
279 796
279 953
28 822
28 876
28 970
28 981
280 171
280 714
280 725
280 868
280 986
281 869
281 883
281 968
281 971
281 972
282 259
282 302
282 858
282 959
282 973
283 176
283 593
283 780
283 896
283 935
284 343
284 871
284 961
284 991
284 995
285 120
285 878
285 930
285 944
285 973
286 267
286 504
286 544
286 858
286 870
287 146
287 603
287 653
287 846
287 866
288 272
288 502
288 688
288 912
288 982
289 192
289 387
289 503
289 960
289 998
29 520
29 709
29 892
29 922
290 55
290 615
290 866
290 876
290 932
291 237
291 650
291 778
291 864
291 974
292 512
292 903
292 984
292 990
292 993
293 1000
293 173
293 202
293 206
293 882
294 478
294 485
294 600
294 897
294 946
295 358
295 928
295 954
295 997
295 998
296 328
296 764
296 845
296 896
296 957
297 160
297 583
297 883
297 928
297 951
298 627
298 739
298 766
298 985
298 996
299 54
299 738
299 866
299 926
299 942
3 446
3 507
3 604
3 890
30 614
30 817
30 890
30 953
300 650
300 747
300 786
300 863
300 942
301 113
301 751
301 763
301 955
301 987
302 282
302 646
302 715
302 925
302 971
303 139
303 203
303 507
303 917
303 981
304 1000
304 747
304 942
304 982
304 991
305 522
305 688
305 912
305 947
305 955
306 124
306 26
306 607
306 825
306 833
307 170
307 419
307 656
307 72
307 843
308 900
308 924
308 952
308 965
308 967
309 312
309 498
309 872
309 907
309 961
31 440
31 984
31 989
31 993
310 366
310 652
310 916
310 924
310 979
311 653
311 855
311 948
311 958
311 992
312 309
312 727
312 794
312 876
312 994
313 855
313 857
313 884
313 956
313 967
314 495
314 664
314 690
314 974
314 977
315 230
315 572
315 7
315 968
315 971
316 442
316 614
316 618
316 743
316 990
317 36
317 388
317 891
317 910
317 980
318 755
318 769
318 791
318 874
318 954
319 123
319 731
319 855
319 974
319 998
32 360
32 450
32 491
32 957
320 435
320 45
320 477
320 643
320 923
321 1000
321 168
321 84
321 878
321 890
322 89
322 896
322 935
322 946
322 957
323 701
323 80
323 869
323 964
323 992
324 603
324 923
324 937
324 982
324 984
325 388
325 467
325 547
325 742
325 980
326 397
326 503
326 704
326 750
326 987
327 801
327 875
327 907
327 927
327 967
328 296
328 593
328 796
328 931
328 941
329 1000
329 253
329 453
329 786
329 942
33 409
33 803
33 882
33 904
330 618
330 763
330 798
330 978
330 997
331 274
331 433
331 764
331 83
331 887
332 776
332 877
332 926
332 964
332 979
333 626
333 668
333 861
333 949
333 999
334 636
334 856
334 918
334 960
334 998
335 511
335 750
335 876
335 910
335 932
336 109
336 704
336 839
336 961
336 977
337 646
337 721
337 869
337 925
337 971
338 585
338 586
338 812
338 929
338 977
339 574
339 582
339 79
339 958
339 967
34 431
34 715
34 881
34 988
340 210
340 719
340 768
340 844
340 858
341 390
341 570
341 823
341 957
341 988
342 449
342 663
342 776
342 972
342 977
343 212
343 284
343 558
343 923
343 961
344 199
344 401
344 735
344 968
344 991
345 418
345 594
345 969
345 973
345 992
346 357
346 433
346 441
346 488
346 979
347 396
347 697
347 752
347 815
347 982
348 803
348 871
348 961
348 986
348 997
349 173
349 496
349 806
349 882
349 884
35 634
35 719
35 914
35 989
350 14
350 851
350 883
350 884
350 998
351 492
351 800
351 877
351 935
351 998
352 165
352 23
352 893
352 924
352 948
353 212
353 836
353 956
353 991
353 997
354 702
354 709
354 850
354 948
354 977
355 220
355 590
355 827
355 847
355 966
356 528
356 793
356 862
356 985
356 996
357 184
357 346
357 750
357 932
357 979
358 295
358 650
358 684
358 817
358 824
359 276
359 508
359 722
359 916
359 996
36 317
36 372
36 742
36 980
360 146
360 32
360 849
360 928
360 998
361 220
361 670
361 720
361 857
361 895
362 621
362 8
362 941
362 961
362 992
363 413
363 876
363 901
363 931
363 941
364 230
364 729
364 956
364 962
364 963
365 726
365 854
365 872
365 931
365 941
366 310
366 663
366 924
366 926
366 977
367 510
367 661
367 706
367 855
367 980
368 490
368 839
368 880
368 891
368 937
369 112
369 632
369 874
369 917
369 954
37 934
37 945
37 985
37 996
370 860
370 888
370 897
370 942
370 997
371 186
371 727
371 828
371 859
371 926
372 36
372 888
372 927
372 970
372 990
373 593
373 746
373 801
373 935
373 949
374 223
374 717
374 739
374 794
374 995
375 523
375 635
375 812
375 872
375 91
376 744
376 908
376 960
376 993
376 997
377 519
377 744
377 951
377 974
377 988
378 10
378 408
378 619
378 640
378 770
379 19
379 205
379 566
379 587
379 901
38 459
38 886
38 941
38 943
380 1000
380 216
380 389
380 725
380 757
381 179
381 403
381 692
381 865
381 893
382 621
382 780
382 903
382 935
382 984
383 232
383 635
383 767
383 838
383 861
384 162
384 816
384 919
384 940
384 946
385 169
385 546
385 764
385 791
385 897
386 469
386 685
386 791
386 825
386 828
386 897
387 289
387 585
387 918
387 981
387 997
387 998
388 317
388 325
388 547
388 813
388 888
388 910
389 188
389 380
389 50
389 606
389 857
389 990
39 712
39 717
39 74
39 937
390 203
390 341
390 432
390 822
390 937
390 962
391 586
391 720
391 848
391 885
391 961
391 995
392 155
392 241
392 6
392 663
392 826
392 924
393 153
393 178
393 596
393 835
393 860
393 932
394 695
394 797
394 907
394 961
394 991
394 994
395 142
395 46
395 49
395 505
395 578
395 976
396 347
396 504
396 599
396 799
396 947
396 958
397 326
397 677
397 750
397 90
397 900
397 932
398 109
398 491
398 796
398 828
398 937
398 957
399 416
399 786
399 846
399 861
399 936
399 966
4 43
4 850
4 951
4 986
40 138
40 217
40 590
40 947
400 606
400 892
400 916
400 931
400 941
400 998
401 344
401 514
401 577
401 855
401 955
401 994
402 787
402 802
402 817
402 890
402 975
402 994
403 381
403 545
403 568
403 70
403 801
403 927
404 452
404 521
404 738
404 813
404 840
404 947
405 592
405 702
405 837
405 965
405 972
405 975
406 135
406 194
406 503
406 805
406 960
406 997
407 122
407 200
407 229
407 714
407 774
407 998
408 214
408 378
408 796
408 877
408 936
408 999
409 33
409 417
409 426
409 652
409 803
409 806
41 749
41 832
41 849
41 944
410 743
410 811
410 849
410 960
410 968
410 981
411 259
411 799
411 824
411 832
411 923
411 959
412 439
412 730
412 820
412 912
412 940
412 949
413 363
413 555
413 651
413 836
413 867
413 954
414 500
414 691
414 751
414 865
414 893
414 948
415 659
415 898
415 946
415 949
415 956
415 980
416 399
416 533
416 845
416 884
416 986
416 987
417 409
417 610
417 733
417 944
417 963
417 988
418 345
418 499
418 547
418 891
418 932
418 965
419 307
419 898
419 945
419 952
419 970
419 989
42 50
42 649
42 676
42 980
420 562
420 565
420 640
420 841
420 950
420 966
421 258
421 63
421 630
421 896
421 935
421 97
422 563
422 660
422 835
422 893
422 951
422 957
423 799
423 892
423 922
423 958
423 959
423 988
424 465
424 740
424 753
424 857
424 882
424 933
425 468
425 494
425 633
425 953
425 974
425 983
426 409
426 473
426 496
426 654
426 806
426 882
427 56
427 777
427 821
427 912
427 920
427 947
428 858
428 86
428 897
428 910
428 940
428 979
429 447
429 495
429 521
429 773
429 878
429 929
43 4
43 691
43 749
43 809
430 190
430 459
430 539
430 771
430 939
430 972
431 126
431 234
431 34
431 492
431 810
431 902
432 390
432 458
432 542
432 729
432 851
432 913
433 331
433 346
433 565
433 781
433 971
433 981
434 754
434 903
434 909
434 916
434 974
434 993
435 136
435 320
435 668
435 731
435 807
435 921
436 129
436 277
436 916
436 931
436 977
436 983
437 209
437 638
437 717
437 792
437 911
437 940
438 715
438 869
438 925
438 926
438 968
438 971
439 162
439 412
439 463
439 819
439 946
439 978
44 126
44 599
44 648
44 66
440 31
440 589
440 602
440 641
440 682
440 840
441 346
441 524
441 887
441 915
441 979
441 992
442 316
442 502
442 645
442 870
442 912
442 958
443 886
443 915
443 940
443 972
443 973
443 978
444 562
444 801
444 851
444 966
444 990
444 994
445 698
445 741
445 890
445 954
445 981
445 994
446 3
446 496
446 775
446 806
446 882
446 967
447 429
447 871
447 872
447 961
447 985
447 996
448 208
448 505
448 7
448 743
448 886
448 990
449 342
449 708
449 762
449 824
449 981
449 995
45 320
45 477
45 895
45 964
450 1000
450 32
450 482
450 857
450 942
450 990
451 193
451 623
451 712
451 799
451 952
451 965
452 404
452 675
452 833
452 901
452 953
452 983
453 329
453 782
453 82
453 903
453 984
453 993
454 558
454 626
454 878
454 934
454 943
454 994
455 700
455 816
455 897
455 934
455 945
455 958
456 564
456 843
456 854
456 928
456 931
456 941
457 695
457 871
457 907
457 947
457 961
457 970
458 107
458 432
458 943
458 965
458 972
458 996
459 141
459 38
459 430
459 922
459 949
459 979
46 395
46 931
46 941
46 999
460 527
460 762
460 808
460 955
460 965
460 972
461 273
461 528
461 795
461 870
461 911
461 996
462 1000
462 242
462 783
462 863
462 902
462 982
463 439
463 630
463 820
463 853
463 943
463 946
464 471
464 649
464 838
464 885
464 917
464 945
465 424
465 531
465 675
465 753
465 844
465 869
466 204
466 473
466 477
466 496
466 900
466 944
467 325
467 616
467 642
467 888
467 910
467 998
468 425
468 828
468 953
468 974
468 978
468 983
469 386
469 764
469 771
469 838
469 894
469 963
47 660
47 667
47 887
47 979
470 489
470 672
470 836
470 896
470 935
470 948
471 200
471 464
471 802
471 827
471 843
471 890
472 20
472 562
472 732
472 881
472 950
472 966
473 173
473 426
473 466
473 496
473 802
473 882
474 130
474 531
474 753
474 844
474 902
474 933
475 131
475 548
475 754
475 798
475 974
475 978
476 756
476 877
476 885
476 959
476 966
476 999
477 320
477 45
477 466
477 597
477 659
477 747
478 294
478 659
478 845
478 894
478 979
478 986
479 674
479 749
479 939
479 953
479 990
479 994
48 502
48 792
48 815
48 856
480 644
480 766
480 807
480 920
480 921
480 936
481 645
481 648
481 741
481 817
481 890
481 981
482 144
482 450
482 567
482 805
482 964
482 986
483 198
483 784
483 854
483 904
483 931
483 941
484 229
484 488
484 794
484 872
484 886
484 976
485 182
485 294
485 659
485 811
485 911
485 920
486 713
486 845
486 866
486 920
486 986
486 987
487 605
487 722
487 758
487 908
487 930
487 966
488 200
488 274
488 346
488 484
488 772
488 887
489 470
489 771
489 784
489 811
489 955
489 972
49 395
49 848
49 849
49 937
490 368
490 880
490 911
490 926
490 956
490 971
490 975
491 103
491 32
491 398
491 582
491 828
491 917
491 957
492 126
492 351
492 431
492 57
492 755
492 797
492 851
493 749
493 884
493 934
493 961
493 971
493 986
493 994
494 425
494 633
494 690
494 703
494 754
494 776
494 974
495 314
495 429
495 649
495 821
495 878
495 880
495 944
496 349
496 426
496 446
496 466
496 473
496 523
496 654
497 632
497 886
497 938
497 950
497 966
497 990
497 995
498 309
498 536
498 581
498 609
498 725
498 757
498 942
499 418
499 511
499 677
499 750
499 910
499 932
499 970
5 905
5 918
5 954
5 981
50 389
50 42
50 988
50 998
500 414
500 761
500 811
500 967
500 969
500 976
500 992
501 547
501 847
501 902
501 91
501 933
501 978
501 980
502 17
502 288
502 442
502 48
502 570
502 659
502 777
503 289
503 326
503 406
503 525
503 753
503 894
503 979
504 218
504 232
504 286
504 396
504 850
504 858
504 982
505 208
505 395
505 448
505 608
505 743
505 841
505 976
506 67
506 732
506 828
506 847
506 945
506 973
506 99
507 3
507 303
507 803
507 806
507 829
507 866
507 882
508 359
508 515
508 683
508 915
508 939
508 980
508 995
509 557
509 745
509 758
509 863
509 902
509 964
509 975
51 961
51 965
51 972
51 991
510 254
510 275
510 367
510 524
510 683
510 710
510 980
511 335
511 499
511 661
511 742
511 823
511 860
511 932
512 292
512 62
512 765
512 818
512 983
512 984
512 993
513 160
513 653
513 668
513 828
513 850
513 937
513 957
514 401
514 545
514 631
514 720
514 834
514 847
514 955
515 1000
515 508
515 739
515 915
515 936
515 980
515 995
516 604
516 756
516 813
516 859
516 955
516 959
516 991
517 1000
517 253
517 863
517 867
517 926
517 942
517 943
518 549
518 791
518 841
518 862
518 956
518 985
518 996
519 157
519 377
519 769
519 849
519 856
519 887
519 915
52 596
52 756
52 768
52 999
520 29
520 759
520 886
520 909
520 916
520 922
520 980
521 140
521 199
521 404
521 429
521 815
521 977
521 994
522 134
522 26
522 305
522 658
522 915
522 974
522 978
523 375
523 496
523 631
523 720
523 812
523 872
523 994
524 274
524 441
524 510
524 555
524 587
524 673
524 842
525 503
525 844
525 946
525 950
525 966
525 974
525 978
526 1
526 591
526 666
526 881
526 960
526 997
526 998
527 169
527 460
527 564
527 854
527 928
527 931
527 941
528 356
528 461
528 635
528 726
528 862
528 985
528 996
529 14
529 599
529 890
529 924
529 952
529 975
529 988
53 940
53 944
53 955
53 986
530 638
530 697
530 712
530 839
530 864
530 964
530 995
531 153
531 22
531 465
531 474
531 675
531 844
531 933
532 617
532 68
532 790
532 884
532 948
532 986
532 991
533 416
533 713
533 746
533 845
533 884
533 986
533 987
534 691
534 722
534 756
534 862
534 938
534 967
534 996
535 708
535 792
535 901
535 916
535 978
535 980
535 987
536 498
536 581
536 609
536 658
536 727
536 88
536 954
537 814
537 872
537 931
537 941
537 968
537 971
537 986
538 12
538 836
538 954
538 960
538 970
538 993
538 997
539 430
539 707
539 780
539 948
539 985
539 996
539 997
54 299
54 802
54 889
54 939
540 139
540 245
540 858
540 931
540 941
540 991
540 992
541 119
541 570
541 787
541 808
541 911
541 914
541 988
542 124
542 201
542 432
542 578
542 602
542 822
542 988
543 581
543 807
543 898
543 920
543 921
543 936
543 996
544 286
544 668
544 886
544 901
544 938
544 982
544 993
545 403
545 514
545 618
545 643
545 895
545 938
545 987
546 385
546 674
546 749
546 939
546 953
546 990
546 994
547 325
547 388
547 418
547 501
547 702
547 714
547 891
548 475
548 690
548 735
548 754
548 915
548 974
548 983
549 518
549 763
549 774
549 88
549 933
549 976
549 993
55 290
55 826
55 970
55 979
550 608
550 642
550 800
550 824
550 874
550 917
550 995
551 750
551 845
551 913
551 932
551 977
551 986
551 997
552 167
552 558
552 612
552 659
552 873
552 912
552 958
553 17
553 21
553 617
553 729
553 848
553 959
553 980
554 221
554 715
554 736
554 925
554 968
554 971
554 976
555 413
555 524
555 667
555 837
555 948
555 965
555 999
556 692
556 780
556 798
556 896
556 943
556 992
556 997
557 509
557 63
557 710
557 814
557 870
557 887
557 986
558 266
558 343
558 454
558 552
558 934
558 954
558 961
559 269
559 707
559 768
559 819
559 891
559 935
559 988
56 110
56 184
56 427
56 946
560 122
560 617
560 706
560 869
560 906
560 971
560 998
561 584
561 686
561 696
561 830
561 840
561 97
561 994
562 420
562 444
562 472
562 605
562 950
562 966
562 999
563 422
563 598
563 701
563 965
563 972
563 978
563 993
564 456
564 527
564 726
564 854
564 904
564 931
564 941
565 208
565 420
565 433
565 849
565 953
565 966
565 976
566 216
566 379
566 578
566 615
566 886
566 962
566 998
567 482
567 779
567 828
567 895
567 964
567 973
567 980
568 215
568 403
568 842
568 890
568 954
568 975
568 981
569 809
569 852
569 877
569 901
569 985
569 996
569 999
57 126
57 492
57 584
57 868
570 18
570 341
570 502
570 541
570 881
570 962
570 988
571 104
571 639
571 712
571 880
571 894
571 976
571 995
572 315
572 869
572 926
572 927
572 96
572 968
572 971
573 605
573 664
573 748
573 823
573 848
573 906
573 950
574 110
574 272
574 339
574 804
574 865
574 912
574 956
575 629
575 669
575 770
575 779
575 802
575 843
575 985
575 996
576 103
576 225
576 731
576 762
576 943
576 951
576 97
576 975
577 401
577 586
577 834
577 842
577 861
577 878
577 955
577 994
578 261
578 395
578 542
578 566
578 655
578 770
578 872
578 963
579 11
579 770
579 85
579 862
579 934
579 966
579 985
579 996
58 1000
58 930
58 942
58 982
580 205
580 611
580 714
580 770
580 781
580 892
580 980
580 998
581 498
581 536
581 543
581 599
581 896
581 913
581 935
581 936
582 108
582 22
582 339
582 491
582 595
582 844
582 879
582 933
583 252
583 297
583 824
583 886
583 957
583 960
583 990
583 997
584 206
584 561
584 57
584 611
584 851
584 901
584 951
584 979
585 338
585 387
585 666
585 704
585 954
585 960
585 997
585 998
586 204
586 338
586 391
586 577
586 720
586 821
586 977
586 994
587 379
587 524
587 659
587 694
587 811
587 842
587 856
587 921
588 590
588 604
588 836
588 843
588 852
588 979
588 991
588 997
589 440
589 833
589 894
589 909
589 917
589 937
589 956
589 988
59 214
59 261
59 785
59 832
590 355
590 40
590 588
590 678
590 804
590 836
590 885
590 956
591 217
591 526
591 719
591 778
591 858
591 950
591 954
591 966
592 241
592 405
592 602
592 613
592 799
592 837
592 965
592 972
593 283
593 328
593 373
593 707
593 709
593 896
593 930
593 935
594 155
594 248
594 345
594 657
594 893
594 929
594 940
594 992
595 10
595 582
595 680
595 753
595 791
595 844
595 879
595 933
596 393
596 52
596 714
596 789
596 790
596 849
596 920
596 998
597 226
597 253
597 477
597 60
597 704
597 879
597 926
597 969
598 563
598 783
598 804
598 925
598 971
598 984
598 993
598 997
599 396
599 44
599 529
599 581
599 688
599 727
599 757
599 868
6 225
6 250
6 392
6 981
60 597
60 655
60 778
60 960
600 294
600 770
600 800
600 864
600 865
600 874
600 929
600 997
601 1000
601 104
601 630
601 830
601 867
601 892
601 90
601 901
602 267
602 440
602 542
602 592
602 795
602 833
602 913
602 988
603 287
603 324
603 656
603 871
603 899
603 952
603 961
603 989
604 3
604 516
604 588
604 79
604 821
604 878
604 9
604 977
605 487
605 562
605 573
605 823
605 832
605 906
605 950
605 966
606 18
606 389
606 400
606 714
606 785
606 788
606 886
606 921
607 306
607 728
607 746
607 897
607 909
607 937
607 956
607 988
608 505
608 550
608 743
608 800
608 817
608 874
608 955
608 975
609 137
609 498
609 536
609 617
609 974
609 984
609 993
609 995
61 614
61 641
61 654
61 867
610 235
610 417
610 656
610 772
610 842
610 87
610 969
610 989
611 178
611 580
611 584
611 66
611 815
611 835
611 911
611 967
612 176
612 552
612 688
612 752
612 911
612 912
612 920
612 956
613 592
613 771
613 913
613 955
613 965
613 972
613 973
613 975
614 161
614 259
614 279
614 30
614 316
614 61
614 890
614 981
615 187
615 290
615 566
615 686
615 849
615 853
615 860
615 949
616 168
616 180
616 467
616 786
616 850
616 852
616 910
616 980
617 532
617 553
617 560
617 609
617 683
617 8
617 87
617 995
618 316
618 330
618 545
618 710
618 939
618 947
618 982
618 992
619 378
619 788
619 794
619 821
619 830
619 976
619 995
619 998
62 258
62 512
62 720
62 983
620 248
620 255
620 860
620 865
620 929
620 948
620 991
620 992
621 362
621 382
621 664
621 716
621 838
621 952
621 989
621 999
622 1000
622 636
622 807
622 905
622 921
622 939
622 982
622 987
623 451
623 691
623 761
623 856
623 885
623 952
623 977
623 988
624 751
624 756
624 813
624 848
624 877
624 953
624 959
624 999
625 1000
625 117
625 885
625 910
625 950
625 966
625 982
625 999
626 103
626 333
626 454
626 718
626 89
626 943
626 951
626 957
627 170
627 298
627 886
627 940
627 943
627 946
627 964
627 975
628 269
628 81
628 892
628 916
628 959
628 968
628 971
628 999
629 196
629 575
629 722
629 781
629 862
629 905
629 937
629 996
63 421
63 557
63 886
63 887
630 275
630 421
630 463
630 601
630 731
630 739
630 949
630 951
631 514
631 523
631 879
631 96
631 965
631 972
631 976
631 995
632 185
632 369
632 497
632 648
632 800
632 843
632 954
632 995
633 123
633 425
633 494
633 690
633 703
633 754
633 974
633 988
634 127
634 131
634 35
634 705
634 831
634 952
634 963
634 989
635 375
635 383
635 528
635 724
635 905
635 982
635 985
635 993
636 334
636 622
636 666
636 812
636 821
636 960
636 982
636 986
637 730
637 775
637 838
637 919
637 943
637 946
637 949
637 978
638 437
638 530
638 721
638 894
638 953
638 981
638 984
638 993
639 571
639 723
639 830
639 894
639 948
639 988
639 989
639 992
64 78
64 857
64 930
64 944
640 378
640 420
640 678
640 930
640 950
640 964
640 985
640 996
641 180
641 440
641 61
641 729
641 822
641 909
641 917
641 956
642 467
642 550
642 702
642 790
642 795
642 841
642 888
642 9
642 920
643 320
643 545
643 664
643 670
643 828
643 851
643 895
643 945
643 973
644 244
644 480
644 660
644 703
644 718
644 754
644 915
644 953
644 983
645 442
645 481
645 731
645 798
645 892
645 916
645 957
645 981
645 987
646 302
646 337
646 715
646 869
646 883
646 914
646 947
646 971
646 976
647 263
647 727
647 750
647 752
647 755
647 899
647 907
647 961
647 979
648 44
648 481
648 632
648 824
648 893
648 954
648 978
648 995
648 997
649 42
649 464
649 495
649 657
649 825
649 965
649 972
649 975
649 983
65 813
65 850
65 868
65 933
650 291
650 300
650 358
650 658
650 679
650 713
650 763
650 845
650 986
651 413
651 762
651 781
651 874
651 947
651 961
651 984
651 991
651 993
652 237
652 310
652 409
652 760
652 882
652 905
652 917
652 923
652 977
653 258
653 287
653 311
653 513
653 775
653 796
653 803
653 806
653 972
654 426
654 496
654 61
654 662
654 759
654 76
654 796
654 803
654 882
655 259
655 578
655 60
655 778
655 961
655 968
655 971
655 981
655 998
656 307
656 603
656 610
656 676
656 730
656 831
656 914
656 952
656 989
657 117
657 594
657 649
657 663
657 689
657 859
657 924
657 977
657 986
658 522
658 536
658 650
658 854
658 904
658 931
658 941
658 984
658 993
659 257
659 415
659 477
659 478
659 485
659 502
659 552
659 587
659 932
66 44
66 611
66 788
66 808
660 422
660 47
660 644
660 670
660 769
660 887
660 973
660 974
660 978
661 144
661 367
661 511
661 731
661 932
661 936
661 957
661 960
661 970
662 654
662 806
662 844
662 852
662 859
662 882
662 893
662 933
662 978
663 342
663 366
663 392
663 657
663 832
663 871
663 924
663 926
663 977
664 314
664 573
664 621
664 643
664 846
664 936
664 956
664 966
664 999
665 801
665 812
665 875
665 900
665 927
665 938
665 963
665 967
665 969
666 526
666 585
666 636
666 735
666 849
666 957
666 960
666 997
666 998
667 47
667 555
667 753
667 83
667 880
667 929
667 933
667 944
667 989
668 333
668 435
668 513
668 544
668 788
668 850
668 951
668 957
668 973
669 575
669 754
669 823
669 906
669 950
669 966
669 971
669 985
669 996
67 506
67 696
67 787
67 94
670 361
670 643
670 660
670 696
670 875
670 895
670 923
670 964
670 973
671 697
671 741
671 845
671 930
671 953
671 962
671 985
671 986
671 996
672 27
672 470
672 80
672 948
672 955
672 987
672 991
672 992
672 997
673 250
673 524
673 879
673 887
673 906
673 950
673 959
673 966
673 979
674 479
674 546
674 826
674 829
674 840
674 939
674 953
674 990
674 994
675 452
675 465
675 531
675 892
675 922
675 933
675 944
675 973
675 980
676 42
676 656
676 765
676 854
676 906
676 931
676 941
676 952
676 989
677 397
677 499
677 854
677 863
677 871
677 900
677 907
677 931
677 941
678 590
678 640
678 843
678 857
678 885
678 889
678 956
678 979
678 997
679 650
679 797
679 820
679 907
679 919
679 940
679 947
679 949
679 961
68 532
68 790
68 920
68 998
680 233
680 595
680 835
680 917
680 933
680 951
680 957
680 959
680 999
681 685
681 746
681 801
681 812
681 875
681 927
681 938
681 958
681 967
682 207
682 440
682 757
682 764
682 822
682 833
682 840
682 909
682 956
683 508
683 510
683 617
683 710
683 855
683 906
683 921
683 936
683 995
684 161
684 358
684 781
684 797
684 890
684 898
684 953
684 981
684 991
685 211
685 386
685 681
685 856
685 908
685 960
685 967
685 969
685 985
686 561
686 615
686 799
686 818
686 927
686 938
686 964
686 967
686 998
687 752
687 759
687 903
687 912
687 920
687 977
687 983
687 987
687 993
688 110
688 288
688 305
688 599
688 612
688 809
688 813
688 815
688 919
689 657
689 713
689 736
689 763
689 814
689 866
689 899
689 986
689 987
69 705
69 935
69 969
69 985
690 264
690 279
690 314
690 494
690 548
690 633
690 953
690 974
690 978
690 983
691 414
691 43
691 534
691 623
691 910
691 912
691 948
691 978
691 982
691 999
692 381
692 556
692 696
692 779
692 895
692 901
692 93
692 930
692 973
692 992
693 1000
693 195
693 800
693 870
693 874
693 942
693 961
693 970
693 981
693 995
694 587
694 773
694 842
694 87
694 908
694 927
694 967
694 977
694 982
694 989
695 394
695 457
695 871
695 907
695 934
695 947
695 949
695 961
695 970
695 991
696 131
696 149
696 561
696 67
696 670
696 692
696 795
696 859
696 923
696 973
697 347
697 530
697 671
697 830
697 891
697 911
697 912
697 918
697 926
697 986
698 197
698 445
698 861
698 870
698 922
698 952
698 953
698 959
698 980
698 994
699 718
699 836
699 889
699 925
699 968
699 971
699 977
699 978
699 983
699 988
7 315
7 448
7 852
7 980
70 403
70 948
70 974
70 992
700 103
700 24
700 455
700 708
700 785
700 867
700 921
700 949
700 951
700 957
701 194
701 323
701 563
701 859
701 893
701 948
701 969
701 982
701 991
701 992
702 354
702 405
702 547
702 642
702 709
702 759
702 847
702 973
702 980
702 987
703 244
703 246
703 494
703 633
703 644
703 798
703 864
703 915
703 974
703 983
704 114
704 326
704 336
704 585
704 597
704 737
704 876
704 960
704 978
704 998
705 634
705 69
705 831
705 841
705 849
705 874
705 889
705 904
705 989
705 995
706 254
706 274
706 367
706 560
706 710
706 906
706 93
706 936
706 939
706 980
707 101
707 539
707 559
707 593
707 757
707 780
707 896
707 913
707 935
707 990
708 449
708 535
708 700
708 711
708 922
708 924
708 942
708 975
708 977
708 980
709 29
709 354
709 593
709 702
709 734
709 814
709 873
709 902
709 916
709 935
71 1000
71 909
71 942
71 975
710 254
710 510
710 557
710 618
710 683
710 706
710 906
710 936
710 939
710 995
711 100
711 1000
711 204
711 708
711 829
711 860
711 900
711 905
711 932
711 964
712 120
712 193
712 39
712 451
712 530
712 571
712 717
712 964
712 983
712 995
713 486
713 533
713 650
713 689
713 814
713 845
713 884
713 918
713 92
713 986
714 184
714 280
714 407
714 547
714 580
714 596
714 606
714 873
714 910
714 930
715 221
715 302
715 34
715 438
715 554
715 646
715 906
715 925
715 926
715 971
716 247
716 276
716 621
716 773
716 843
716 848
716 861
716 922
716 959
716 999
717 13
717 374
717 39
717 437
717 712
717 725
717 769
717 839
717 864
717 891
718 626
718 644
718 699
718 791
718 894
718 918
718 963
718 974
718 986
718 987
719 260
719 340
719 35
719 591
719 738
719 740
719 789
719 858
719 897
719 930
72 307
72 799
72 825
72 993
720 109
720 116
720 361
720 391
720 514
720 523
720 586
720 62
720 978
720 994
721 337
721 638
721 745
721 819
721 835
721 869
721 925
721 968
721 971
721 976
722 359
722 487
722 534
722 629
722 781
722 862
722 891
722 930
722 985
722 996
723 639
723 875
723 893
723 925
723 938
723 946
723 958
723 962
723 963
723 992
724 115
724 116
724 635
724 78
724 798
724 815
724 936
724 947
724 977
724 999
725 16
725 280
725 380
725 498
725 717
725 731
725 876
725 889
725 899
725 951
726 188
726 198
726 271
726 365
726 528
726 564
726 854
726 904
726 931
726 941
727 225
727 312
727 371
727 536
727 599
727 647
727 846
727 881
727 991
727 992
728 147
728 607
728 822
728 938
728 952
728 962
728 967
728 969
728 970
728 989
729 139
729 364
729 432
729 553
729 641
729 795
729 825
729 897
729 923
729 962
73 1000
73 826
73 986
73 993
730 412
730 637
730 656
730 804
730 816
730 847
730 923
730 940
730 946
730 949
731 21
731 251
731 319
731 435
731 576
731 630
731 645
731 661
731 725
731 917
731 951
732 472
732 506
732 776
732 885
732 895
732 924
732 934
732 950
732 966
732 973
732 995
733 417
733 805
733 898
733 908
733 922
733 945
733 952
733 963
733 970
733 988
733 989
734 709
734 777
734 780
734 863
734 896
734 904
734 925
734 942
734 965
734 968
734 976
735 187
735 344
735 548
735 666
735 849
735 932
735 948
735 960
735 979
735 987
735 992
736 114
736 16
736 554
736 689
736 767
736 848
736 884
736 981
736 986
736 994
736 999
737 704
737 789
737 820
737 875
737 938
737 946
737 967
737 979
737 982
737 984
737 993
738 299
738 404
738 719
738 862
738 900
738 934
738 972
738 973
738 975
738 985
738 996
739 275
739 298
739 374
739 515
739 630
739 766
739 775
739 794
739 921
739 937
739 995
74 39
74 769
74 821
74 976
740 209
740 424
740 719
740 76
740 780
740 891
740 896
740 910
740 933
740 935
740 944
741 445
741 481
741 671
741 778
741 817
741 863
741 890
741 899
741 905
741 981
741 994
742 325
742 36
742 511
742 860
742 862
742 9
742 932
742 934
742 980
742 985
742 996
743 270
743 316
743 410
743 448
743 505
743 608
743 872
743 886
743 960
743 976
743 990
744 376
744 377
744 782
744 790
744 810
744 850
744 868
744 912
744 920
744 984
744 998
745 1000
745 252
745 509
745 721
745 867
745 928
745 959
745 964
745 968
745 971
745 997
746 373
746 533
746 607
746 681
746 814
746 869
746 938
746 967
746 968
746 971
746 986
747 276
747 300
747 304
747 477
747 756
747 831
747 911
747 943
747 952
747 969
747 970
748 132
748 143
748 145
748 573
748 768
748 790
748 818
748 925
748 968
748 971
748 990
749 108
749 41
749 43
749 479
749 493
749 546
749 840
749 939
749 953
749 990
749 994
75 205
75 773
75 789
75 987
750 125
750 326
750 335
750 357
750 397
750 499
750 551
750 647
750 773
750 860
750 970
751 128
751 301
751 414
751 624
751 873
751 877
751 878
751 91
751 944
751 983
751 992
752 347
752 612
752 647
752 687
752 82
752 868
752 903
752 914
752 958
752 982
752 998
753 153
753 424
753 465
753 474
753 503
753 595
753 667
753 791
753 844
753 933
753 999
754 434
754 475
754 494
754 548
754 633
754 644
754 669
754 776
754 915
754 953
754 974
755 318
755 492
755 647
755 813
755 816
755 862
755 880
755 955
755 983
755 985
755 996
756 174
756 476
756 516
756 52
756 534
756 624
756 747
756 848
756 936
756 94
756 959
756 999
757 247
757 380
757 498
757 599
757 682
757 707
757 763
757 832
757 902
757 913
757 924
757 935
758 106
758 166
758 487
758 509
758 818
758 856
758 857
758 937
758 951
758 957
758 990
758 993
759 520
759 654
759 687
759 702
759 765
759 775
759 803
759 882
759 890
759 983
759 984
759 993
76 654
76 740
76 902
76 933
760 215
760 248
760 652
760 761
760 836
760 843
760 852
760 857
760 881
760 956
760 977
760 991
761 500
761 623
761 760
761 773
761 791
761 842
761 887
761 893
761 955
761 965
761 972
761 992
762 166
762 213
762 449
762 460
762 576
762 651
762 836
762 879
762 918
762 957
762 965
762 972
763 1000
763 301
763 330
763 549
763 650
763 689
763 757
763 863
763 865
763 975
763 992
763 995
764 129
764 159
764 296
764 331
764 385
764 469
764 682
764 775
764 842
764 887
764 908
764 979
765 151
765 512
765 676
765 759
765 777
765 782
765 880
765 903
765 983
765 984
765 990
765 993
766 189
766 268
766 298
766 480
766 739
766 785
766 807
766 834
766 867
766 921
766 936
766 939
767 246
767 383
767 736
767 792
767 832
767 843
767 861
767 877
767 927
767 94
767 959
767 999
768 143
768 233
768 340
768 52
768 559
768 748
768 779
768 819
768 823
768 841
768 906
768 934
769 318
769 519
769 660
769 717
769 74
769 794
769 808
769 810
769 937
769 963
769 979
769 988
77 898
77 908
77 914
77 989
770 378
770 575
770 578
770 579
770 580
770 600
770 828
770 858
770 973
770 979
770 985
770 996
771 108
771 430
771 469
771 489
771 613
771 772
771 779
771 837
771 850
771 972
771 973
771 975
772 165
772 488
772 610
772 771
772 821
772 83
772 847
772 872
772 889
772 944
772 952
772 989
773 226
773 429
773 694
773 716
773 75
773 750
773 761
773 838
773 865
773 877
773 878
773 997
774 407
774 549
774 790
774 818
774 857
774 862
774 905
774 930
774 933
774 99
774 996
774 998
775 446
775 637
775 653
775 739
775 759
775 764
775 802
775 803
775 905
775 940
775 943
775 949
776 332
776 342
776 494
776 732
776 754
776 825
776 913
776 924
776 973
776 974
776 978
776 988
777 427
777 502
777 734
777 765
777 842
777 891
777 896
777 935
777 958
777 984
777 990
777 993
778 259
778 291
778 591
778 60
778 655
778 741
778 802
778 898
778 905
778 918
778 975
778 981
779 567
779 575
779 692
779 768
779 771
779 823
779 837
779 895
779 934
779 955
779 965
779 966
78 64
78 724
78 873
78 911
780 105
780 283
780 382
780 539
780 556
780 707
780 734
780 740
780 896
780 913
780 931
780 935
781 206
781 433
781 580
781 629
781 651
781 684
781 722
781 892
781 901
781 981
781 985
781 996
782 453
782 744
782 765
782 809
782 856
782 903
782 969
782 982
782 983
782 984
782 990
782 993
783 1000
783 115
783 462
783 598
783 817
783 885
783 909
783 924
783 954
783 960
783 977
783 982
783 998
784 128
784 483
784 489
784 795
784 895
784 928
784 931
784 941
784 945
784 965
784 970
784 972
784 975
785 268
785 59
785 606
785 700
785 766
785 807
785 834
785 864
785 867
785 920
785 921
785 936
785 939
786 1000
786 11
786 168
786 300
786 329
786 399
786 616
786 863
786 870
786 926
786 942
786 964
786 975
787 161
787 203
787 216
787 245
787 402
787 541
787 67
787 796
787 833
787 873
787 881
787 963
787 981
788 119
788 230
788 606
788 619
788 66
788 668
788 831
788 902
788 951
788 952
788 962
788 970
788 989
789 245
789 596
789 719
789 737
789 75
789 832
789 858
789 919
789 930
789 940
789 958
789 983
789 994
79 199
79 339
79 604
79 922
790 142
790 229
790 532
790 596
790 642
790 68
790 744
790 748
790 774
790 818
790 920
790 930
790 998
791 318
791 385
791 386
791 518
791 595
791 718
791 753
791 761
791 844
791 907
791 961
791 970
791 991
792 134
792 257
792 437
792 48
792 535
792 767
792 843
792 870
792 892
792 916
792 922
792 997
792 999
793 356
793 835
793 840
793 870
793 875
793 877
793 905
793 927
793 938
793 959
793 985
793 996
793 999
794 312
794 374
794 484
794 619
794 739
794 769
794 821
794 830
794 864
794 891
794 937
794 995
794 998
795 210
795 461
795 602
795 642
795 696
795 729
795 784
795 819
795 833
795 945
795 950
795 961
795 966
796 136
796 279
796 328
796 398
796 408
796 653
796 654
796 787
796 817
796 855
796 882
796 951
796 957
797 394
797 492
797 679
797 684
797 855
797 859
797 871
797 893
797 907
797 920
797 954
797 961
797 991
798 330
798 475
798 556
798 645
798 703
798 724
798 928
798 937
798 948
798 974
798 978
798 991
798 992
799 396
799 411
799 423
799 451
799 592
799 686
799 72
799 822
799 825
799 837
799 895
799 965
799 988
8 362
8 617
8 824
8 948
80 323
80 672
80 994
80 995
800 15
800 185
800 351
800 550
800 600
800 608
800 632
800 693
800 874
800 917
800 954
800 991
800 995
801 327
801 373
801 403
801 444
801 665
801 681
801 875
801 927
801 929
801 938
801 958
801 963
801 967
802 219
802 402
802 471
802 473
802 54
802 575
802 775
802 778
802 806
802 866
802 981
802 985
802 996
803 219
803 237
803 33
803 348
803 409
803 507
803 653
803 654
803 759
803 775
803 806
803 856
803 882
804 574
804 590
804 598
804 730
804 809
804 815
804 853
804 907
804 919
804 958
804 961
804 970
804 982
805 206
805 406
805 482
805 733
805 875
805 914
805 928
805 938
805 960
805 967
805 977
805 988
805 989
806 219
806 237
806 349
806 409
806 426
806 446
806 507
806 653
806 662
806 802
806 803
806 875
806 882
807 160
807 435
807 480
807 543
807 622
807 766
807 785
807 834
807 864
807 867
807 898
807 920
807 921
807 939
808 100
808 141
808 224
808 460
808 541
808 66
808 769
808 849
808 907
808 948
808 961
808 965
808 970
808 991
809 1000
809 43
809 569
809 688
809 782
809 804
809 871
809 903
809 907
809 956
809 982
809 984
809 991
809 993
81 120
81 628
81 892
81 916
810 105
810 119
810 152
810 177
810 18
810 431
810 744
810 769
810 829
810 868
810 896
810 962
810 988
810 998
811 183
811 410
811 485
811 489
811 500
811 587
811 827
811 872
811 911
811 912
811 965
811 975
811 976
811 993
812 338
812 375
812 523
812 636
812 665
812 681
812 84
812 855
812 878
812 929
812 938
812 948
812 967
812 992
813 388
813 404
813 516
813 624
813 65
813 688
813 755
813 834
813 861
813 877
813 920
813 944
813 958
813 959
814 263
814 537
814 557
814 689
814 709
814 713
814 746
814 845
814 866
814 883
814 884
814 899
814 918
814 986
815 134
815 347
815 48
815 521
815 611
815 688
815 724
815 804
815 9
815 911
815 912
815 958
815 970
815 982
816 162
816 384
816 455
816 730
816 755
816 820
816 838
816 847
816 853
816 919
816 92
816 946
816 949
816 962
817 136
817 250
817 30
817 358
817 402
817 481
817 608
817 741
817 783
817 796
817 890
817 899
817 975
817 994
818 512
818 686
818 748
818 758
818 774
818 790
818 845
818 852
818 903
818 918
818 982
818 986
818 987
818 993
819 439
819 559
819 721
819 768
819 795
819 820
819 837
819 853
819 869
819 919
819 925
819 950
819 966
819 968
82 453
82 752
82 903
82 993
820 242
820 245
820 412
820 463
820 679
820 737
820 816
820 819
820 853
820 919
820 922
820 940
820 945
820 949
821 236
821 427
821 495
821 586
821 604
821 619
821 636
821 74
821 772
821 794
821 911
821 912
821 943
821 964
821 983
822 15
822 159
822 203
822 215
822 28
822 390
822 542
822 641
822 682
822 728
822 799
822 825
822 838
822 851
822 956
823 143
823 156
823 210
823 341
823 511
823 573
823 605
823 669
823 768
823 779
823 827
823 841
823 846
823 950
823 966
824 225
824 234
824 358
824 411
824 449
824 550
824 583
824 648
824 8
824 874
824 880
824 894
824 917
824 957
824 981
825 306
825 386
825 649
825 72
825 729
825 776
825 799
825 822
825 832
825 833
825 914
825 923
825 937
825 962
825 988
826 392
826 55
826 674
826 73
826 885
826 924
826 939
826 951
826 953
826 982
826 983
826 984
826 990
826 993
826 994
827 156
827 207
827 355
827 471
827 811
827 823
827 889
827 897
827 932
827 937
827 950
827 962
827 966
827 970
827 988
828 260
828 371
828 386
828 398
828 468
828 491
828 506
828 513
828 567
828 643
828 770
828 944
828 945
828 951
828 973
829 146
829 507
829 674
829 711
829 810
829 846
829 902
829 905
829 916
829 939
829 953
829 962
829 990
829 994
829 998
83 331
83 667
83 772
83 904
830 167
830 193
830 236
830 561
830 601
830 619
830 639
830 697
830 794
830 839
830 880
830 894
830 964
830 976
830 995
831 231
831 25
831 634
831 656
831 705
831 747
831 788
831 93
831 945
831 952
831 954
831 963
831 969
831 988
831 989
832 149
832 199
832 41
832 411
832 59
832 605
832 663
832 757
832 767
832 789
832 825
832 878
832 924
832 977
832 999
833 306
833 452
833 589
833 602
833 682
833 787
833 795
833 825
833 840
833 909
833 910
833 917
833 958
833 963
833 988
834 154
834 265
834 514
834 577
834 766
834 785
834 807
834 813
834 864
834 885
834 921
834 924
834 926
834 928
834 994
835 393
835 422
835 611
835 680
835 721
835 793
835 844
835 854
835 875
835 925
835 927
835 961
835 967
835 968
835 985
836 240
836 353
836 413
836 470
836 538
836 588
836 590
836 699
836 760
836 762
836 881
836 889
836 956
836 977
836 979
837 100
837 172
837 224
837 241
837 405
837 555
837 592
837 771
837 779
837 799
837 819
837 847
837 87
837 972
837 973
838 383
838 464
838 469
838 621
838 637
838 773
838 816
838 822
838 861
838 864
838 937
838 958
838 963
838 978
838 98
839 104
839 13
839 167
839 236
839 336
839 368
839 530
839 717
839 830
839 864
839 891
839 902
839 939
839 964
839 995
84 1000
84 321
84 812
84 989
840 404
840 440
840 561
840 674
840 682
840 749
840 793
840 833
840 848
840 861
840 871
840 959
840 986
840 990
840 999
841 112
841 420
841 505
841 518
841 642
841 705
841 768
841 823
841 917
841 950
841 960
841 976
841 988
841 990
841 995
842 132
842 524
842 568
842 577
842 587
842 610
842 694
842 761
842 764
842 777
842 904
842 908
842 929
842 952
842 970
842 983
843 307
843 456
843 471
843 575
843 588
843 632
843 678
843 716
843 760
843 767
843 792
843 905
843 979
843 985
843 996
843 999
844 22
844 340
844 465
844 474
844 525
844 531
844 582
844 595
844 662
844 753
844 791
844 835
844 879
844 902
844 923
844 933
845 197
845 296
845 416
845 478
845 486
845 533
845 551
845 650
845 671
845 713
845 814
845 818
845 883
845 884
845 950
845 986
846 183
846 234
846 287
846 399
846 664
846 727
846 823
846 829
846 866
846 868
846 881
846 905
846 950
846 953
846 966
846 983
847 355
847 501
847 506
847 514
847 702
847 730
847 772
847 816
847 837
847 880
847 946
847 949
847 955
847 965
847 972
847 994
848 150
848 214
848 223
848 391
848 49
848 553
848 573
848 624
848 716
848 736
848 756
848 840
848 861
848 873
848 959
848 979
849 360
849 41
849 410
849 49
849 519
849 565
849 596
849 615
849 666
849 705
849 735
849 808
849 887
849 915
849 918
849 920
85 579
85 862
85 985
85 996
850 141
850 224
850 354
850 4
850 504
850 513
850 616
850 65
850 668
850 744
850 771
850 951
850 965
850 972
850 973
850 976
851 111
851 139
851 239
851 350
851 432
851 444
851 492
851 584
851 643
851 822
851 901
851 902
851 962
851 991
851 997
851 998
852 569
852 588
852 616
852 662
852 7
852 760
852 818
852 881
852 883
852 885
852 889
852 956
852 977
852 979
852 991
852 997
853 134
853 24
853 463
853 615
853 804
853 816
853 819
853 820
853 919
853 923
853 940
853 943
853 946
853 949
853 962
853 968
854 271
854 365
854 456
854 483
854 527
854 564
854 658
854 676
854 677
854 726
854 835
854 904
854 928
854 931
854 940
854 941
855 311
855 313
855 319
855 367
855 401
855 683
855 796
855 797
855 812
855 886
855 894
855 915
855 929
855 936
855 955
855 969
855 995
856 211
856 334
856 48
856 519
856 587
856 623
856 685
856 758
856 782
856 803
856 887
856 889
856 903
856 960
856 984
856 990
856 998
857 270
857 313
857 361
857 389
857 424
857 450
857 64
857 678
857 758
857 760
857 774
857 913
857 914
857 933
857 976
857 991
857 997
858 209
858 242
858 257
858 267
858 282
858 286
858 340
858 428
858 504
858 540
858 591
858 719
858 770
858 789
858 897
858 900
858 944
859 226
859 238
859 264
859 371
859 516
859 657
859 662
859 696
859 701
859 797
859 865
859 893
859 900
859 948
859 987
859 992
859 997
86 1000
86 428
86 937
86 990
860 125
860 370
860 393
860 511
860 615
860 620
860 711
860 742
860 750
860 866
860 876
860 888
860 889
860 932
860 946
860 970
860 979
861 223
861 333
861 383
861 399
861 577
861 698
861 716
861 767
861 813
861 838
861 840
861 848
861 877
861 910
861 922
861 959
861 999
862 356
862 518
862 528
862 534
862 579
862 629
862 722
862 738
862 742
862 755
862 774
862 85
862 887
862 905
862 934
862 985
862 996
863 1000
863 191
863 251
863 300
863 462
863 509
863 517
863 677
863 734
863 741
863 763
863 786
863 870
863 909
863 942
863 943
863 975
864 291
864 530
864 600
864 703
864 717
864 785
864 794
864 807
864 834
864 838
864 839
864 921
864 939
864 953
864 964
864 974
864 978
865 113
865 155
865 171
865 238
865 381
865 414
865 574
865 600
865 620
865 763
865 773
865 859
865 893
865 948
865 987
865 992
865 998
866 146
866 172
866 287
866 290
866 299
866 486
866 507
866 689
866 802
866 814
866 846
866 860
866 876
866 932
866 986
866 987
866 989
867 1000
867 231
867 413
867 517
867 601
867 61
867 700
867 745
867 766
867 785
867 807
867 873
867 906
867 921
867 942
867 959
867 999
868 14
868 177
868 20
868 232
868 280
868 57
868 599
868 65
868 744
868 752
868 810
868 846
868 902
868 947
868 962
868 988
868 998
869 281
869 323
869 337
869 438
869 465
869 560
869 572
869 646
869 721
869 746
869 819
869 914
869 925
869 947
869 968
869 971
869 976
869 985
87 610
87 617
87 694
87 837
870 1000
870 272
870 286
870 442
870 461
870 557
870 693
870 698
870 786
870 792
870 793
870 863
870 902
870 912
870 916
870 958
870 980
870 987
871 129
871 195
871 284
871 348
871 447
871 457
871 603
871 663
871 677
871 695
871 797
871 809
871 840
871 907
871 934
871 947
871 961
871 991
872 101
872 309
872 365
872 375
872 447
872 484
872 523
872 537
872 578
872 743
872 772
872 811
872 928
872 931
872 941
872 976
872 977
872 999
873 178
873 21
873 272
873 552
873 709
873 714
873 751
873 78
873 787
873 848
873 867
873 877
873 914
873 947
873 956
873 962
873 963
873 999
874 140
874 185
874 186
874 318
874 369
874 550
874 600
874 608
874 651
874 693
874 705
874 800
874 824
874 897
874 917
874 928
874 954
874 995
875 164
875 327
875 665
875 670
875 681
875 723
875 737
875 793
875 801
875 805
875 806
875 835
875 908
875 927
875 938
875 963
875 967
875 969
876 172
876 28
876 290
876 312
876 335
876 363
876 704
876 725
876 860
876 866
876 888
876 889
876 899
876 900
876 910
876 932
876 936
876 939
877 114
877 150
877 163
877 332
877 351
877 408
877 476
877 569
877 624
877 751
877 767
877 773
877 793
877 813
877 861
877 873
877 959
877 999
878 23
878 265
878 285
878 321
878 429
878 454
878 495
878 577
878 604
878 751
878 773
878 812
878 832
878 93
878 944
878 955
878 983
878 994
879 1000
879 202
879 582
879 595
879 597
879 631
879 673
879 762
879 844
879 902
879 933
879 942
879 953
879 964
879 975
879 981
879 982
879 994
88 536
88 549
88 910
88 944
880 200
880 368
880 490
880 495
880 571
880 667
880 755
880 765
880 824
880 830
880 847
880 894
880 903
880 955
880 976
880 983
880 984
880 993
881 1000
881 34
881 472
881 526
881 570
881 727
881 760
881 787
881 836
881 846
881 852
881 888
881 889
881 918
881 954
881 960
881 997
881 998
882 173
882 219
882 237
882 293
882 33
882 349
882 424
882 426
882 446
882 473
882 507
882 652
882 654
882 662
882 759
882 796
882 803
882 806
883 215
883 227
883 281
883 297
883 350
883 646
883 814
883 845
883 852
883 884
883 888
883 917
883 925
883 968
883 971
883 977
883 986
883 987
884 216
884 263
884 273
884 313
884 349
884 350
884 416
884 493
884 532
884 533
884 713
884 736
884 814
884 845
884 883
884 899
884 949
884 986
884 987
885 252
885 391
885 464
885 476
885 590
885 623
885 625
885 678
885 732
885 783
885 826
885 834
885 852
885 910
885 924
885 973
885 977
885 991
885 999
886 38
886 443
886 448
886 484
886 497
886 520
886 544
886 566
886 583
886 606
886 627
886 63
886 743
886 855
886 904
886 915
886 928
886 951
886 996
887 164
887 274
887 331
887 441
887 47
887 488
887 519
887 557
887 63
887 660
887 673
887 761
887 764
887 849
887 856
887 862
887 904
887 915
887 979
888 10
888 243
888 370
888 372
888 388
888 467
888 642
888 860
888 876
888 881
888 883
888 891
888 899
888 932
888 941
888 979
888 980
888 991
888 997
889 1
889 120
889 187
889 54
889 678
889 699
889 705
889 725
889 772
889 827
889 836
889 852
889 856
889 860
889 876
889 881
889 913
889 92
889 928
889 932
89 322
89 626
89 894
89 957
890 179
890 3
890 30
890 321
890 402
890 445
890 471
890 481
890 529
890 568
890 614
890 684
890 741
890 759
890 817
890 898
890 899
890 905
890 954
890 981
891 317
891 368
891 418
891 547
891 559
891 697
891 717
891 722
891 740
891 777
891 794
891 839
891 888
891 896
891 910
891 913
891 935
891 959
891 964
891 980
892 130
892 184
892 29
892 400
892 423
892 580
892 601
892 628
892 645
892 675
892 781
892 792
892 81
892 901
892 903
892 909
892 916
892 922
892 980
892 987
893 238
893 278
893 352
893 381
893 414
893 422
893 594
893 648
893 662
893 701
893 723
893 761
893 797
893 859
893 865
893 946
893 948
893 964
893 987
893 992
894 144
894 226
894 269
894 469
894 478
894 503
894 571
894 589
894 638
894 639
894 718
894 824
894 830
894 855
894 880
894 89
894 913
894 951
894 957
894 976
895 128
895 230
895 265
895 361
895 45
895 545
895 567
895 643
895 670
895 692
895 732
895 779
895 784
895 799
895 943
895 945
895 964
895 973
895 986
895 99
896 262
896 266
896 283
896 296
896 322
896 421
896 470
896 556
896 581
896 593
896 707
896 734
896 740
896 777
896 780
896 810
896 891
896 913
896 935
896 994
897 209
897 213
897 294
897 370
897 385
897 386
897 428
897 455
897 607
897 719
897 729
897 827
897 858
897 874
897 913
897 919
897 945
897 946
897 949
897 973
898 127
898 189
898 250
898 415
898 419
898 543
898 684
898 733
898 77
898 778
898 807
898 890
898 921
898 936
898 939
898 944
898 969
898 975
898 994
898 996
899 256
899 263
899 603
899 647
899 689
899 725
899 741
899 814
899 817
899 876
899 884
899 888
899 890
899 918
899 932
899 970
899 981
899 987
899 992
899 994
9 604
9 642
9 742
9 815
90 180
90 397
90 601
90 901
900 242
900 308
900 397
900 466
900 665
900 677
900 711
900 738
900 858
900 859
900 876
900 930
900 932
900 945
900 952
900 963
900 970
900 973
900 979
900 989
901 131
901 363
901 379
901 452
901 535
901 544
901 569
901 584
901 601
901 692
901 781
901 851
901 892
901 90
901 916
901 930
901 941
901 979
901 987
901 991
902 1000
902 251
902 431
902 462
902 474
902 501
902 509
902 709
902 757
902 76
902 788
902 829
902 839
902 844
902 851
902 868
902 870
902 879
902 904
902 933
903 118
903 12
903 150
903 292
903 382
903 434
903 453
903 687
903 752
903 765
903 782
903 809
903 818
903 82
903 856
903 880
903 892
903 982
903 984
903 990
903 993
904 1000
904 33
904 483
904 564
904 658
904 705
904 726
904 734
904 83
904 842
904 854
904 886
904 887
904 902
904 928
904 930
904 941
904 942
904 963
904 964
904 979
905 204
905 218
905 5
905 622
905 629
905 635
905 652
905 711
905 741
905 774
905 775
905 778
905 793
905 829
905 843
905 846
905 862
905 890
905 954
905 981
905 985
906 145
906 560
906 573
906 605
906 669
906 673
906 676
906 683
906 706
906 710
906 715
906 768
906 867
906 937
906 939
906 950
906 966
906 968
906 971
906 976
906 995
907 195
907 212
907 309
907 327
907 394
907 457
907 647
907 677
907 679
907 695
907 791
907 797
907 804
907 808
907 809
907 871
907 934
907 947
907 961
907 991
907 995
908 181
908 278
908 376
908 487
908 685
908 694
908 733
908 764
908 77
908 842
908 875
908 927
908 929
908 937
908 938
908 944
908 952
908 958
908 963
908 967
908 989
909 1000
909 102
909 207
909 434
909 520
909 589
909 607
909 641
909 682
909 71
909 783
909 833
909 863
909 892
909 916
909 943
909 964
909 98
909 980
909 985
909 987
91 375
91 501
91 751
91 975
910 317
910 335
910 388
910 428
910 467
910 499
910 616
910 625
910 691
910 714
910 740
910 833
910 861
910 876
910 88
910 885
910 891
910 932
910 959
910 980
910 999
911 123
911 158
911 201
911 248
911 437
911 461
911 485
911 490
911 541
911 611
911 612
911 697
911 747
911 78
911 811
911 815
911 821
911 912
911 934
911 947
911 956
911 958
912 158
912 17
912 272
912 288
912 305
912 412
912 427
912 442
912 552
912 574
912 612
912 687
912 691
912 697
912 744
912 811
912 815
912 821
912 870
912 911
912 920
912 982
913 138
913 193
913 432
913 551
913 581
913 602
913 613
913 707
913 757
913 776
913 780
913 857
913 889
913 891
913 894
913 896
913 897
913 935
913 956
913 979
913 991
913 997
914 119
914 2
914 218
914 35
914 541
914 646
914 656
914 752
914 77
914 805
914 825
914 857
914 869
914 873
914 925
914 952
914 962
914 968
914 969
914 971
914 976
914 989
915 181
915 228
915 275
915 441
915 443
915 508
915 515
915 519
915 522
915 548
915 644
915 703
915 754
915 849
915 855
915 886
915 887
915 918
915 936
915 974
915 979
915 980
916 130
916 240
916 310
916 359
916 400
916 434
916 436
916 520
916 535
916 628
916 645
916 709
916 792
916 81
916 829
916 870
916 892
916 901
916 909
916 923
916 929
916 987
917 15
917 303
917 369
917 464
917 491
917 550
917 589
917 641
917 652
917 680
917 731
917 800
917 824
917 833
917 841
917 874
917 883
917 951
917 954
917 957
917 967
917 995
918 136
918 19
918 252
918 270
918 334
918 387
918 5
918 697
918 713
918 718
918 762
918 778
918 814
918 818
918 849
918 881
918 899
918 915
918 960
918 981
918 986
918 997
919 24
919 384
919 637
919 679
919 688
919 789
919 804
919 816
919 819
919 820
919 853
919 897
919 922
919 923
919 940
919 943
919 944
919 945
919 946
919 949
919 95
919 962
919 978
92 713
92 816
92 889
92 931
920 182
920 189
920 427
920 480
920 485
920 486
920 543
920 596
920 612
920 642
920 68
920 687
920 744
920 785
920 790
920 797
920 807
920 813
920 849
920 912
920 921
920 936
920 998
921 169
921 189
921 268
921 435
921 480
921 543
921 587
921 606
921 622
921 683
921 700
921 739
921 766
921 785
921 807
921 834
921 864
921 867
921 898
921 920
921 928
921 936
921 939
922 211
922 29
922 423
922 459
922 520
922 675
922 698
922 708
922 716
922 733
922 79
922 792
922 820
922 861
922 892
922 919
922 936
922 946
922 949
922 959
922 978
922 980
922 999
923 121
923 171
923 320
923 324
923 343
923 411
923 652
923 670
923 696
923 729
923 730
923 825
923 844
923 853
923 916
923 919
923 940
923 945
923 949
923 956
923 962
923 964
923 973
924 114
924 247
924 249
924 308
924 310
924 352
924 366
924 392
924 529
924 657
924 663
924 708
924 732
924 757
924 776
924 783
924 826
924 832
924 834
924 885
924 926
924 932
924 977
925 140
925 242
925 302
925 337
925 438
925 554
925 598
925 699
925 715
925 721
925 723
925 734
925 748
925 819
925 835
925 869
925 883
925 914
925 926
925 947
925 968
925 971
925 976
926 1000
926 102
926 247
926 299
926 332
926 366
926 371
926 438
926 490
926 517
926 572
926 597
926 663
926 697
926 715
926 786
926 834
926 924
926 925
926 942
926 947
926 968
926 975
926 977
927 101
927 159
927 201
927 202
927 256
927 327
927 372
927 403
927 572
927 665
927 681
927 686
927 694
927 767
927 793
927 801
927 835
927 875
927 908
927 938
927 958
927 963
927 967
927 969
928 160
928 264
928 295
928 297
928 360
928 456
928 527
928 745
928 784
928 798
928 805
928 834
928 854
928 872
928 874
928 886
928 889
928 904
928 921
928 931
928 941
928 951
928 954
928 957
928 960
929 132
929 258
929 338
929 429
929 594
929 600
929 620
929 667
929 801
929 812
929 842
929 855
929 908
929 916
929 938
929 944
929 955
929 957
929 958
929 963
929 967
929 969
929 978
929 982
929 991
929 992
93 692
93 706
93 831
93 878
930 1000
930 239
930 285
930 487
930 58
930 593
930 64
930 640
930 671
930 692
930 714
930 719
930 722
930 774
930 789
930 790
930 900
930 901
930 904
930 942
930 943
930 944
930 975
930 982
930 985
930 996
931 169
931 186
931 198
931 271
931 328
931 363
931 365
931 400
931 436
931 456
931 46
931 483
931 527
931 537
931 540
931 564
931 658
931 676
931 677
931 726
931 780
931 784
931 854
931 872
931 92
931 928
931 941
932 172
932 290
932 335
932 357
932 393
932 397
932 418
932 499
932 511
932 551
932 659
932 661
932 711
932 735
932 742
932 827
932 860
932 866
932 876
932 888
932 889
932 899
932 900
932 910
932 924
932 979
932 987
933 11
933 138
933 153
933 163
933 218
933 22
933 424
933 474
933 501
933 531
933 549
933 582
933 595
933 65
933 662
933 667
933 675
933 680
933 740
933 753
933 76
933 774
933 844
933 857
933 879
933 902
933 987
934 1
934 196
934 20
934 37
934 454
934 455
934 493
934 558
934 579
934 695
934 732
934 738
934 742
934 768
934 779
934 862
934 871
934 907
934 911
934 947
934 950
934 961
934 966
934 975
934 985
934 991
934 996
935 1000
935 105
935 176
935 178
935 192
935 262
935 266
935 283
935 322
935 351
935 373
935 382
935 421
935 470
935 559
935 581
935 593
935 69
935 707
935 709
935 740
935 757
935 777
935 780
935 891
935 896
935 913
935 96
936 125
936 163
936 399
936 408
936 480
936 515
936 543
936 581
936 661
936 664
936 683
936 706
936 710
936 724
936 756
936 766
936 785
936 855
936 876
936 898
936 915
936 920
936 921
936 922
936 951
936 959
936 995
936 999
937 13
937 166
937 236
937 324
937 368
937 39
937 390
937 398
937 49
937 513
937 589
937 607
937 629
937 739
937 758
937 769
937 794
937 798
937 825
937 827
937 838
937 86
937 906
937 908
937 943
937 951
937 964
937 995
938 132
938 163
938 232
938 246
938 273
938 497
938 534
938 544
938 545
938 665
938 681
938 686
938 723
938 728
938 737
938 746
938 793
938 801
938 805
938 812
938 875
938 908
938 927
938 929
938 958
938 963
938 967
938 984
939 148
939 268
939 430
939 479
939 508
939 54
939 546
939 618
939 622
939 674
939 706
939 710
939 749
939 766
939 785
939 807
939 826
939 829
939 839
939 864
939 876
939 898
939 906
939 921
939 950
939 953
939 990
939 994
94 67
94 756
94 767
94 975
940 107
940 159
940 164
940 175
940 384
940 412
940 428
940 437
940 443
940 53
940 594
940 627
940 679
940 730
940 775
940 789
940 820
940 853
940 854
940 919
940 923
940 943
940 946
940 958
940 962
940 978
940 98
940 982
941 186
941 198
941 271
941 278
941 328
941 362
941 363
941 365
941 38
941 400
941 456
941 46
941 483
941 527
941 537
941 540
941 564
941 658
941 676
941 677
941 726
941 784
941 854
941 872
941 888
941 901
941 904
941 928
941 931
942 1000
942 102
942 149
942 191
942 197
942 299
942 300
942 304
942 329
942 370
942 450
942 498
942 517
942 58
942 693
942 708
942 71
942 734
942 786
942 863
942 867
942 879
942 904
942 926
942 930
942 943
942 964
942 981
942 982
943 1000
943 249
943 251
943 38
943 454
943 458
943 463
943 517
943 556
943 576
943 626
943 627
943 637
943 747
943 775
943 821
943 853
943 863
943 895
943 909
943 919
943 930
943 937
943 940
943 942
943 946
943 949
943 951
943 957
944 201
944 220
944 285
944 41
944 417
944 466
944 495
944 53
944 64
944 667
944 675
944 740
944 751
944 772
944 813
944 828
944 858
944 878
944 88
944 898
944 908
944 919
944 929
944 930
944 970
944 973
944 978
944 988
944 989
945 128
945 24
945 25
945 37
945 419
945 455
945 464
945 506
945 643
945 733
945 784
945 795
945 820
945 828
945 831
945 895
945 897
945 900
945 919
945 923
945 946
945 948
945 952
945 958
945 964
945 969
945 970
945 978
945 989
946 121
946 147
946 175
946 294
946 322
946 384
946 415
946 439
946 463
946 525
946 56
946 627
946 637
946 723
946 730
946 737
946 816
946 847
946 853
946 860
946 893
946 897
946 919
946 922
946 940
946 943
946 945
946 949
946 98
947 257
947 305
947 396
947 40
947 404
947 427
947 457
947 618
947 646
947 651
947 679
947 695
947 724
947 868
947 869
947 871
947 873
947 907
947 911
947 925
947 926
947 934
947 956
947 968
947 970
947 971
947 976
947 991
947 992
948 117
948 188
948 255
948 311
948 352
948 354
948 414
948 470
948 532
948 539
948 555
948 620
948 639
948 672
948 691
948 70
948 701
948 735
948 798
948 8
948 808
948 812
948 859
948 865
948 893
948 945
948 969
948 978
948 992
949 121
949 157
949 227
949 333
949 373
949 412
949 415
949 459
949 615
949 630
949 637
949 679
949 695
949 700
949 730
949 775
949 816
949 820
949 847
949 853
949 884
949 897
949 919
949 922
949 923
949 943
949 946
949 958
949 962
949 978
95 268
95 919
95 989
95 995
950 107
950 145
950 156
950 210
950 220
950 241
950 420
950 472
950 497
950 525
950 562
950 573
950 591
950 605
950 625
950 640
950 669
950 673
950 732
950 795
950 819
950 823
950 827
950 841
950 845
950 846
950 906
950 934
950 939
950 966
951 155
951 223
951 249
951 297
951 377
951 4
951 422
951 576
951 584
951 626
951 630
951 668
951 680
951 700
951 725
951 731
951 758
951 788
951 796
951 826
951 828
951 850
951 886
951 894
951 917
951 928
951 936
951 937
951 943
951 957
951 984
952 127
952 235
952 238
952 25
952 308
952 419
952 451
952 529
952 603
952 621
952 623
952 634
952 656
952 676
952 698
952 728
952 733
952 747
952 772
952 788
952 831
952 842
952 900
952 908
952 914
952 945
952 963
952 969
952 988
952 989
952 997
953 279
953 30
953 425
953 452
953 468
953 479
953 546
953 565
953 624
953 638
953 644
953 671
953 674
953 684
953 690
953 698
953 749
953 754
953 826
953 829
953 846
953 864
953 879
953 939
953 967
953 974
953 978
953 981
953 983
953 990
953 994
954 135
954 266
954 295
954 318
954 369
954 413
954 445
954 5
954 536
954 538
954 558
954 568
954 585
954 591
954 632
954 648
954 783
954 797
954 800
954 831
954 874
954 881
954 890
954 905
954 917
954 928
954 960
954 981
954 989
954 994
954 995
954 997
955 117
955 262
955 27
955 301
955 305
955 401
955 460
955 489
955 514
955 516
955 53
955 577
955 608
955 613
955 672
955 755
955 761
955 779
955 847
955 855
955 878
955 880
955 929
955 965
955 972
955 973
955 978
955 983
955 987
955 991
955 992
955 997
956 102
956 124
956 182
956 313
956 353
956 364
956 415
956 490
956 518
956 574
956 589
956 590
956 607
956 612
956 641
956 664
956 678
956 682
956 760
956 809
956 822
956 836
956 852
956 873
956 911
956 913
956 923
956 947
956 977
956 984
956 991
956 993
957 15
957 16
957 166
957 222
957 230
957 296
957 32
957 322
957 341
957 398
957 422
957 491
957 513
957 583
957 626
957 645
957 661
957 666
957 668
957 680
957 700
957 758
957 762
957 796
957 824
957 89
957 894
957 917
957 928
957 929
957 943
957 951
958 111
958 311
958 339
958 396
958 423
958 442
958 455
958 552
958 681
958 723
958 752
958 777
958 789
958 801
958 804
958 813
958 815
958 833
958 838
958 870
958 908
958 911
958 927
958 929
958 938
958 940
958 945
958 949
958 962
958 963
958 967
958 969
959 150
959 170
959 174
959 214
959 233
959 282
959 411
959 423
959 476
959 516
959 553
959 624
959 628
959 673
959 680
959 698
959 716
959 745
959 756
959 767
959 793
959 813
959 840
959 848
959 861
959 867
959 877
959 891
959 910
959 922
959 936
959 999
96 572
96 631
96 935
96 977
960 192
960 249
960 252
960 262
960 266
960 289
960 334
960 376
960 406
960 410
960 526
960 538
960 583
960 585
960 60
960 636
960 661
960 666
960 685
960 704
960 735
960 743
960 783
960 805
960 841
960 856
960 881
960 918
960 928
960 954
960 997
960 998
961 195
961 212
961 284
961 309
961 336
961 343
961 348
961 362
961 391
961 394
961 447
961 457
961 493
961 51
961 558
961 603
961 647
961 651
961 655
961 679
961 693
961 695
961 791
961 795
961 797
961 804
961 808
961 835
961 871
961 907
961 934
961 970
961 991
962 124
962 175
962 2
962 261
962 364
962 390
962 566
962 570
962 671
962 723
962 728
962 729
962 788
962 810
962 816
962 825
962 827
962 829
962 851
962 853
962 868
962 873
962 914
962 919
962 923
962 940
962 949
962 958
962 963
962 978
962 991
962 992
962 998
963 137
963 181
963 235
963 244
963 364
963 417
963 469
963 578
963 634
963 665
963 718
963 723
963 733
963 769
963 787
963 801
963 831
963 833
963 838
963 873
963 875
963 900
963 904
963 908
963 927
963 929
963 938
963 952
963 958
963 962
963 969
963 988
963 989
964 1000
964 236
964 26
964 323
964 332
964 45
964 482
964 509
964 530
964 567
964 627
964 640
964 670
964 686
964 711
964 712
964 745
964 786
964 821
964 830
964 839
964 864
964 879
964 891
964 893
964 895
964 904
964 909
964 923
964 937
964 942
964 945
964 99
965 151
965 152
965 213
965 224
965 26
965 308
965 405
965 418
965 451
965 458
965 460
965 51
965 555
965 563
965 592
965 613
965 631
965 649
965 734
965 761
965 762
965 779
965 784
965 799
965 808
965 811
965 847
965 850
965 955
965 972
965 973
965 975
965 998
966 1
966 143
966 145
966 221
966 241
966 355
966 399
966 420
966 444
966 472
966 476
966 487
966 497
966 525
966 562
966 565
966 579
966 591
966 605
966 625
966 664
966 669
966 673
966 732
966 779
966 795
966 819
966 823
966 827
966 846
966 906
966 934
966 950
966 999
967 112
967 154
967 222
967 256
967 273
967 308
967 313
967 327
967 339
967 446
967 500
967 534
967 611
967 665
967 681
967 685
967 686
967 694
967 728
967 737
967 746
967 801
967 805
967 812
967 835
967 875
967 908
967 917
967 927
967 929
967 938
967 953
967 958
967 969
968 157
968 176
968 218
968 221
968 239
968 281
968 315
968 344
968 410
968 438
968 537
968 554
968 572
968 628
968 655
968 699
968 721
968 734
968 745
968 746
968 748
968 819
968 835
968 853
968 869
968 883
968 906
968 914
968 925
968 926
968 947
968 971
968 976
968 988
969 106
969 113
969 137
969 14
969 249
969 345
969 500
969 597
969 610
969 665
969 685
969 69
969 701
969 728
969 747
969 782
969 831
969 855
969 875
969 898
969 914
969 927
969 929
969 945
969 948
969 952
969 958
969 963
969 967
969 988
969 989
969 991
969 992
969 997
97 174
97 421
97 561
97 576
970 111
970 125
970 219
970 28
970 372
970 419
970 457
970 499
970 538
970 55
970 661
970 693
970 695
970 728
970 733
970 747
970 750
970 784
970 788
970 791
970 804
970 808
970 815
970 827
970 842
970 860
970 899
970 900
970 944
970 945
970 947
970 961
970 979
970 989
970 991
971 215
971 221
971 269
971 281
971 302
971 315
971 337
971 433
971 438
971 490
971 493
971 537
971 554
971 560
971 572
971 598
971 628
971 646
971 655
971 669
971 699
971 715
971 721
971 745
971 746
971 748
971 869
971 883
971 906
971 914
971 925
971 947
971 968
971 976
971 990
972 100
972 108
972 133
972 151
972 190
972 213
972 224
972 281
972 342
972 405
972 430
972 443
972 458
972 460
972 489
972 51
972 563
972 592
972 613
972 631
972 649
972 653
972 738
972 761
972 762
972 771
972 784
972 837
972 847
972 850
972 955
972 965
972 973
972 975
972 990
973 156
973 260
973 273
973 282
973 285
973 345
973 443
973 506
973 567
973 613
973 643
973 660
973 668
973 670
973 675
973 692
973 696
973 702
973 732
973 738
973 770
973 771
973 776
973 828
973 837
973 850
973 885
973 895
973 897
973 900
973 923
973 944
973 955
973 965
973 972
974 123
974 129
974 135
974 231
974 243
974 244
974 264
974 277
974 291
974 314
974 319
974 377
974 425
974 434
974 468
974 475
974 494
974 522
974 525
974 548
974 609
974 633
974 660
974 690
974 70
974 703
974 718
974 754
974 776
974 798
974 864
974 915
974 953
974 978
974 983
974 997
975 1000
975 183
975 253
975 278
975 402
975 405
975 490
975 509
975 529
975 568
975 576
975 608
975 613
975 627
975 649
975 708
975 71
975 738
975 763
975 771
975 778
975 784
975 786
975 811
975 817
975 863
975 879
975 898
975 91
975 926
975 930
975 934
975 94
975 965
975 972
975 981
976 13
976 180
976 217
976 228
976 395
976 484
976 500
976 505
976 549
976 554
976 565
976 571
976 619
976 631
976 646
976 721
976 734
976 74
976 743
976 811
976 830
976 841
976 850
976 857
976 869
976 872
976 880
976 894
976 906
976 914
976 925
976 947
976 968
976 971
976 977
976 990
976 995
977 202
977 247
977 271
977 314
977 336
977 338
977 342
977 354
977 366
977 436
977 521
977 551
977 586
977 604
977 623
977 652
977 657
977 663
977 687
977 694
977 699
977 708
977 724
977 760
977 783
977 805
977 832
977 836
977 852
977 872
977 883
977 885
977 924
977 926
977 956
977 96
977 976
978 27
978 330
978 439
978 443
978 468
978 475
978 501
978 522
978 525
978 535
978 563
978 637
978 648
978 660
978 662
978 690
978 691
978 699
978 704
978 720
978 776
978 798
978 838
978 864
978 919
978 922
978 929
978 940
978 944
978 945
978 948
978 949
978 953
978 955
978 962
978 974
978 987
979 147
979 310
979 332
979 346
979 357
979 428
979 441
979 459
979 47
979 478
979 503
979 55
979 584
979 588
979 647
979 673
979 678
979 735
979 737
979 764
979 769
979 770
979 836
979 843
979 848
979 852
979 860
979 887
979 888
979 900
979 901
979 904
979 913
979 915
979 932
979 970
979 997
98 838
98 909
98 940
98 946
980 133
980 148
980 177
980 228
980 317
980 325
980 36
980 367
980 415
980 42
980 501
980 508
980 510
980 515
980 520
980 535
980 553
980 567
980 580
980 616
980 675
980 698
980 7
980 702
980 706
980 708
980 742
980 870
980 888
980 891
980 892
980 909
980 910
980 915
980 922
980 987
980 995
981 164
981 179
981 183
981 250
981 28
981 303
981 387
981 410
981 433
981 445
981 449
981 481
981 5
981 568
981 6
981 614
981 638
981 645
981 655
981 684
981 693
981 736
981 741
981 778
981 781
981 787
981 802
981 824
981 879
981 890
981 899
981 905
981 918
981 942
981 953
981 954
981 975
981 994
982 1000
982 158
982 251
982 288
982 304
982 324
982 347
982 462
982 504
982 544
982 58
982 618
982 622
982 625
982 635
982 636
982 691
982 694
982 701
982 737
982 752
982 782
982 783
982 804
982 809
982 815
982 818
982 826
982 879
982 903
982 912
982 929
982 930
982 940
982 942
982 984
982 990
982 993
983 118
983 165
983 187
983 235
983 244
983 425
983 436
983 452
983 468
983 512
983 548
983 62
983 644
983 649
983 687
983 690
983 699
983 703
983 712
983 751
983 755
983 759
983 765
983 782
983 789
983 821
983 826
983 842
983 846
983 878
983 880
983 953
983 955
983 974
983 984
983 990
983 993
983 994
984 106
984 118
984 12
984 154
984 167
984 227
984 256
984 265
984 292
984 31
984 324
984 382
984 453
984 512
984 598
984 609
984 638
984 651
984 658
984 737
984 744
984 759
984 765
984 777
984 782
984 809
984 826
984 856
984 880
984 903
984 938
984 951
984 956
984 982
984 983
984 988
984 990
984 993
985 105
985 190
985 196
985 277
985 298
985 356
985 37
985 447
985 518
985 528
985 539
985 569
985 575
985 579
985 635
985 640
985 669
985 671
985 685
985 69
985 722
985 738
985 742
985 755
985 770
985 781
985 793
985 802
985 835
985 843
985 85
985 862
985 869
985 905
985 909
985 930
985 934
985 996
986 106
986 138
986 239
986 263
986 280
986 348
986 4
986 416
986 478
986 482
986 486
986 493
986 53
986 532
986 533
986 537
986 551
986 557
986 636
986 650
986 657
986 671
986 689
986 697
986 713
986 718
986 73
986 736
986 746
986 814
986 818
986 840
986 845
986 866
986 883
986 884
986 895
986 918
986 987
987 130
987 240
987 301
987 326
987 416
987 486
987 533
987 535
987 545
987 622
987 645
987 672
987 687
987 689
987 702
987 718
987 735
987 75
987 818
987 859
987 865
987 866
987 870
987 883
987 884
987 892
987 893
987 899
987 901
987 909
987 916
987 932
987 933
987 955
987 978
987 980
987 986
987 992
987 997
988 18
988 207
988 222
988 234
988 34
988 341
988 377
988 417
988 423
988 50
988 529
988 541
988 542
988 559
988 570
988 589
988 602
988 607
988 623
988 633
988 639
988 699
988 733
988 769
988 776
988 799
988 805
988 810
988 825
988 827
988 831
988 833
988 841
988 868
988 944
988 952
988 963
988 968
988 969
988 984
988 989
989 127
989 165
989 222
989 235
989 243
989 25
989 31
989 35
989 419
989 603
989 610
989 621
989 634
989 639
989 656
989 667
989 676
989 694
989 705
989 728
989 733
989 77
989 772
989 788
989 805
989 831
989 84
989 866
989 900
989 908
989 914
989 944
989 945
989 95
989 952
989 954
989 963
989 969
989 970
989 988
989 999
99 506
99 774
99 895
99 964
990 16
990 208
990 233
990 240
990 270
990 292
990 316
990 372
990 389
990 444
990 448
990 450
990 479
990 497
990 546
990 583
990 674
990 707
990 743
990 748
990 749
990 758
990 765
990 777
990 782
990 826
990 829
990 840
990 841
990 856
990 86
990 903
990 939
990 953
990 971
990 972
990 976
990 982
990 983
990 984
990 993
990 994
991 248
991 284
991 304
991 344
991 353
991 394
991 51
991 516
991 532
991 540
991 588
991 620
991 651
991 672
991 684
991 695
991 701
991 727
991 760
991 791
991 797
991 798
991 800
991 808
991 809
991 851
991 852
991 857
991 871
991 885
991 888
991 901
991 907
991 913
991 929
991 934
991 947
991 955
991 956
991 961
991 962
991 969
991 970
991 997
992 137
992 226
992 240
992 255
992 264
992 27
992 276
992 278
992 311
992 323
992 345
992 362
992 441
992 500
992 540
992 556
992 594
992 618
992 620
992 639
992 672
992 692
992 70
992 701
992 723
992 727
992 735
992 751
992 761
992 763
992 798
992 812
992 859
992 865
992 893
992 899
992 929
992 947
992 948
992 955
992 962
992 969
992 987
992 997
993 118
993 12
993 133
993 154
993 19
993 227
993 256
993 265
993 292
993 31
993 376
993 434
993 453
993 512
993 538
993 544
993 549
993 563
993 598
993 609
993 635
993 638
993 651
993 658
993 687
993 72
993 73
993 737
993 758
993 759
993 765
993 777
993 782
993 809
993 811
993 818
993 82
993 826
993 880
993 903
993 956
993 982
993 983
993 984
993 990
994 115
994 149
994 151
994 205
994 231
994 261
994 267
994 312
994 394
994 401
994 402
994 444
994 445
994 454
994 479
994 493
994 521
994 523
994 546
994 561
994 577
994 586
994 674
994 698
994 720
994 736
994 741
994 749
994 789
994 80
994 817
994 826
994 829
994 834
994 847
994 878
994 879
994 896
994 898
994 899
994 939
994 953
994 954
994 981
994 983
994 990
994 997
995 104
995 148
995 185
995 223
995 254
995 275
995 284
995 374
995 391
995 449
995 497
995 508
995 515
995 530
995 550
995 571
995 609
995 617
995 619
995 631
995 632
995 648
995 683
995 693
995 705
995 710
995 712
995 732
995 739
995 763
995 794
995 80
995 800
995 830
995 839
995 841
995 855
995 874
995 906
995 907
995 917
995 936
995 937
995 95
995 954
995 976
995 980
996 107
996 11
996 111
996 115
996 152
996 190
996 196
996 21
996 23
996 239
996 267
996 277
996 298
996 356
996 359
996 37
996 447
996 458
996 461
996 518
996 528
996 534
996 539
996 543
996 569
996 575
996 579
996 629
996 640
996 669
996 671
996 722
996 738
996 742
996 755
996 770
996 774
996 781
996 793
996 802
996 843
996 85
996 862
996 886
996 898
996 930
996 934
996 985
997 113
997 141
997 216
997 276
997 295
997 330
997 348
997 353
997 370
997 376
997 387
997 406
997 526
997 538
997 539
997 551
997 556
997 583
997 585
997 588
997 598
997 600
997 648
997 666
997 672
997 678
997 745
997 773
997 792
997 851
997 852
997 857
997 859
997 881
997 888
997 913
997 918
997 952
997 954
997 955
997 960
997 969
997 974
997 979
997 987
997 991
997 992
997 994
998 122
998 192
998 2
998 211
998 222
998 229
998 234
998 289
998 295
998 319
998 334
998 350
998 351
998 360
998 387
998 400
998 407
998 467
998 50
998 526
998 560
998 566
998 580
998 585
998 596
998 619
998 655
998 666
998 68
998 686
998 704
998 744
998 752
998 774
998 783
998 790
998 794
998 810
998 829
998 851
998 856
998 865
998 868
998 881
998 920
998 960
998 962
998 965
999 142
999 170
999 19
999 197
999 214
999 217
999 228
999 232
999 246
999 261
999 269
999 333
999 408
999 46
999 476
999 52
999 555
999 562
999 569
999 621
999 624
999 625
999 628
999 664
999 680
999 691
999 716
999 724
999 736
999 753
999 756
999 767
999 792
999 793
999 832
999 840
999 843
999 861
999 867
999 872
999 873
999 877
999 885
999 910
999 922
999 936
999 959
999 966
999 989
