# The communities at k=5
# from G:\Dropbox\Raghda\CNA\Final Project\other methods\CFinder-2.0.6--1448\G:\Dropbox\Raghda\CNA\Final Project\Datasets\binary_networks\LFR2\networ_LFR2_Om4.dat
# at no lower link weight threshold,
# and at no upper link weight threshold.
# Links were treated as undirected.
# No time limit was set for the clique search.

0: 732 879 818 165 463 
1: 979 989 931 956 375 978 877 937 973 267 27 942 619 944 321 538 397 433 793 776 
2: 254 648 883 439 959 983 962 996 532 854 306 385 657 441 456 552 655 
3: 994 993 976 783 999 696 266 981 714 876 794 311 521 560 367 758 459 484 507 705 618 
4: 989 975 985 898 916 844 450 256 897 486 447 400 790 401 420 536 651 
5: 884 946 951 982 691 893 932 954 971 926 259 294 809 379 409 740 535 515 531 665 716 
6: 845 991 997 945 873 865 263 347 383 408 541 678 
7: 451 841 936 288 747 
8: 988 667 963 467 899 961 888 804 292 819 649 687 800 480 812 524 573 
9: 677 966 757 977 881 934 998 692 970 952 726 929 900 939 300 690 611 955 559 501 528 825 702 633 761 
10: 989 824 992 986 950 999 920 925 796 868 875 806 679 309 828 614 843 660 
11: 839 662 312 392 744 
12: 910 882 921 919 544 320 455 471 862 815 
13: 732 879 818 444 330 
14: 923 940 960 637 805 518 373 442 664 833 652 
15: 995 789 857 858 377 
16: 990 1000 414 593 733 737 738 752 851 891 894 
17: 990 1000 422 647 711 733 773 778 894 
18: 689 834 477 980 788 853 886 592 562 613 
19: 957 832 965 967 902 913 768 871 641 903 445 650 707 958 661 517 759 
20: 772 867 917 674 700 889 874 972 817 475 820 646 
21: 735 741 785 823 671 396 
22: 781 971 653 762 407 683 730 
23: 856 774 602 684 448 
24: 904 846 826 669 425 526 
25: 938 969 603 878 972 598 829 680 589 437 698 739 685 
26: 901 769 838 600 469 
27: 703 852 848 734 522 
28: 989 837 887 974 995 912 791 780 512 710 
29: 840 980 767 525 500 
30: 992 986 920 915 561 
31: 748 866 927 706 496 
32: 941 987 835 612 520 
33: 933 750 928 895 799 534 
34: 948 811 999 908 859 911 984 860 831 786 554 588 
35: 720 743 936 585 564 
36: 814 995 972 936 634 615 
37: 943 947 896 922 906 863 870 827 914 643 718 590 715 
38: 1000 659 752 797 891 
39: 822 880 907 635 885 636 656 
40: 848 727 734 755 872 
41: 775 864 892 764 816 
