# The links inside the communities at k=5
# from G:\Dropbox\Raghda\CNA\Final Project\other methods\CFinder-2.0.6--1448\G:\Dropbox\Raghda\CNA\Final Project\Datasets\binary_networks\LFR6\network_LFR6_Om3.dat
# at no lower link weight threshold,
# and at no upper link weight threshold.
# Links were treated as undirected.
# No time limit was set for the clique search.

0:
1000 58
1000 930
1000 942
1000 982
58 930
58 942
58 982
930 942
930 982
942 982
1:
969 952
969 989
969 945
969 963
969 988
969 831
634 952
634 989
634 963
634 831
952 989
952 945
952 963
952 988
952 908
952 831
952 25
952 733
989 945
989 963
989 988
989 908
989 831
989 25
989 733
945 831
945 25
963 988
963 908
963 831
963 733
988 831
988 733
908 733
831 25
2:
934 985
934 996
934 579
934 738
934 742
934 862
985 996
985 579
985 738
985 742
985 862
985 85
996 579
996 738
996 742
996 862
996 85
579 862
579 85
738 862
742 862
862 85
3:
867 807
867 921
867 766
867 785
939 807
939 921
939 766
939 268
939 785
939 864
834 807
834 921
834 766
834 785
834 864
807 921
807 766
807 785
807 864
921 766
921 268
921 785
921 864
766 268
766 785
268 785
785 864
4:
904 941
904 726
904 854
904 564
928 527
928 931
928 941
928 854
928 456
527 931
527 941
527 854
527 564
931 941
931 726
931 271
931 854
931 365
931 456
931 564
941 726
941 271
941 854
941 365
941 456
941 564
726 271
726 854
726 365
726 564
271 854
854 365
854 456
854 564
456 564
5:
809 982
809 984
809 903
809 993
809 782
982 984
982 903
982 993
982 990
982 826
982 782
984 903
984 983
984 993
984 765
984 990
984 880
984 856
984 292
984 512
984 453
984 826
984 777
984 782
984 759
903 993
903 765
903 990
903 880
903 856
903 292
903 453
903 782
983 993
983 765
983 990
983 880
983 512
983 826
983 782
983 759
993 765
993 990
993 880
993 292
993 512
993 453
993 826
993 777
993 782
993 759
765 990
765 880
765 512
765 777
765 782
765 759
990 856
990 292
990 826
990 777
990 782
856 782
453 782
6:
926 924
926 977
926 366
926 663
924 977
924 366
924 663
977 366
977 663
366 663
7:
927 969
927 958
927 967
927 938
927 963
927 875
927 908
927 327
927 801
927 665
927 681
969 967
969 963
969 875
969 665
958 967
958 929
958 938
958 963
958 908
958 801
958 681
967 929
967 938
967 875
967 908
967 327
967 801
967 665
967 681
929 938
929 963
929 908
929 801
938 963
938 875
938 908
938 801
938 665
938 681
963 875
963 908
963 801
963 665
875 908
875 327
875 801
875 665
875 681
327 801
801 665
801 681
8:
914 976
914 925
914 968
914 971
914 869
914 646
976 925
976 968
976 971
976 554
976 947
976 869
976 646
976 721
925 968
925 971
925 554
925 947
925 869
925 337
925 721
925 438
925 819
968 971
968 554
968 947
968 869
968 721
968 438
968 819
971 554
971 947
971 869
971 646
971 337
971 721
971 438
947 869
947 646
869 646
869 337
869 721
869 438
869 819
337 721
721 819
9:
985 996
985 356
985 528
985 862
996 356
996 528
996 862
356 528
356 862
528 862
10:
934 871
934 907
934 961
934 991
934 947
934 695
871 907
871 961
871 991
871 947
871 695
871 797
871 457
907 961
907 991
907 947
907 394
907 695
907 797
907 457
961 991
961 394
961 695
961 797
961 457
991 947
991 394
991 695
991 797
947 695
947 457
394 695
394 797
695 457
11:
986 987
986 845
986 883
986 884
986 814
986 416
986 533
986 713
987 884
987 416
987 533
845 883
845 884
845 814
845 416
845 533
845 713
883 884
883 814
884 814
884 416
884 533
884 713
814 713
416 533
533 713
12:
983 974
983 953
983 425
983 468
974 953
974 425
974 468
953 425
953 468
425 468
13:
749 994
749 939
749 990
749 953
749 546
749 479
994 983
994 829
994 939
994 990
994 953
994 546
994 826
994 479
994 674
983 990
983 953
983 826
829 939
829 990
829 953
829 674
939 990
939 953
939 546
939 826
939 479
939 674
990 953
990 546
990 826
990 479
990 674
953 546
953 826
953 479
953 674
546 674
826 674
479 674
14:
1000 517
1000 863
1000 942
1000 943
517 863
517 942
517 943
863 942
863 943
942 943
15:
995 954
995 874
995 800
995 917
995 550
954 874
954 800
954 917
874 800
874 917
874 550
800 917
800 550
917 550
16:
595 879
595 582
595 933
595 844
879 582
879 933
879 844
582 933
582 844
933 844
17:
972 955
972 965
972 973
972 613
955 965
955 973
955 613
965 973
965 613
973 613
18:
943 940
943 946
943 949
943 853
943 919
943 637
940 923
940 946
940 962
940 853
940 919
923 949
923 962
923 853
923 919
946 949
946 853
946 816
946 919
946 637
949 962
949 853
949 816
949 919
949 820
949 637
962 853
962 816
962 919
853 816
853 919
853 820
816 919
816 820
919 820
919 637
19:
997 955
997 987
997 992
997 672
955 987
955 992
955 672
987 992
987 672
992 672
20:
935 707
935 780
935 913
935 896
707 780
707 913
707 896
780 913
780 896
913 896
21:
865 948
865 987
865 992
865 859
865 893
948 992
948 701
948 859
948 893
987 992
987 859
987 893
992 701
992 859
992 893
701 859
701 893
859 893
22:
999 959
999 922
999 861
999 716
959 922
959 861
959 716
922 861
922 716
861 716
23:
946 949
946 816
946 847
946 730
949 816
949 847
949 730
816 847
816 730
847 730
24:
877 999
877 959
877 861
877 767
999 959
999 861
999 767
959 861
959 767
861 767
