# The communities at k=5
# from G:\Dropbox\Raghda\CNA\Final Project\other methods\CFinder-2.0.6--1448\G:\Dropbox\Raghda\CNA\Final Project\Datasets\binary_networks\LFR6\network_LFR6_Om3.dat
# at no lower link weight threshold,
# and at no upper link weight threshold.
# Links were treated as undirected.
# No time limit was set for the clique search.

0: 1000 58 930 942 982 
1: 969 634 952 989 945 963 988 908 831 25 733 
2: 934 985 996 579 738 742 862 85 
3: 867 939 834 807 921 766 268 785 864 
4: 904 928 527 931 941 726 271 854 365 456 564 
5: 809 982 984 903 983 993 765 990 880 856 292 512 453 826 777 782 759 
6: 926 924 977 366 663 
7: 927 969 958 967 929 938 963 875 908 327 801 665 681 
8: 914 976 925 968 971 554 947 869 646 337 721 438 819 
9: 985 996 356 528 862 
10: 934 871 907 961 991 947 394 695 797 457 
11: 986 987 845 883 884 814 416 533 713 
12: 983 974 953 425 468 
13: 749 994 983 829 939 990 953 546 826 479 674 
14: 1000 517 863 942 943 
15: 995 954 874 800 917 550 
16: 595 879 582 933 844 
17: 972 955 965 973 613 
18: 943 940 923 946 949 962 853 816 919 820 637 
19: 997 955 987 992 672 
20: 935 707 780 913 896 
21: 865 948 987 992 701 859 893 
22: 999 959 922 861 716 
23: 946 949 816 847 730 
24: 877 999 959 861 767 
