# The links inside the communities at k=6
# from G:\Dropbox\Raghda\CNA\Final Project\other methods\CFinder-2.0.6--1448\G:\Dropbox\Raghda\CNA\Final Project\Datasets\binary_networks\LFR3\network_LFR3_Om6.dat
# at no lower link weight threshold,
# and at no upper link weight threshold.
# Links were treated as undirected.
# No time limit was set for the clique search.

0:
923 989
923 991
923 999
923 967
923 893
923 896
923 741
923 718
923 791
923 433
923 788
923 463
923 798
923 536
923 545
923 547
923 591
923 628
923 776
923 742
989 991
989 999
989 951
989 967
989 555
989 893
989 896
989 741
989 718
989 429
989 791
989 433
989 447
989 788
989 463
989 798
989 536
989 545
989 547
989 557
989 591
989 628
989 776
989 742
991 999
991 951
991 967
991 555
991 893
991 896
991 741
991 256
991 718
991 429
991 791
991 433
991 447
991 788
991 463
991 798
991 536
991 545
991 547
991 557
991 591
991 628
991 776
991 742
999 951
999 967
999 555
999 893
999 896
999 741
999 256
999 718
999 429
999 791
999 433
999 447
999 788
999 463
999 798
999 536
999 545
999 547
999 557
999 591
999 628
999 776
999 742
951 967
951 788
967 555
967 893
967 896
967 741
967 256
967 718
967 429
967 791
967 433
967 447
967 788
967 463
967 798
967 536
967 545
967 547
967 557
967 591
967 628
967 776
967 742
555 893
555 896
893 896
893 741
893 256
893 718
893 791
893 788
893 798
893 557
893 591
893 776
893 742
896 741
896 256
896 718
896 791
896 788
896 798
896 536
896 547
896 557
896 591
896 776
896 742
741 718
741 791
741 788
741 628
718 798
718 742
429 791
791 798
791 545
791 776
447 788
788 798
788 776
788 742
798 628
798 776
798 742
628 776
776 742
1:
682 954
682 955
682 996
682 262
682 764
954 955
954 996
954 262
954 764
955 996
955 262
955 764
996 262
996 764
262 764
2:
861 899
861 958
861 265
861 328
861 797
899 958
899 265
899 328
899 797
958 265
958 328
958 797
265 328
265 797
328 797
3:
832 833
832 917
832 935
832 266
832 787
832 518
832 752
832 542
832 631
832 714
832 627
833 917
833 935
833 950
833 266
833 787
833 752
833 542
833 631
833 714
917 935
917 950
917 266
917 787
917 518
917 752
917 542
917 631
917 714
917 627
935 950
935 266
935 787
935 518
935 752
935 542
935 631
935 714
935 627
950 787
950 752
266 787
787 518
787 752
787 542
787 631
787 714
787 627
518 752
518 631
752 714
752 627
542 714
631 714
631 627
714 627
4:
682 954
682 955
682 712
682 996
682 860
954 955
954 712
954 996
954 860
954 723
954 764
954 278
954 489
954 669
954 629
955 712
955 996
955 860
955 723
955 764
955 278
955 489
955 669
955 629
712 996
712 860
712 278
712 489
712 669
712 629
996 860
996 723
996 764
996 278
996 489
996 669
996 629
860 723
860 278
860 489
860 669
860 629
723 489
764 669
764 629
669 629
5:
968 985
968 972
968 297
968 403
968 770
985 972
985 297
985 403
985 770
972 297
972 403
972 770
297 403
297 770
403 770
6:
789 851
789 919
789 933
789 724
789 665
789 316
789 678
789 556
789 563
851 919
851 933
851 845
851 724
851 308
851 665
851 316
851 678
851 556
851 563
919 933
919 845
919 724
919 308
919 665
919 316
919 678
919 556
919 563
933 845
933 724
933 308
933 665
933 316
933 678
933 556
933 563
845 724
845 308
845 665
845 556
845 563
724 665
724 316
724 678
724 556
308 665
665 563
678 556
678 563
7:
953 852
953 887
953 987
953 846
953 909
953 932
953 950
953 847
953 879
953 321
953 324
953 337
953 407
953 520
953 532
953 544
953 550
953 650
953 609
953 676
852 887
852 987
852 846
852 909
852 932
852 847
852 879
852 321
852 337
852 407
852 532
852 550
852 650
852 676
887 987
887 846
887 909
887 932
887 847
887 879
887 324
887 407
887 520
887 532
887 544
887 550
887 650
887 609
887 676
987 846
987 909
987 932
987 950
987 847
987 879
987 321
987 324
987 407
987 520
987 532
987 544
987 550
987 650
987 609
987 676
846 909
846 932
846 847
846 879
846 337
846 650
846 609
846 676
909 932
909 847
909 879
909 321
909 324
909 337
909 520
909 532
909 544
909 550
909 650
909 609
909 676
932 950
932 847
932 879
932 324
932 337
932 407
932 520
932 532
932 544
932 550
932 650
932 609
932 676
950 847
950 879
847 879
847 407
847 520
847 544
847 650
847 676
879 321
879 520
879 532
879 609
879 676
8:
840 914
840 946
840 814
840 875
840 844
840 327
840 826
840 380
840 734
840 686
914 946
914 814
914 875
914 844
914 327
914 826
914 380
914 734
914 686
946 814
946 875
946 844
946 327
946 826
946 380
946 734
946 686
814 875
814 844
814 826
814 380
814 734
814 686
875 844
875 327
875 826
875 734
875 686
844 327
844 826
844 380
844 734
844 686
826 734
826 686
734 686
9:
743 784
743 968
743 922
743 985
743 972
743 908
784 968
784 922
784 985
784 972
784 770
968 922
968 985
968 886
968 972
968 908
968 770
968 341
968 467
968 733
968 502
968 583
922 985
922 972
922 908
922 770
922 341
922 467
922 733
922 583
985 886
985 972
985 908
985 770
985 341
985 467
985 733
985 502
985 583
886 972
886 908
886 770
886 733
886 502
886 583
972 908
972 770
972 341
972 467
972 733
972 583
908 770
908 341
908 733
908 502
770 467
770 733
467 733
733 502
733 583
10:
980 1000
980 435
980 475
980 510
980 604
980 617
980 666
980 688
980 755
980 838
980 894
980 941
1000 435
1000 475
1000 510
1000 604
1000 617
1000 666
1000 688
1000 755
1000 838
1000 894
1000 941
435 604
435 894
435 941
475 838
475 894
475 941
510 755
510 894
510 941
604 838
604 894
604 941
617 688
617 894
617 941
666 755
666 894
666 941
688 838
688 894
688 941
755 838
755 894
755 941
838 894
838 941
894 941
11:
767 986
767 993
767 997
767 998
767 957
767 976
767 902
767 848
767 911
767 856
767 903
767 836
434 986
434 993
434 998
434 957
434 948
986 993
986 997
986 998
986 957
986 976
986 902
986 740
986 848
986 529
986 911
986 615
986 948
986 828
986 903
986 404
986 417
986 836
986 595
986 652
993 997
993 998
993 934
993 957
993 976
993 902
993 848
993 529
993 615
993 948
993 828
993 903
993 484
993 530
993 818
993 417
993 715
993 469
993 836
993 652
997 998
997 934
997 957
997 976
997 902
997 740
997 848
997 529
997 911
997 615
997 948
997 856
997 828
997 903
997 484
997 526
997 530
997 404
997 818
997 417
997 715
997 469
997 836
997 595
997 652
998 934
998 957
998 976
998 902
998 740
998 848
998 911
998 948
998 856
998 828
998 903
998 484
998 526
998 404
998 818
998 417
998 439
998 715
998 469
998 652
934 957
934 976
934 902
934 740
934 911
934 948
934 856
934 828
934 903
934 526
934 818
934 439
934 715
934 836
957 976
957 902
957 740
957 615
957 948
957 856
957 828
957 903
957 530
957 404
957 818
957 417
957 439
957 469
957 836
957 595
976 902
976 848
976 529
976 911
976 948
976 856
976 828
976 903
976 484
976 530
976 404
976 836
976 595
976 652
902 848
902 911
902 856
902 818
902 715
902 836
740 911
740 948
740 903
740 439
740 836
848 529
848 948
848 856
848 828
848 836
911 948
911 856
911 903
911 818
911 715
911 595
615 948
615 828
948 856
948 828
948 484
948 530
948 818
948 439
948 715
948 595
948 652
856 903
856 526
856 836
856 652
828 903
903 526
903 469
903 836
818 417
818 715
818 652
469 836
836 595
12:
842 864
842 732
842 801
842 812
842 412
842 664
842 599
864 732
864 801
864 812
864 412
864 664
864 599
732 801
732 664
732 599
801 812
801 412
801 664
801 599
812 412
812 664
812 599
412 664
664 599
13:
954 955
954 996
954 764
954 644
954 420
955 996
955 764
955 644
955 420
996 764
996 644
996 420
764 644
764 420
644 420
14:
825 876
825 815
825 865
825 871
825 728
825 441
825 499
825 528
825 523
825 584
876 815
876 865
876 871
876 728
876 441
876 499
876 528
876 523
876 584
815 865
815 871
815 728
815 441
815 499
815 528
815 523
815 584
865 871
865 728
865 499
865 528
865 523
865 584
871 728
871 441
871 499
871 528
871 523
871 584
728 441
728 528
728 523
728 584
523 584
15:
870 795
870 964
870 992
870 762
870 891
870 947
870 925
870 697
870 816
870 793
870 597
870 610
870 726
795 964
795 992
795 891
795 907
795 947
795 697
795 883
795 816
795 793
795 616
964 699
964 992
964 762
964 891
964 907
964 947
964 670
964 782
964 925
964 697
964 883
964 816
964 443
964 480
964 793
964 558
964 597
964 610
964 726
964 758
699 992
699 947
699 925
699 883
699 793
699 558
699 726
992 762
992 891
992 907
992 947
992 670
992 782
992 925
992 697
992 883
992 816
992 443
992 480
992 793
992 558
992 561
992 597
992 610
992 616
992 726
992 758
762 891
762 947
762 925
762 697
762 610
891 907
891 947
891 670
891 782
891 925
891 883
891 443
891 480
891 793
891 561
891 616
891 758
907 947
907 670
907 782
907 925
907 883
907 816
907 443
907 480
907 793
907 561
907 616
907 726
907 758
947 670
947 782
947 925
947 697
947 883
947 816
947 443
947 561
947 597
947 610
947 616
947 758
670 782
670 925
670 883
782 925
782 816
782 561
782 610
782 758
925 883
925 793
925 558
925 561
925 597
925 610
925 616
925 726
925 758
883 816
883 443
883 480
883 558
883 726
883 758
816 793
816 597
816 758
793 597
793 616
793 726
16:
895 931
895 965
895 889
895 951
895 722
895 694
895 444
895 765
895 481
895 497
895 531
895 559
931 965
931 889
931 951
931 722
931 694
931 444
931 765
931 481
931 497
931 531
931 559
965 889
965 951
965 722
965 694
965 444
965 765
965 481
965 497
965 531
965 559
889 951
889 722
889 694
889 444
889 765
889 481
889 497
889 531
889 559
951 765
722 694
722 765
694 765
694 531
694 559
444 765
765 481
765 497
765 531
765 559
17:
780 942
780 949
780 892
780 930
780 939
780 940
780 774
835 942
835 949
835 837
835 924
835 892
835 930
835 671
835 940
835 696
942 949
942 511
942 924
942 892
942 930
942 939
942 671
942 940
942 721
942 774
949 511
949 837
949 924
949 892
949 930
949 939
949 671
949 940
949 696
949 774
511 930
511 939
511 940
837 892
837 930
837 939
837 940
837 696
837 774
924 892
924 930
924 939
924 671
924 940
924 696
924 721
924 774
892 930
892 939
892 671
892 940
892 774
930 939
930 940
930 696
930 721
930 774
939 671
939 940
939 696
939 721
940 696
940 721
940 774
696 721
18:
861 899
861 958
861 522
861 659
861 771
899 958
899 522
899 659
899 771
958 522
958 659
958 771
522 659
522 771
659 771
19:
647 916
647 750
647 831
647 813
647 653
916 750
916 831
916 813
916 521
916 653
750 831
750 813
750 521
750 653
831 813
831 521
831 653
813 521
813 653
521 653
20:
952 977
952 823
952 630
952 868
952 517
977 823
977 630
977 868
977 517
823 630
823 868
823 517
630 868
630 517
868 517
21:
973 990
973 746
973 877
973 910
973 960
973 747
973 863
973 988
973 915
973 928
973 945
973 937
973 843
973 869
973 777
973 872
973 783
973 639
973 589
990 746
990 877
990 910
990 960
990 747
990 988
990 915
990 945
990 937
990 950
990 843
990 869
990 777
990 872
990 783
990 639
990 589
990 551
990 727
746 910
746 945
746 783
877 960
877 747
877 988
877 915
877 945
877 937
877 843
877 872
877 783
877 589
910 960
910 747
910 945
910 872
910 783
910 639
960 747
960 863
960 988
960 915
960 945
960 937
960 950
960 843
960 869
960 777
960 872
960 783
960 639
960 589
960 551
960 727
747 988
747 937
747 872
863 988
863 915
863 928
863 937
863 843
863 777
863 783
988 915
988 928
988 945
988 937
988 843
988 869
988 777
988 872
988 783
988 589
988 551
988 727
915 928
915 945
915 937
915 950
915 843
915 869
915 872
915 639
928 945
928 937
928 843
928 777
945 937
945 950
945 843
945 869
945 872
945 783
945 639
937 950
937 843
937 869
937 777
937 872
937 551
937 727
843 783
869 872
869 783
869 727
872 551
872 727
22:
962 995
962 969
962 601
962 880
962 731
995 969
995 601
995 880
995 731
969 601
969 880
969 731
601 880
601 731
880 731
23:
705 962
705 995
705 805
705 969
705 785
705 685
962 995
962 805
962 969
962 785
962 685
962 880
995 805
995 969
995 785
995 685
995 880
805 969
805 785
805 685
969 785
969 685
969 880
785 685
785 880
685 880
24:
966 943
966 971
966 970
966 709
966 703
943 971
943 970
943 709
943 703
971 970
971 709
971 703
970 709
970 703
709 703
25:
975 961
975 920
975 959
975 983
975 855
975 857
975 707
938 961
938 981
938 920
938 959
938 983
938 807
938 857
961 920
961 959
961 983
961 807
961 855
961 857
961 707
981 920
981 959
981 983
981 807
981 857
920 959
920 983
920 807
920 855
920 857
920 707
959 983
959 807
959 857
959 707
983 855
983 857
983 707
807 857
855 707
26:
975 961
975 978
975 959
975 817
975 983
975 754
975 824
938 961
938 978
938 981
938 761
938 959
938 983
961 978
961 761
961 959
961 817
961 983
961 754
961 824
978 981
978 761
978 959
978 817
978 983
978 824
981 761
981 959
981 983
981 824
761 959
761 983
761 824
959 817
959 983
959 754
959 824
817 754
817 824
983 824
754 824
