# The communities at k=6
# from G:\Dropbox\Raghda\CNA\Final Project\other methods\CFinder-2.0.6--1448\G:\Dropbox\Raghda\CNA\Final Project\Datasets\binary_networks\LFR3\network_LFR3_Om6.dat
# at no lower link weight threshold,
# and at no upper link weight threshold.
# Links were treated as undirected.
# No time limit was set for the clique search.

0: 923 989 991 999 951 967 555 893 896 741 256 718 429 791 433 447 788 463 798 536 545 547 557 591 628 776 742 
1: 682 954 955 996 262 764 
2: 861 899 958 265 328 797 
3: 832 833 917 935 950 266 787 518 752 542 631 714 627 
4: 682 954 955 712 996 860 723 764 278 489 669 629 
5: 968 985 972 297 403 770 
6: 789 851 919 933 845 724 308 665 316 678 556 563 
7: 953 852 887 987 846 909 932 950 847 879 321 324 337 407 520 532 544 550 650 609 676 
8: 840 914 946 814 875 844 327 826 380 734 686 
9: 743 784 968 922 985 886 972 908 770 341 467 733 502 583 
10: 980 1000 435 475 510 604 617 666 688 755 838 894 941 
11: 767 434 986 993 997 998 934 957 976 902 740 848 529 911 615 948 856 828 903 484 526 530 404 818 417 439 715 469 836 595 652 
12: 842 864 732 801 812 412 664 599 
13: 954 955 996 764 644 420 
14: 825 876 815 865 871 728 441 499 528 523 584 
15: 870 795 964 699 992 762 891 907 947 670 782 925 697 883 816 443 480 793 558 561 597 610 616 726 758 
16: 895 931 965 889 951 722 694 444 765 481 497 531 559 
17: 780 835 942 949 511 837 924 892 930 939 671 940 696 721 774 
18: 861 899 958 522 659 771 
19: 647 916 750 831 813 521 653 
20: 952 977 823 630 868 517 
21: 973 990 746 877 910 960 747 863 988 915 928 945 937 950 843 869 777 872 783 639 589 551 727 
22: 962 995 969 601 880 731 
23: 705 962 995 805 969 785 685 880 
24: 966 943 971 970 709 703 
25: 975 938 961 981 920 959 983 807 855 857 707 
26: 975 938 961 978 981 761 959 817 983 754 824 
