# The contained cliques in the communities at k=6
# from G:\Dropbox\Raghda\CNA\Final Project\other methods\CFinder-2.0.6--1448\G:\Dropbox\Raghda\CNA\Final Project\Datasets\binary_networks\LFR3\network_LFR3_Om6.dat
# at no lower link weight threshold,
# and at no upper link weight threshold.
# Links were treated as undirected.
# No time limit was set for the clique search.

0: 334 727 819 931 1199 1200 1263 1264 1305 1382 801 813 616 649 812 1053 1054 615 629 1415 
1: 342 
2: 348 
3: 349 750 1035 1210 953 954 746 747 1279 
4: 362 685 1050 1071 686 1051 
5: 388 
6: 399 826 994 824 825 993 817 415 818 
7: 418 798 1125 425 592 795 811 814 945 1043 1514 440 
8: 426 1011 490 
9: 441 1223 1293 1222 1348 655 926 1294 928 697 
10: 520 845 526 1066 1224 846 702 963 
11: 535 1481 583 591 604 763 888 932 1062 1242 1313 1314 1315 1316 1317 1460 1482 1483 1484 1485 1538 1566 1569 605 1459 1206 1207 1208 1505 1537 1209 1249 1541 1244 1247 1250 1245 1243 1320 1246 1248 1251 1506 1508 660 1327 1507 1539 659 1321 1322 1325 1326 1328 1319 1323 1324 1540 1318 739 1512 1064 1542 762 621 1063 933 934 
12: 588 943 941 
13: 606 
14: 622 789 796 696 
15: 627 677 1102 1103 1306 1307 1309 1396 1398 823 947 950 1308 1345 1417 946 936 1112 937 938 939 1394 1395 1393 1399 1392 1397 1416 1111 949 948 951 1218 1079 1220 1078 820 1077 1219 
16: 628 678 695 797 822 876 1292 
17: 709 1311 1557 1312 1360 1467 1493 1361 1468 1094 1095 1096 1097 1098 1175 1086 1087 
18: 760 
19: 771 966 
20: 793 
21: 816 1216 1238 1523 1543 890 1239 1356 1401 1496 1544 1008 1402 1009 1230 1403 1358 1359 1497 1498 1499 1405 1570 
22: 849 
23: 1092 1093 
24: 1140 
25: 1178 1179 1534 1535 1451 1536 1453 
26: 1272 1443 1461 1336 1334 1337 1335 
