1	21 
2	17 
3	3 
4	12 
5	20 
6	5 
7	36 
8	8 
9	41 
10	32 
11	25 
12	8 
13	28 
14	9 
15	41 
16	2 31 
17	34 
18	5 40 
19	42 
20	15 
21	3 
22	19 
23	13 
24	5 32 
25	7 
26	34 
27	40 
28	16 
29	31 
30	13 
31	17 20 
32	40 
33	45 
34	29 
35	29 
36	4 
37	40 
38	3 
39	40 
40	14 
41	12 
42	5 12 
43	31 
44	32 34 
45	23 
46	45 
47	2 
48	31 
49	18 
50	17 28 
51	1 
52	22 
53	39 
54	10 
55	3 
56	18 34 
57	39 
58	32 
59	18 
60	34 
61	40 
62	44 
63	32 
64	41 
65	2 
66	22 
67	8 
68	34 
69	31 
70	23 
71	44 
72	13 36 
73	14 
74	40 
75	11 29 
76	28 34 
77	21 
78	41 
79	17 
80	25 
81	20 
82	3 
83	38 
84	45 
85	40 
86	11 
87	4 
88	16 
89	27 
90	19 
91	15 35 
92	4 
93	37 
94	12 30 
95	23 
96	26 
97	39 
98	40 
99	20 
100	38 
101	5 41 
102	36 
103	41 
104	31 
105	2 
106	13 
107	29 41 
108	38 
109	17 39 
110	35 
111	38 
112	8 
113	27 
114	33 
115	34 
116	3 
117	19 
118	9 
119	7 45 
120	5 
121	1 10 
122	43 
123	39 
124	25 
125	34 42 
126	15 
127	45 
128	17 41 
129	33 
130	20 
131	3 
132	26 
133	15 28 
134	15 
135	41 
136	12 
137	13 
138	22 
139	9 
140	32 
141	20 
142	7 
143	33 
144	37 
145	14 17 
146	13 
147	42 
148	40 
149	27 
150	22 
151	31 
152	17 35 
153	7 
154	15 
155	45 
156	42 
157	43 
158	13 
159	31 
160	30 
161	4 
162	11 
163	38 
164	3 4 
165	9 
166	28 
167	19 
168	2 
169	34 
170	15 
171	3 
172	39 
173	4 40 
174	33 
175	24 
176	40 
177	12 
178	44 
179	9 
180	3 
181	9 
182	4 
183	13 
184	6 
185	30 
186	2 
187	19 
188	10 
189	14 
190	40 
191	44 
192	31 
193	42 
194	5 
195	32 
196	31 
197	28 
198	3 
199	39 
200	40 
201	9 
202	31 
203	5 
204	40 
205	3 
206	40 
207	18 44 
208	27 
209	19 
210	12 31 
211	15 
212	34 
213	26 
214	43 
215	16 
216	8 
217	40 
218	20 
219	3 
220	21 
221	8 
222	9 
223	38 
224	14 
225	39 
226	43 
227	2 12 
228	5 
229	17 
230	4 
231	39 
232	22 
233	5 
234	12 
235	18 
236	19 
237	38 
238	10 
239	8 
240	2 
241	19 
242	33 
243	38 
244	22 
245	9 
246	30 
247	41 
248	17 
249	5 
250	45 
251	2 17 
252	23 
253	1 
254	34 
255	19 
256	3 
257	30 
258	19 
259	45 
260	37 
261	44 
262	34 
263	5 13 
264	42 
265	8 
266	28 43 
267	1 
268	5 
269	21 
270	8 
271	31 
272	43 
273	11 
274	45 
275	36 
276	10 
277	30 
278	7 
279	19 
280	41 
281	28 
282	12 
283	9 
284	41 
285	31 
286	13 41 
287	34 
288	5 
289	3 8 
290	3 
291	9 
292	5 
293	31 
294	6 
295	36 
296	39 
297	14 
298	2 
299	11 
300	10 
301	32 
302	19 
303	23 
304	43 
305	13 
306	13 
307	21 
308	14 
309	8 
310	14 
311	27 
312	30 
313	44 
314	19 
315	13 
316	28 
317	12 
318	13 
319	2 9 
320	18 
321	14 
322	9 
323	28 
324	6 
325	33 34 
326	1 
327	18 
328	39 
329	28 
330	7 9 
331	16 
332	27 
333	38 
334	23 
335	4 
336	17 
337	14 
338	8 
339	22 
340	34 
341	33 
342	45 
343	19 
344	38 
345	18 
346	27 
347	26 
348	5 14 
349	28 
350	3 
351	21 
352	4 
353	11 
354	15 
355	34 
356	42 
357	15 
358	34 
359	13 
360	39 
361	22 
362	28 36 
363	8 
364	30 
365	22 
366	19 
367	40 
368	16 
369	8 40 
370	15 
371	45 
372	34 
373	7 
374	19 
375	41 
376	34 
377	12 
378	3 22 
379	3 
380	20 
381	43 
382	1 
383	8 29 
384	24 
385	8 
386	28 
387	11 
388	1 
389	43 
390	25 
391	28 
392	20 
393	25 
394	21 
395	27 
396	17 
397	42 
398	2 
399	12 
400	18 
401	4 
402	14 
403	6 
404	19 
405	19 
406	3 
407	22 
408	21 
409	37 
410	19 
411	6 
412	21 
413	26 
414	15 
415	8 
416	42 
417	20 29 
418	34 
419	24 
420	10 
421	30 
422	34 
423	40 
424	17 
425	4 
426	12 34 
427	2 
428	31 
429	31 
430	17 
431	24 
432	18 
433	27 
434	31 
435	8 
436	4 
437	11 
438	13 
439	14 
440	41 
441	41 
442	33 
443	14 
444	20 
445	35 
446	4 
447	3 
448	25 
449	20 
450	39 
451	25 35 
452	9 
453	37 
454	18 
455	13 19 
456	31 
457	4 
458	18 
459	20 
460	29 
461	2 
462	5 
463	38 
464	14 
465	28 
466	18 
467	44 
468	36 
469	19 
470	15 
471	4 
472	8 
473	34 
474	33 
475	34 
476	8 
477	9 
478	11 
479	3 
480	34 
481	26 
482	28 
483	17 
484	30 
485	32 
486	33 
487	33 
488	8 
489	20 
490	44 
491	11 33 
492	9 
493	23 
494	22 
495	1 3 
496	40 
497	41 
498	15 
499	17 
500	7 
501	4 
502	10 
503	1 
504	3 
505	41 
506	4 29 
507	29 
508	3 
509	15 
510	23 
511	33 
512	20 
513	11 
514	1 
515	26 
516	9 
517	32 
518	20 
519	38 
520	34 
521	8 
522	8 37 
523	8 
524	14 42 
525	44 
526	19 
527	20 
528	8 
529	40 
530	9 32 
531	18 
532	28 
533	11 
534	13 
535	16 
536	17 
537	8 23 
538	16 
539	29 
540	40 
541	7 
542	20 
543	19 
544	22 
545	31 
546	33 43 
547	15 
548	30 
549	4 7 
550	31 
551	38 
552	12 
553	4 
554	42 
555	15 
556	6 8 
557	13 30 
558	35 
559	30 37 
560	33 
561	14 
562	15 43 
563	40 
564	5 
565	9 
566	37 
567	13 
568	12 
569	19 
570	8 15 
571	27 
572	27 
573	17 
574	15 38 
575	13 
576	20 
577	34 
578	31 33 
579	4 
580	17 
581	7 
582	14 
583	5 
584	7 
585	6 
586	21 
587	40 
588	30 
589	6 
590	7 
591	18 
592	18 
593	33 
594	6 
595	3 
596	13 
597	4 
598	43 44 
599	20 
600	31 
601	40 
602	41 
603	30 
604	35 
605	43 
606	43 
607	8 30 
608	14 
609	5 
610	8 
611	19 
612	19 36 
613	18 
614	5 
615	24 
616	18 30 
617	8 
618	2 9 
619	3 45 
620	35 
621	31 
622	31 
623	30 
624	24 
625	34 
626	12 
627	29 
628	20 
629	32 35 
630	25 
631	34 
632	44 
633	34 
634	26 
635	7 
636	28 
637	1 
638	12 
639	20 29 
640	41 
641	44 
642	39 
643	38 
644	9 13 
645	3 
646	15 
647	42 
648	4 
649	8 
650	33 
651	6 
652	23 
653	39 
654	33 37 
655	3 
656	33 
657	38 
658	19 
659	21 
660	39 
661	15 
662	23 
663	4 
664	11 
665	22 
666	28 
667	3 
668	12 
669	14 
670	45 
671	38 
672	16 
673	32 
674	12 
675	32 
676	4 
677	9 
678	3 
679	6 
680	36 
681	30 
682	30 
683	3 8 
684	34 
685	41 
686	7 
687	39 
688	34 
689	33 
690	9 
691	26 
692	19 
693	41 
694	14 
695	33 
696	30 
697	19 
698	7 30 
699	4 
700	17 38 
701	2 
702	12 
703	38 
704	1 
705	41 
706	32 
707	24 
708	33 
709	37 
710	34 
711	34 
712	45 
713	20 
714	5 
715	13 
716	14 
717	7 34 
718	5 
719	31 
720	9 
721	19 
722	41 
723	3 
724	39 
725	41 
726	5 
727	33 
728	13 
729	31 
730	45 
731	3 16 
732	27 
733	12 
734	6 
735	3 36 
736	34 
737	40 
738	27 
739	4 
740	37 
741	16 
742	25 
743	3 
744	3 
745	17 
746	3 24 
747	10 
748	12 
749	25 
750	6 
751	4 
752	10 
753	9 
754	41 
755	45 
756	10 
757	36 
758	17 
759	28 
760	19 
761	3 
762	41 
763	8 
764	41 
765	41 
766	6 
767	19 
768	14 
769	20 
770	30 
771	30 
772	41 
773	30 
774	7 
775	12 
776	9 
777	26 
778	34 
779	40 
780	6 
781	38 
782	9 
783	2 4 
784	35 
785	12 
786	11 
787	40 
788	33 
789	2 
790	2 13 
791	34 
792	35 
793	26 
794	27 
795	25 
796	41 
797	30 
798	28 
799	33 
800	31 33 
801	40 
802	1 
803	28 
804	17 
805	40 
806	39 
807	12 
808	28 
809	28 
810	21 
811	44 
812	24 
813	43 
814	41 
815	34 
816	41 
817	3 
818	8 
819	24 
820	15 19 
821	6 
822	12 
823	21 
824	19 
825	29 
826	10 
827	13 
828	31 
829	15 
830	8 
831	4 
832	15 34 
833	33 
834	13 
835	42 
836	42 
837	17 
838	8 
839	40 
840	8 38 
841	43 
842	6 
843	45 
844	20 
845	32 
846	44 
847	1 
848	31 
849	36 
850	19 
851	8 
852	3 
853	28 
854	12 
855	45 
856	14 
857	8 
858	31 
859	44 
860	5 
861	40 
862	30 
863	30 
864	28 
865	44 
866	40 
867	1 
868	39 
869	9 
870	30 
871	3 38 
872	11 
873	5 
874	41 
875	33 
876	19 
877	3 
878	19 
879	12 
880	34 
881	1 
882	21 
883	7 
884	27 
885	2 
886	2 
887	9 
888	34 
889	29 
890	3 
891	24 45 
892	8 
893	4 
894	40 
895	12 
896	5 
897	17 
898	12 
899	15 
900	28 
901	7 13 
902	34 
903	41 
904	5 
905	34 
906	33 
907	1 
908	3 
909	13 
910	39 
911	40 
912	40 
913	6 
914	19 
915	1 
916	19 
917	40 
918	5 
919	8 33 
920	33 
921	30 
922	30 
923	34 
924	4 
925	30 
926	3 
927	17 
928	28 
929	40 43 
930	13 19 
931	20 
932	19 
933	3 
934	2 
935	4 
936	19 
937	13 
938	40 
939	2 
940	41 
941	4 
942	15 
943	9 23 
944	38 
945	41 
946	30 
947	31 
948	40 
949	19 
950	41 
951	4 
952	39 
953	34 
954	38 
955	19 
956	8 
957	41 
958	3 
959	5 
960	40 
961	38 
962	5 
963	5 13 
964	8 
965	8 44 
966	30 
967	33 
968	28 
969	34 
970	5 
971	34 
972	30 
973	3 23 
974	4 
975	8 
976	30 
977	41 
978	34 36 
979	14 42 
980	8 
981	41 
982	3 
983	28 
984	8 
985	28 
986	28 
987	13 
988	8 
989	9 
990	40 
991	8 
992	41 
993	28 
994	1 5 
995	4 
996	13 14 
997	4 39 
998	5 
999	15 29 
1000	40 
