# The links inside the communities at k=12
# from G:\Dropbox\Raghda\CNA\Final Project\other methods\CFinder-2.0.6--1448\G:\Dropbox\Raghda\CNA\Final Project\Datasets\binary_networks\LFR2\networ_LFR2_Om5.dat
# at no lower link weight threshold,
# and at no upper link weight threshold.
# Links were treated as undirected.
# No time limit was set for the clique search.

0:
911 998
911 939
911 958
911 813
911 983
911 987
911 846
911 929
911 888
911 829
911 881
911 839
998 939
998 958
998 813
998 983
998 987
998 846
998 929
998 888
998 829
998 881
998 839
939 958
939 813
939 983
939 987
939 846
939 929
939 888
939 829
939 881
939 839
958 813
958 983
958 987
958 846
958 929
958 888
958 829
958 881
958 839
813 983
813 987
813 846
813 929
813 888
813 881
813 839
983 987
983 846
983 929
983 888
983 829
983 881
983 839
987 846
987 929
987 888
987 829
987 881
987 839
846 929
846 888
846 829
846 881
846 839
929 888
929 829
929 881
929 839
888 829
888 881
888 839
829 881
829 839
881 839
1:
1000 849
1000 876
1000 902
1000 947
1000 953
1000 954
1000 960
1000 964
1000 980
1000 989
1000 995
849 876
849 902
849 947
849 953
849 954
849 960
849 964
849 980
849 989
849 995
876 902
876 947
876 953
876 954
876 960
876 964
876 980
876 989
876 995
902 947
902 953
902 954
902 960
902 964
902 980
902 989
902 995
947 953
947 954
947 960
947 964
947 980
947 989
947 995
953 954
953 960
953 964
953 980
953 989
953 995
954 960
954 964
954 980
954 989
954 995
960 964
960 980
960 989
960 995
964 980
964 989
964 995
980 989
980 995
989 995
