# The links inside the communities at k=8
# from G:\Dropbox\Raghda\CNA\Final Project\other methods\CFinder-2.0.6--1448\G:\Dropbox\Raghda\CNA\Final Project\Datasets\binary_networks\LFR2\networ_LFR2_Om5.dat
# at no lower link weight threshold,
# and at no upper link weight threshold.
# Links were treated as undirected.
# No time limit was set for the clique search.

0:
976 945
976 971
976 930
976 833
976 880
976 917
976 630
976 906
976 885
976 821
976 727
976 702
945 971
945 930
945 833
945 880
945 917
945 630
945 906
945 885
945 821
945 727
945 702
971 930
971 833
971 880
971 917
971 630
971 906
971 885
971 821
971 727
971 702
930 833
930 880
930 917
930 630
930 906
930 885
930 821
930 727
930 702
833 880
833 917
833 906
833 885
833 821
880 917
880 906
880 885
880 821
880 727
880 702
917 630
917 906
917 885
917 821
917 727
917 702
630 906
630 885
906 885
906 821
906 727
906 702
885 821
885 727
885 702
1:
999 798
999 908
999 955
999 864
999 912
999 936
999 924
999 714
999 649
798 908
798 955
798 864
798 912
798 936
798 924
798 714
798 649
908 955
908 864
908 912
908 936
908 924
908 714
955 864
955 912
955 936
955 924
955 714
955 649
864 912
864 936
864 924
864 714
864 649
912 936
912 924
912 714
912 649
936 924
936 714
936 649
924 714
924 649
2:
1000 692
1000 723
1000 739
1000 773
1000 799
1000 849
1000 876
1000 902
1000 947
1000 953
1000 954
1000 960
1000 964
1000 980
1000 989
1000 995
692 953
692 960
692 964
692 980
692 989
692 995
723 953
723 954
723 960
723 964
723 980
723 989
723 995
739 947
739 953
739 954
739 960
739 964
739 980
739 989
739 995
773 902
773 947
773 953
773 954
773 960
773 964
773 980
773 989
773 995
799 902
799 947
799 953
799 954
799 960
799 964
799 980
799 989
799 995
849 876
849 902
849 947
849 953
849 954
849 960
849 964
849 980
849 989
849 995
876 902
876 947
876 953
876 954
876 960
876 964
876 980
876 989
876 995
902 947
902 953
902 954
902 960
902 964
902 980
902 989
902 995
947 953
947 954
947 960
947 964
947 980
947 989
947 995
953 954
953 960
953 964
953 980
953 989
953 995
954 960
954 964
954 980
954 989
954 995
960 964
960 980
960 989
960 995
964 980
964 989
964 995
980 989
980 995
989 995
3:
948 968
948 698
948 895
948 928
948 794
948 717
948 688
948 875
948 865
968 698
968 895
968 928
968 794
968 717
968 688
968 875
968 865
698 895
698 928
698 794
698 875
698 865
895 928
895 794
895 717
895 688
895 875
895 865
928 794
928 717
928 688
928 875
928 865
794 717
794 688
794 875
794 865
717 875
717 865
688 875
688 865
875 865
4:
853 800
853 944
853 957
853 977
853 975
853 766
853 824
853 814
853 667
800 944
800 957
800 977
800 975
800 766
800 824
800 814
944 957
944 977
944 975
944 766
944 824
944 814
944 667
957 977
957 975
957 766
957 824
957 814
957 667
977 975
977 766
977 824
977 814
977 667
975 766
975 824
975 814
975 667
766 824
766 814
824 814
824 667
814 667
5:
911 998
911 939
911 958
911 782
911 813
911 983
911 987
911 701
911 846
911 929
911 888
911 829
911 881
911 839
998 939
998 958
998 782
998 813
998 983
998 987
998 701
998 846
998 929
998 888
998 829
998 881
998 839
939 958
939 782
939 813
939 983
939 987
939 701
939 846
939 929
939 888
939 829
939 881
939 839
958 782
958 813
958 983
958 987
958 701
958 846
958 929
958 888
958 829
958 881
958 839
782 983
782 987
782 846
782 929
782 888
813 983
813 987
813 846
813 929
813 888
813 881
813 839
983 987
983 701
983 846
983 929
983 888
983 829
983 881
983 839
987 701
987 846
987 929
987 888
987 829
987 881
987 839
701 929
701 888
846 929
846 888
846 829
846 881
846 839
929 888
929 829
929 881
929 839
888 829
888 881
888 839
829 881
829 839
881 839
6:
932 961
932 991
932 965
932 940
932 950
932 818
932 812
932 738
932 822
932 815
961 991
961 965
961 940
961 950
961 818
961 812
961 738
961 822
961 815
991 965
991 940
991 950
991 812
991 822
965 940
965 950
965 818
965 812
965 738
965 822
965 815
940 950
940 818
940 812
940 738
940 822
940 815
950 818
950 812
950 738
950 822
950 815
818 812
818 738
818 822
818 815
812 738
812 822
812 815
738 815
822 815
7:
997 981
997 996
997 927
997 756
997 919
997 764
997 804
997 783
997 758
981 996
981 927
981 756
981 919
981 764
981 804
981 783
981 758
996 927
996 756
996 919
996 764
996 804
996 783
996 758
927 756
927 919
927 764
927 804
927 783
927 758
756 919
756 764
756 783
756 758
919 764
919 804
919 783
919 758
764 804
764 758
804 783
804 758
783 758
