# The links inside the communities at k=7
# from G:\Dropbox\Raghda\CNA\Final Project\other methods\CFinder-2.0.6--1448\G:\Dropbox\Raghda\CNA\Final Project\Datasets\binary_networks\LFR4\network_LFR4_Om3.dat
# at no lower link weight threshold,
# and at no upper link weight threshold.
# Links were treated as undirected.
# No time limit was set for the clique search.

0:
971 847
971 970
971 935
971 983
971 732
971 932
847 970
847 935
847 983
847 732
847 932
970 935
970 983
970 732
970 932
935 983
935 732
935 932
983 732
983 932
732 932
1:
996 990
996 981
996 907
996 973
996 944
996 893
996 796
996 841
996 864
996 719
990 981
990 818
990 907
990 973
990 944
990 893
990 796
990 841
990 864
990 719
981 818
981 907
981 973
981 893
981 796
981 841
981 864
981 719
818 973
818 893
818 796
818 864
818 719
907 973
907 841
907 864
973 944
973 893
973 796
973 841
973 864
973 719
944 893
944 841
944 864
893 796
893 841
893 864
893 719
796 841
796 864
796 719
841 864
2:
999 989
999 910
999 857
999 850
999 950
999 903
999 739
989 910
989 857
989 850
989 950
989 903
989 739
910 857
910 850
910 950
910 903
910 739
857 850
857 950
857 903
857 739
850 950
850 903
850 739
950 903
950 739
3:
972 978
972 911
972 956
972 839
972 863
972 961
978 911
978 956
978 839
978 863
978 961
911 956
911 839
911 863
911 961
956 839
956 863
956 961
839 863
839 961
863 961
