# The cliques from G:\Dropbox\Raghda\CNA\Final Project\other methods\CFinder-2.0.6--1448\G:\Dropbox\Raghda\CNA\Final Project\Datasets\binary_networks\LFR3\network_LFR3_Om4.dat
# at no lower link weight threshold,
# and at no upper link weight threshold.
# Links were treated as undirected.
# No time limit was set for the clique search.

0: 1 743 968 
1: 1 968 979 
2: 10 800 897 
3: 1000 110 851 928 
4: 1000 117 969 995 
5: 1000 122 751 
6: 122 751 737 
7: 1000 201 565 
8: 1000 201 832 990 
9: 1000 5 984 990 
10: 5 984 990 704 
11: 1000 50 865 969 990 
12: 1000 51 984 995 
13: 1000 7 984 990 
14: 901 990 101 
15: 102 944 957 997 
16: 103 566 840 903 
17: 103 678 840 903 
18: 987 104 999 
19: 106 802 886 965 
20: 106 817 886 965 
21: 107 615 908 
22: 107 694 908 989 
23: 994 224 998 924 
24: 109 876 947 
25: 109 937 947 988 
26: 11 958 996 
27: 111 785 805 862 907 
28: 925 112 789 920 932 
29: 114 527 993 
30: 114 966 993 
31: 115 550 945 
32: 115 717 945 
33: 923 116 881 
34: 923 116 930 
35: 118 222 916 
36: 118 916 962 
37: 222 916 912 938 
38: 119 29 455 
39: 971 945 12 808 942 
40: 947 120 773 983 
41: 947 120 781 983 
42: 62 976 854 
43: 62 976 762 
44: 994 123 510 
45: 988 124 911 
46: 937 983 125 
47: 773 983 125 
48: 965 126 650 836 
49: 965 126 829 836 
50: 962 127 730 912 
51: 907 129 607 670 
52: 907 129 670 830 
53: 13 787 791 888 
54: 130 347 921 
55: 130 917 921 
56: 994 131 375 998 
57: 131 392 998 
58: 132 710 967 977 
59: 132 867 967 977 
60: 919 134 926 
61: 965 829 135 348 
62: 965 135 56 
63: 965 836 56 756 
64: 849 970 136 807 
65: 970 136 904 
66: 977 138 954 
67: 958 917 139 
68: 998 14 696 
69: 998 14 774 
70: 884 990 140 
71: 969 987 140 
72: 969 990 140 
73: 937 141 739 
74: 989 142 163 
75: 142 617 910 
76: 143 595 956 
77: 143 951 956 959 
78: 678 903 144 
79: 903 144 772 
80: 926 145 847 940 
81: 926 145 847 972 
82: 805 907 146 489 
83: 805 907 146 845 
84: 991 147 663 
85: 991 147 801 
86: 970 148 963 
87: 999 996 75 985 
88: 805 907 830 149 
89: 805 907 845 149 
90: 15 788 839 
91: 997 926 940 150 982 
92: 903 151 626 
93: 903 151 844 
94: 151 395 844 
95: 966 991 152 848 
96: 966 152 719 
97: 991 153 337 
98: 991 153 397 
99: 991 153 543 
100: 971 942 154 592 
101: 971 154 603 
102: 886 965 155 653 
103: 965 155 653 756 
104: 156 171 883 
105: 156 342 552 
106: 897 171 883 
107: 867 166 860 
108: 79 915 575 
109: 79 915 412 
110: 802 886 965 158 
111: 992 159 973 986 
112: 988 983 16 
113: 988 16 250 
114: 988 16 749 
115: 937 983 161 946 
116: 988 911 190 
117: 892 164 934 
118: 164 330 814 
119: 164 330 934 
120: 805 862 907 845 165 
121: 967 977 860 167 
122: 967 977 167 882 
123: 168 370 857 
124: 968 879 169 
125: 968 863 169 
126: 977 17 898 
127: 170 924 953 
128: 937 911 946 172 
129: 946 172 441 
130: 991 934 173 
131: 991 173 734 
132: 174 636 684 
133: 832 995 175 
134: 995 175 371 
135: 901 984 990 27 
136: 992 973 986 176 895 
137: 773 983 177 656 
138: 983 177 564 656 
139: 988 911 179 
140: 988 179 270 
141: 959 18 927 939 
142: 959 18 955 
143: 994 998 180 
144: 958 998 180 
145: 971 945 181 512 866 
146: 944 182 964 974 
147: 971 717 942 183 
148: 999 955 184 978 
149: 916 962 912 185 922 
150: 988 983 911 186 
151: 911 186 775 
152: 923 930 187 424 
153: 989 234 918 509 
154: 832 995 189 
155: 984 995 189 
156: 867 954 19 
157: 977 786 74 
158: 970 193 546 
159: 970 193 702 
160: 784 993 194 
161: 993 991 194 
162: 991 194 658 
163: 905 908 195 
164: 905 195 744 
165: 195 535 744 
166: 935 948 198 941 975 
167: 989 199 572 
168: 989 199 918 
169: 859 956 959 2 
170: 923 956 959 2 
171: 910 20 25 
172: 987 910 25 
173: 992 973 986 202 492 
174: 626 203 662 
175: 203 580 662 
176: 859 951 206 
177: 923 206 889 
178: 802 965 756 207 
179: 817 965 207 
180: 996 208 723 
181: 903 844 709 209 
182: 694 21 854 
183: 21 360 854 
184: 993 505 210 
185: 993 934 210 
186: 993 210 223 
187: 993 991 223 
188: 937 947 946 211 
189: 913 984 212 
190: 913 212 952 
191: 984 212 877 
192: 947 781 213 
193: 947 213 732 
194: 585 214 915 
195: 214 769 915 
196: 977 788 215 
197: 788 839 215 
198: 710 967 977 216 
199: 879 929 218 
200: 879 218 950 
201: 218 520 950 
202: 789 932 22 
203: 751 851 990 220 
204: 851 990 995 220 
205: 593 221 864 
206: 221 542 875 
207: 221 864 875 
208: 932 954 225 
209: 924 953 226 
210: 953 952 226 
211: 993 991 848 227 
212: 960 228 731 
213: 228 731 816 869 
214: 983 229 729 
215: 840 903 709 23 
216: 963 230 639 
217: 998 582 54 841 
218: 992 973 986 895 231 
219: 996 978 233 850 
220: 996 233 87 
221: 996 985 87 
222: 996 87 812 
223: 867 735 235 
224: 967 860 66 
225: 967 66 759 
226: 966 993 991 238 621 
227: 876 739 239 
228: 988 911 239 
229: 835 883 24 
230: 909 899 240 
231: 949 964 241 902 
232: 966 993 934 243 
233: 966 892 934 243 
234: 905 989 35 
235: 989 976 35 
236: 976 245 35 
237: 971 945 808 92 
238: 971 945 255 92 
239: 269 42 474 
240: 979 920 28 
241: 997 847 47 
242: 997 981 47 
243: 992 973 986 821 3 
244: 999 996 30 
245: 999 30 457 
246: 857 31 484 
247: 817 965 829 40 
248: 965 829 316 40 
249: 768 908 41 
250: 908 854 41 
251: 945 942 866 32 
252: 942 904 866 32 
253: 717 942 33 
254: 942 512 33 
255: 897 835 67 
256: 800 897 45 
257: 897 561 45 
258: 970 828 878 76 
259: 897 883 36 
260: 883 358 36 
261: 996 985 363 44 
262: 996 44 472 
263: 947 988 946 9 
264: 988 946 372 9 
265: 948 975 943 38 
266: 389 963 97 
267: 963 898 97 
268: 898 854 97 
269: 916 962 922 938 39 
270: 862 607 845 46 
271: 903 844 91 
272: 395 844 91 
273: 959 815 4 697 
274: 992 986 94 811 
275: 924 68 695 
276: 962 730 80 
277: 962 922 80 
278: 761 556 797 49 
279: 797 462 49 
280: 891 649 770 93 
281: 467 770 93 
282: 784 955 48 
283: 920 950 59 
284: 950 483 59 
285: 962 922 938 98 
286: 962 938 487 98 
287: 805 907 489 81 
288: 805 907 845 81 
289: 988 644 53 
290: 993 991 801 84 
291: 993 801 555 84 
292: 968 979 72 
293: 979 950 72 
294: 800 883 90 
295: 992 973 986 63 
296: 992 973 986 633 88 
297: 958 637 86 
298: 857 952 642 82 
299: 857 864 642 82 
300: 941 824 837 65 
301: 941 752 65 
302: 818 890 69 
303: 912 758 938 71 
304: 975 861 89 
305: 975 943 89 
306: 791 888 846 96 
307: 960 970 78 
308: 970 904 78 
309: 962 912 922 938 8 
310: 960 970 828 83 
311: 958 917 95 
312: 958 998 834 95 
313: 279 838 839 
314: 279 838 819 
315: 393 977 786 628 
316: 1000 312 984 990 995 
317: 324 976 264 
318: 324 976 554 
319: 1000 343 755 
320: 1000 343 984 990 
321: 295 977 742 
322: 966 399 719 
323: 966 399 848 
324: 251 769 522 
325: 251 769 868 
326: 994 375 651 
327: 958 375 998 
328: 958 375 651 
329: 392 998 738 
330: 886 965 829 836 348 
331: 840 395 844 437 
332: 966 991 892 337 
333: 991 337 814 
334: 991 848 397 934 
335: 991 397 814 
336: 988 250 946 
337: 993 991 330 814 
338: 993 991 330 934 
339: 370 857 654 
340: 370 875 654 
341: 851 984 995 371 
342: 969 995 371 
343: 357 918 680 
344: 930 959 380 741 
345: 627 959 380 
346: 976 899 333 
347: 524 969 259 
348: 524 984 259 
349: 969 259 877 
350: 984 259 877 
351: 983 946 336 372 
352: 925 931 950 308 
353: 897 334 676 
354: 897 334 561 706 
355: 971 942 244 
356: 976 918 245 
357: 585 915 246 
358: 915 246 345 
359: 915 246 478 
360: 455 915 345 
361: 915 345 486 
362: 915 345 703 
363: 809 996 247 
364: 999 996 955 247 
365: 999 247 906 
366: 248 401 556 
367: 248 467 488 
368: 248 488 556 
369: 248 488 649 
370: 988 983 946 249 644 
371: 988 983 946 249 798 
372: 962 730 912 758 253 
373: 962 912 758 922 253 
374: 923 254 733 
375: 951 254 559 
376: 971 550 945 255 
377: 971 945 866 255 
378: 876 947 946 256 
379: 937 947 946 256 
380: 937 503 256 
381: 993 848 257 
382: 993 814 257 
383: 993 257 398 782 
384: 897 835 612 258 
385: 978 850 260 
386: 978 260 355 
387: 978 260 576 
388: 872 906 355 
389: 881 951 261 
390: 951 261 712 
391: 968 262 885 
392: 262 810 885 
393: 262 827 885 
394: 799 263 770 797 
395: 989 976 918 264 
396: 421 995 265 
397: 498 995 265 
398: 984 995 265 880 
399: 849 807 828 266 
400: 849 828 869 266 
401: 957 997 982 267 981 
402: 785 862 907 845 268 
403: 799 269 349 429 
404: 799 269 349 474 
405: 799 797 349 
406: 994 953 272 
407: 994 272 651 
408: 795 953 272 
409: 921 953 272 
410: 921 272 651 
411: 949 997 982 273 
412: 949 982 974 273 
413: 997 870 982 273 
414: 870 982 974 273 
415: 758 938 274 
416: 968 979 275 
417: 968 961 275 
418: 920 879 300 
419: 787 888 276 783 852 
420: 935 941 975 277 824 
421: 941 975 277 647 
422: 490 995 280 
423: 984 995 880 280 
424: 984 995 280 381 
425: 987 995 381 
426: 989 976 281 779 
427: 989 572 281 
428: 615 283 871 
429: 976 635 283 682 
430: 976 283 871 
431: 979 856 284 
432: 856 771 284 
433: 992 973 986 285 753 821 
434: 842 286 613 
435: 862 830 296 458 
436: 830 681 296 
437: 996 978 287 
438: 996 287 363 
439: 996 985 363 826 
440: 881 889 288 815 
441: 930 889 288 815 
442: 927 889 288 815 
443: 799 429 289 
444: 931 950 313 
445: 950 810 313 
446: 997 972 902 291 
447: 935 941 975 292 837 861 
448: 962 912 758 922 938 294 
449: 864 875 297 611 
450: 864 875 297 642 
451: 875 297 315 
452: 857 315 499 
453: 857 315 701 
454: 875 315 499 
455: 875 315 701 
456: 952 875 298 
457: 901 928 990 301 
458: 928 990 877 301 
459: 930 951 939 302 855 
460: 939 302 855 893 
461: 897 303 676 
462: 897 303 691 
463: 999 996 955 304 
464: 999 996 304 687 
465: 999 996 978 305 
466: 999 996 305 689 
467: 967 977 819 306 
468: 967 306 460 
469: 984 877 307 
470: 949 997 309 
471: 949 974 309 
472: 949 309 900 
473: 997 309 574 
474: 974 309 574 
475: 864 875 356 499 
476: 864 875 356 654 
477: 908 899 369 
478: 908 854 369 
479: 905 989 914 310 
480: 905 989 310 724 
481: 989 976 310 
482: 535 724 311 
483: 991 814 314 
484: 991 621 314 
485: 991 314 896 
486: 965 829 756 316 
487: 965 316 887 
488: 940 982 974 981 317 
489: 999 996 985 955 318 
490: 999 985 955 776 318 
491: 993 621 319 
492: 993 319 456 
493: 916 730 912 938 320 
494: 916 912 922 938 320 
495: 994 953 322 841 
496: 795 953 322 841 
497: 795 322 834 841 
498: 966 991 934 896 325 
499: 966 991 325 757 
500: 971 945 326 765 796 
501: 971 986 326 
502: 809 996 327 
503: 999 996 978 327 
504: 999 996 327 577 
505: 972 982 974 328 
506: 789 853 332 
507: 563 853 332 
508: 853 827 332 
509: 868 736 331 
510: 868 331 540 
511: 736 331 665 
512: 947 983 391 
513: 983 806 391 
514: 983 391 538 
515: 935 948 975 335 873 943 
516: 988 983 946 372 
517: 809 996 338 
518: 996 955 338 
519: 957 919 964 981 339 
520: 957 964 981 339 698 
521: 997 919 964 981 340 
522: 919 964 974 981 340 
523: 717 942 341 
524: 942 592 866 796 341 
525: 968 979 920 344 
526: 968 979 863 344 
527: 979 920 929 344 
528: 971 945 866 765 796 346 
529: 705 792 350 
530: 705 884 350 
531: 963 620 351 
532: 963 351 878 
533: 994 998 352 
534: 795 958 998 352 
535: 958 352 763 
536: 936 967 860 353 
537: 831 967 353 804 
538: 967 860 353 804 
539: 999 996 955 354 
540: 999 996 354 598 
541: 835 883 612 358 
542: 883 504 358 
543: 948 975 861 359 
544: 948 975 943 359 
545: 997 972 982 361 
546: 997 982 981 361 
547: 999 996 826 364 
548: 999 906 364 
549: 996 812 364 
550: 948 941 874 365 
551: 948 941 943 365 
552: 714 885 366 
553: 920 932 366 
554: 932 885 366 
555: 971 717 942 367 716 
556: 971 942 796 367 
557: 591 710 382 
558: 710 977 382 
559: 710 735 382 
560: 736 665 374 
561: 665 374 594 
562: 971 945 866 376 
563: 971 945 716 376 
564: 971 945 942 716 378 
565: 971 945 603 378 
566: 802 965 836 756 379 
567: 965 653 756 379 
568: 989 976 854 383 
569: 898 854 383 
570: 785 862 607 845 384 
571: 785 862 830 384 
572: 887 796 385 
573: 999 978 850 387 
574: 994 953 388 
575: 994 388 641 
576: 953 388 625 
577: 918 871 780 390 
578: 871 762 390 
579: 670 830 394 
580: 966 892 934 396 
581: 416 867 977 
582: 416 977 497 
583: 1000 421 813 901 
584: 1000 421 901 995 
585: 1000 490 884 913 
586: 1000 490 913 995 
587: 455 915 664 
588: 454 791 888 783 852 846 
589: 999 415 985 955 689 
590: 415 985 955 843 689 
591: 994 998 446 924 953 
592: 805 862 907 830 489 
593: 988 749 946 441 
594: 988 749 441 823 
595: 988 946 441 798 
596: 985 435 978 850 
597: 985 435 978 826 
598: 859 930 424 
599: 859 424 697 
600: 994 998 953 494 
601: 998 953 494 794 
602: 494 530 794 
603: 949 997 940 479 933 
604: 949 997 972 479 933 
605: 910 899 471 
606: 992 973 986 492 748 
607: 905 989 496 
608: 989 976 496 
609: 960 708 413 
610: 769 915 478 
611: 769 778 478 
612: 915 478 540 
613: 915 478 444 
614: 799 761 401 429 
615: 761 401 556 
616: 761 467 488 
617: 799 761 488 
618: 761 488 556 
619: 761 488 649 
620: 886 965 477 
621: 994 917 774 443 
622: 917 921 774 443 
623: 799 770 474 
624: 905 908 409 
625: 905 914 409 
626: 805 862 907 830 458 
627: 963 816 433 878 
628: 708 816 433 
629: 916 962 475 
630: 992 986 475 
631: 999 985 955 978 457 
632: 710 967 460 
633: 967 460 804 
634: 857 864 484 701 
635: 857 864 484 654 
636: 864 875 484 701 
637: 864 875 484 654 
638: 993 991 848 456 
639: 993 782 456 
640: 991 892 848 456 
641: 892 782 456 
642: 968 669 423 
643: 968 925 423 
644: 925 827 423 
645: 915 486 667 
646: 915 486 412 
647: 960 842 495 
648: 960 713 495 
649: 921 634 411 
650: 840 903 844 709 437 
651: 903 844 437 406 
652: 747 736 400 667 
653: 944 997 982 933 402 
654: 997 982 981 933 402 
655: 989 715 403 
656: 989 899 403 
657: 617 910 899 403 
658: 931 597 405 
659: 566 903 772 844 406 
660: 566 903 626 406 
661: 935 975 861 873 407 
662: 935 975 873 943 407 
663: 975 647 943 407 
664: 930 951 956 959 822 408 
665: 951 956 959 927 822 408 
666: 987 912 922 938 410 
667: 912 922 938 410 549 
668: 922 938 410 428 
669: 916 962 922 938 428 
670: 915 868 412 
671: 915 665 412 
672: 956 927 939 452 
673: 956 927 822 452 
674: 956 939 452 616 
675: 932 950 483 
676: 890 950 483 
677: 992 973 986 895 417 562 
678: 992 973 986 895 417 748 
679: 979 789 853 419 
680: 931 853 419 
681: 879 818 473 
682: 879 827 473 
683: 818 771 473 
684: 960 970 636 420 
685: 960 970 420 438 
686: 970 636 420 630 
687: 960 438 688 
688: 970 963 438 
689: 963 438 688 
690: 881 951 956 939 422 
691: 930 951 956 939 422 
692: 951 956 927 939 422 
693: 948 975 874 426 
694: 948 975 837 426 
695: 820 837 426 
696: 937 988 911 430 
697: 988 749 430 
698: 911 732 430 
699: 962 730 938 431 740 
700: 962 922 938 431 740 
701: 994 998 432 695 
702: 921 998 696 432 
703: 921 998 432 695 
704: 935 948 975 873 434 
705: 935 948 975 746 434 
706: 996 955 472 
707: 913 928 969 990 436 
708: 913 928 969 880 436 
709: 945 808 942 765 439 
710: 593 654 440 
711: 857 499 440 
712: 857 654 440 
713: 875 499 440 
714: 875 654 440 
715: 999 985 978 442 451 
716: 985 442 523 
717: 999 985 599 451 
718: 999 978 657 451 
719: 585 915 444 
720: 915 444 664 
721: 916 962 445 
722: 987 916 962 912 922 938 447 
723: 928 995 448 
724: 725 963 449 
725: 980 963 878 449 
726: 849 963 878 449 
727: 963 961 449 
728: 994 917 450 
729: 994 998 450 
730: 958 917 450 
731: 958 998 450 
732: 917 921 450 
733: 921 998 450 
734: 970 639 453 
735: 842 731 453 
736: 985 955 978 843 459 
737: 978 686 459 
738: 987 999 978 461 
739: 987 999 825 461 
740: 999 872 461 
741: 770 797 462 629 
742: 825 462 629 
743: 923 959 889 733 463 
744: 951 959 463 
745: 994 917 465 
746: 994 998 924 953 465 
747: 958 917 465 
748: 958 998 953 465 
749: 979 925 789 466 
750: 966 993 991 757 468 858 
751: 966 991 468 506 
752: 949 944 997 919 972 469 
753: 949 919 972 900 469 
754: 976 680 762 476 
755: 883 612 481 
756: 883 676 481 
757: 612 706 481 
758: 944 926 972 485 803 
759: 944 926 972 485 894 
760: 987 916 962 912 938 487 
761: 937 988 983 491 
762: 988 983 806 729 491 
763: 998 924 493 
764: 998 493 579 
765: 1000 498 851 995 
766: 1000 498 901 995 
767: 1000 500 755 
768: 1000 500 969 990 995 
769: 1000 500 984 990 995 
770: 1000 524 679 969 
771: 1000 524 679 984 
772: 1000 524 700 969 
773: 1000 524 755 
774: 527 993 991 801 896 
775: 527 993 991 896 858 
776: 971 550 945 808 942 
777: 550 942 904 
778: 817 965 532 
779: 971 942 532 
780: 994 510 917 774 
781: 994 510 953 
782: 795 958 528 953 841 
783: 966 993 505 991 848 
784: 966 993 505 991 896 
785: 917 531 763 
786: 531 924 953 
787: 531 953 625 
788: 983 911 547 
789: 911 547 775 
790: 547 775 666 
791: 966 993 991 543 621 
792: 966 993 991 543 896 
793: 966 991 543 658 
794: 963 551 713 
795: 963 551 639 
796: 963 551 688 
797: 971 945 942 512 866 
798: 905 989 513 
799: 905 910 513 
800: 960 970 546 
801: 960 842 546 
802: 960 546 688 
803: 970 963 620 546 
804: 963 546 688 
805: 715 535 724 
806: 535 779 724 
807: 996 529 826 
808: 897 883 504 
809: 979 718 520 950 
810: 931 520 950 
811: 857 542 611 701 
812: 857 542 642 
813: 542 875 611 701 
814: 542 875 642 
815: 615 509 914 
816: 989 976 918 509 
817: 989 509 914 
818: 967 977 497 819 
819: 967 839 497 
820: 958 530 794 
821: 958 530 622 693 
822: 937 983 503 
823: 983 823 503 
824: 585 522 665 
825: 951 956 939 525 
826: 951 525 815 
827: 956 939 889 525 
828: 956 525 699 
829: 889 525 815 
830: 968 669 863 507 
831: 968 920 507 
832: 920 950 507 
833: 937 947 988 983 526 
834: 988 983 806 526 
835: 996 985 850 502 
836: 996 985 502 671 
837: 857 864 499 
838: 915 868 540 667 
839: 868 540 594 
840: 980 924 536 
841: 876 983 823 538 
842: 876 739 538 
843: 988 983 823 538 
844: 993 991 896 518 
845: 993 896 518 539 
846: 991 892 518 
847: 892 518 539 
848: 944 957 997 940 902 533 
849: 957 997 940 902 981 533 
850: 992 973 545 
851: 916 962 912 922 938 549 
852: 996 985 843 523 
853: 996 985 577 523 
854: 996 985 826 523 
855: 966 991 934 506 
856: 991 814 506 
857: 934 506 606 
858: 817 965 548 
859: 971 548 721 
860: 987 999 501 
861: 997 891 501 
862: 999 996 985 501 
863: 999 985 906 501 
864: 985 891 501 
865: 785 805 907 670 830 534 
866: 785 805 907 845 534 
867: 840 903 772 662 508 
868: 840 903 580 662 508 
869: 992 973 986 753 821 511 
870: 992 973 986 821 511 655 
871: 976 910 899 514 
872: 976 910 918 514 
873: 976 910 854 514 
874: 976 918 682 514 
875: 976 854 682 514 
876: 976 589 514 
877: 859 881 939 515 
878: 923 881 939 889 893 515 
879: 999 996 985 978 517 
880: 999 985 906 517 
881: 985 891 517 
882: 993 934 896 539 
883: 993 896 858 539 
884: 892 934 539 
885: 892 858 539 
886: 896 539 568 
887: 999 985 519 
888: 965 519 541 
889: 971 942 519 
890: 802 886 965 836 541 
891: 817 886 965 836 541 
892: 920 879 521 
893: 879 885 521 
894: 936 992 973 986 895 537 
895: 992 973 986 895 537 677 
896: 791 846 544 
897: 953 544 750 
898: 591 710 967 860 
899: 591 867 967 788 
900: 591 867 967 860 
901: 591 967 860 587 
902: 1000 565 884 913 
903: 1000 565 913 928 
904: 565 692 704 
905: 566 840 903 772 844 
906: 905 615 908 
907: 905 615 914 871 
908: 979 578 890 728 
909: 979 578 810 
910: 578 728 745 
911: 999 569 985 955 978 776 
912: 999 569 776 760 
913: 585 915 665 
914: 585 915 703 
915: 785 862 907 607 670 
916: 785 862 907 607 845 
917: 932 563 931 
918: 563 931 853 
919: 859 595 956 939 
920: 859 595 939 741 
921: 595 956 939 733 
922: 595 956 939 616 
923: 595 961 939 
924: 971 808 942 592 866 
925: 971 942 592 866 796 
926: 971 717 945 603 
927: 971 945 603 721 
928: 897 552 820 
929: 976 602 918 
930: 976 602 762 
931: 602 744 918 
932: 593 864 701 
933: 593 864 654 
934: 965 829 614 
935: 958 998 582 834 841 
936: 998 582 834 625 
937: 998 582 738 
938: 937 947 983 946 564 
939: 983 806 946 564 
940: 983 946 564 656 
941: 897 835 883 612 
942: 897 835 612 706 
943: 905 989 572 
944: 905 910 572 
945: 678 840 903 580 662 
946: 968 979 597 853 
947: 968 669 597 
948: 968 931 597 853 
949: 994 917 553 
950: 994 998 924 553 
951: 917 553 637 
952: 917 553 738 
953: 998 924 553 738 
954: 802 886 965 829 836 567 
955: 817 886 965 829 836 567 
956: 817 886 965 829 653 567 
957: 556 770 797 
958: 951 956 959 927 939 559 855 
959: 951 959 927 559 712 855 
960: 809 985 576 
961: 985 955 978 576 843 
962: 985 906 576 843 
963: 859 930 956 959 560 
964: 923 930 956 959 560 
965: 930 956 959 560 699 
966: 960 849 613 878 
967: 960 842 613 
968: 960 684 613 
969: 960 708 613 
970: 872 769 575 
971: 769 915 575 
972: 769 778 575 
973: 915 575 667 
974: 778 747 575 
975: 747 575 667 
976: 999 985 723 599 
977: 999 985 599 577 
978: 985 723 599 833 
979: 857 864 611 701 
980: 872 864 875 611 
981: 864 875 611 701 
982: 957 997 926 940 933 574 
983: 957 926 940 974 933 574 
984: 886 965 573 
985: 941 975 573 
986: 905 989 914 554 
987: 989 976 918 554 
988: 976 918 635 554 
989: 914 635 554 
990: 999 996 985 955 577 
991: 957 997 940 902 981 933 571 
992: 849 963 731 583 
993: 849 731 869 583 
994: 842 731 869 583 
995: 963 583 630 
996: 897 883 691 561 
997: 883 561 790 
998: 727 999 598 
999: 809 996 598 
1000: 809 598 833 
1001: 999 996 978 598 
1002: 978 598 833 
1003: 868 703 594 664 
1004: 665 594 664 
1005: 935 948 941 975 824 943 584 
1006: 935 948 941 975 873 943 584 
1007: 992 973 986 895 753 562 
1008: 992 973 986 562 655 
1009: 980 963 588 
1010: 963 713 588 
1011: 963 588 688 
1012: 684 702 588 
1013: 976 871 589 
1014: 715 914 589 
1015: 914 871 589 
1016: 912 938 581 
1017: 852 846 581 
1018: 778 868 596 
1019: 979 932 604 
1020: 979 827 604 
1021: 936 932 604 
1022: 932 931 604 
1023: 932 885 604 
1024: 931 827 604 
1025: 827 885 604 
1026: 998 953 841 579 
1027: 579 622 693 
1028: 992 986 605 
1029: 801 658 606 
1030: 801 896 606 
1031: 719 858 606 
1032: 934 658 606 
1033: 934 896 606 
1034: 896 858 606 
1035: 787 791 888 783 852 846 558 764 
1036: 966 991 896 568 
1037: 966 991 757 568 
1038: 991 814 568 
1039: 966 993 896 555 
1040: 993 801 896 555 
1041: 993 782 555 
1042: 957 997 972 982 964 894 557 
1043: 997 847 972 982 964 894 557 
1044: 980 903 570 
1045: 980 998 570 
1046: 998 766 570 
1047: 998 794 570 
1048: 970 766 570 
1049: 997 972 982 902 933 586 
1050: 997 982 902 981 933 586 
1051: 972 982 974 902 933 586 
1052: 982 974 902 981 933 586 
1053: 967 977 860 587 
1054: 967 977 819 587 
1055: 967 977 587 759 
1056: 977 742 819 587 
1057: 751 990 590 
1058: 751 880 590 
1059: 928 990 995 590 
1060: 928 990 877 590 
1061: 928 995 880 590 
1062: 948 941 874 861 873 600 
1063: 948 941 874 861 746 600 
1064: 948 941 873 943 600 
1065: 948 941 943 746 600 
1066: 972 974 601 
1067: 960 970 608 
1068: 960 713 608 
1069: 970 620 608 
1070: 870 982 964 981 900 894 609 
1071: 940 982 964 981 900 609 
1072: 935 948 941 874 824 610 
1073: 935 948 941 824 943 610 
1074: 943 610 726 
1075: 787 791 888 783 852 846 764 645 
1076: 661 810 624 
1077: 700 995 619 
1078: 802 886 965 650 836 
1079: 802 965 650 836 756 
1080: 817 886 965 650 836 
1081: 886 965 650 887 
1082: 923 627 956 959 939 893 
1083: 923 627 956 959 822 893 
1084: 627 956 959 927 939 893 
1085: 627 956 959 927 822 893 
1086: 908 617 899 
1087: 617 910 918 871 
1088: 937 947 988 983 911 646 
1089: 937 947 739 646 
1090: 937 911 646 775 
1091: 947 911 646 732 
1092: 947 739 646 732 
1093: 993 991 663 848 
1094: 993 991 663 896 
1095: 993 663 719 
1096: 993 663 782 
1097: 991 663 892 848 
1098: 663 892 782 
1099: 678 903 626 662 
1100: 965 829 653 756 
1101: 963 620 898 
1102: 963 620 731 
1103: 620 934 898 
1104: 960 636 684 
1105: 636 684 630 
1106: 988 773 983 656 
1107: 988 781 983 946 656 
1108: 988 983 946 656 644 
1109: 966 991 848 934 658 
1110: 991 801 848 658 
1111: 960 970 639 
1112: 970 963 639 
1113: 966 993 991 934 621 
1114: 935 975 652 
1115: 903 772 652 
1116: 996 652 826 
1117: 761 649 629 
1118: 649 770 629 
1119: 649 629 767 
1120: 876 983 946 644 
1121: 937 988 983 946 644 
1122: 948 941 975 874 647 
1123: 948 941 975 647 837 943 
1124: 976 910 918 635 
1125: 976 918 635 682 
1126: 910 914 635 
1127: 917 921 634 794 
1128: 917 634 763 
1129: 921 998 634 695 
1130: 921 998 634 794 
1131: 872 864 875 642 
1132: 952 875 642 
1133: 970 638 878 
1134: 956 893 638 
1135: 999 978 850 657 
1136: 999 850 906 657 
1137: 999 906 657 671 
1138: 958 917 637 
1139: 958 834 637 
1140: 998 953 625 
1141: 998 625 695 
1142: 998 625 683 
1143: 994 641 660 
1144: 967 977 786 628 
1145: 967 977 788 628 
1146: 967 977 860 628 
1147: 967 838 628 
1148: 977 954 628 
1149: 970 963 630 
1150: 963 816 630 
1151: 963 630 688 
1152: 684 816 630 
1153: 915 868 703 664 
1154: 915 665 664 
1155: 778 868 703 664 
1156: 923 930 956 939 889 616 
1157: 930 951 956 939 616 
1158: 799 761 797 629 
1159: 799 770 797 629 
1160: 797 629 767 
1161: 992 973 986 882 633 659 
1162: 992 973 986 895 748 633 
1163: 992 973 986 895 633 659 
1164: 992 973 986 821 748 655 677 811 
1165: 994 622 693 
1166: 994 622 750 
1167: 958 834 763 622 
1168: 958 622 750 
1169: 980 994 998 660 
1170: 980 994 952 660 
1171: 994 998 660 683 
1172: 994 952 660 683 
1173: 795 998 660 
1174: 795 952 660 
1175: 998 696 660 
1176: 768 947 632 
1177: 947 988 773 632 
1178: 947 988 798 632 
1179: 947 739 798 632 
1180: 988 806 632 
1181: 999 825 623 
1182: 969 995 618 
1183: 992 986 618 
1184: 968 979 925 920 624 
1185: 968 925 931 624 
1186: 979 925 920 950 810 624 
1187: 925 931 950 624 
1188: 949 944 957 997 919 972 631 
1189: 949 957 997 919 981 631 
1190: 944 957 997 870 919 972 631 
1191: 957 997 870 919 981 631 
1192: 992 973 986 895 753 659 811 
1193: 957 926 972 982 964 902 933 640 
1194: 957 926 982 964 902 981 933 640 
1195: 881 972 640 
1196: 727 973 986 643 
1197: 992 973 986 961 895 643 811 
1198: 992 973 986 961 821 643 811 
1199: 949 997 940 964 648 
1200: 949 997 972 964 894 648 
1201: 949 940 964 974 648 
1202: 949 972 964 974 894 648 
1203: 997 870 972 964 894 648 
1204: 870 972 964 974 894 648 
1205: 1000 679 884 990 
1206: 1000 679 969 990 995 
1207: 1000 679 984 990 995 
1208: 679 969 990 877 
1209: 679 984 990 995 704 
1210: 679 984 990 877 704 
1211: 669 932 863 745 
1212: 669 932 929 
1213: 678 840 903 844 709 
1214: 935 948 668 941 975 673 873 943 
1215: 935 948 668 941 975 837 873 943 
1216: 935 948 668 941 975 873 943 752 
1217: 785 805 862 907 670 830 
1218: 949 997 672 972 982 964 894 
1219: 949 997 672 982 964 981 894 
1220: 949 672 972 982 964 974 894 
1221: 949 672 982 964 974 981 894 
1222: 956 959 681 
1223: 960 684 702 
1224: 968 920 879 685 
1225: 968 879 685 885 
1226: 968 954 685 
1227: 968 685 853 
1228: 920 879 685 929 
1229: 920 879 685 950 
1230: 879 685 929 885 
1231: 879 685 950 885 
1232: 685 929 853 
1233: 685 950 853 
1234: 990 692 704 
1235: 964 974 692 
1236: 935 948 941 975 673 943 746 
1237: 905 908 682 
1238: 908 854 682 
1239: 978 850 686 
1240: 978 686 833 
1241: 686 689 833 
1242: 800 897 883 676 
1243: 800 897 883 691 
1244: 897 835 883 691 
1245: 835 954 691 
1246: 809 996 687 
1247: 809 776 687 
1248: 999 776 906 687 
1249: 996 812 687 
1250: 999 996 985 955 689 
1251: 996 985 955 843 689 
1252: 985 955 843 689 833 
1253: 996 985 690 
1254: 985 776 690 
1255: 976 918 680 
1256: 744 918 680 
1257: 918 780 680 
1258: 747 868 736 667 
1259: 960 708 688 
1260: 960 878 688 
1261: 963 878 688 
1262: 809 996 985 671 
1263: 999 996 985 955 671 
1264: 999 985 906 671 
1265: 980 994 917 693 
1266: 994 693 683 
1267: 958 917 693 
1268: 992 973 986 895 748 677 811 
1269: 937 947 988 781 666 
1270: 937 775 666 
1271: 947 988 749 823 666 
1272: 988 806 666 
1273: 806 775 666 
1274: 775 823 666 
1275: 935 874 674 
1276: 935 943 674 
1277: 998 696 674 
1278: 967 838 674 
1279: 994 998 774 683 
1280: 992 986 895 675 
1281: 1000 700 901 913 928 990 995 
1282: 1000 700 901 980 
1283: 1000 700 913 928 969 990 995 
1284: 1000 705 792 832 990 
1285: 1000 705 792 901 928 990 
1286: 1000 705 832 884 990 
1287: 1000 705 832 969 990 
1288: 1000 705 928 969 990 
1289: 705 792 901 928 880 
1290: 705 928 969 880 
1291: 1000 725 969 
1292: 725 969 877 
1293: 725 997 919 
1294: 725 787 791 852 
1295: 725 970 963 
1296: 727 966 719 
1297: 694 908 989 899 
1298: 694 908 989 854 
1299: 979 714 789 
1300: 979 714 856 
1301: 971 717 945 942 716 
1302: 710 967 977 860 
1303: 710 967 839 860 
1304: 710 967 839 735 
1305: 969 995 707 
1306: 807 707 702 
1307: 958 998 696 750 
1308: 921 998 696 924 750 
1309: 966 993 719 858 
1310: 993 719 814 858 
1311: 960 980 708 
1312: 960 970 708 
1313: 960 708 713 
1314: 840 903 772 844 709 
1315: 844 709 754 
1316: 989 715 914 
1317: 989 715 724 
1318: 960 849 970 702 
1319: 960 970 702 766 
1320: 849 970 807 702 
1321: 960 891 713 
1322: 960 713 878 
1323: 962 963 713 
1324: 963 713 878 
1325: 979 925 718 929 
1326: 979 925 718 950 
1327: 979 718 929 890 
1328: 979 718 890 950 
1329: 979 718 856 
1330: 718 950 745 
1331: 718 856 745 
1332: 999 996 985 955 723 826 
1333: 999 996 985 723 850 
1334: 999 985 723 850 906 
1335: 985 955 723 826 833 
1336: 985 723 906 833 
1337: 876 947 983 729 798 
1338: 947 988 983 729 798 
1339: 930 951 959 741 712 855 
1340: 930 959 889 712 
1341: 951 959 927 741 712 855 
1342: 959 927 889 712 
1343: 961 712 855 
1344: 979 925 929 728 
1345: 979 929 890 728 
1346: 979 856 728 
1347: 856 728 745 
1348: 905 989 779 724 
1349: 905 910 871 724 
1350: 905 779 871 724 
1351: 835 954 706 
1352: 957 997 940 982 964 981 698 
1353: 957 997 982 964 981 698 894 
1354: 957 940 982 964 981 900 698 
1355: 957 982 964 981 900 698 894 
1356: 778 747 868 736 703 
1357: 971 945 808 942 716 721 
1358: 859 951 956 959 927 939 697 
1359: 951 959 927 815 697 
1360: 956 959 927 939 893 697 
1361: 994 998 924 695 
1362: 958 998 695 
1363: 921 998 924 695 
1364: 998 790 695 
1365: 980 737 704 
1366: 984 995 737 704 
1367: 984 737 877 704 
1368: 930 956 959 822 699 
1369: 956 959 927 822 699 
1370: 971 945 808 942 866 765 721 
1371: 971 945 942 866 765 796 721 
1372: 990 995 726 
1373: 990 877 726 
1374: 956 939 726 
1375: 975 943 726 
1376: 851 865 884 990 722 
1377: 851 865 984 990 995 722 
1378: 851 928 990 995 722 
1379: 865 884 913 990 722 
1380: 865 913 969 990 995 722 
1381: 865 913 969 995 880 722 
1382: 865 913 984 990 995 722 
1383: 865 913 984 995 880 722 
1384: 913 928 969 990 995 722 
1385: 913 928 969 995 880 722 
1386: 935 948 941 975 874 824 711 
1387: 935 948 941 975 874 861 746 711 
1388: 935 948 941 975 824 837 943 711 
1389: 935 948 941 975 837 861 711 
1390: 935 948 941 975 943 746 711 
1391: 743 968 920 
1392: 743 968 954 
1393: 743 968 771 
1394: 743 968 853 
1395: 743 936 932 954 
1396: 743 936 932 950 
1397: 743 920 932 950 
1398: 743 932 771 
1399: 743 950 853 
1400: 1000 751 851 984 990 
1401: 1000 751 901 984 990 
1402: 1000 751 969 990 
1403: 751 901 984 880 
1404: 751 969 737 
1405: 751 969 880 
1406: 751 984 737 
1407: 1000 755 813 884 
1408: 1000 755 884 913 
1409: 1000 755 909 
1410: 1000 755 913 987 
1411: 755 913 880 
1412: 813 928 969 737 
1413: 813 984 737 
1414: 928 969 995 737 
1415: 928 969 737 877 
1416: 936 969 737 
1417: 987 916 962 730 912 938 
1418: 916 962 730 912 758 938 740 
1419: 876 947 781 739 
1420: 876 947 739 798 
1421: 937 947 781 739 
1422: 937 947 739 798 
1423: 802 965 829 836 756 
1424: 947 988 773 749 
1425: 947 988 749 946 
1426: 916 962 912 758 922 938 740 
1427: 886 965 836 734 
1428: 836 734 783 
1429: 888 734 783 
1430: 734 915 868 
1431: 734 747 868 
1432: 936 977 742 
1433: 977 786 742 819 
1434: 977 786 742 804 
1435: 977 788 742 952 
1436: 977 788 742 804 
1437: 977 742 952 819 
1438: 936 967 735 
1439: 867 967 839 735 
1440: 967 838 839 735 
1441: 967 838 735 819 
1442: 905 987 744 
1443: 960 849 731 
1444: 960 842 731 
1445: 960 891 731 
1446: 963 731 816 
1447: 859 930 951 959 939 741 
1448: 859 951 959 927 939 741 
1449: 930 951 959 939 741 855 
1450: 951 959 927 939 741 855 
1451: 959 927 939 741 855 893 
1452: 923 956 959 939 889 733 
1453: 923 956 959 733 822 
1454: 936 992 973 986 895 753 
1455: 992 973 986 753 821 811 
1456: 960 970 766 878 
1457: 970 963 766 878 
1458: 963 816 766 878 
1459: 816 869 766 
1460: 966 993 991 848 757 
1461: 966 991 892 848 757 
1462: 966 991 892 757 858 
1463: 993 991 801 848 757 
1464: 993 991 898 757 
1465: 991 801 892 848 757 
1466: 991 892 898 757 
1467: 784 971 945 765 
1468: 865 995 760 
1469: 787 888 760 
1470: 953 841 760 
1471: 917 774 738 763 
1472: 917 774 738 794 
1473: 998 774 738 794 
1474: 958 917 774 763 
1475: 989 976 779 762 
1476: 989 914 762 
1477: 976 779 871 762 
1478: 914 871 762 
1479: 962 938 812 740 
1480: 944 926 974 754 
1481: 966 896 754 
1482: 888 852 846 754 
1483: 994 998 924 953 750 
1484: 994 953 952 750 
1485: 958 998 953 750 
1486: 921 998 924 953 750 
1487: 935 948 941 975 874 861 873 752 
1488: 932 863 931 745 
1489: 932 931 950 745 
1490: 932 950 885 745 
1491: 863 856 745 
1492: 867 967 977 786 804 759 
1493: 867 967 839 804 759 
1494: 867 977 954 759 
1495: 977 767 759 
1496: 1000 768 851 
1497: 1000 768 936 
1498: 768 908 937 
1499: 768 937 947 
1500: 768 785 907 
1501: 1000 784 913 969 
1502: 784 955 978 
1503: 785 805 862 907 845 
1504: 876 947 773 983 
1505: 876 773 775 
1506: 947 988 773 983 911 
1507: 773 911 775 
1508: 876 947 781 983 946 
1509: 937 947 988 781 983 911 946 
1510: 958 917 774 794 
1511: 958 998 774 794 
1512: 917 921 774 794 
1513: 921 998 774 794 
1514: 967 977 786 819 
1515: 876 946 775 798 
1516: 876 775 823 
1517: 937 911 946 775 798 
1518: 911 775 823 
1519: 806 946 775 
1520: 769 915 868 
1521: 769 778 868 
1522: 968 890 771 
1523: 968 856 771 
1524: 932 818 771 
1525: 932 929 771 
1526: 818 890 771 
1527: 929 890 771 
1528: 929 771 810 
1529: 809 985 776 
1530: 999 985 776 906 
1531: 993 934 782 
1532: 993 782 858 
1533: 892 934 782 
1534: 892 782 858 
1535: 891 770 797 
1536: 905 987 908 779 
1537: 905 908 989 779 
1538: 987 976 779 
1539: 908 989 854 779 
1540: 908 882 779 
1541: 989 976 854 779 
1542: 909 871 780 
1543: 987 908 780 
1544: 987 914 780 
1545: 908 854 780 
1546: 914 871 780 
1547: 968 931 767 
1548: 977 860 767 
1549: 931 929 767 
1550: 930 815 777 
1551: 916 962 938 777 
1552: 992 973 986 777 
1553: 973 927 777 
1554: 927 815 777 
1555: 800 850 906 
1556: 1000 792 813 832 990 
1557: 1000 792 813 901 928 990 
1558: 1000 792 813 901 984 990 
1559: 1000 792 901 936 
1560: 792 901 984 880 
1561: 792 936 954 
1562: 792 990 954 
1563: 792 954 880 
1564: 795 958 998 953 841 
1565: 795 958 998 834 841 
1566: 795 998 924 953 
1567: 795 953 952 
1568: 979 925 789 920 932 
1569: 813 984 793 
1570: 948 793 874 
1571: 948 793 943 
1572: 993 793 991 934 
1573: 867 967 977 788 804 
1574: 867 967 788 839 804 
1575: 967 977 788 952 
1576: 876 947 983 946 798 
1577: 937 947 988 983 911 946 798 
1578: 909 971 945 942 796 
1579: 867 967 977 860 804 
1580: 867 967 839 860 804 
1581: 967 804 790 
1582: 835 883 790 
1583: 967 838 790 
1584: 949 944 957 997 926 940 982 964 933 803 
1585: 949 944 957 997 926 972 982 964 933 803 
1586: 949 944 997 926 847 940 982 964 803 
1587: 949 944 997 926 847 972 982 964 803 
1588: 949 957 997 926 940 982 964 981 933 803 
1589: 958 998 953 794 
1590: 921 998 953 794 
1591: 1000 813 832 884 990 
1592: 1000 813 832 969 990 
1593: 1000 813 928 969 990 
1594: 809 985 833 
1595: 909 971 945 808 942 
1596: 980 807 842 
1597: 980 807 963 
1598: 849 970 807 963 
1599: 849 970 807 828 
1600: 807 842 828 
1601: 807 963 816 
1602: 807 828 887 
1603: 988 983 806 946 
1604: 993 991 814 858 
1605: 997 820 933 
1606: 820 974 933 
1607: 820 837 861 
1608: 876 947 983 823 
1609: 947 988 983 911 823 
1610: 979 920 932 818 950 
1611: 979 920 879 818 950 
1612: 979 879 818 890 950 
1613: 920 961 818 950 
1614: 932 931 818 950 
1615: 932 818 950 885 
1616: 879 818 950 885 
1617: 904 963 816 
1618: 963 961 816 
1619: 961 816 869 
1620: 979 925 920 929 810 
1621: 979 920 879 929 810 
1622: 979 920 879 950 810 
1623: 925 929 810 885 
1624: 925 950 810 885 
1625: 879 929 810 885 
1626: 879 950 810 885 
1627: 909 935 941 975 824 
1628: 967 977 952 819 
1629: 967 838 952 819 
1630: 977 954 819 
1631: 923 881 959 889 815 
1632: 923 930 959 889 815 
1633: 881 951 959 815 
1634: 930 951 959 815 
1635: 959 927 889 815 
1636: 994 998 812 841 
1637: 962 998 812 
1638: 921 998 812 841 
1639: 923 881 956 959 822 893 
1640: 923 930 956 959 822 855 
1641: 923 956 959 822 855 893 
1642: 881 951 956 959 822 
1643: 930 951 956 959 822 855 
1644: 951 956 959 927 822 855 
1645: 956 959 927 822 855 893 
1646: 1000 832 865 884 913 990 
1647: 1000 832 865 913 969 990 995 
1648: 1000 832 913 969 987 995 
1649: 832 865 969 990 877 
1650: 994 831 998 924 
1651: 831 992 973 986 895 
1652: 960 980 842 
1653: 960 842 828 
1654: 842 828 869 
1655: 960 849 970 828 878 
1656: 979 925 929 827 
1657: 979 879 929 890 827 
1658: 979 898 929 827 
1659: 979 898 856 827 
1660: 979 929 853 827 
1661: 925 931 929 827 
1662: 925 929 827 885 
1663: 879 929 827 885 
1664: 931 929 853 827 
1665: 935 948 941 975 837 861 873 
1666: 987 955 978 843 
1667: 996 985 955 978 843 
1668: 996 985 978 850 843 
1669: 985 955 978 843 833 
1670: 985 850 906 843 
1671: 985 906 843 833 
1672: 921 998 834 841 
1673: 994 998 953 841 
1674: 921 998 953 841 
1675: 999 996 985 955 978 826 
1676: 985 955 978 826 833 
1677: 987 962 912 922 825 
1678: 888 852 825 846 
1679: 998 953 833 
1680: 955 887 833 
1681: 906 887 833 
1682: 1000 851 865 884 990 
1683: 1000 851 865 984 990 995 
1684: 1000 851 928 990 995 
1685: 859 881 951 956 959 939 
1686: 859 930 951 956 959 939 
1687: 849 970 963 878 
1688: 949 944 997 926 847 972 982 964 894 
1689: 949 847 940 982 964 900 
1690: 949 847 972 982 964 900 894 
1691: 944 997 870 847 972 982 964 894 
1692: 870 847 972 982 964 900 894 
1693: 966 993 991 848 934 
1694: 966 991 892 848 934 
1695: 968 979 863 856 
1696: 968 961 856 
1697: 961 898 856 
1698: 999 996 985 978 850 
1699: 968 961 853 
1700: 979 950 853 
1701: 961 950 853 
1702: 931 950 853 
1703: 923 930 956 959 939 855 
1704: 923 956 959 939 855 893 
1705: 923 961 939 855 893 
1706: 930 951 956 959 939 855 
1707: 956 959 927 939 855 893 
1708: 966 993 991 896 858 
1709: 993 896 887 858 
1710: 1000 865 913 984 990 995 
1711: 1000 865 980 
1712: 865 884 990 954 
1713: 865 984 990 877 
1714: 865 990 995 954 
1715: 865 995 954 880 
1716: 968 979 925 863 
1717: 968 925 863 931 
1718: 979 925 932 863 
1719: 925 932 863 931 
1720: 936 967 977 860 
1721: 967 977 860 952 
1722: 978 864 981 
1723: 872 864 981 
1724: 944 957 997 870 919 972 982 964 933 
1725: 944 957 997 870 972 982 964 894 
1726: 944 957 870 919 972 982 964 974 933 
1727: 944 957 870 972 982 964 974 894 
1728: 957 997 870 919 982 964 981 933 
1729: 957 997 870 982 964 981 894 
1730: 957 870 919 972 982 964 933 900 
1731: 957 870 919 982 964 974 981 933 
1732: 957 870 919 982 964 981 933 900 
1733: 957 870 972 982 964 900 894 
1734: 957 870 982 964 974 981 894 
1735: 957 870 982 964 981 900 894 
1736: 923 881 956 959 939 889 893 
1737: 923 881 961 939 893 
1738: 968 979 920 879 
1739: 968 979 879 890 
1740: 936 879 950 
1741: 910 882 914 
1742: 944 982 872 933 
1743: 999 872 906 
1744: 982 872 981 933 
1745: 928 969 990 877 
1746: 968 925 885 
1747: 925 932 929 885 
1748: 925 932 950 885 
1749: 901 913 928 995 880 
1750: 901 913 984 995 880 
1751: 905 910 914 871 
1752: 976 910 918 871 
1753: 909 935 941 975 873 
1754: 960 980 878 
1755: 963 898 878 
1756: 991 892 934 898 
1757: 949 997 972 891 
1758: 949 997 891 981 
1759: 923 930 956 959 939 889 
1760: 956 959 927 939 889 893 
1761: 999 996 955 887 
1762: 999 906 887 
1763: 989 993 887 
1764: 1000 901 913 984 990 995 
1765: 979 932 898 929 
1766: 993 991 934 898 
1767: 963 961 898 
1768: 970 961 895 
1769: 909 989 899 
1770: 989 976 899 
1771: 989 899 914 
1772: 910 899 914 
1773: 949 957 919 940 982 964 902 981 933 900 
1774: 949 957 919 972 982 964 902 933 900 
1775: 949 957 972 982 964 900 894 
1776: 949 957 982 964 981 900 894 
1777: 980 957 940 982 981 900 
1778: 980 952 900 
1779: 952 902 900 
1780: 966 993 991 934 896 
1781: 949 944 957 997 926 972 982 964 894 
1782: 949 944 957 926 972 982 964 974 894 
1783: 949 957 997 926 982 964 981 894 
1784: 949 957 926 982 964 974 981 894 
1785: 905 987 910 914 
1786: 968 925 904 
1787: 997 904 982 964 981 
1788: 925 904 929 
1789: 970 904 963 
1790: 904 982 964 974 981 
1791: 987 976 910 
1792: 949 944 957 997 919 926 940 982 964 902 933 
1793: 949 944 957 997 919 926 972 982 964 902 933 
1794: 949 944 957 919 926 940 982 964 974 902 933 
1795: 949 944 957 919 926 972 982 964 974 902 933 
1796: 949 957 997 919 926 940 982 964 902 981 933 
1797: 949 957 919 926 940 982 964 974 902 981 933 
1798: 1000 913 928 969 987 995 
1799: 913 928 987 995 952 
1800: 913 928 990 995 952 
1801: 987 995 916 
1802: 987 912 914 
1803: 968 925 954 
1804: 979 925 920 932 929 
1805: 979 925 920 932 950 
1806: 925 932 954 
1807: 925 932 931 929 
1808: 925 932 931 950 
1809: 968 920 961 
1810: 980 994 998 924 953 
1811: 1000 936 969 
1812: 936 977 954 
1813: 984 932 971 
1814: 980 944 957 940 982 974 
1815: 980 957 940 982 974 981 
1816: 980 957 948 
1817: 963 961 950 
1818: 968 990 954 
1819: 980 994 953 952 
1820: 995 994 952 
1821: 1000 960 980 
1822: 987 999 955 978 
1823: 970 963 961 
