# The links from G:\Dropbox\Raghda\CNA\Final Project\other methods\CFinder-2.0.6--1448\G:\Dropbox\Raghda\CNA\Final Project\Datasets\binary_networks\LFR3\network_LFR3_Om4.dat
# at no lower link weight threshold,
# and at no upper link weight threshold.
# Links were treated as undirected.
# No time limit was set for the clique search.
# (mutual links and self-links were removed)

1 743
1 905
1 968
1 979
10 427
10 800
10 85
10 897
100 279
100 393
100 416
100 591
1000 110
1000 117
1000 122
1000 157
1000 197
1000 201
1000 232
1000 312
1000 324
1000 343
1000 418
1000 421
1000 490
1000 498
1000 5
1000 50
1000 500
1000 51
1000 524
1000 565
1000 679
1000 7
1000 700
1000 705
1000 725
1000 727
1000 751
1000 755
1000 768
1000 784
1000 792
1000 813
1000 832
1000 851
1000 859
1000 865
1000 884
1000 901
1000 909
1000 913
1000 928
1000 936
1000 949
1000 960
1000 969
1000 980
1000 984
1000 987
1000 990
1000 995
101 669
101 901
101 935
101 990
102 923
102 944
102 957
102 997
103 566
103 678
103 840
103 903
104 809
104 987
104 994
104 999
105 661
105 743
105 795
105 925
106 802
106 817
106 886
106 965
107 615
107 694
107 908
107 989
108 224
108 578
108 619
108 714
109 876
109 937
109 947
109 988
11 295
11 948
11 958
11 996
110 1000
110 851
110 870
110 928
111 785
111 805
111 862
111 907
112 789
112 920
112 925
112 932
113 835
113 849
113 925
113 971
114 527
114 569
114 966
114 993
115 550
115 668
115 717
115 945
116 321
116 881
116 923
116 930
117 1000
117 799
117 969
117 995
118 222
118 399
118 916
118 962
119 251
119 29
119 455
119 585
12 808
12 942
12 945
12 971
120 773
120 781
120 947
120 983
121 532
121 62
121 989
121 99
122 1000
122 737
122 751
122 793
123 128
123 510
123 528
123 994
124 125
124 911
124 919
124 988
125 124
125 773
125 937
125 983
126 650
126 829
126 836
126 965
127 454
127 730
127 912
127 962
128 123
128 389
128 831
128 960
129 607
129 670
129 830
129 907
13 505
13 787
13 791
13 888
130 347
130 57
130 917
130 921
131 375
131 392
131 994
131 998
132 710
132 867
132 967
132 977
133 970
133 976
133 991
133 992
134 672
134 879
134 919
134 926
135 348
135 56
135 829
135 965
136 807
136 849
136 904
136 970
137 563
137 627
137 789
137 863
138 415
138 838
138 954
138 977
139 446
139 707
139 917
139 958
14 531
14 696
14 774
14 998
140 884
140 969
140 987
140 990
141 547
141 739
141 806
141 937
142 163
142 617
142 910
142 989
143 595
143 951
143 956
143 959
144 678
144 772
144 789
144 903
145 847
145 926
145 940
145 972
146 489
146 805
146 845
146 907
147 646
147 663
147 801
147 991
148 75
148 842
148 963
148 970
149 805
149 830
149 845
149 907
15 786
15 788
15 839
15 892
150 926
150 940
150 982
150 997
151 395
151 626
151 844
151 903
152 719
152 848
152 966
152 991
153 337
153 397
153 543
153 991
154 592
154 603
154 942
154 971
155 653
155 756
155 886
155 965
156 171
156 342
156 552
156 883
157 1000
157 166
157 79
157 992
158 802
158 886
158 965
158 985
159 362
159 973
159 986
159 992
16 250
16 749
16 983
16 988
160 620
160 928
160 956
160 966
161 190
161 937
161 946
161 983
162 681
162 694
162 940
162 976
163 142
163 482
163 602
163 989
164 330
164 814
164 892
164 934
165 805
165 845
165 862
165 907
166 157
166 860
166 867
166 987
167 860
167 882
167 967
167 977
168 370
168 593
168 857
168 961
169 85
169 863
169 879
169 968
17 614
17 839
17 898
17 977
170 582
170 758
170 924
170 953
171 156
171 386
171 883
171 897
172 441
172 911
172 937
172 946
173 734
173 931
173 934
173 991
174 470
174 636
174 684
174 708
175 27
175 371
175 832
175 995
176 895
176 973
176 986
176 992
177 564
177 656
177 773
177 983
178 551
178 820
178 828
178 891
179 270
179 911
179 945
179 988
18 927
18 939
18 955
18 959
180 425
180 958
180 994
180 998
181 512
181 866
181 945
181 971
182 709
182 944
182 964
182 974
183 435
183 717
183 942
183 971
184 612
184 955
184 978
184 999
185 912
185 916
185 922
185 962
186 775
186 911
186 983
186 988
187 424
187 923
187 930
187 991
188 234
188 513
188 715
188 899
189 742
189 832
189 984
189 995
19 357
19 867
19 882
19 954
190 161
190 911
190 957
190 988
191 494
191 735
191 761
191 966
192 380
192 416
192 74
192 967
193 546
193 702
193 713
193 970
194 658
194 784
194 991
194 993
195 535
195 744
195 905
195 908
196 479
196 529
196 823
196 946
197 1000
197 271
197 860
197 930
198 935
198 941
198 948
198 975
199 471
199 572
199 918
199 989
2 859
2 923
2 956
2 959
20 25
20 333
20 910
20 989
200 685
200 718
200 927
200 931
201 1000
201 565
201 832
201 990
202 492
202 973
202 986
202 992
203 580
203 626
203 662
203 709
204 840
204 865
204 935
204 977
205 597
205 702
205 818
205 929
206 859
206 889
206 923
206 951
207 756
207 802
207 817
207 965
208 219
208 723
208 872
208 996
209 259
209 709
209 844
209 903
21 360
21 694
21 744
21 854
210 223
210 505
210 934
210 993
211 842
211 937
211 946
211 947
212 877
212 913
212 952
212 984
213 336
213 732
213 781
213 947
214 585
214 720
214 769
214 915
215 60
215 788
215 839
215 977
216 710
216 967
216 977
216 992
217 504
217 694
217 842
217 890
218 520
218 879
218 929
218 950
219 208
219 377
219 553
219 888
22 278
22 789
22 904
22 932
220 751
220 851
220 990
220 995
221 542
221 593
221 864
221 875
222 118
222 912
222 916
222 938
223 210
223 975
223 991
223 993
224 108
224 924
224 994
224 998
225 856
225 904
225 932
225 954
226 425
226 924
226 952
226 953
227 464
227 848
227 991
227 993
228 731
228 816
228 869
228 960
229 729
229 749
229 872
229 983
23 567
23 709
23 840
23 903
230 54
230 639
230 831
230 963
231 895
231 973
231 986
231 992
232 1000
232 778
232 953
232 989
233 850
233 87
233 978
233 996
234 188
234 509
234 918
234 989
235 66
235 735
235 793
235 867
236 308
236 653
236 771
236 853
237 279
237 497
237 788
237 951
238 621
238 966
238 991
238 993
239 739
239 876
239 911
239 988
24 334
24 776
24 835
24 883
240 496
240 899
240 909
240 918
241 530
241 902
241 949
241 964
242 482
242 652
242 732
242 983
243 892
243 934
243 966
243 993
244 707
244 914
244 942
244 954
244 971
245 35
245 413
245 715
245 918
245 976
246 345
246 478
246 585
246 747
246 915
247 809
247 906
247 955
247 996
247 999
248 401
248 467
248 488
248 556
248 649
249 644
249 798
249 946
249 983
249 988
25 20
25 602
25 910
25 987
250 16
250 503
250 692
250 946
250 988
251 119
251 522
251 741
251 769
251 868
252 525
252 636
252 934
252 975
252 996
253 730
253 758
253 912
253 922
253 962
254 290
254 559
254 733
254 923
254 951
255 550
255 866
255 92
255 945
255 971
256 503
256 876
256 937
256 946
256 947
257 398
257 782
257 814
257 848
257 993
258 477
258 612
258 650
258 835
258 897
259 209
259 524
259 877
259 969
259 984
26 443
26 862
26 992
26 996
260 355
260 576
260 673
260 850
260 978
261 560
261 712
261 881
261 916
261 951
262 728
262 810
262 827
262 885
262 968
263 418
263 770
263 782
263 797
263 799
264 324
264 874
264 918
264 976
264 989
265 421
265 498
265 880
265 984
265 995
266 807
266 828
266 849
266 869
266 891
267 875
267 957
267 981
267 982
267 997
268 785
268 845
268 862
268 907
268 985
269 349
269 42
269 429
269 474
269 799
27 175
27 901
27 984
27 990
270 179
270 308
270 908
270 977
270 988
271 197
271 809
271 953
271 955
271 984
272 651
272 795
272 921
272 953
272 994
273 870
273 949
273 974
273 982
273 997
274 758
274 915
274 933
274 938
274 951
275 300
275 961
275 967
275 968
275 979
276 783
276 787
276 852
276 888
276 904
277 647
277 824
277 935
277 941
277 975
278 22
278 563
278 911
278 929
278 968
279 100
279 237
279 819
279 838
279 839
28 635
28 920
28 931
28 979
280 381
280 490
280 880
280 984
280 995
281 409
281 572
281 779
281 976
281 989
282 507
282 838
282 909
282 934
282 965
283 615
283 635
283 682
283 871
283 976
284 47
284 771
284 856
284 931
284 979
285 753
285 821
285 973
285 986
285 992
286 296
286 480
286 613
286 766
286 842
287 293
287 363
287 575
287 978
287 996
288 815
288 881
288 889
288 927
288 930
289 313
289 429
289 799
289 819
289 962
29 119
29 455
29 614
29 747
290 254
290 526
290 634
290 920
290 994
291 831
291 902
291 972
291 980
291 997
292 837
292 861
292 935
292 941
292 975
293 287
293 502
293 599
293 809
293 843
294 758
294 912
294 922
294 938
294 962
295 11
295 742
295 812
295 977
295 983
296 286
296 458
296 681
296 830
296 862
297 315
297 611
297 642
297 864
297 875
298 413
298 433
298 475
298 875
298 952
299 360
299 729
299 864
299 916
299 990
3 821
3 973
3 986
3 992
30 457
30 686
30 996
30 999
300 275
300 822
300 863
300 879
300 920
301 877
301 901
301 909
301 928
301 990
302 855
302 893
302 930
302 939
302 951
303 676
303 691
303 897
303 941
303 99
304 687
304 817
304 955
304 996
304 999
305 689
305 973
305 978
305 996
305 999
306 460
306 819
306 832
306 967
306 977
307 877
307 884
307 942
307 980
307 984
308 236
308 270
308 925
308 931
308 950
309 574
309 900
309 949
309 974
309 997
31 356
31 369
31 484
31 857
310 724
310 905
310 914
310 976
310 989
311 535
311 690
311 724
311 780
311 899
312 1000
312 888
312 984
312 990
312 995
313 289
313 573
313 810
313 931
313 950
314 621
314 690
314 814
314 896
314 991
315 297
315 499
315 701
315 857
315 875
316 40
316 756
316 829
316 887
316 965
317 41
317 940
317 974
317 981
317 982
318 776
318 955
318 985
318 996
318 999
319 456
319 619
319 621
319 918
319 993
32 866
32 904
32 942
32 945
320 730
320 912
320 916
320 922
320 938
321 116
321 736
321 807
321 838
321 864
322 795
322 834
322 841
322 953
322 994
323 845
323 941
323 978
323 989
323 992
324 1000
324 264
324 554
324 780
324 976
325 757
325 896
325 934
325 966
325 991
326 765
326 796
326 945
326 971
326 986
327 577
327 809
327 978
327 996
327 999
328 571
328 972
328 974
328 982
328 990
329 332
329 414
329 423
329 930
329 931
33 512
33 583
33 717
33 942
330 164
330 814
330 934
330 991
330 993
331 391
331 540
331 665
331 736
331 868
332 329
332 563
332 789
332 827
332 853
333 20
333 638
333 732
333 899
333 976
334 24
334 561
334 676
334 706
334 897
335 873
335 935
335 943
335 948
335 975
336 213
336 372
336 710
336 946
336 983
337 153
337 814
337 892
337 966
337 991
338 657
338 809
338 955
338 986
338 996
339 698
339 919
339 957
339 964
339 981
34 536
34 67
34 770
34 800
340 919
340 964
340 974
340 981
340 997
341 592
341 717
341 796
341 866
341 942
342 156
342 45
342 552
342 691
342 949
343 1000
343 755
343 760
343 984
343 990
344 863
344 920
344 929
344 968
344 979
345 246
345 455
345 486
345 703
345 915
346 765
346 796
346 866
346 945
346 971
347 130
347 637
347 738
347 921
347 994
348 135
348 829
348 836
348 886
348 965
349 269
349 429
349 474
349 797
349 799
35 245
35 905
35 976
35 989
350 705
350 707
350 792
350 884
350 909
351 620
351 680
351 869
351 878
351 963
352 763
352 795
352 958
352 994
352 998
353 804
353 831
353 860
353 936
353 967
354 598
354 76
354 955
354 996
354 999
355 260
355 830
355 872
355 906
355 978
356 31
356 499
356 654
356 864
356 875
357 19
357 572
357 680
357 914
357 918
358 36
358 504
358 612
358 835
358 883
359 658
359 861
359 943
359 948
359 975
36 358
36 882
36 883
36 897
360 21
360 299
360 680
360 854
360 899
361 386
361 972
361 981
361 982
361 997
362 159
362 903
362 943
362 946
362 989
363 287
363 44
363 826
363 985
363 996
364 812
364 826
364 906
364 996
364 999
365 735
365 874
365 941
365 943
365 948
366 714
366 885
366 920
366 926
366 932
367 716
367 717
367 796
367 942
367 971
368 382
368 868
368 892
368 893
368 993
369 31
369 854
369 871
369 899
369 908
37 856
37 885
37 890
37 891
370 168
370 477
370 654
370 857
370 875
371 175
371 851
371 969
371 984
371 995
372 336
372 9
372 946
372 983
372 988
373 551
373 773
373 787
373 800
373 907
374 594
374 665
374 736
374 737
374 769
375 131
375 651
375 958
375 994
375 998
376 716
376 866
376 944
376 945
376 971
377 219
377 516
377 744
377 762
377 915
378 603
378 716
378 942
378 945
378 971
379 653
379 756
379 802
379 836
379 965
38 547
38 943
38 948
38 975
380 192
380 627
380 741
380 930
380 959
381 280
381 863
381 984
381 987
381 995
382 368
382 591
382 710
382 735
382 977
383 535
383 854
383 898
383 976
383 989
384 607
384 785
384 830
384 845
384 862
385 495
385 639
385 796
385 887
385 921
386 171
386 361
386 504
386 800
386 835
387 850
387 891
387 940
387 978
387 999
388 625
388 641
388 862
388 953
388 994
389 128
389 698
389 702
389 963
389 97
39 916
39 922
39 938
39 962
390 762
390 780
390 871
390 899
390 918
391 331
391 538
391 806
391 947
391 983
392 131
392 411
392 57
392 738
392 998
393 100
393 628
393 692
393 786
393 977
394 46
394 518
394 670
394 768
394 830
395 151
395 437
395 840
395 844
395 91
396 61
396 892
396 934
396 966
396 988
397 153
397 814
397 848
397 934
397 991
398 257
398 654
398 782
398 790
398 993
399 118
399 719
399 782
399 848
399 966
4 697
4 815
4 877
4 959
40 316
40 817
40 829
40 965
400 533
400 667
400 720
400 736
400 747
400 769
401 248
401 429
401 556
401 761
401 799
401 899
402 933
402 944
402 962
402 981
402 982
402 997
403 617
403 715
403 780
403 899
403 910
403 989
404 425
404 480
404 584
404 634
404 641
404 696
405 545
405 576
405 597
405 720
405 856
405 931
406 437
406 566
406 626
406 772
406 844
406 903
407 647
407 861
407 873
407 935
407 943
407 975
408 822
408 927
408 930
408 951
408 956
408 959
409 281
409 471
409 898
409 905
409 908
409 914
41 317
41 768
41 854
41 908
410 428
410 549
410 912
410 922
410 938
410 987
411 392
411 60
411 634
411 921
411 936
411 994
412 486
412 665
412 79
412 868
412 915
412 980
413 245
413 298
413 708
413 94
413 946
413 960
414 329
414 452
414 483
414 578
414 929
414 968
415 138
415 689
415 843
415 955
415 985
415 999
416 100
416 192
416 497
416 746
416 867
416 977
417 562
417 748
417 895
417 973
417 986
417 992
418 1000
418 263
418 85
418 877
418 888
418 942
419 473
419 661
419 789
419 853
419 931
419 979
42 269
42 474
42 797
42 825
420 438
420 630
420 636
420 706
420 960
420 970
421 1000
421 265
421 522
421 813
421 901
421 995
422 881
422 927
422 930
422 939
422 951
422 956
423 329
423 669
423 827
423 925
423 934
423 968
424 187
424 697
424 859
424 904
424 923
424 930
425 180
425 226
425 404
425 68
425 761
425 917
426 571
426 820
426 837
426 874
426 948
426 975
427 10
427 64
427 716
427 823
427 893
427 989
428 410
428 916
428 922
428 938
428 962
428 975
429 269
429 289
429 349
429 401
429 761
429 799
43 551
43 588
43 870
43 970
430 692
430 732
430 749
430 911
430 937
430 988
431 589
431 730
431 740
431 922
431 938
431 962
432 695
432 696
432 921
432 987
432 994
432 998
433 298
433 708
433 816
433 842
433 878
433 963
434 746
434 873
434 935
434 937
434 948
434 975
435 183
435 472
435 826
435 850
435 978
435 985
436 880
436 913
436 928
436 949
436 969
436 990
437 395
437 406
437 709
437 840
437 844
437 903
438 420
438 688
438 869
438 960
438 963
438 970
439 617
439 765
439 808
439 852
439 942
439 945
44 363
44 472
44 985
44 996
440 499
440 593
440 654
440 690
440 857
440 875
441 172
441 749
441 798
441 823
441 946
441 988
442 451
442 523
442 978
442 985
442 994
442 999
443 26
443 60
443 774
443 917
443 921
443 994
444 478
444 585
444 664
444 747
444 872
444 915
445 522
445 851
445 913
445 916
445 962
445 989
446 139
446 530
446 924
446 953
446 994
446 998
447 912
447 916
447 922
447 938
447 962
447 987
448 676
448 80
448 833
448 928
448 983
448 995
449 725
449 849
449 878
449 961
449 963
449 980
45 342
45 561
45 800
45 897
450 840
450 917
450 921
450 958
450 994
450 998
451 442
451 599
451 657
451 978
451 985
451 999
452 414
452 616
452 822
452 927
452 939
452 956
453 639
453 684
453 731
453 774
453 842
453 970
454 127
454 783
454 791
454 846
454 852
454 888
455 119
455 29
455 345
455 664
455 915
455 998
456 319
456 782
456 848
456 892
456 991
456 993
457 30
457 839
457 955
457 978
457 985
457 999
458 296
458 805
458 830
458 862
458 907
458 979
459 686
459 843
459 955
459 978
459 984
459 985
46 394
46 607
46 845
46 862
460 306
460 692
460 710
460 804
460 941
460 967
461 793
461 825
461 872
461 978
461 987
461 999
462 49
462 629
462 770
462 797
462 825
462 961
463 733
463 873
463 889
463 923
463 951
463 959
464 227
464 755
464 797
464 927
464 965
464 984
465 917
465 924
465 953
465 958
465 994
465 998
466 669
466 771
466 789
466 925
466 947
466 979
467 248
467 488
467 761
467 770
467 825
467 93
468 506
468 757
468 858
468 966
468 991
468 993
469 900
469 919
469 944
469 949
469 972
469 997
47 284
47 847
47 981
47 997
470 174
470 581
470 766
470 834
470 899
470 959
471 199
471 409
471 715
471 793
471 899
471 910
472 435
472 44
472 566
472 906
472 955
472 996
473 419
473 520
473 771
473 818
473 827
473 879
474 269
474 349
474 42
474 770
474 799
474 852
475 298
475 772
475 916
475 962
475 986
475 992
476 680
476 681
476 724
476 762
476 784
476 976
477 258
477 370
477 886
477 914
477 965
477 966
478 246
478 444
478 540
478 769
478 778
478 915
479 196
479 933
479 940
479 949
479 972
479 997
48 784
48 850
48 922
48 955
480 286
480 404
480 596
480 828
480 844
480 938
481 552
481 612
481 619
481 676
481 706
481 883
482 163
482 242
482 738
482 772
482 814
482 994
483 414
483 59
483 824
483 890
483 932
483 950
484 31
484 654
484 701
484 857
484 864
484 875
485 757
485 803
485 894
485 926
485 944
485 972
486 345
486 412
486 548
486 667
486 778
486 915
487 912
487 916
487 938
487 962
487 98
487 987
488 248
488 467
488 556
488 649
488 761
488 799
489 146
489 805
489 81
489 830
489 862
489 907
49 462
49 556
49 761
49 797
490 1000
490 280
490 604
490 884
490 913
490 995
491 729
491 806
491 937
491 948
491 983
491 988
492 202
492 748
492 973
492 985
492 986
492 992
493 579
493 637
493 763
493 895
493 924
493 998
494 191
494 530
494 794
494 953
494 994
494 998
495 385
495 713
495 831
495 842
495 931
495 960
496 240
496 605
496 876
496 905
496 976
496 989
497 237
497 416
497 819
497 839
497 967
497 977
497 99
498 1000
498 265
498 545
498 818
498 851
498 901
498 995
499 315
499 356
499 440
499 857
499 864
499 875
499 992
5 1000
5 704
5 984
5 990
50 1000
50 865
50 969
50 990
500 1000
500 621
500 755
500 969
500 984
500 990
500 995
501 891
501 906
501 985
501 987
501 996
501 997
501 999
502 293
502 534
502 671
502 850
502 985
502 987
502 996
503 250
503 256
503 53
503 536
503 823
503 937
503 983
504 217
504 358
504 386
504 754
504 883
504 897
504 954
505 13
505 210
505 848
505 896
505 966
505 991
505 993
506 468
506 573
506 606
506 814
506 934
506 966
506 991
507 282
507 661
507 669
507 863
507 920
507 950
507 968
508 580
508 662
508 767
508 772
508 801
508 840
508 903
509 234
509 615
509 898
509 914
509 918
509 976
509 989
51 1000
51 743
51 984
51 995
510 123
510 633
510 774
510 834
510 917
510 953
510 994
511 655
511 753
511 821
511 916
511 973
511 986
511 992
512 181
512 33
512 819
512 866
512 942
512 945
512 971
513 188
513 516
513 558
513 589
513 905
513 910
513 989
514 589
514 682
514 854
514 899
514 910
514 918
514 976
515 520
515 859
515 881
515 889
515 893
515 923
515 939
516 377
516 513
516 572
516 599
516 602
516 617
516 914
517 694
517 891
517 906
517 978
517 985
517 996
517 999
518 394
518 539
518 61
518 892
518 896
518 991
518 993
519 541
519 820
519 942
519 965
519 971
519 985
519 999
52 794
52 957
52 967
52 999
520 218
520 473
520 515
520 718
520 931
520 950
520 979
521 597
521 718
521 728
521 862
521 879
521 885
521 920
522 251
522 421
522 445
522 585
522 665
522 667
522 769
523 442
523 577
523 826
523 843
523 985
523 990
523 996
524 1000
524 259
524 679
524 700
524 755
524 969
524 984
525 252
525 699
525 815
525 889
525 939
525 951
525 956
526 290
526 64
526 806
526 937
526 947
526 983
526 988
527 114
527 801
527 858
527 896
527 964
527 991
527 993
528 123
528 638
528 795
528 831
528 841
528 953
528 958
529 196
529 764
529 826
529 945
529 968
529 988
529 996
53 503
53 644
53 945
53 988
530 241
530 446
530 494
530 622
530 693
530 794
530 958
531 14
531 625
531 660
531 763
531 917
531 924
531 953
532 121
532 580
532 817
532 922
532 942
532 965
532 971
533 400
533 902
533 940
533 944
533 957
533 981
533 997
534 502
534 670
534 785
534 805
534 830
534 845
534 907
535 195
535 311
535 383
535 715
535 724
535 744
535 779
536 34
536 503
536 569
536 906
536 915
536 924
536 980
537 677
537 686
537 895
537 936
537 973
537 986
537 992
538 391
538 739
538 823
538 876
538 951
538 983
538 988
539 518
539 568
539 858
539 892
539 896
539 934
539 993
54 230
54 582
54 841
54 998
540 331
540 478
540 594
540 667
540 716
540 868
540 915
541 519
541 802
541 817
541 836
541 886
541 943
541 965
542 221
542 611
542 642
542 701
542 812
542 857
542 875
543 153
543 621
543 658
543 896
543 966
543 991
543 993
544 750
544 752
544 791
544 846
544 865
544 953
544 974
545 405
545 498
545 594
545 792
545 973
545 982
545 992
546 193
546 620
546 688
546 842
546 960
546 963
546 970
547 141
547 38
547 632
547 666
547 775
547 911
547 983
548 486
548 549
548 721
548 817
548 965
548 971
548 991
549 410
549 548
549 912
549 916
549 922
549 938
549 962
55 732
55 826
55 835
55 852
550 115
550 255
550 808
550 904
550 942
550 945
550 971
551 178
551 373
551 43
551 639
551 688
551 713
551 963
552 156
552 342
552 481
552 58
552 820
552 897
552 939
552 954
553 219
553 637
553 738
553 866
553 917
553 924
553 994
553 998
554 324
554 635
554 755
554 905
554 914
554 918
554 976
554 989
555 734
555 760
555 782
555 801
555 84
555 896
555 966
555 993
556 248
556 401
556 488
556 49
556 632
556 761
556 770
556 797
557 847
557 856
557 894
557 957
557 964
557 972
557 982
557 997
558 513
558 764
558 783
558 787
558 791
558 846
558 852
558 888
559 254
559 712
559 855
559 927
559 939
559 951
559 956
559 959
56 135
56 756
56 836
56 965
560 261
560 699
560 859
560 913
560 923
560 930
560 956
560 959
561 334
561 45
561 58
561 691
561 706
561 790
561 883
561 897
562 417
562 655
562 753
562 880
562 895
562 973
562 986
562 992
563 137
563 278
563 332
563 853
563 890
563 931
563 932
563 981
564 177
564 656
564 676
564 806
564 937
564 946
564 947
564 983
565 1000
565 201
565 692
565 704
565 841
565 884
565 913
565 928
566 103
566 406
566 472
566 626
566 772
566 840
566 844
566 903
567 23
567 653
567 802
567 817
567 829
567 836
567 886
567 965
568 539
568 757
568 770
568 782
568 814
568 896
568 966
568 991
569 114
569 536
569 760
569 776
569 955
569 978
569 985
569 999
57 130
57 392
57 763
57 924
570 766
570 794
570 903
570 970
570 980
570 993
570 995
570 998
571 328
571 426
571 902
571 933
571 940
571 957
571 981
571 997
572 199
572 281
572 357
572 516
572 905
572 910
572 967
572 989
573 313
573 506
573 886
573 893
573 941
573 965
573 975
573 993
574 309
574 790
574 926
574 933
574 940
574 957
574 974
574 997
575 287
575 667
575 747
575 769
575 778
575 79
575 872
575 915
576 260
576 405
576 809
576 843
576 906
576 955
576 978
576 985
577 327
577 523
577 599
577 955
577 985
577 988
577 996
577 999
578 108
578 414
578 728
578 745
578 810
578 890
578 927
578 979
579 493
579 622
579 651
579 693
579 841
579 953
579 979
579 998
58 552
58 561
58 845
58 882
580 203
580 508
580 532
580 662
580 678
580 840
580 903
580 929
581 470
581 729
581 846
581 852
581 869
581 912
581 938
581 960
582 170
582 54
582 625
582 738
582 834
582 841
582 958
582 998
583 33
583 630
583 731
583 820
583 842
583 849
583 869
583 963
584 404
584 824
584 873
584 935
584 941
584 943
584 948
584 975
585 119
585 214
585 246
585 444
585 522
585 665
585 703
585 915
586 769
586 902
586 933
586 972
586 974
586 981
586 982
586 997
587 591
587 742
587 759
587 819
587 860
587 866
587 967
587 977
588 43
588 684
588 688
588 702
588 713
588 828
588 963
588 980
589 431
589 513
589 514
589 715
589 871
589 908
589 914
589 976
59 483
59 920
59 950
59 954
590 751
590 877
590 880
590 909
590 912
590 928
590 990
590 995
591 100
591 382
591 587
591 710
591 788
591 860
591 867
591 967
592 154
592 341
592 796
592 808
592 866
592 942
592 971
592 974
593 168
593 221
593 440
593 654
593 701
593 864
593 952
593 983
594 374
594 540
594 545
594 664
594 665
594 703
594 868
594 945
595 143
595 616
595 733
595 741
595 859
595 939
595 956
595 961
596 480
596 778
596 838
596 868
596 887
596 958
596 960
596 997
597 205
597 405
597 521
597 669
597 853
597 931
597 968
597 979
598 354
598 727
598 772
598 809
598 833
598 978
598 996
598 999
599 293
599 451
599 516
599 577
599 723
599 833
599 985
599 999
6 920
6 962
6 975
6 997
60 215
60 411
60 443
60 998
600 614
600 746
600 861
600 873
600 874
600 941
600 943
600 948
601 652
601 72
601 951
601 969
601 972
601 974
601 983
601 984
602 163
602 25
602 516
602 744
602 762
602 805
602 918
602 976
603 154
603 378
603 717
603 721
603 904
603 914
603 945
603 971
604 490
604 777
604 827
604 885
604 931
604 932
604 936
604 979
605 496
605 674
605 683
605 924
605 979
605 986
605 988
605 992
606 506
606 658
606 719
606 801
606 858
606 886
606 896
606 934
607 129
607 384
607 46
607 670
607 785
607 845
607 862
607 907
608 620
608 707
608 713
608 781
608 820
608 869
608 960
608 970
609 870
609 894
609 900
609 940
609 964
609 966
609 981
609 982
61 396
61 518
61 858
61 961
610 726
610 824
610 874
610 935
610 937
610 941
610 943
610 948
611 297
611 542
611 701
611 853
611 857
611 864
611 872
611 875
612 184
612 258
612 358
612 481
612 706
612 835
612 883
612 897
613 286
613 684
613 708
613 729
613 842
613 849
613 878
613 960
614 17
614 29
614 600
614 623
614 742
614 829
614 90
614 965
615 107
615 283
615 509
615 871
615 905
615 908
615 914
615 981
616 452
616 595
616 802
616 889
616 923
616 930
616 939
616 951
616 956
617 142
617 403
617 439
617 516
617 871
617 899
617 908
617 910
617 918
618 706
618 714
618 883
618 890
618 969
618 986
618 992
618 995
618 999
619 108
619 319
619 481
619 700
619 719
619 779
619 800
619 950
619 995
62 121
62 762
62 854
62 976
620 160
620 351
620 546
620 608
620 731
620 898
620 934
620 963
620 970
621 238
621 314
621 319
621 500
621 543
621 934
621 966
621 991
621 993
622 530
622 579
622 684
622 693
622 750
622 763
622 834
622 958
622 994
623 614
623 715
623 825
623 838
623 889
623 915
623 918
623 951
623 999
624 661
624 674
624 810
624 920
624 925
624 931
624 950
624 968
624 979
625 388
625 531
625 582
625 683
625 695
625 718
625 834
625 953
625 998
626 151
626 203
626 406
626 566
626 662
626 678
626 767
626 835
626 903
627 137
627 380
627 822
627 893
627 923
627 927
627 939
627 956
627 959
628 393
628 786
628 788
628 838
628 860
628 943
628 954
628 967
628 977
629 462
629 649
629 662
629 761
629 767
629 770
629 797
629 799
629 825
63 919
63 973
63 986
63 992
630 420
630 583
630 636
630 684
630 688
630 816
630 963
630 970
630 999
631 644
631 870
631 919
631 944
631 949
631 957
631 972
631 981
631 997
632 547
632 556
632 739
632 768
632 773
632 798
632 806
632 947
632 988
633 510
633 659
633 748
633 88
633 882
633 895
633 973
633 986
633 992
634 290
634 404
634 411
634 695
634 763
634 794
634 917
634 921
634 998
635 28
635 283
635 554
635 682
635 720
635 910
635 914
635 918
635 976
636 174
636 252
636 420
636 630
636 684
636 703
636 869
636 960
636 970
637 347
637 493
637 553
637 683
637 723
637 834
637 86
637 917
637 958
638 333
638 528
638 706
638 800
638 878
638 893
638 956
638 970
638 989
639 230
639 385
639 453
639 551
639 820
639 960
639 963
639 970
639 972
64 427
64 526
64 732
64 876
640 881
640 902
640 926
640 933
640 957
640 964
640 972
640 981
640 982
641 388
641 404
641 660
641 726
641 794
641 834
641 86
641 890
641 994
642 297
642 542
642 82
642 857
642 864
642 872
642 875
642 952
642 975
643 727
643 811
643 821
643 880
643 895
643 961
643 973
643 986
643 992
644 249
644 53
644 631
644 656
644 876
644 937
644 946
644 983
644 988
645 764
645 783
645 787
645 791
645 846
645 852
645 888
645 995
646 147
646 732
646 739
646 775
646 911
646 937
646 947
646 983
646 988
647 277
647 407
647 837
647 874
647 929
647 941
647 943
647 948
647 975
648 870
648 871
648 894
648 940
648 949
648 964
648 972
648 974
648 997
649 248
649 488
649 629
649 761
649 767
649 770
649 891
649 925
649 93
65 752
65 824
65 837
65 941
650 126
650 258
650 756
650 802
650 817
650 836
650 886
650 887
650 965
651 272
651 375
651 579
651 68
651 790
651 823
651 921
651 958
651 994
652 242
652 601
652 772
652 826
652 903
652 935
652 975
652 986
652 996
653 155
653 236
653 379
653 567
653 756
653 817
653 829
653 886
653 965
654 356
654 370
654 398
654 440
654 484
654 593
654 857
654 864
654 875
655 511
655 562
655 677
655 748
655 811
655 821
655 973
655 986
655 992
656 177
656 564
656 644
656 773
656 781
656 946
656 966
656 983
656 988
657 338
657 451
657 671
657 681
657 764
657 850
657 906
657 978
657 999
658 194
658 359
658 543
658 606
658 801
658 848
658 934
658 966
658 991
659 633
659 753
659 811
659 828
659 882
659 895
659 973
659 986
659 992
66 235
66 759
66 860
66 967
660 531
660 641
660 683
660 696
660 795
660 952
660 980
660 994
660 998
661 105
661 419
661 507
661 624
661 714
661 810
661 890
661 90
661 932
662 203
662 508
662 580
662 626
662 629
662 678
662 772
662 840
662 903
663 147
663 719
663 782
663 848
663 892
663 896
663 902
663 991
663 993
664 444
664 455
664 594
664 665
664 703
664 778
664 829
664 868
664 915
665 331
665 374
665 412
665 522
665 585
665 594
665 664
665 736
665 915
665 999
666 547
666 749
666 775
666 781
666 806
666 823
666 892
666 937
666 947
666 988
667 400
667 486
667 522
667 540
667 575
667 736
667 747
667 868
667 915
667 999
668 115
668 673
668 752
668 837
668 873
668 935
668 941
668 943
668 948
668 975
669 101
669 423
669 466
669 507
669 597
669 745
669 863
669 929
669 932
669 968
67 34
67 835
67 897
67 996
670 129
670 394
670 534
670 607
670 722
670 785
670 805
670 830
670 862
670 907
671 502
671 657
671 686
671 809
671 906
671 955
671 973
671 985
671 996
671 999
672 134
672 889
672 894
672 949
672 964
672 972
672 974
672 981
672 982
672 997
673 260
673 668
673 746
673 820
673 873
673 935
673 941
673 943
673 948
673 975
674 605
674 624
674 696
674 838
674 874
674 935
674 943
674 960
674 967
674 998
675 682
675 699
675 806
675 815
675 871
675 872
675 876
675 895
675 986
675 992
676 303
676 334
676 448
676 481
676 564
676 800
676 882
676 883
676 897
676 954
677 537
677 655
677 748
677 763
677 811
677 821
677 895
677 973
677 986
677 992
678 103
678 144
678 580
678 626
678 662
678 693
678 709
678 840
678 844
678 903
679 1000
679 524
679 704
679 748
679 877
679 884
679 969
679 984
679 990
679 995
68 425
68 651
68 695
68 924
680 351
680 357
680 360
680 476
680 694
680 744
680 762
680 780
680 918
680 976
681 162
681 296
681 476
681 657
681 686
681 792
681 830
681 845
681 956
681 959
682 283
682 514
682 635
682 675
682 854
682 861
682 905
682 908
682 918
682 976
683 605
683 625
683 637
683 660
683 693
683 774
683 935
683 952
683 994
683 998
684 174
684 453
684 588
684 613
684 622
684 630
684 636
684 702
684 816
684 960
685 200
685 853
685 879
685 885
685 918
685 920
685 929
685 950
685 954
685 968
686 30
686 459
686 537
686 671
686 681
686 687
686 689
686 833
686 850
686 978
687 304
687 686
687 776
687 809
687 812
687 891
687 901
687 906
687 996
687 999
688 438
688 546
688 551
688 588
688 630
688 708
688 878
688 896
688 960
688 963
689 305
689 415
689 686
689 833
689 843
689 955
689 968
689 985
689 996
689 999
69 818
69 863
69 890
69 936
690 311
690 314
690 440
690 699
690 701
690 776
690 855
690 985
690 989
690 996
691 303
691 342
691 561
691 777
691 800
691 835
691 882
691 883
691 897
691 954
692 250
692 393
692 430
692 460
692 565
692 704
692 925
692 964
692 974
692 990
693 530
693 579
693 622
693 678
693 683
693 726
693 917
693 958
693 980
693 994
694 107
694 162
694 21
694 217
694 517
694 680
694 793
694 854
694 899
694 908
694 989
695 432
695 625
695 634
695 68
695 790
695 897
695 921
695 924
695 958
695 994
695 998
696 14
696 404
696 432
696 660
696 674
696 720
696 750
696 921
696 924
696 958
696 998
697 4
697 424
697 768
697 815
697 859
697 893
697 927
697 939
697 951
697 956
697 959
698 339
698 389
698 874
698 894
698 900
698 940
698 957
698 964
698 981
698 982
698 997
699 525
699 560
699 675
699 690
699 720
699 822
699 894
699 927
699 930
699 956
699 959
7 1000
7 961
7 984
7 990
70 740
70 851
70 976
70 994
700 1000
700 524
700 619
700 788
700 901
700 913
700 928
700 969
700 980
700 990
700 995
701 315
701 484
701 542
701 593
701 611
701 690
701 77
701 795
701 857
701 864
701 875
702 193
702 205
702 389
702 588
702 684
702 707
702 766
702 807
702 849
702 960
702 970
703 345
703 585
703 594
703 636
703 664
703 727
703 736
703 747
703 778
703 868
703 915
704 5
704 565
704 679
704 692
704 727
704 737
704 877
704 980
704 984
704 990
704 995
705 1000
705 350
705 792
705 832
705 856
705 880
705 884
705 901
705 928
705 969
705 990
706 334
706 420
706 481
706 561
706 612
706 618
706 638
706 835
706 897
706 928
706 954
707 139
707 244
707 350
707 608
707 702
707 742
707 750
707 807
707 817
707 969
707 995
708 174
708 413
708 433
708 613
708 688
708 713
708 815
708 816
708 960
708 970
708 980
709 182
709 203
709 209
709 23
709 437
709 678
709 754
709 772
709 840
709 844
709 903
71 758
71 806
71 912
71 938
710 132
710 216
710 336
710 382
710 460
710 591
710 735
710 839
710 860
710 967
710 977
711 746
711 824
711 837
711 855
711 861
711 874
711 935
711 941
711 943
711 948
711 975
712 261
712 559
712 741
712 855
712 875
712 889
712 927
712 930
712 951
712 959
712 961
713 193
713 495
713 551
713 588
713 608
713 708
713 878
713 891
713 960
713 962
713 963
714 108
714 366
714 618
714 661
714 743
714 789
714 807
714 856
714 885
714 931
714 979
715 188
715 245
715 403
715 471
715 535
715 589
715 623
715 724
715 827
715 914
715 989
716 367
716 376
716 378
716 427
716 540
716 717
716 721
716 808
716 942
716 945
716 971
717 115
717 183
717 33
717 341
717 367
717 603
717 716
717 942
717 945
717 964
717 971
718 200
718 520
718 521
718 625
718 745
718 856
718 890
718 925
718 929
718 950
718 979
719 152
719 399
719 606
719 619
719 663
719 727
719 814
719 858
719 966
719 976
719 993
72 601
72 950
72 968
72 979
720 214
720 400
720 405
720 635
720 696
720 699
720 728
720 863
720 868
720 881
720 989
721 548
721 603
721 716
721 744
721 765
721 796
721 808
721 866
721 942
721 945
721 971
722 670
722 851
722 865
722 880
722 884
722 913
722 928
722 969
722 984
722 990
722 995
723 208
723 599
723 637
723 826
723 833
723 850
723 906
723 955
723 985
723 996
723 999
724 310
724 311
724 476
724 535
724 715
724 779
724 871
724 884
724 905
724 910
724 989
725 1000
725 449
725 787
725 791
725 852
725 877
725 919
725 963
725 969
725 970
725 997
726 610
726 641
726 693
726 877
726 939
726 943
726 956
726 975
726 989
726 990
726 995
727 1000
727 598
727 643
727 703
727 704
727 719
727 843
727 966
727 973
727 986
727 999
728 262
728 521
728 578
728 720
728 745
728 799
728 856
728 890
728 925
728 929
728 979
729 229
729 299
729 491
729 581
729 613
729 798
729 806
729 876
729 947
729 983
729 988
73 778
73 807
73 905
73 907
730 127
730 253
730 320
730 431
730 740
730 758
730 80
730 912
730 916
730 938
730 962
730 987
731 228
731 453
731 583
731 620
731 765
731 816
731 842
731 849
731 869
731 891
731 960
731 963
732 213
732 242
732 333
732 430
732 55
732 64
732 646
732 739
732 806
732 911
732 917
732 947
733 254
733 463
733 595
733 77
733 822
733 867
733 889
733 89
733 923
733 939
733 956
733 959
734 173
734 555
734 747
734 783
734 836
734 868
734 886
734 888
734 915
734 964
734 965
734 991
735 191
735 235
735 365
735 382
735 710
735 819
735 838
735 839
735 867
735 936
735 956
735 967
736 321
736 331
736 374
736 400
736 665
736 667
736 703
736 747
736 778
736 868
736 872
736 930
737 122
737 374
737 704
737 751
737 813
737 877
737 928
737 936
737 969
737 980
737 984
737 995
738 347
738 392
738 482
738 553
738 582
738 763
738 774
738 794
738 917
738 924
738 970
738 998
739 141
739 239
739 538
739 632
739 646
739 732
739 781
739 798
739 876
739 937
739 947
739 976
74 192
74 786
74 838
74 977
740 431
740 70
740 730
740 758
740 798
740 812
740 899
740 912
740 916
740 922
740 938
740 962
741 251
741 380
741 595
741 712
741 855
741 859
741 893
741 927
741 930
741 939
741 951
741 959
742 189
742 295
742 587
742 614
742 707
742 786
742 788
742 804
742 819
742 936
742 952
742 977
743 1
743 105
743 51
743 714
743 771
743 853
743 920
743 932
743 936
743 950
743 954
743 968
744 195
744 21
744 377
744 535
744 602
744 680
744 721
744 793
744 905
744 918
744 96
744 987
745 578
745 669
745 718
745 728
745 856
745 863
745 885
745 896
745 931
745 932
745 947
745 950
746 416
746 434
746 600
746 673
746 711
746 861
746 874
746 935
746 941
746 943
746 948
746 975
747 246
747 29
747 400
747 444
747 575
747 667
747 703
747 734
747 736
747 778
747 868
747 955
748 417
748 492
748 633
748 655
748 677
748 679
748 811
748 821
748 895
748 973
748 986
748 992
749 16
749 229
749 430
749 441
749 666
749 773
749 823
749 920
749 946
749 947
749 969
749 988
75 148
75 985
75 996
75 999
750 544
750 622
750 696
750 707
750 867
750 921
750 924
750 952
750 953
750 958
750 994
750 998
751 1000
751 122
751 220
751 590
751 737
751 846
751 851
751 880
751 901
751 969
751 984
751 990
752 544
752 65
752 668
752 861
752 873
752 874
752 935
752 941
752 943
752 948
752 963
752 975
753 285
753 511
753 562
753 659
753 811
753 821
753 841
753 895
753 936
753 973
753 986
753 992
754 504
754 709
754 782
754 844
754 846
754 852
754 888
754 896
754 926
754 944
754 966
754 974
755 1000
755 343
755 464
755 500
755 524
755 554
755 813
755 880
755 884
755 909
755 913
755 987
756 155
756 207
756 316
756 379
756 56
756 650
756 653
756 802
756 829
756 836
756 965
756 998
757 325
757 468
757 485
757 568
757 801
757 848
757 858
757 892
757 898
757 966
757 991
757 993
758 170
758 253
758 274
758 294
758 71
758 730
758 740
758 912
758 916
758 922
758 938
758 962
759 587
759 66
759 767
759 786
759 804
759 839
759 867
759 876
759 954
759 958
759 967
759 977
76 354
76 828
76 878
76 970
760 343
760 555
760 569
760 776
760 787
760 841
760 865
760 888
760 917
760 953
760 995
760 999
761 191
761 401
761 425
761 429
761 467
761 488
761 49
761 556
761 629
761 649
761 797
761 799
762 377
762 390
762 476
762 602
762 62
762 680
762 779
762 849
762 871
762 914
762 976
762 989
763 352
763 493
763 531
763 57
763 622
763 634
763 677
763 738
763 774
763 834
763 917
763 958
764 529
764 558
764 645
764 657
764 783
764 787
764 791
764 846
764 852
764 888
765 326
765 346
765 439
765 721
765 731
765 784
765 796
765 808
765 866
765 942
765 945
765 971
766 286
766 470
766 570
766 702
766 816
766 869
766 878
766 887
766 960
766 963
766 970
766 998
767 508
767 626
767 629
767 649
767 759
767 797
767 816
767 844
767 860
767 929
767 931
767 968
767 977
768 1000
768 394
768 41
768 632
768 697
768 785
768 818
768 851
768 907
768 908
768 936
768 937
768 947
769 214
769 251
769 374
769 400
769 478
769 522
769 575
769 586
769 778
769 868
769 872
769 915
769 965
77 701
77 733
77 814
77 932
770 263
770 34
770 462
770 467
770 474
770 556
770 568
770 629
770 649
770 797
770 799
770 891
770 93
771 236
771 284
771 466
771 473
771 743
771 810
771 818
771 856
771 890
771 907
771 929
771 932
771 968
772 144
772 406
772 475
772 482
772 508
772 566
772 598
772 652
772 662
772 709
772 840
772 844
772 903
773 120
773 125
773 177
773 373
773 632
773 656
773 749
773 775
773 876
773 911
773 947
773 983
773 988
774 14
774 443
774 453
774 510
774 683
774 738
774 763
774 794
774 917
774 921
774 958
774 994
774 998
775 186
775 547
775 646
775 666
775 773
775 798
775 806
775 821
775 823
775 876
775 911
775 937
775 946
776 24
776 318
776 569
776 687
776 690
776 760
776 809
776 906
776 936
776 955
776 978
776 985
776 999
777 604
777 691
777 815
777 863
777 916
777 927
777 929
777 930
777 938
777 962
777 973
777 986
777 992
778 232
778 478
778 486
778 575
778 596
778 664
778 703
778 73
778 736
778 747
778 769
778 786
778 868
779 281
779 535
779 619
779 724
779 762
779 854
779 871
779 882
779 905
779 908
779 976
779 987
779 989
78 869
78 904
78 960
78 970
780 311
780 324
780 390
780 403
780 680
780 797
780 854
780 871
780 908
780 909
780 914
780 918
780 987
781 120
781 213
781 608
781 656
781 666
781 739
781 876
781 911
781 937
781 946
781 947
781 983
781 988
782 257
782 263
782 398
782 399
782 456
782 555
782 568
782 663
782 754
782 858
782 892
782 934
782 993
783 276
783 454
783 558
783 645
783 734
783 764
783 787
783 791
783 836
783 846
783 852
783 888
784 1000
784 194
784 476
784 48
784 765
784 913
784 939
784 945
784 955
784 969
784 971
784 978
784 993
785 111
785 268
785 384
785 534
785 607
785 670
785 768
785 805
785 820
785 830
785 845
785 862
785 907
786 15
786 393
786 628
786 74
786 742
786 759
786 778
786 804
786 819
786 867
786 905
786 967
786 977
787 13
787 276
787 373
787 558
787 645
787 725
787 760
787 764
787 783
787 791
787 846
787 852
787 888
787 933
788 15
788 215
788 237
788 591
788 628
788 700
788 742
788 804
788 812
788 839
788 867
788 952
788 967
788 977
789 112
789 137
789 144
789 22
789 332
789 419
789 466
789 714
789 853
789 920
789 925
789 932
789 979
789 989
79 157
79 412
79 575
79 915
790 398
790 561
790 574
790 651
790 695
790 804
790 811
790 835
790 838
790 858
790 883
790 934
790 967
790 998
791 13
791 454
791 544
791 558
791 645
791 725
791 764
791 783
791 787
791 846
791 852
791 888
791 900
791 96
792 1000
792 350
792 545
792 681
792 705
792 813
792 832
792 880
792 901
792 928
792 936
792 954
792 984
792 990
793 122
793 235
793 461
793 471
793 694
793 744
793 813
793 874
793 934
793 943
793 948
793 984
793 991
793 993
794 494
794 52
794 530
794 570
794 634
794 641
794 738
794 774
794 910
794 917
794 921
794 953
794 958
794 998
795 105
795 272
795 322
795 352
795 528
795 660
795 701
795 834
795 841
795 924
795 952
795 953
795 958
795 998
796 326
796 341
796 346
796 367
796 385
796 592
796 721
796 765
796 866
796 887
796 909
796 942
796 945
796 971
797 263
797 349
797 42
797 462
797 464
797 49
797 556
797 629
797 761
797 767
797 770
797 780
797 799
797 891
798 249
798 441
798 632
798 729
798 739
798 740
798 775
798 876
798 911
798 937
798 946
798 947
798 983
798 988
799 117
799 263
799 269
799 289
799 349
799 401
799 429
799 474
799 488
799 629
799 728
799 761
799 770
799 797
8 912
8 922
8 938
8 962
80 448
80 730
80 922
80 962
800 10
800 34
800 373
800 386
800 45
800 619
800 638
800 676
800 691
800 850
800 883
800 897
800 90
800 906
801 147
801 508
801 527
801 555
801 606
801 658
801 757
801 819
801 84
801 848
801 892
801 896
801 991
801 993
802 106
802 158
802 207
802 379
802 541
802 567
802 616
802 650
802 756
802 829
802 836
802 886
802 911
802 965
803 485
803 843
803 847
803 926
803 933
803 940
803 944
803 949
803 957
803 964
803 972
803 981
803 982
803 997
804 353
804 460
804 742
804 759
804 786
804 788
804 790
804 831
804 839
804 860
804 867
804 906
804 967
804 977
805 111
805 146
805 149
805 165
805 458
805 489
805 534
805 602
805 670
805 785
805 81
805 830
805 845
805 862
805 907
806 141
806 391
806 491
806 526
806 564
806 632
806 666
806 675
806 71
806 729
806 732
806 775
806 946
806 983
806 988
807 136
807 266
807 321
807 702
807 707
807 714
807 73
807 816
807 828
807 842
807 849
807 887
807 963
807 970
807 980
808 12
808 439
808 550
808 592
808 716
808 721
808 765
808 860
808 866
808 909
808 92
808 922
808 942
808 945
808 971
809 104
809 247
809 271
809 293
809 327
809 338
809 576
809 598
809 671
809 687
809 776
809 833
809 926
809 985
809 996
81 489
81 805
81 845
81 907
810 262
810 313
810 578
810 624
810 661
810 771
810 871
810 879
810 885
810 920
810 925
810 929
810 950
810 958
810 979
811 643
811 655
811 659
811 677
811 748
811 753
811 790
811 821
811 895
811 94
811 961
811 973
811 983
811 986
811 992
812 295
812 364
812 542
812 687
812 740
812 788
812 838
812 841
812 87
812 921
812 938
812 962
812 994
812 996
812 998
813 1000
813 421
813 737
813 755
813 792
813 793
813 832
813 848
813 884
813 901
813 928
813 969
813 970
813 984
813 990
814 164
814 257
814 314
814 330
814 337
814 397
814 482
814 506
814 568
814 719
814 77
814 858
814 878
814 991
814 993
815 288
815 4
815 525
815 675
815 697
815 708
815 777
815 881
815 889
815 891
815 923
815 927
815 930
815 951
815 959
816 228
816 433
816 630
816 684
816 708
816 731
816 766
816 767
816 807
816 869
816 878
816 904
816 961
816 963
816 979
817 106
817 207
817 304
817 40
817 532
817 541
817 548
817 567
817 650
817 653
817 707
817 829
817 836
817 886
817 965
818 205
818 473
818 498
818 69
818 768
818 771
818 879
818 885
818 890
818 920
818 931
818 932
818 950
818 961
818 979
819 279
819 289
819 306
819 497
819 512
819 587
819 735
819 742
819 786
819 801
819 838
819 952
819 954
819 967
819 977
82 642
82 857
82 864
82 952
820 178
820 426
820 519
820 552
820 583
820 608
820 639
820 673
820 785
820 837
820 861
820 897
820 933
820 974
820 997
821 285
821 3
821 511
821 643
821 655
821 677
821 748
821 753
821 775
821 811
821 834
821 961
821 973
821 986
821 992
822 300
822 408
822 452
822 627
822 699
822 733
822 855
822 881
822 893
822 923
822 927
822 930
822 951
822 956
822 959
823 196
823 427
823 441
823 503
823 538
823 651
823 666
823 749
823 775
823 876
823 911
823 924
823 947
823 983
823 988
824 277
824 483
824 584
824 610
824 65
824 711
824 837
824 874
824 908
824 909
824 935
824 941
824 943
824 948
824 975
825 42
825 461
825 462
825 467
825 623
825 629
825 846
825 852
825 888
825 897
825 912
825 922
825 933
825 962
825 987
825 999
826 363
826 364
826 435
826 523
826 529
826 55
826 652
826 723
826 833
826 934
826 954
826 955
826 978
826 985
826 996
826 999
827 262
827 332
827 423
827 473
827 604
827 715
827 853
827 856
827 879
827 885
827 890
827 898
827 925
827 929
827 931
827 979
828 178
828 266
828 480
828 588
828 659
828 76
828 807
828 83
828 842
828 849
828 869
828 878
828 887
828 933
828 960
828 970
829 126
829 135
829 316
829 348
829 40
829 567
829 614
829 653
829 664
829 756
829 802
829 817
829 836
829 886
829 965
829 977
83 828
83 831
83 960
83 970
830 129
830 149
830 296
830 355
830 384
830 394
830 458
830 489
830 534
830 670
830 681
830 785
830 805
830 862
830 907
830 909
831 128
831 230
831 291
831 353
831 495
831 528
831 804
831 83
831 895
831 924
831 967
831 973
831 986
831 992
831 994
831 998
832 1000
832 175
832 189
832 201
832 306
832 705
832 792
832 813
832 865
832 877
832 884
832 913
832 969
832 987
832 990
832 995
833 448
833 598
833 599
833 686
833 689
833 723
833 809
833 826
833 843
833 887
833 906
833 953
833 955
833 978
833 985
833 998
834 322
834 470
834 510
834 582
834 622
834 625
834 637
834 641
834 763
834 795
834 821
834 841
834 921
834 95
834 958
834 998
835 113
835 24
835 258
835 358
835 386
835 55
835 612
835 626
835 67
835 691
835 706
835 790
835 85
835 883
835 897
835 954
836 126
836 348
836 379
836 541
836 56
836 567
836 650
836 734
836 756
836 783
836 802
836 817
836 829
836 886
836 921
836 965
837 292
837 426
837 647
837 65
837 668
837 711
837 820
837 824
837 861
837 873
837 935
837 941
837 943
837 948
837 966
837 975
838 138
838 279
838 282
838 321
838 596
838 623
838 628
838 674
838 735
838 74
838 790
838 812
838 819
838 839
838 952
838 967
839 15
839 17
839 215
839 279
839 457
839 497
839 710
839 735
839 759
839 788
839 804
839 838
839 860
839 867
839 923
839 967
84 555
84 801
84 991
84 993
840 103
840 204
840 23
840 395
840 437
840 450
840 508
840 566
840 580
840 662
840 678
840 709
840 772
840 844
840 901
840 903
841 322
841 528
841 54
841 565
841 579
841 582
841 753
841 760
841 795
841 812
841 834
841 921
841 953
841 958
841 994
841 998
842 148
842 211
842 217
842 286
842 433
842 453
842 495
842 546
842 583
842 613
842 731
842 807
842 828
842 869
842 960
842 980
843 293
843 415
843 459
843 523
843 576
843 689
843 727
843 803
843 833
843 850
843 906
843 955
843 978
843 985
843 987
843 996
844 151
844 209
844 395
844 406
844 437
844 480
844 566
844 678
844 709
844 754
844 767
844 772
844 840
844 903
844 91
844 99
845 146
845 149
845 165
845 268
845 323
845 384
845 46
845 534
845 58
845 607
845 681
845 785
845 805
845 81
845 862
845 907
846 454
846 544
846 558
846 581
846 645
846 751
846 754
846 764
846 783
846 787
846 791
846 825
846 852
846 888
846 96
846 972
847 145
847 47
847 557
847 803
847 870
847 894
847 900
847 914
847 926
847 940
847 944
847 949
847 964
847 972
847 978
847 982
847 997
848 152
848 227
848 257
848 397
848 399
848 456
848 505
848 658
848 663
848 757
848 801
848 813
848 892
848 934
848 966
848 991
848 993
849 113
849 136
849 266
849 449
849 583
849 613
849 702
849 731
849 762
849 807
849 828
849 869
849 878
849 959
849 960
849 963
849 970
85 10
85 169
85 418
85 835
850 233
850 260
850 387
850 435
850 48
850 502
850 657
850 686
850 723
850 800
850 843
850 906
850 978
850 980
850 985
850 996
850 999
851 1000
851 110
851 220
851 371
851 445
851 498
851 70
851 722
851 751
851 768
851 865
851 884
851 928
851 984
851 990
851 995
851 997
852 276
852 439
852 454
852 474
852 55
852 558
852 581
852 645
852 725
852 754
852 764
852 783
852 787
852 791
852 825
852 846
852 888
853 236
853 332
853 419
853 563
853 597
853 611
853 685
853 743
853 789
853 827
853 878
853 929
853 931
853 950
853 961
853 968
853 979
854 21
854 360
854 369
854 383
854 41
854 514
854 62
854 682
854 694
854 779
854 780
854 898
854 908
854 910
854 97
854 976
854 989
855 302
855 559
855 690
855 711
855 712
855 741
855 822
855 893
855 923
855 927
855 930
855 939
855 951
855 956
855 959
855 961
855 984
856 225
856 284
856 37
856 405
856 557
856 705
856 714
856 718
856 728
856 745
856 771
856 827
856 863
856 898
856 961
856 968
856 979
857 168
857 31
857 315
857 370
857 440
857 484
857 499
857 542
857 611
857 642
857 654
857 701
857 82
857 863
857 864
857 950
857 952
858 468
858 527
858 539
858 606
858 61
858 719
858 757
858 782
858 790
858 814
858 887
858 892
858 896
858 919
858 966
858 991
858 993
859 1000
859 2
859 206
859 424
859 515
859 560
859 595
859 697
859 741
859 881
859 917
859 927
859 930
859 939
859 951
859 956
859 959
86 637
86 641
86 944
86 958
860 166
860 167
860 197
860 353
860 587
860 591
860 628
860 66
860 710
860 767
860 804
860 808
860 839
860 867
860 936
860 952
860 967
860 977
861 292
861 359
861 407
861 600
861 682
861 711
861 746
861 752
861 820
861 837
861 873
861 874
861 89
861 935
861 941
861 944
861 948
861 975
862 111
862 165
862 26
862 268
862 296
862 384
862 388
862 458
862 46
862 489
862 521
862 607
862 670
862 785
862 805
862 830
862 845
862 907
863 137
863 169
863 300
863 344
863 381
863 507
863 669
863 69
863 720
863 745
863 777
863 856
863 857
863 925
863 931
863 932
863 968
863 979
864 221
864 297
864 299
864 321
864 356
864 484
864 499
864 593
864 611
864 642
864 654
864 701
864 82
864 857
864 872
864 875
864 978
864 981
865 1000
865 204
865 50
865 544
865 722
865 760
865 832
865 851
865 877
865 880
865 884
865 913
865 954
865 969
865 980
865 984
865 990
865 995
866 181
866 255
866 32
866 341
866 346
866 376
866 512
866 553
866 587
866 592
866 721
866 765
866 796
866 808
866 904
866 942
866 945
866 971
867 132
867 166
867 19
867 235
867 416
867 591
867 733
867 735
867 750
867 759
867 786
867 788
867 804
867 839
867 860
867 954
867 967
867 977
868 251
868 331
868 368
868 412
868 540
868 594
868 596
868 664
868 667
868 703
868 720
868 734
868 736
868 747
868 769
868 778
868 915
868 950
869 228
869 266
869 351
869 438
869 581
869 583
869 608
869 636
869 731
869 766
869 78
869 816
869 828
869 842
869 849
869 924
869 952
869 961
87 233
87 812
87 985
87 996
870 110
870 273
870 43
870 609
870 631
870 648
870 847
870 894
870 900
870 919
870 933
870 944
870 957
870 964
870 972
870 974
870 981
870 982
870 997
871 283
871 369
871 390
871 589
871 615
871 617
871 648
871 675
871 724
871 762
871 779
871 780
871 810
871 905
871 909
871 910
871 914
871 918
871 976
872 208
872 229
872 355
872 444
872 461
872 575
872 611
872 642
872 675
872 736
872 769
872 864
872 875
872 906
872 933
872 944
872 981
872 982
872 999
873 335
873 407
873 434
873 463
873 584
873 600
873 668
873 673
873 752
873 837
873 861
873 874
873 909
873 935
873 941
873 943
873 948
873 975
873 992
874 264
874 365
874 426
874 600
874 610
874 647
874 674
874 698
874 711
874 746
874 752
874 793
874 824
874 861
874 873
874 935
874 941
874 948
874 975
875 221
875 267
875 297
875 298
875 315
875 356
875 370
875 440
875 484
875 499
875 542
875 611
875 642
875 654
875 701
875 712
875 864
875 872
875 952
876 109
876 239
876 256
876 496
876 538
876 64
876 644
876 675
876 729
876 739
876 759
876 773
876 775
876 781
876 798
876 823
876 946
876 947
876 983
877 212
877 259
877 301
877 307
877 4
877 418
877 590
877 679
877 704
877 725
877 726
877 737
877 832
877 865
877 928
877 949
877 969
877 984
877 990
878 351
878 433
878 449
878 613
878 638
878 688
878 713
878 76
878 766
878 814
878 816
878 828
878 849
878 853
878 898
878 960
878 963
878 970
878 980
879 134
879 169
879 218
879 300
879 473
879 521
879 685
879 810
879 818
879 827
879 885
879 890
879 920
879 929
879 936
879 950
879 968
879 974
879 979
88 633
88 973
88 986
88 992
880 265
880 280
880 436
880 562
880 590
880 643
880 705
880 722
880 751
880 755
880 792
880 865
880 901
880 913
880 928
880 954
880 969
880 984
880 995
881 116
881 261
881 288
881 422
881 515
881 640
881 720
881 815
881 822
881 859
881 889
881 893
881 923
881 939
881 951
881 956
881 959
881 961
881 972
882 167
882 19
882 36
882 58
882 633
882 659
882 676
882 691
882 779
882 908
882 910
882 914
882 967
882 973
882 977
882 978
882 986
882 992
882 997
883 156
883 171
883 24
883 358
883 36
883 481
883 504
883 561
883 612
883 618
883 676
883 691
883 790
883 800
883 835
883 897
883 90
883 990
883 993
884 1000
884 140
884 307
884 350
884 490
884 565
884 679
884 705
884 722
884 724
884 755
884 813
884 832
884 851
884 865
884 913
884 951
884 954
884 990
885 262
885 366
885 37
885 521
885 604
885 685
885 714
885 745
885 810
885 818
885 827
885 879
885 91
885 925
885 929
885 932
885 950
885 966
885 968
886 106
886 155
886 158
886 348
886 477
886 541
886 567
886 573
886 606
886 650
886 653
886 734
886 802
886 817
886 829
886 836
886 887
886 965
886 982
887 316
887 385
887 596
887 650
887 766
887 796
887 807
887 828
887 833
887 858
887 886
887 896
887 906
887 955
887 961
887 965
887 989
887 993
887 996
887 999
888 13
888 219
888 276
888 312
888 418
888 454
888 558
888 645
888 734
888 754
888 760
888 764
888 783
888 787
888 791
888 825
888 846
888 852
888 96
888 983
889 206
889 288
889 463
889 515
889 525
889 616
889 623
889 672
889 712
889 733
889 815
889 881
889 893
889 923
889 927
889 930
889 938
889 939
889 956
889 959
89 733
89 861
89 943
89 975
890 217
890 37
890 483
890 563
890 578
890 618
890 641
890 661
890 69
890 718
890 728
890 771
890 818
890 827
890 879
890 929
890 950
890 960
890 968
890 979
891 178
891 266
891 37
891 387
891 501
891 517
891 649
891 687
891 713
891 731
891 770
891 797
891 815
891 93
891 949
891 960
891 972
891 981
891 985
891 997
892 15
892 164
892 243
892 337
892 368
892 396
892 456
892 518
892 539
892 663
892 666
892 757
892 782
892 801
892 848
892 858
892 898
892 934
892 966
892 991
893 302
893 368
893 427
893 515
893 573
893 627
893 638
893 697
893 741
893 822
893 855
893 881
893 889
893 923
893 927
893 939
893 956
893 959
893 961
893 977
894 485
894 557
894 609
894 648
894 672
894 698
894 699
894 847
894 870
894 900
894 926
894 944
894 949
894 957
894 963
894 964
894 972
894 974
894 981
894 982
894 997
895 176
895 231
895 417
895 493
895 537
895 562
895 633
895 643
895 659
895 675
895 677
895 748
895 753
895 811
895 831
895 936
895 961
895 970
895 973
895 986
895 992
896 314
896 325
896 505
896 518
896 527
896 539
896 543
896 555
896 568
896 606
896 663
896 688
896 745
896 754
896 801
896 858
896 887
896 934
896 966
896 991
896 993
897 10
897 171
897 258
897 303
897 334
897 36
897 45
897 504
897 552
897 561
897 612
897 67
897 676
897 691
897 695
897 706
897 800
897 820
897 825
897 835
897 883
898 17
898 383
898 409
898 509
898 620
898 757
898 827
898 854
898 856
898 878
898 892
898 929
898 932
898 934
898 961
898 963
898 97
898 977
898 979
898 991
898 993
899 188
899 240
899 311
899 333
899 360
899 369
899 390
899 401
899 403
899 470
899 471
899 514
899 617
899 694
899 740
899 908
899 909
899 910
899 914
899 976
899 989
9 372
9 946
9 947
9 988
90 614
90 661
90 800
90 883
900 309
900 469
900 609
900 698
900 791
900 847
900 870
900 894
900 902
900 919
900 933
900 940
900 949
900 952
900 957
900 964
900 965
900 972
900 980
900 981
900 982
901 1000
901 101
901 27
901 301
901 421
901 498
901 687
901 700
901 705
901 751
901 792
901 813
901 840
901 880
901 913
901 928
901 936
901 980
901 984
901 990
901 995
902 241
902 291
902 533
902 571
902 586
902 640
902 663
902 900
902 919
902 926
902 933
902 940
902 944
902 949
902 952
902 957
902 964
902 972
902 974
902 981
902 982
902 997
903 103
903 144
903 151
903 209
903 23
903 362
903 406
903 437
903 508
903 566
903 570
903 580
903 626
903 652
903 662
903 678
903 709
903 772
903 840
903 844
903 91
903 980
904 136
904 22
904 225
904 276
904 32
904 424
904 550
904 603
904 78
904 816
904 866
904 925
904 929
904 942
904 963
904 964
904 968
904 970
904 974
904 981
904 982
904 997
905 1
905 195
905 310
905 35
905 409
905 496
905 513
905 554
905 572
905 615
905 682
905 724
905 73
905 744
905 779
905 786
905 871
905 908
905 910
905 914
905 987
905 989
906 247
906 355
906 364
906 472
906 501
906 517
906 536
906 576
906 657
906 671
906 687
906 723
906 776
906 800
906 804
906 833
906 843
906 850
906 872
906 887
906 985
906 999
907 111
907 129
907 146
907 149
907 165
907 268
907 373
907 458
907 489
907 534
907 607
907 670
907 73
907 768
907 771
907 785
907 805
907 81
907 830
907 845
907 862
907 994
908 107
908 195
908 270
908 369
908 409
908 41
908 589
908 615
908 617
908 682
908 694
908 768
908 779
908 780
908 824
908 854
908 882
908 899
908 905
908 937
908 987
908 989
909 1000
909 240
909 282
909 301
909 350
909 590
909 755
909 780
909 796
909 808
909 824
909 830
909 871
909 873
909 899
909 935
909 941
909 942
909 945
909 971
909 975
909 989
91 395
91 844
91 885
91 903
910 142
910 20
910 25
910 403
910 471
910 513
910 514
910 572
910 617
910 635
910 724
910 794
910 854
910 871
910 882
910 899
910 905
910 914
910 918
910 947
910 976
910 987
911 124
911 172
911 179
911 186
911 190
911 239
911 278
911 430
911 547
911 646
911 732
911 773
911 775
911 781
911 798
911 802
911 823
911 937
911 946
911 947
911 952
911 983
911 988
912 127
912 185
912 222
912 253
912 294
912 320
912 410
912 447
912 487
912 549
912 581
912 590
912 71
912 730
912 740
912 758
912 8
912 825
912 914
912 916
912 922
912 938
912 962
912 987
913 1000
913 212
913 436
913 445
913 490
913 560
913 565
913 700
913 722
913 755
913 784
913 832
913 865
913 880
913 884
913 901
913 928
913 952
913 969
913 984
913 987
913 990
913 991
913 995
914 244
914 310
914 357
914 409
914 477
914 509
914 516
914 554
914 589
914 603
914 615
914 635
914 715
914 762
914 780
914 847
914 871
914 882
914 899
914 905
914 910
914 912
914 987
914 989
915 214
915 246
915 274
915 345
915 377
915 412
915 444
915 455
915 478
915 486
915 536
915 540
915 575
915 585
915 623
915 664
915 665
915 667
915 703
915 734
915 769
915 79
915 868
915 922
916 118
916 185
916 222
916 261
916 299
916 320
916 39
916 428
916 445
916 447
916 475
916 487
916 511
916 549
916 730
916 740
916 758
916 777
916 912
916 922
916 938
916 962
916 987
916 995
917 130
917 139
917 425
917 443
917 450
917 465
917 510
917 531
917 553
917 634
917 637
917 693
917 732
917 738
917 760
917 763
917 774
917 794
917 859
917 921
917 95
917 958
917 980
917 994
918 199
918 234
918 240
918 245
918 264
918 319
918 357
918 390
918 509
918 514
918 554
918 602
918 617
918 623
918 635
918 680
918 682
918 685
918 744
918 780
918 871
918 910
918 976
918 989
919 124
919 134
919 339
919 340
919 469
919 63
919 631
919 725
919 858
919 870
919 900
919 902
919 926
919 933
919 940
919 944
919 949
919 957
919 964
919 972
919 974
919 981
919 982
919 997
92 255
92 808
92 945
92 971
920 112
920 28
920 290
920 300
920 344
920 366
920 507
920 521
920 59
920 6
920 624
920 685
920 743
920 749
920 789
920 810
920 818
920 879
920 925
920 929
920 932
920 950
920 961
920 968
920 979
921 130
921 272
921 347
921 385
921 411
921 432
921 443
921 450
921 634
921 651
921 695
921 696
921 750
921 774
921 794
921 812
921 834
921 836
921 841
921 917
921 924
921 953
921 974
921 985
921 998
922 185
922 253
922 294
922 320
922 39
922 410
922 428
922 431
922 447
922 48
922 532
922 549
922 740
922 758
922 8
922 80
922 808
922 825
922 912
922 915
922 916
922 938
922 962
922 98
922 987
923 102
923 116
923 187
923 2
923 206
923 254
923 424
923 463
923 515
923 560
923 616
923 627
923 733
923 815
923 822
923 839
923 855
923 881
923 889
923 893
923 930
923 939
923 956
923 959
923 961
924 170
924 224
924 226
924 446
924 465
924 493
924 531
924 536
924 553
924 57
924 605
924 68
924 695
924 696
924 738
924 750
924 795
924 823
924 831
924 869
924 921
924 953
924 980
924 994
924 998
925 105
925 112
925 113
925 308
925 423
925 466
925 624
925 649
925 692
925 718
925 728
925 789
925 810
925 827
925 863
925 885
925 904
925 920
925 929
925 931
925 932
925 950
925 954
925 968
925 979
926 134
926 145
926 150
926 366
926 485
926 574
926 640
926 754
926 803
926 809
926 847
926 894
926 902
926 919
926 933
926 940
926 944
926 949
926 957
926 964
926 969
926 972
926 974
926 981
926 982
926 997
927 18
927 200
927 288
927 408
927 422
927 452
927 464
927 559
927 578
927 627
927 697
927 699
927 712
927 741
927 777
927 815
927 822
927 855
927 859
927 889
927 893
927 939
927 951
927 956
927 959
927 973
928 1000
928 110
928 160
928 301
928 436
928 448
928 565
928 590
928 700
928 705
928 706
928 722
928 737
928 792
928 813
928 851
928 877
928 880
928 901
928 913
928 952
928 969
928 974
928 987
928 990
928 995
929 205
929 218
929 278
929 344
929 414
929 580
929 647
929 669
929 685
929 718
929 728
929 767
929 771
929 777
929 810
929 827
929 853
929 879
929 885
929 890
929 898
929 904
929 920
929 925
929 931
929 932
929 979
93 467
93 649
93 770
93 891
930 116
930 187
930 197
930 288
930 302
930 329
930 380
930 408
930 422
930 424
930 560
930 616
930 699
930 712
930 736
930 741
930 777
930 815
930 822
930 855
930 859
930 889
930 923
930 939
930 951
930 956
930 959
931 173
931 200
931 28
931 284
931 308
931 313
931 329
931 405
931 419
931 495
931 520
931 563
931 597
931 604
931 624
931 714
931 745
931 767
931 818
931 827
931 853
931 863
931 925
931 929
931 932
931 946
931 950
931 968
932 112
932 22
932 225
932 366
932 483
932 563
932 604
932 661
932 669
932 743
932 745
932 77
932 771
932 789
932 818
932 863
932 885
932 898
932 920
932 925
932 929
932 931
932 936
932 950
932 954
932 971
932 979
932 984
933 274
933 402
933 479
933 571
933 574
933 586
933 640
933 787
933 803
933 820
933 825
933 828
933 870
933 872
933 900
933 902
933 919
933 926
933 940
933 944
933 949
933 957
933 964
933 972
933 974
933 981
933 982
933 997
934 164
934 173
934 210
934 243
934 252
934 282
934 325
934 330
934 396
934 397
934 423
934 506
934 539
934 606
934 620
934 621
934 658
934 782
934 790
934 793
934 826
934 848
934 892
934 896
934 898
934 966
934 991
934 993
935 101
935 198
935 204
935 277
935 292
935 335
935 407
935 434
935 584
935 610
935 652
935 668
935 673
935 674
935 683
935 711
935 746
935 752
935 824
935 837
935 861
935 873
935 874
935 909
935 941
935 943
935 948
935 975
936 1000
936 353
936 411
936 537
936 604
936 69
936 735
936 737
936 742
936 743
936 753
936 768
936 776
936 792
936 860
936 879
936 895
936 901
936 932
936 950
936 954
936 967
936 969
936 973
936 977
936 986
936 991
936 992
937 109
937 125
937 141
937 161
937 172
937 211
937 256
937 430
937 434
937 491
937 503
937 526
937 564
937 610
937 644
937 646
937 666
937 739
937 768
937 775
937 781
937 798
937 908
937 911
937 946
937 947
937 983
937 988
938 222
938 274
938 294
938 320
938 39
938 410
938 428
938 431
938 447
938 480
938 487
938 549
938 581
938 71
938 730
938 740
938 758
938 777
938 8
938 812
938 889
938 912
938 916
938 922
938 941
938 962
938 98
938 987
939 18
939 302
939 422
939 452
939 515
939 525
939 552
939 559
939 595
939 616
939 627
939 697
939 726
939 733
939 741
939 784
939 855
939 859
939 881
939 889
939 893
939 923
939 927
939 930
939 951
939 956
939 959
939 961
94 413
94 811
94 986
94 992
940 145
940 150
940 162
940 317
940 387
940 479
940 533
940 571
940 574
940 609
940 648
940 698
940 803
940 847
940 900
940 902
940 919
940 926
940 933
940 944
940 949
940 957
940 964
940 974
940 980
940 981
940 982
940 997
941 198
941 277
941 292
941 303
941 323
941 365
941 460
941 573
941 584
941 600
941 610
941 647
941 65
941 668
941 673
941 711
941 746
941 752
941 824
941 837
941 861
941 873
941 874
941 909
941 935
941 938
941 943
941 948
941 975
942 12
942 154
942 183
942 244
942 307
942 32
942 33
942 341
942 367
942 378
942 418
942 439
942 512
942 519
942 532
942 550
942 592
942 716
942 717
942 721
942 765
942 796
942 808
942 866
942 904
942 909
942 945
942 969
942 971
943 335
943 359
943 362
943 365
943 38
943 407
943 541
943 584
943 600
943 610
943 628
943 647
943 668
943 673
943 674
943 711
943 726
943 746
943 752
943 793
943 824
943 837
943 873
943 89
943 935
943 941
943 948
943 975
943 997
944 102
944 182
944 376
944 402
944 469
944 485
944 533
944 631
944 754
944 803
944 847
944 86
944 861
944 870
944 872
944 894
944 902
944 919
944 926
944 933
944 940
944 949
944 957
944 964
944 972
944 974
944 980
944 982
944 997
945 115
945 12
945 179
945 181
945 255
945 32
945 326
945 346
945 376
945 378
945 439
945 512
945 529
945 53
945 550
945 594
945 603
945 716
945 717
945 721
945 765
945 784
945 796
945 808
945 866
945 909
945 92
945 942
945 971
946 161
946 172
946 196
946 211
946 249
946 250
946 256
946 336
946 362
946 372
946 413
946 441
946 564
946 644
946 656
946 749
946 775
946 781
946 798
946 806
946 876
946 9
946 911
946 931
946 937
946 947
946 983
946 988
946 992
946 996
947 109
947 120
947 211
947 213
947 256
947 391
947 466
947 526
947 564
947 632
947 646
947 666
947 729
947 732
947 739
947 745
947 749
947 768
947 773
947 781
947 798
947 823
947 876
947 9
947 910
947 911
947 937
947 946
947 983
947 988
948 11
948 198
948 335
948 359
948 365
948 38
948 426
948 434
948 491
948 584
948 600
948 610
948 647
948 668
948 673
948 711
948 746
948 752
948 793
948 824
948 837
948 861
948 873
948 874
948 935
948 941
948 943
948 957
948 975
948 980
949 1000
949 241
949 273
949 309
949 342
949 436
949 469
949 479
949 631
949 648
949 672
949 803
949 847
949 877
949 891
949 894
949 900
949 902
949 919
949 926
949 933
949 940
949 944
949 957
949 964
949 972
949 974
949 981
949 982
949 997
95 834
95 917
95 958
95 998
950 218
950 308
950 313
950 483
950 507
950 520
950 59
950 619
950 624
950 685
950 718
950 72
950 743
950 745
950 810
950 818
950 853
950 857
950 868
950 879
950 885
950 890
950 920
950 925
950 931
950 932
950 936
950 961
950 963
950 979
951 143
951 206
951 237
951 254
951 261
951 274
951 302
951 408
951 422
951 463
951 525
951 538
951 559
951 601
951 616
951 623
951 697
951 712
951 741
951 815
951 822
951 855
951 859
951 881
951 884
951 927
951 930
951 939
951 956
951 959
952 212
952 226
952 298
952 593
952 642
952 660
952 683
952 742
952 750
952 788
952 795
952 819
952 82
952 838
952 857
952 860
952 869
952 875
952 900
952 902
952 911
952 913
952 928
952 953
952 967
952 977
952 980
952 987
952 990
952 994
952 995
953 170
953 226
953 232
953 271
953 272
953 322
953 388
953 446
953 465
953 494
953 510
953 528
953 531
953 544
953 579
953 625
953 750
953 760
953 794
953 795
953 833
953 841
953 921
953 924
953 952
953 958
953 961
953 980
953 991
953 994
953 998
954 138
954 19
954 225
954 244
954 504
954 552
954 59
954 628
954 676
954 685
954 691
954 706
954 743
954 759
954 792
954 819
954 826
954 835
954 865
954 867
954 880
954 884
954 925
954 932
954 936
954 965
954 968
954 977
954 988
954 990
954 995
955 18
955 184
955 247
955 271
955 304
955 318
955 338
955 354
955 415
955 457
955 459
955 472
955 48
955 569
955 576
955 577
955 671
955 689
955 723
955 747
955 776
955 784
955 826
955 833
955 843
955 887
955 959
955 978
955 985
955 987
955 996
955 999
956 143
956 160
956 2
956 408
956 422
956 452
956 525
956 559
956 560
956 595
956 616
956 627
956 638
956 681
956 697
956 699
956 726
956 733
956 735
956 822
956 855
956 859
956 881
956 889
956 893
956 923
956 927
956 930
956 939
956 951
956 959
956 988
957 102
957 190
957 267
957 339
957 52
957 533
957 557
957 571
957 574
957 631
957 640
957 698
957 803
957 870
957 894
957 900
957 902
957 919
957 926
957 933
957 940
957 944
957 948
957 949
957 964
957 972
957 974
957 980
957 981
957 982
957 987
957 997
958 11
958 139
958 180
958 352
958 375
958 450
958 465
958 528
958 530
958 582
958 596
958 622
958 637
958 651
958 693
958 695
958 696
958 750
958 759
958 763
958 774
958 794
958 795
958 810
958 834
958 841
958 86
958 917
958 95
958 953
958 996
958 998
959 143
959 18
959 2
959 380
959 4
959 408
959 463
959 470
959 559
959 560
959 627
959 681
959 697
959 699
959 712
959 733
959 741
959 815
959 822
959 849
959 855
959 859
959 881
959 889
959 893
959 923
959 927
959 930
959 939
959 951
959 955
959 956
96 744
96 791
96 846
96 888
960 1000
960 128
960 228
960 413
960 420
960 438
960 495
960 546
960 581
960 596
960 608
960 613
960 636
960 639
960 674
960 684
960 688
960 702
960 708
960 713
960 731
960 766
960 78
960 828
960 83
960 842
960 849
960 878
960 890
960 891
960 970
960 980
961 168
961 275
961 449
961 462
961 595
961 61
961 643
961 7
961 712
961 811
961 816
961 818
961 821
961 853
961 855
961 856
961 869
961 881
961 887
961 893
961 895
961 898
961 920
961 923
961 939
961 950
961 953
961 963
961 968
961 970
961 973
961 986
961 992
962 118
962 127
962 185
962 253
962 289
962 294
962 39
962 402
962 428
962 431
962 445
962 447
962 475
962 487
962 549
962 6
962 713
962 730
962 740
962 758
962 777
962 8
962 80
962 812
962 825
962 912
962 916
962 922
962 938
962 963
962 98
962 987
962 998
963 148
963 230
963 351
963 389
963 433
963 438
963 449
963 546
963 551
963 583
963 588
963 620
963 630
963 639
963 688
963 713
963 725
963 731
963 752
963 766
963 807
963 816
963 849
963 878
963 894
963 898
963 904
963 950
963 961
963 962
963 97
963 970
963 980
964 182
964 241
964 339
964 340
964 527
964 557
964 609
964 640
964 648
964 672
964 692
964 698
964 717
964 734
964 803
964 847
964 870
964 894
964 900
964 902
964 904
964 919
964 926
964 933
964 940
964 944
964 949
964 957
964 972
964 974
964 981
964 982
964 997
965 106
965 126
965 135
965 155
965 158
965 207
965 282
965 316
965 348
965 379
965 40
965 464
965 477
965 519
965 532
965 541
965 548
965 56
965 567
965 573
965 614
965 650
965 653
965 734
965 756
965 769
965 802
965 817
965 829
965 836
965 886
965 887
965 900
965 954
966 114
966 152
966 160
966 191
966 238
966 243
966 325
966 337
966 396
966 399
966 468
966 477
966 505
966 506
966 543
966 555
966 568
966 609
966 621
966 656
966 658
966 719
966 727
966 754
966 757
966 837
966 848
966 858
966 885
966 892
966 896
966 934
966 991
966 993
967 132
967 167
967 192
967 216
967 275
967 306
967 353
967 460
967 497
967 52
967 572
967 587
967 591
967 628
967 66
967 674
967 710
967 735
967 759
967 786
967 788
967 790
967 804
967 819
967 831
967 838
967 839
967 860
967 867
967 882
967 936
967 952
967 977
967 993
968 1
968 169
968 262
968 275
968 278
968 344
968 414
968 423
968 507
968 529
968 597
968 624
968 669
968 685
968 689
968 72
968 743
968 767
968 771
968 853
968 856
968 863
968 879
968 885
968 890
968 904
968 920
968 925
968 931
968 954
968 961
968 979
968 987
968 990
969 1000
969 117
969 140
969 259
969 371
969 436
969 50
969 500
969 524
969 601
969 618
969 679
969 700
969 705
969 707
969 722
969 725
969 737
969 749
969 751
969 784
969 813
969 832
969 865
969 877
969 880
969 913
969 926
969 928
969 936
969 942
969 987
969 990
969 995
97 389
97 854
97 898
97 963
970 133
970 136
970 148
970 193
970 420
970 43
970 438
970 453
970 546
970 570
970 608
970 620
970 630
970 636
970 638
970 639
970 702
970 708
970 725
970 738
970 76
970 766
970 78
970 807
970 813
970 828
970 83
970 849
970 878
970 895
970 904
970 960
970 961
970 963
971 113
971 12
971 154
971 181
971 183
971 244
971 255
971 326
971 346
971 367
971 376
971 378
971 512
971 519
971 532
971 548
971 550
971 592
971 603
971 716
971 717
971 721
971 765
971 784
971 796
971 808
971 866
971 909
971 92
971 932
971 942
971 945
971 984
971 986
972 145
972 291
972 328
972 361
972 469
972 479
972 485
972 557
972 586
972 601
972 631
972 639
972 640
972 648
972 672
972 803
972 846
972 847
972 870
972 881
972 891
972 894
972 900
972 902
972 919
972 926
972 933
972 944
972 949
972 957
972 964
972 974
972 982
972 997
973 159
973 176
973 202
973 231
973 285
973 3
973 305
973 417
973 492
973 511
973 537
973 545
973 562
973 63
973 633
973 643
973 655
973 659
973 671
973 677
973 727
973 748
973 753
973 777
973 811
973 821
973 831
973 88
973 882
973 895
973 927
973 936
973 961
973 986
973 992
974 182
974 273
974 309
974 317
974 328
974 340
974 544
974 574
974 586
974 592
974 601
974 648
974 672
974 692
974 754
974 820
974 870
974 879
974 894
974 902
974 904
974 919
974 921
974 926
974 928
974 933
974 940
974 944
974 949
974 957
974 964
974 972
974 980
974 981
974 982
975 198
975 223
975 252
975 277
975 292
975 335
975 359
975 38
975 407
975 426
975 428
975 434
975 573
975 584
975 6
975 642
975 647
975 652
975 668
975 673
975 711
975 726
975 746
975 752
975 824
975 837
975 861
975 873
975 874
975 89
975 909
975 935
975 941
975 943
975 948
976 133
976 162
976 245
976 264
976 281
976 283
976 310
976 324
976 333
976 35
976 383
976 476
976 496
976 509
976 514
976 554
976 589
976 602
976 62
976 635
976 680
976 682
976 70
976 719
976 739
976 762
976 779
976 854
976 871
976 899
976 910
976 918
976 987
976 989
976 996
977 132
977 138
977 167
977 17
977 204
977 215
977 216
977 270
977 295
977 306
977 382
977 393
977 416
977 497
977 587
977 628
977 710
977 74
977 742
977 759
977 767
977 786
977 788
977 804
977 819
977 829
977 860
977 867
977 882
977 893
977 898
977 936
977 952
977 954
977 967
978 184
978 233
978 260
978 287
978 305
978 323
978 327
978 355
978 387
978 435
978 442
978 451
978 457
978 459
978 461
978 517
978 569
978 576
978 598
978 657
978 686
978 776
978 784
978 826
978 833
978 843
978 847
978 850
978 864
978 882
978 955
978 981
978 985
978 987
978 996
978 999
979 1
979 275
979 28
979 284
979 344
979 419
979 458
979 466
979 520
979 578
979 579
979 597
979 604
979 605
979 624
979 714
979 718
979 72
979 728
979 789
979 810
979 816
979 818
979 827
979 853
979 856
979 863
979 879
979 890
979 898
979 920
979 925
979 929
979 932
979 950
979 968
98 487
98 922
98 938
98 962
980 1000
980 291
980 307
980 412
980 449
980 536
980 570
980 588
980 660
980 693
980 700
980 704
980 708
980 737
980 807
980 842
980 850
980 865
980 878
980 900
980 901
980 903
980 917
980 924
980 940
980 944
980 948
980 952
980 953
980 957
980 960
980 963
980 974
980 981
980 982
980 994
980 998
981 267
981 317
981 339
981 340
981 361
981 402
981 47
981 533
981 563
981 571
981 586
981 609
981 615
981 631
981 640
981 672
981 698
981 803
981 864
981 870
981 872
981 891
981 894
981 900
981 902
981 904
981 919
981 926
981 933
981 940
981 949
981 957
981 964
981 974
981 978
981 980
981 982
981 997
982 150
982 267
982 273
982 317
982 328
982 361
982 402
982 545
982 557
982 586
982 609
982 640
982 672
982 698
982 803
982 847
982 870
982 872
982 886
982 894
982 900
982 902
982 904
982 919
982 926
982 933
982 940
982 944
982 949
982 957
982 964
982 972
982 974
982 980
982 981
982 993
982 995
982 997
983 120
983 125
983 16
983 161
983 177
983 186
983 229
983 242
983 249
983 295
983 336
983 372
983 391
983 448
983 491
983 503
983 526
983 538
983 547
983 564
983 593
983 601
983 644
983 646
983 656
983 729
983 773
983 781
983 798
983 806
983 811
983 823
983 876
983 888
983 911
983 937
983 946
983 947
983 988
984 1000
984 189
984 212
984 259
984 265
984 27
984 271
984 280
984 307
984 312
984 343
984 371
984 381
984 459
984 464
984 5
984 500
984 51
984 524
984 601
984 679
984 7
984 704
984 722
984 737
984 751
984 792
984 793
984 813
984 851
984 855
984 865
984 877
984 880
984 901
984 913
984 932
984 971
984 990
984 995
985 158
985 268
985 318
985 363
985 415
985 435
985 44
985 442
985 451
985 457
985 459
985 492
985 501
985 502
985 517
985 519
985 523
985 569
985 576
985 577
985 599
985 671
985 689
985 690
985 723
985 75
985 776
985 809
985 826
985 833
985 843
985 850
985 87
985 891
985 906
985 921
985 955
985 978
985 996
985 999
986 159
986 176
986 202
986 231
986 285
986 3
986 326
986 338
986 417
986 475
986 492
986 511
986 537
986 562
986 605
986 618
986 63
986 633
986 643
986 652
986 655
986 659
986 675
986 677
986 727
986 748
986 753
986 777
986 811
986 821
986 831
986 88
986 882
986 895
986 936
986 94
986 961
986 971
986 973
986 992
987 1000
987 104
987 140
987 166
987 25
987 381
987 410
987 432
987 447
987 461
987 487
987 501
987 502
987 730
987 744
987 755
987 779
987 780
987 825
987 832
987 843
987 905
987 908
987 910
987 912
987 913
987 914
987 916
987 922
987 928
987 938
987 952
987 955
987 957
987 962
987 968
987 969
987 976
987 978
987 995
987 999
988 109
988 124
988 16
988 179
988 186
988 190
988 239
988 249
988 250
988 270
988 372
988 396
988 430
988 441
988 491
988 526
988 529
988 53
988 538
988 577
988 605
988 632
988 644
988 646
988 656
988 666
988 729
988 749
988 773
988 781
988 798
988 806
988 823
988 9
988 911
988 937
988 946
988 947
988 954
988 956
988 983
989 107
989 121
989 142
989 163
989 199
989 20
989 232
989 234
989 264
989 281
989 310
989 323
989 35
989 362
989 383
989 403
989 427
989 445
989 496
989 509
989 513
989 554
989 572
989 638
989 690
989 694
989 715
989 720
989 724
989 726
989 762
989 779
989 789
989 854
989 887
989 899
989 905
989 908
989 909
989 914
989 918
989 976
989 993
99 121
99 303
99 497
99 844
990 1000
990 101
990 140
990 201
990 220
990 27
990 299
990 301
990 312
990 328
990 343
990 436
990 5
990 50
990 500
990 523
990 590
990 679
990 692
990 7
990 700
990 704
990 705
990 722
990 726
990 751
990 792
990 813
990 832
990 851
990 865
990 877
990 883
990 884
990 901
990 913
990 928
990 952
990 954
990 968
990 969
990 984
990 995
991 133
991 147
991 152
991 153
991 173
991 187
991 194
991 223
991 227
991 238
991 314
991 325
991 330
991 337
991 397
991 456
991 468
991 505
991 506
991 518
991 527
991 543
991 548
991 568
991 621
991 658
991 663
991 734
991 757
991 793
991 801
991 814
991 84
991 848
991 858
991 892
991 896
991 898
991 913
991 934
991 936
991 953
991 966
991 993
992 133
992 157
992 159
992 176
992 202
992 216
992 231
992 26
992 285
992 3
992 323
992 417
992 475
992 492
992 499
992 511
992 537
992 545
992 562
992 605
992 618
992 63
992 633
992 643
992 655
992 659
992 675
992 677
992 748
992 753
992 777
992 811
992 821
992 831
992 873
992 88
992 882
992 895
992 936
992 94
992 946
992 961
992 973
992 986
993 114
993 194
993 210
993 223
993 227
993 238
993 243
993 257
993 319
993 330
993 368
993 398
993 456
993 468
993 505
993 518
993 527
993 539
993 543
993 555
993 570
993 573
993 621
993 663
993 719
993 757
993 782
993 784
993 793
993 801
993 814
993 84
993 848
993 858
993 883
993 887
993 896
993 898
993 934
993 966
993 967
993 982
993 989
993 991
994 104
994 123
994 131
994 180
994 224
994 272
994 290
994 322
994 347
994 352
994 375
994 388
994 411
994 432
994 442
994 443
994 446
994 450
994 465
994 482
994 494
994 510
994 553
994 622
994 641
994 651
994 660
994 683
994 693
994 695
994 70
994 750
994 774
994 812
994 831
994 841
994 907
994 917
994 924
994 952
994 953
994 980
994 995
994 998
995 1000
995 117
995 175
995 189
995 220
995 265
995 280
995 312
995 371
995 381
995 421
995 448
995 490
995 498
995 500
995 51
995 570
995 590
995 618
995 619
995 645
995 679
995 700
995 704
995 707
995 722
995 726
995 737
995 760
995 832
995 851
995 865
995 880
995 901
995 913
995 916
995 928
995 952
995 954
995 969
995 982
995 984
995 987
995 990
995 994
996 11
996 208
996 233
996 247
996 252
996 26
996 287
996 30
996 304
996 305
996 318
996 327
996 338
996 354
996 363
996 364
996 44
996 472
996 501
996 502
996 517
996 523
996 529
996 577
996 598
996 652
996 67
996 671
996 687
996 689
996 690
996 723
996 75
996 809
996 812
996 826
996 843
996 850
996 87
996 887
996 946
996 955
996 958
996 976
996 978
996 985
996 999
997 102
997 150
997 267
997 273
997 291
997 309
997 340
997 361
997 402
997 469
997 47
997 479
997 501
997 533
997 557
997 571
997 574
997 586
997 596
997 6
997 631
997 648
997 672
997 698
997 725
997 803
997 820
997 847
997 851
997 870
997 882
997 891
997 894
997 902
997 904
997 919
997 926
997 933
997 940
997 943
997 944
997 949
997 957
997 964
997 972
997 981
997 982
998 131
998 14
998 180
998 224
998 352
998 375
998 392
998 432
998 446
998 450
998 455
998 465
998 493
998 494
998 54
998 553
998 570
998 579
998 582
998 60
998 625
998 634
998 660
998 674
998 683
998 695
998 696
998 738
998 750
998 756
998 766
998 774
998 790
998 794
998 795
998 812
998 831
998 833
998 834
998 841
998 921
998 924
998 95
998 953
998 958
998 962
998 980
998 994
999 104
999 184
999 247
999 30
999 304
999 305
999 318
999 327
999 354
999 364
999 387
999 415
999 442
999 451
999 457
999 461
999 501
999 517
999 519
999 52
999 569
999 577
999 598
999 599
999 618
999 623
999 630
999 657
999 665
999 667
999 671
999 687
999 689
999 723
999 727
999 75
999 760
999 776
999 825
999 826
999 850
999 872
999 887
999 906
999 955
999 978
999 985
999 987
999 996
