# The communities at k=4
# from G:\Dropbox\Raghda\CNA\Final Project\other methods\CFinder-2.0.6--1448\G:\Dropbox\Raghda\CNA\Final Project\Datasets\binary_networks\LFR2\networ_LFR2_Om2.dat
# at no lower link weight threshold,
# and at no upper link weight threshold.
# Links were treated as undirected.
# No time limit was set for the clique search.

0: 100 944 954 961 463 975 163 840 671 223 237 243 643 333 700 344 871 703 781 83 519 657 551 
1: 1000 190 200 204 206 217 32 496 529 563 587 601 61 737 779 787 801 805 839 861 894 911 912 917 929 938 948 960 990 866 367 540 
2: 978 102 757 849 275 680 295 468 7 735 
3: 981 957 103 765 903 992 772 977 950 796 280 247 940 685 762 64 814 945 284 722 816 874 725 602 375 440 441 754 764 497 505 705 78 640 693 
4: 105 885 934 939 168 186 886 240 789 298 790 398 461 427 47 701 783 
5: 11 630 749 795 124 742 390 448 393 80 
6: 736 978 971 902 115 953 969 778 905 888 832 422 815 710 791 923 625 254 880 631 262 688 520 287 480 711 717 355 684 473 577 
7: 984 919 763 472 964 991 683 12 975 988 521 610 838 994 956 840 965 221 528 980 488 239 265 270 523 857 309 851 830 338 363 385 415 435 818 476 892 649 522 570 607 617 67 8 
8: 998 120 959 962 873 963 994 896 970 194 860 203 918 228 904 233 249 268 288 292 718 564 609 462 583 726 6 614 714 
9: 952 296 997 123 910 642 806 199 868 225 231 653 328 360 660 450 57 724 687 97 
10: 648 974 997 87 941 831 699 161 893 995 751 935 446 579 951 924 501 676 335 352 36 401 425 436 457 471 553 549 783 597 663 739 92 
11: 999 126 899 942 661 829 211 547 820 354 646 562 470 498 
12: 747 826 238 752 756 276 300 502 420 54 
13: 803 983 986 13 993 963 985 809 928 166 900 853 197 798 532 666 281 759 316 323 329 349 968 386 391 465 482 636 808 864 
14: 844 130 542 931 713 
15: 667 595 933 982 655 973 890 131 877 958 678 723 198 852 908 926 743 746 817 645 871 38 406 447 479 504 744 
16: 776 989 887 139 690 869 14 943 753 720 565 677 283 291 782 516 492 
17: 144 409 740 93 
18: 937 834 987 930 901 996 146 963 909 183 827 534 305 306 315 557 715 728 575 567 596 
19: 732 794 884 149 738 571 208 572 89 
20: 774 883 153 590 
21: 979 356 836 156 835 19 647 193 397 264 554 416 
22: 858 159 719 848 947 621 
23: 966 698 160 862 922 972 770 185 921 946 976 421 246 257 559 277 696 312 870 616 925 681 364 863 484 773 623 797 548 588 603 771 607 682 
24: 989 165 644 943 
25: 261 525 178 641 811 859 191 865 965 846 313 490 467 598 632 71 
26: 891 419 175 812 819 384 746 615 707 431 624 
27: 845 195 517 706 
28: 989 753 201 720 
29: 777 793 213 691 481 347 634 413 515 
30: 929 841 813 606 214 272 605 389 598 
31: 810 882 823 220 269 394 307 412 659 351 586 408 
32: 973 943 652 252 493 303 662 334 510 95 70 
33: 538 741 731 28 535 672 
34: 889 999 35 825 460 539 507 627 639 
35: 855 843 712 46 
36: 991 907 267 994 802 253 881 915 847 514 326 382 388 867 503 51 637 704 
37: 673 845 706 485 675 58 
38: 885 939 618 65 
39: 844 931 769 628 489 576 81 
40: 876 850 930 955 878 343 914 949 824 916 767 936 721 258 543 612 692 932 366 611 658 
41: 855 891 730 843 670 259 274 
42: 409 740 260 566 709 453 
43: 947 293 429 622 
44: 780 913 821 842 594 766 294 585 403 679 750 411 734 589 651 
45: 822 898 775 895 879 674 626 785 733 702 317 748 807 854 552 
46: 927 758 536 745 837 897 499 580 804 336 700 396 430 483 
47: 788 919 799 920 967 486 875 833 800 689 906 650 341 442 727 474 593 695 654 546 708 
48: 987 438 359 715 
49: 786 872 437 533 664 478 
50: 979 996 694 561 856 716 524 768 443 669 
51: 848 947 622 456 
52: 629 784 792 604 445 558 620 
53: 774 883 901 581 717 541 
54: 955 878 760 697 
