# The contained cliques in the communities at k=4
# from G:\Dropbox\Raghda\CNA\Final Project\other methods\CFinder-2.0.6--1448\G:\Dropbox\Raghda\CNA\Final Project\Datasets\binary_networks\LFR2\networ_LFR2_Om2.dat
# at no lower link weight threshold,
# and at no upper link weight threshold.
# Links were treated as undirected.
# No time limit was set for the clique search.

0: 5 184 188 235 413 701 718 719 787 861 862 929 939 940 1085 476 702 400 165 108 
1: 12 970 971 1162 1208 1209 1210 1211 14 16 22 620 622 729 730 731 972 973 1051 1052 1053 1054 1055 1057 1095 1096 1101 1102 1103 1104 1105 1163 1172 1173 1093 1094 1092 1097 1098 472 621 1058 15 471 441 1060 1059 13 732 19 667 
2: 26 324 348 577 1012 260 
3: 27 1061 1062 192 199 248 337 447 563 609 613 789 839 840 868 946 949 950 961 962 963 993 994 999 1034 1035 1037 1041 1043 1044 1045 1067 1068 1109 1110 1111 1139 1140 1143 1144 1194 1195 1222 1223 1036 964 1042 1112 1145 948 947 448 562 869 561 790 564 608 286 1069 
4: 28 114 525 545 943 944 945 354 133 186 232 467 
5: 34 252 524 53 414 464 
6: 43 770 923 967 1128 1216 512 657 658 771 871 513 810 811 813 916 1126 311 812 312 1129 1207 763 762 884 917 883 1065 1066 924 968 481 339 292 429 998 590 
7: 48 1147 1148 1153 1154 1157 1158 1167 1186 1188 1219 185 255 262 314 437 536 537 557 596 624 656 829 832 896 1015 1016 1017 1149 1155 1156 1159 1160 1170 1183 1184 1185 1187 161 489 721 739 319 835 833 834 477 645 646 454 371 1161 407 847 703 
8: 49 341 344 682 798 821 831 966 1003 1007 1135 179 246 317 141 584 195 150 171 
9: 52 263 273 394 574 743 744 873 893 908 147 168 176 435 242 
10: 54 264 588 759 844 911 1009 1090 1217 542 715 845 902 912 1010 1022 1023 402 423 578 691 468 498 824 874 215 424 105 760 483 558 
11: 56 428 597 669 881 856 587 882 642 154 641 
12: 59 241 325 507 514 359 
13: 61 111 145 330 379 389 395 420 456 461 585 600 650 837 872 1038 1099 1100 1113 1114 1118 1228 
14: 62 625 
15: 63 1046 1199 849 857 1047 1048 1142 1200 843 850 842 611 981 612 1180 1201 1230 470 737 782 858 1198 1215 1030 1197 569 583 980 1032 1141 982 983 146 736 984 219 
16: 76 909 79 606 1063 336 647 688 863 1024 334 689 
17: 82 
18: 84 823 1002 1138 365 665 725 822 1000 1001 1120 1137 364 1221 707 1123 662 706 661 378 660 129 935 934 
19: 86 227 632 633 634 126 
20: 93 
21: 98 137 140 313 538 274 291 
22: 101 978 758 
23: 104 1072 1091 1115 191 303 376 603 651 786 805 817 819 828 830 880 906 914 921 922 1073 1087 1088 1116 1193 604 713 712 326 818 820 132 486 439 
24: 110 
25: 112 751 377 546 586 623 826 836 261 265 138 
26: 118 482 548 792 793 938 295 549 294 
27: 142 
28: 148 
29: 155 417 535 515 516 
30: 156 752 320 460 774 
31: 162 318 358 526 788 421 367 508 368 
32: 198 496 239 692 363 253 401 
33: 200 644 643 
34: 214 539 617 690 814 
35: 231 
36: 238 275 296 393 450 610 659 838 965 457 987 
37: 244 841 490 
38: 249 
39: 251 797 605 808 
40: 277 1077 1132 440 654 933 990 1075 1076 1134 1204 653 1192 1203 800 903 1190 799 802 801 1205 904 988 1175 1206 1176 1133 305 932 1191 930 931 785 
41: 307 323 860 
42: 308 527 480 
43: 346 
44: 347 779 766 768 780 392 767 900 1004 769 809 877 878 879 531 1006 532 901 
45: 381 765 1039 723 919 724 722 1071 986 1074 985 920 865 
46: 403 404 602 776 777 601 1021 465 533 626 1020 534 494 
47: 411 918 478 875 954 1050 1107 565 876 897 942 1049 566 955 952 951 953 803 941 591 711 
48: 433 
49: 505 664 599 
50: 517 553 995 887 637 996 
51: 556 
52: 568 684 735 
53: 708 747 997 
54: 959 
