# The communities at k=4
# from G:\Dropbox\Raghda\CNA\Final Project\other methods\CFinder-2.0.6--1448\G:\Dropbox\Raghda\CNA\Final Project\Datasets\binary_networks\LFR6\network_LFR6_Om2.dat
# at no lower link weight threshold,
# and at no upper link weight threshold.
# Links were treated as undirected.
# No time limit was set for the clique search.

0: 1 679 991 993 873 983 899 704 870 866 765 835 898 779 905 736 813 797 871 830 419 833 665 
1: 1000 202 267 304 355 472 498 578 620 635 722 743 750 761 784 794 805 812 814 831 849 863 872 890 907 912 936 939 961 963 968 978 994 937 857 861 802 303 
2: 102 673 783 927 970 781 820 773 
3: 822 578 910 966 756 888 115 705 778 952 885 489 739 497 693 601 483 669 473 850 647 565 652 
4: 117 570 902 940 971 614 716 932 528 697 947 231 690 825 262 279 546 834 618 442 80 555 
5: 685 837 137 848 879 891 264 946 441 484 904 871 823 535 721 674 
6: 790 931 147 929 945 962 15 772 955 686 810 880 964 889 742 357 505 370 416 490 726 471 733 475 850 477 574 
7: 710 895 201 2 
8: 679 805 645 893 984 990 897 539 838 987 965 741 714 972 754 166 168 989 996 964 896 557 474 261 816 545 38 409 445 731 603 735 527 549 560 668 98 
9: 997 938 171 718 
10: 957 976 984 988 919 916 853 949 959 272 204 864 792 867 767 630 887 928 793 284 728 698 715 757 511 758 
11: 985 927 997 903 983 866 901 934 847 920 951 908 206 699 915 251 289 827 836 744 687 830 443 619 727 668 
12: 998 798 815 818 911 772 869 980 995 605 996 982 803 930 974 915 23 819 791 883 281 689 799 843 695 855 922 683 327 523 373 507 481 572 
13: 812 708 988 782 955 969 828 785 973 946 868 594 737 804 852 26 781 655 598 415 650 66 758 
14: 954 960 918 666 702 897 943 977 862 832 882 246 680 276 696 820 298 775 569 632 738 76 
15: 858 999 857 938 397 909 977 949 240 712 921 925 975 762 768 331 845 352 353 687 395 933 763 404 833 478 694 508 585 514 519 639 611 675 662 688 81 
16: 986 998 344 516 981 992 759 956 583 944 989 932 719 892 306 904 856 826 568 623 390 703 506 509 
17: 865 992 770 615 956 958 663 979 637 953 740 324 760 906 682 587 701 724 633 720 774 624 676 766 
18: 969 230 737 804 
19: 961 644 979 780 950 242 426 634 643 801 454 477 502 520 
20: 672 710 895 582 852 259 670 391 359 
21: 968 994 924 755 913 909 973 875 631 431 692 277 806 335 935 933 412 773 709 
22: 811 893 988 777 874 734 959 796 363 894 438 524 
23: 985 974 453 402 
24: 881 842 458 745 
25: 822 890 829 911 846 561 723 877 802 465 735 
26: 917 914 530 562 
27: 860 888 918 747 595 607 691 537 774 
28: 884 881 640 554 
29: 612 941 981 917 914 900 659 711 580 
30: 743 771 617 610 835 880 839 587 613 
31: 991 993 631 625 
32: 997 951 661 627 
33: 657 671 777 796 935 894 
34: 997 976 876 667 
35: 967 876 667 748 
36: 860 985 840 967 886 974 695 730 
37: 991 884 960 725 881 842 776 
38: 870 844 841 729 
39: 978 960 942 745 
40: 874 817 894 766 
41: 926 995 996 883 855 922 823 
