# The contained cliques in the communities at k=4
# from G:\Dropbox\Raghda\CNA\Final Project\other methods\CFinder-2.0.6--1448\G:\Dropbox\Raghda\CNA\Final Project\Datasets\binary_networks\LFR6\network_LFR6_Om2.dat
# at no lower link weight threshold,
# and at no upper link weight threshold.
# Links were treated as undirected.
# No time limit was set for the clique search.

0: 0 1038 1437 1492 1584 1011 1438 1014 1013 1585 1409 1583 1589 535 1050 1410 1411 1259 1338 1529 1530 1493 1507 
1: 7 1156 1366 1378 1379 434 1157 1158 1235 1236 1237 1238 1239 1367 1375 1612 1647 1684 206 435 1685 1580 1676 1415 1418 1419 1416 1420 1678 1537 1625 1679 1380 1623 1624 203 1242 1243 1448 1533 1534 606 921 1359 919 922 923 918 920 1362 1361 1363 1450 1613 1360 1365 342 1364 343 1536 1449 205 1323 1368 1322 1324 1569 1677 764 1374 760 
2: 12 13 1041 1042 1043 
3: 23 24 1017 1044 1045 1046 584 585 1018 1328 454 645 757 758 759 831 1005 1117 1118 1120 1179 1446 1447 455 1119 762 519 
4: 29 826 1626 827 782 1062 321 783 254 1064 253 155 298 630 652 1524 156 561 562 1063 1061 628 698 
5: 45 226 748 749 1040 1147 1148 1149 1150 468 469 
6: 54 56 668 669 886 1218 1220 1399 1401 1577 1578 57 890 1222 887 581 591 888 889 1058 1059 587 586 400 1060 1384 1605 1606 1219 1221 1400 1402 412 529 530 582 1383 413 1281 
7: 69 
8: 70 71 196 517 750 924 1146 1165 1206 1255 1256 1258 1371 1440 1504 656 1039 1217 462 622 644 744 756 862 147 297 544 
9: 74 
10: 110 1200 1421 1546 1547 1561 1610 1089 1189 1545 1549 1550 1088 1087 1560 1265 1562 1563 1611 1268 1269 1300 1188 1315 1548 1187 1190 1191 328 1314 1564 962 237 731 
11: 113 1066 1065 1664 1663 1490 1628 1483 1485 1489 1144 332 1484 1487 1497 330 331 1630 1512 1511 1634 1632 1635 1631 286 563 1486 1629 1633 287 564 1286 1491 1488 1587 1627 1209 1208 1126 
12: 133 799 325 1430 1453 326 1096 1111 1332 1404 1412 1431 1515 1110 1513 1108 1109 881 878 880 879 882 1454 1516 1455 1456 663 1391 1389 1390 1517 1518 1102 1514 675 1099 1393 1519 676 417 1392 416 1520 1653 595 1097 1098 370 1413 1433 
13: 138 1022 1588 845 976 1021 1023 1024 1336 1347 1408 844 526 843 846 975 1178 527 977 1462 181 808 1329 1346 1312 1313 1348 
14: 187 1234 339 1233 1352 1556 1470 989 1047 1471 1473 277 1472 279 1478 671 1051 1084 1609 316 1085 
15: 192 1125 1525 1526 1540 1541 1553 1672 268 374 399 723 734 737 1031 1032 1033 1036 1037 1135 1137 1138 1151 1153 1154 1282 1528 1542 1543 1673 269 398 510 592 724 725 884 1019 1139 1274 1527 1531 1183 397 883 593 500 501 1034 1035 1152 1662 905 906 453 1155 1020 
16: 210 664 1249 1250 1619 1620 1251 1252 1480 1482 492 1570 1573 294 1618 1641 1643 721 726 832 1642 833 617 1128 1481 1645 1129 791 
17: 238 809 1115 788 1114 1197 1198 1264 787 789 790 1357 1640 942 996 1211 1582 940 941 946 939 944 943 1581 945 1689 909 997 1212 910 998 1213 995 1210 1263 1073 1639 1074 1319 
18: 252 
19: 270 959 960 1337 467 568 590 717 715 716 
20: 295 296 474 797 798 1053 403 
21: 318 381 1425 1426 1427 1596 1597 382 950 1253 1600 1254 523 1601 1603 1660 1661 1599 1602 1657 1080 1598 1077 1078 1655 1667 460 1355 1658 1668 1356 1656 1428 1659 1429 1204 1202 
22: 408 554 1407 553 556 555 1172 1174 729 1173 
23: 489 
24: 573 
25: 579 641 1216 639 640 1445 1175 1417 1452 
26: 643 
27: 693 694 695 1261 1262 697 821 822 696 823 1127 
28: 743 
29: 768 769 770 811 771 947 1185 949 1186 
30: 779 780 784 785 901 1327 
31: 835 
32: 916 
33: 932 933 1057 
34: 1081 
35: 1083 
36: 1100 1101 1226 1223 1227 1224 
37: 1162 1349 1350 
38: 1229 
39: 1307 
40: 1320 
41: 1498 1499 1501 1574 1502 
