# The links inside the communities at k=8
# from G:\Dropbox\Raghda\CNA\Final Project\other methods\CFinder-2.0.6--1448\G:\Dropbox\Raghda\CNA\Final Project\Datasets\binary_networks\LFR3\network_LFR3_Om6.dat
# at no lower link weight threshold,
# and at no upper link weight threshold.
# Links were treated as undirected.
# No time limit was set for the clique search.

0:
953 852
953 887
953 987
953 846
953 909
953 932
953 847
953 879
953 520
953 532
953 650
953 609
953 676
852 887
852 987
852 846
852 909
852 932
852 847
852 879
852 532
852 650
852 676
887 987
887 846
887 909
887 932
887 847
887 879
887 520
887 532
887 650
887 609
887 676
987 846
987 909
987 932
987 847
987 879
987 520
987 532
987 650
987 609
987 676
846 909
846 932
846 847
846 879
846 650
846 609
846 676
909 932
909 847
909 879
909 520
909 532
909 650
909 609
909 676
932 847
932 879
932 520
932 532
932 650
932 609
932 676
847 879
847 520
847 650
847 676
879 520
879 532
879 609
879 676
1:
825 876
825 815
825 865
825 871
825 728
825 523
825 584
876 815
876 865
876 871
876 728
876 523
876 584
815 865
815 871
815 728
815 523
815 584
865 871
865 728
865 523
865 584
871 728
871 523
871 584
728 523
728 584
523 584
2:
923 989
923 991
923 999
923 967
923 893
923 896
923 741
923 718
923 791
923 788
923 798
923 591
923 628
923 776
923 742
989 991
989 999
989 967
989 893
989 896
989 741
989 718
989 791
989 788
989 798
989 591
989 628
989 776
989 742
991 999
991 967
991 893
991 896
991 741
991 718
991 791
991 788
991 798
991 591
991 628
991 776
991 742
999 967
999 893
999 896
999 741
999 718
999 791
999 788
999 798
999 591
999 628
999 776
999 742
967 893
967 896
967 741
967 718
967 791
967 788
967 798
967 591
967 628
967 776
967 742
893 896
893 741
893 718
893 791
893 788
893 798
893 591
893 776
893 742
896 741
896 718
896 791
896 788
896 798
896 591
896 776
896 742
741 718
741 791
741 788
718 798
718 742
791 798
791 776
788 798
788 776
788 742
798 628
798 776
798 742
628 776
776 742
3:
840 914
840 946
840 814
840 875
840 844
840 826
840 734
840 686
914 946
914 814
914 875
914 844
914 826
914 734
914 686
946 814
946 875
946 844
946 826
946 734
946 686
814 875
814 844
814 826
814 734
814 686
875 844
875 826
875 734
875 686
844 826
844 734
844 686
826 734
826 686
734 686
4:
964 992
964 891
964 907
964 947
964 670
964 782
964 925
964 883
964 758
992 891
992 907
992 947
992 670
992 782
992 925
992 883
992 758
891 907
891 947
891 670
891 782
891 925
891 883
891 758
907 947
907 670
907 782
907 925
907 883
907 758
947 670
947 782
947 925
947 883
947 758
670 782
670 925
670 883
782 925
782 758
925 883
925 758
883 758
5:
973 990
973 877
973 960
973 747
973 988
973 915
973 945
973 937
973 843
973 869
973 872
973 783
990 877
990 960
990 747
990 988
990 915
990 945
990 937
990 843
990 869
990 872
990 783
877 960
877 747
877 988
877 915
877 945
877 937
877 843
877 872
877 783
960 747
960 988
960 915
960 945
960 937
960 843
960 869
960 872
960 783
747 988
747 937
747 872
988 915
988 945
988 937
988 843
988 869
988 872
988 783
915 945
915 937
915 843
915 869
915 872
945 937
945 843
945 869
945 872
945 783
937 843
937 869
937 872
843 783
869 872
6:
767 986
767 993
767 997
767 998
767 957
767 976
767 902
767 848
767 903
767 836
986 993
986 997
986 998
986 957
986 976
986 902
986 848
986 948
986 828
986 903
986 836
993 997
993 998
993 934
993 957
993 976
993 902
993 848
993 948
993 828
993 903
993 836
997 998
997 934
997 957
997 976
997 902
997 848
997 948
997 828
997 903
997 836
998 934
998 957
998 976
998 902
998 848
998 948
998 828
998 903
934 957
934 976
934 948
934 828
934 903
957 976
957 902
957 948
957 828
957 903
957 836
976 902
976 848
976 948
976 828
976 903
976 836
902 848
902 836
848 948
848 828
848 836
948 828
828 903
903 836
