# The communities at k=4
# from G:\Dropbox\Raghda\CNA\Final Project\other methods\CFinder-2.0.6--1448\G:\Dropbox\Raghda\CNA\Final Project\Datasets\binary_networks\LFR2\networ_LFR2_Om4.dat
# at no lower link weight threshold,
# and at no upper link weight threshold.
# Links were treated as undirected.
# No time limit was set for the clique search.

0: 100 748 866 927 566 706 206 565 293 46 496 502 
1: 990 1000 124 248 414 422 481 530 570 580 593 647 659 668 711 731 733 737 738 752 773 778 797 851 891 894 
2: 990 1000 160 92 
3: 989 101 837 887 974 995 126 912 791 214 632 255 571 313 780 512 710 5 
4: 20 901 582 769 838 600 469 586 
5: 104 359 941 987 
6: 957 105 832 965 967 902 113 913 768 871 641 903 40 555 445 650 318 707 958 695 472 453 661 517 551 759 
7: 938 969 107 603 134 878 972 216 598 829 680 369 589 390 437 698 739 685 
8: 111 772 867 917 674 700 889 874 972 817 475 368 388 406 820 432 646 
9: 988 112 667 963 467 151 899 961 888 460 230 804 980 292 349 819 474 649 4 465 687 800 480 812 493 524 573 66 
10: 995 125 789 857 858 885 199 377 803 84 
11: 127 822 880 907 137 635 885 636 656 482 
12: 677 620 966 757 977 13 881 934 998 692 970 952 726 929 850 972 286 291 900 939 300 690 381 611 955 479 559 558 501 508 528 825 702 633 761 
13: 703 170 852 792 848 727 734 522 755 872 654 
14: 845 991 997 945 136 873 233 865 26 263 295 315 347 383 408 541 678 88 
15: 884 946 951 982 691 273 54 141 893 932 954 971 926 259 294 327 809 379 409 740 413 535 515 531 665 716 
16: 994 904 993 976 783 999 696 266 305 146 153 981 162 714 262 166 348 365 876 209 794 311 521 560 847 367 372 758 459 484 507 705 618 
17: 149 923 940 960 637 805 285 518 304 373 442 50 664 833 652 
18: 979 989 931 986 956 375 154 978 877 937 753 22 973 261 267 27 942 619 944 321 538 397 433 793 776 
19: 254 648 883 439 959 983 159 962 996 188 189 212 532 854 29 301 306 385 657 441 456 552 655 73 
20: 999 949 161 869 
21: 732 879 904 818 444 165 463 330 
22: 909 964 173 537 
23: 989 975 985 177 898 885 916 844 450 237 256 897 277 31 486 447 400 790 401 420 536 87 651 
24: 178 735 741 785 182 823 224 671 396 
25: 968 849 179 795 543 746 81 
26: 861 181 338 610 
27: 184 316 720 743 936 585 564 
28: 943 947 896 193 922 906 329 863 870 827 364 914 643 718 590 715 
29: 202 451 841 936 288 747 
30: 725 890 210 782 
31: 864 638 221 892 
32: 890 782 523 238 497 
33: 840 24 391 980 371 767 389 525 39 500 
34: 930 675 240 55 
35: 841 747 42 494 
36: 989 824 992 986 950 999 949 920 925 796 868 915 875 640 806 679 309 828 346 362 97 45 614 478 561 492 53 843 91 660 
37: 933 750 928 631 895 253 799 299 44 498 534 
38: 446 673 449 47 
39: 904 846 826 351 669 425 526 60 
40: 568 830 393 644 729 721 395 57 
41: 252 856 774 602 684 448 
42: 999 949 280 713 
43: 909 964 855 275 596 699 798 
44: 745 948 811 999 908 978 859 911 984 247 860 539 503 609 599 366 831 421 431 786 625 554 588 
45: 781 971 427 302 653 777 762 407 683 730 452 
46: 689 834 477 980 404 308 533 788 853 886 345 592 562 613 
47: 839 595 662 312 392 744 328 458 
48: 910 882 921 919 544 320 455 471 862 815 
49: 754 709 693 915 701 801 340 513 
50: 813 971 549 924 712 468 704 
51: 624 861 610 429 719 616 
52: 775 864 771 972 936 892 399 764 816 
53: 814 995 972 936 634 412 490 615 
54: 842 742 736 435 462 572 540 
55: 949 869 802 751 461 
56: 821 918 808 516 576 694 697 548 
57: 941 987 835 995 612 520 
58: 953 717 749 658 
59: 864 892 663 763 
