# The links inside the communities at k=4
# from G:\Dropbox\Raghda\CNA\Final Project\other methods\CFinder-2.0.6--1448\G:\Dropbox\Raghda\CNA\Final Project\Datasets\binary_networks\LFR2\networ_LFR2_Om4.dat
# at no lower link weight threshold,
# and at no upper link weight threshold.
# Links were treated as undirected.
# No time limit was set for the clique search.

0:
100 748
100 866
100 927
748 866
748 927
748 706
748 293
748 496
866 927
866 566
866 706
866 206
866 565
866 293
866 46
866 496
866 502
927 566
927 706
927 206
927 565
927 293
927 46
927 496
927 502
566 706
566 293
566 502
706 565
706 496
206 565
565 46
496 502
1:
990 1000
990 124
990 248
990 414
990 422
990 481
990 530
990 570
990 593
990 647
990 668
990 711
990 731
990 733
990 737
990 738
990 752
990 773
990 778
990 797
990 851
990 894
1000 124
1000 248
1000 414
1000 422
1000 481
1000 530
1000 570
1000 580
1000 593
1000 647
1000 659
1000 668
1000 711
1000 731
1000 733
1000 737
1000 738
1000 752
1000 773
1000 778
1000 797
1000 851
1000 891
1000 894
124 778
248 851
248 891
414 851
414 894
422 711
422 778
422 851
481 711
481 752
530 711
530 738
530 773
570 647
570 731
570 891
580 737
580 894
593 733
593 738
593 851
593 891
647 659
647 733
647 773
647 894
659 752
659 797
659 891
659 894
668 731
668 733
668 738
711 778
711 894
731 773
731 797
731 891
733 752
733 773
733 851
737 797
737 851
737 891
737 894
738 851
738 891
738 894
752 797
752 851
752 891
773 778
773 894
778 797
778 894
797 891
851 891
851 894
891 894
2:
990 1000
990 160
990 92
1000 160
1000 92
160 92
3:
989 837
989 887
989 974
989 995
989 791
989 632
989 780
101 837
101 887
101 974
837 887
837 974
837 995
837 912
837 791
837 780
837 512
837 710
887 974
887 995
887 126
887 912
887 791
887 512
887 710
887 5
974 995
974 126
974 912
974 791
974 214
974 632
974 255
974 571
974 313
974 780
974 512
974 710
974 5
995 912
995 791
995 780
995 710
126 912
912 791
912 214
912 632
912 255
912 571
912 313
912 780
912 512
912 710
912 5
791 632
791 571
791 780
791 710
214 632
255 571
313 780
4:
20 901
20 582
20 769
901 582
901 769
901 838
901 600
901 469
901 586
582 769
582 600
769 838
769 600
769 469
769 586
838 600
838 469
838 586
600 469
5:
104 359
104 941
104 987
359 941
359 987
941 987
6:
957 965
957 967
957 902
957 113
957 913
957 768
957 871
957 641
957 903
957 445
957 650
957 318
957 958
957 695
957 472
957 661
957 517
957 551
105 832
105 965
105 967
832 965
832 967
832 913
832 871
832 903
832 650
832 695
832 453
832 759
965 967
965 902
965 113
965 913
965 871
965 641
965 903
965 40
965 555
965 650
965 707
965 958
965 695
965 472
965 517
965 551
965 759
967 902
967 913
967 768
967 641
967 903
967 40
967 445
967 650
967 958
967 695
967 453
967 661
967 517
967 551
967 759
902 913
902 871
902 641
902 555
902 650
902 707
902 958
902 661
902 759
113 913
913 768
913 903
913 40
913 318
913 707
913 958
913 661
768 871
768 903
768 445
768 958
768 661
871 903
871 555
871 958
871 695
871 453
871 517
871 759
641 903
641 472
903 707
903 958
903 453
903 759
555 695
445 958
650 958
318 707
318 958
707 958
958 472
958 453
958 661
958 517
958 759
551 759
7:
938 969
938 107
938 603
938 134
938 878
938 972
938 216
938 598
938 829
938 680
938 369
938 589
938 390
938 437
938 698
938 739
938 685
969 107
969 603
969 134
969 878
969 972
969 216
969 598
969 829
969 680
969 369
969 589
969 390
969 437
969 698
969 739
969 685
107 603
603 878
603 829
134 878
878 972
878 598
878 829
878 680
878 589
878 437
878 698
878 739
878 685
972 829
972 589
972 685
216 598
598 829
598 739
829 369
829 390
829 437
829 739
829 685
680 390
680 698
680 739
680 685
589 698
589 739
698 739
698 685
8:
111 772
111 867
111 917
772 867
772 917
772 674
772 700
772 889
772 432
772 646
867 917
867 889
867 874
867 388
867 406
867 820
867 432
867 646
917 674
917 700
917 889
917 874
917 972
917 817
917 475
917 368
917 406
917 820
917 646
674 889
674 972
674 817
674 820
700 889
700 874
700 972
700 817
889 874
889 972
889 817
889 475
889 368
889 388
889 820
889 432
889 646
874 972
874 475
874 388
874 820
874 432
874 646
972 817
972 820
817 368
817 406
817 820
475 820
406 820
820 646
9:
988 112
988 667
988 963
988 467
988 899
988 961
988 888
988 460
988 230
988 804
988 980
988 292
988 349
988 819
988 474
988 649
988 4
988 465
988 687
988 800
988 480
988 812
988 493
988 524
988 573
988 66
112 667
112 963
667 963
667 961
667 888
667 980
667 812
963 151
963 899
963 961
963 460
963 230
963 804
963 292
963 819
963 474
963 649
963 4
963 465
963 687
963 800
963 812
963 493
963 573
467 899
467 961
467 888
151 899
151 961
899 961
899 888
899 460
899 804
899 980
899 819
899 687
899 800
899 524
961 888
961 804
961 980
961 292
961 349
961 819
961 474
961 649
961 4
961 465
961 800
961 812
961 524
961 573
961 66
888 804
888 819
888 474
888 687
888 800
888 480
888 812
888 493
888 66
230 804
804 292
804 349
804 819
980 649
980 687
819 649
819 812
819 493
819 524
649 812
465 687
687 800
800 480
800 812
800 573
480 812
10:
995 789
995 857
995 858
995 885
995 377
995 803
125 789
125 857
125 858
789 857
789 858
789 885
789 199
789 377
789 84
857 858
857 199
857 377
857 803
857 84
858 885
858 199
858 377
858 803
858 84
11:
127 822
127 880
127 907
822 880
822 907
822 635
822 636
822 656
880 907
880 137
880 635
880 885
880 636
880 656
880 482
907 137
907 635
907 885
907 636
907 656
907 482
137 635
635 885
635 656
635 482
885 656
636 656
12:
677 977
677 934
677 970
677 955
677 825
620 998
620 970
620 952
620 929
966 977
966 934
966 998
966 952
966 955
966 825
757 977
757 934
757 970
757 952
757 900
757 939
757 955
757 528
977 881
977 934
977 998
977 692
977 970
977 952
977 726
977 929
977 286
977 900
977 939
977 300
977 690
977 381
977 611
977 955
977 501
977 508
977 702
977 633
13 881
13 934
13 998
881 934
881 998
881 970
881 952
881 726
881 929
881 850
881 939
881 955
881 501
881 761
934 998
934 970
934 726
934 929
934 900
934 939
934 611
934 955
934 559
934 558
934 508
934 825
934 761
998 692
998 970
998 952
998 726
998 929
998 286
998 291
998 900
998 939
998 300
998 690
998 611
998 955
998 479
998 559
998 558
998 501
998 508
998 528
998 825
998 702
998 633
998 761
692 970
692 952
692 900
692 939
970 929
970 291
970 900
970 939
970 300
970 690
970 381
970 955
970 825
970 702
970 633
970 761
952 726
952 929
952 900
952 939
952 955
952 559
952 558
952 508
952 528
952 825
952 702
952 761
726 939
726 559
929 850
929 900
929 939
929 690
929 955
929 479
929 702
929 761
850 955
972 939
972 955
972 761
286 900
291 939
900 939
900 300
900 955
900 528
939 690
939 955
939 559
939 501
939 528
939 825
939 633
939 761
690 479
381 611
381 955
611 955
611 702
955 479
955 558
955 501
955 825
955 761
558 508
825 633
702 633
13:
703 852
703 792
703 848
703 734
703 522
703 872
170 852
170 792
170 848
852 792
852 848
852 727
852 734
852 522
852 654
792 848
792 755
792 872
792 654
848 727
848 734
848 522
848 755
848 872
848 654
727 734
727 755
727 872
727 654
734 522
734 755
734 872
755 872
755 654
14:
845 991
845 997
845 945
845 873
845 865
845 678
991 997
991 945
991 136
991 873
991 233
991 865
991 26
991 263
991 295
991 315
991 347
991 383
991 408
991 541
991 678
991 88
997 945
997 136
997 873
997 233
997 865
997 26
997 263
997 295
997 315
997 347
997 383
997 408
997 541
997 678
997 88
945 136
945 873
945 233
945 865
945 26
945 263
945 295
945 315
945 347
945 383
945 408
945 541
945 678
945 88
873 865
873 263
873 347
873 383
873 408
873 541
873 678
865 541
865 678
15:
884 946
884 951
884 982
884 691
884 893
884 932
884 954
884 926
884 294
884 809
884 379
884 740
884 665
946 951
946 982
946 691
946 273
946 54
946 893
946 932
946 954
946 971
946 926
946 259
946 294
946 327
946 809
946 740
946 515
946 531
946 716
951 982
951 691
951 54
951 893
951 932
951 954
951 971
951 926
951 259
951 327
951 809
951 379
951 740
951 413
951 531
951 665
951 716
982 691
982 273
982 141
982 893
982 932
982 954
982 971
982 926
982 259
982 294
982 327
982 809
982 379
982 409
982 740
982 515
982 531
982 665
982 716
691 954
691 926
691 740
273 954
54 954
141 893
141 932
893 932
893 954
893 926
893 809
893 409
893 535
893 531
893 665
893 716
932 954
932 971
932 926
932 294
932 809
932 409
932 740
932 535
932 515
932 665
932 716
954 971
954 926
954 259
954 379
954 740
954 413
954 535
954 515
954 665
954 716
971 926
926 809
926 409
926 413
926 535
926 515
926 665
926 716
809 740
809 531
413 535
16:
994 904
994 993
994 976
994 783
994 999
994 696
994 266
994 305
994 146
994 153
994 981
994 162
994 714
994 262
994 166
994 876
994 209
994 794
994 311
994 521
994 560
994 367
994 372
994 758
994 459
994 484
994 507
994 705
994 618
904 993
904 981
904 560
993 976
993 783
993 999
993 696
993 266
993 305
993 146
993 153
993 981
993 714
993 262
993 166
993 348
993 365
993 876
993 794
993 311
993 521
993 560
993 847
993 372
993 758
993 459
993 484
993 507
993 705
993 618
976 783
976 999
976 696
976 266
976 146
976 981
976 166
976 348
976 876
976 209
976 794
976 560
976 847
976 367
976 372
976 758
976 459
976 484
976 507
976 705
976 618
783 981
783 876
783 794
783 521
783 705
783 618
999 981
999 876
999 758
999 705
696 981
696 348
696 876
696 507
266 794
305 981
153 981
981 162
981 714
981 262
981 365
981 876
981 209
981 794
981 311
981 521
981 847
981 367
981 758
981 459
981 484
981 705
162 714
714 876
714 758
365 876
876 507
794 560
794 367
794 758
311 521
758 618
17:
149 923
149 940
149 960
923 940
923 960
923 637
923 805
923 285
923 518
923 304
923 373
923 442
923 50
923 664
923 833
923 652
940 960
940 637
940 805
940 285
940 518
940 304
940 373
940 442
940 50
940 664
940 833
940 652
960 637
960 805
960 285
960 518
960 304
960 373
960 442
960 50
960 664
960 833
960 652
637 805
637 664
637 833
805 518
805 373
805 442
805 664
805 833
805 652
664 833
664 652
833 652
18:
979 989
979 931
979 986
979 956
979 375
979 154
979 978
979 877
979 937
979 753
979 22
979 973
979 261
979 267
979 27
979 942
979 619
979 944
979 321
979 538
979 397
979 433
979 793
979 776
989 931
989 986
989 956
989 978
989 937
989 973
989 942
989 944
931 986
931 956
931 978
931 877
931 937
931 973
931 942
931 944
931 793
931 776
956 375
956 154
956 978
956 877
956 937
956 973
956 261
956 267
956 27
956 942
956 619
956 944
956 321
956 538
956 397
956 433
956 793
956 776
375 978
375 973
154 978
978 877
978 937
978 753
978 22
978 973
978 261
978 267
978 27
978 942
978 619
978 944
978 321
978 538
978 397
978 433
978 793
978 776
877 937
877 973
877 942
877 944
877 793
937 973
937 942
937 944
937 793
937 776
753 973
22 973
973 267
973 27
973 942
973 619
973 944
973 321
973 538
973 397
973 433
973 793
973 776
942 944
942 793
942 776
619 944
944 538
944 793
944 776
19:
254 959
254 983
254 962
254 996
648 883
648 959
648 983
648 962
648 996
648 854
883 959
883 983
883 962
883 996
883 532
883 854
883 657
883 552
883 655
439 959
439 983
439 962
439 996
959 983
959 962
959 996
959 212
959 532
959 854
959 29
959 306
959 385
959 657
959 441
959 456
959 552
959 655
959 73
983 159
983 962
983 996
983 188
983 189
983 212
983 532
983 854
983 29
983 301
983 306
983 385
983 657
983 441
983 456
983 552
983 655
159 962
159 996
962 996
962 188
962 189
962 532
962 854
962 301
962 306
962 385
962 657
962 441
962 456
962 552
962 655
962 73
996 188
996 189
996 212
996 532
996 854
996 29
996 301
996 306
996 385
996 657
996 441
996 456
996 552
996 655
996 73
854 657
854 655
20:
999 949
999 161
999 869
949 161
949 869
161 869
21:
732 879
732 904
732 818
732 444
732 165
732 463
732 330
879 904
879 818
879 444
879 165
879 463
879 330
904 818
818 444
818 165
818 463
818 330
444 330
165 463
22:
909 964
909 173
909 537
964 173
964 537
173 537
23:
989 975
989 985
989 898
989 916
989 844
989 897
989 790
989 651
975 985
975 177
975 898
975 885
975 916
975 844
975 450
975 237
975 256
975 897
975 277
975 31
975 486
975 447
975 400
975 790
975 401
975 420
975 536
975 87
975 651
985 177
985 898
985 885
985 916
985 844
985 450
985 237
985 256
985 897
985 277
985 31
985 486
985 447
985 400
985 790
985 401
985 420
985 536
985 87
985 651
177 898
898 916
898 844
898 256
898 897
898 31
898 486
898 400
898 790
898 536
898 651
885 916
916 844
916 237
916 897
916 447
916 400
916 790
916 401
916 420
916 536
916 87
916 651
844 450
844 897
844 447
844 790
844 401
450 897
256 897
897 277
897 486
897 790
897 401
897 420
897 651
400 790
790 420
24:
178 735
178 741
178 785
735 741
735 785
735 182
735 823
735 224
735 671
735 396
741 785
741 823
741 671
741 396
785 182
785 823
785 671
785 396
182 823
823 224
823 671
823 396
224 671
25:
968 849
968 179
968 795
968 543
968 746
968 81
849 179
849 795
849 746
849 81
179 795
795 543
795 746
795 81
543 746
26:
861 181
861 338
861 610
181 338
181 610
338 610
27:
184 316
184 720
184 743
316 720
316 743
316 585
720 743
720 936
720 585
720 564
743 936
743 585
743 564
936 585
936 564
585 564
28:
943 947
943 896
943 193
943 922
943 906
943 329
943 863
943 870
943 827
943 364
943 914
943 643
943 718
943 590
943 715
947 896
947 193
947 922
947 906
947 329
947 863
947 870
947 827
947 364
947 914
947 643
947 718
947 590
947 715
896 922
896 906
896 863
896 870
896 827
896 914
896 643
896 718
896 590
896 715
193 922
922 906
922 329
922 863
922 870
922 827
922 364
922 914
922 643
922 718
922 590
922 715
906 863
906 870
906 827
906 914
906 643
906 718
906 590
906 715
863 870
863 827
863 914
870 827
870 914
870 718
870 715
827 914
914 643
914 718
914 590
914 715
29:
202 451
202 841
202 936
451 841
451 936
451 288
451 747
841 936
841 288
841 747
936 288
936 747
288 747
30:
725 890
725 210
725 782
890 210
890 782
210 782
31:
864 638
864 221
864 892
638 221
638 892
221 892
32:
890 782
890 523
890 238
890 497
782 523
782 238
782 497
523 497
238 497
33:
840 24
840 391
840 980
840 371
840 767
840 389
840 525
840 39
840 500
24 391
24 980
391 980
391 371
391 767
980 767
980 525
980 39
980 500
371 767
767 389
767 525
767 39
767 500
389 525
525 500
34:
930 675
930 240
930 55
675 240
675 55
240 55
35:
841 747
841 42
841 494
747 42
747 494
42 494
36:
989 992
989 986
989 950
989 920
989 925
989 796
989 362
989 97
824 992
824 950
824 925
824 806
824 309
824 828
824 843
992 986
992 950
992 999
992 920
992 925
992 796
992 868
992 915
992 875
992 640
992 806
992 679
992 309
992 828
992 346
992 362
992 45
992 614
992 478
992 561
992 492
992 53
992 843
992 660
986 950
986 999
986 920
986 925
986 796
986 868
986 915
986 875
986 640
986 806
986 679
986 309
986 828
986 346
986 362
986 45
986 614
986 478
986 561
986 492
986 53
986 91
986 660
950 999
950 949
950 925
950 875
950 806
950 309
950 828
950 45
950 614
950 843
950 91
950 660
999 949
999 925
999 796
999 875
999 640
999 660
949 875
920 925
920 796
920 868
920 915
920 806
920 97
920 478
920 561
920 843
920 660
925 796
925 868
925 875
925 806
925 679
925 828
925 346
925 843
925 91
796 868
796 97
868 875
868 640
868 806
868 679
868 828
868 492
868 843
915 561
875 828
875 614
875 478
875 843
875 660
640 843
806 828
806 843
679 53
309 828
828 843
614 561
37:
933 928
933 631
933 895
933 253
933 799
933 299
933 498
933 534
750 928
750 631
750 895
750 253
750 799
750 498
750 534
928 631
928 895
928 799
928 299
928 44
928 498
928 534
631 498
895 253
895 799
895 299
895 44
895 498
895 534
253 799
799 44
799 534
38:
446 673
446 449
446 47
673 449
673 47
449 47
39:
904 846
904 826
904 425
904 526
846 826
846 351
846 669
846 425
846 526
846 60
826 351
826 669
826 425
826 526
826 60
351 669
669 425
669 526
669 60
425 526
40:
568 644
568 729
568 721
568 395
830 393
830 644
830 729
830 721
830 395
830 57
393 729
393 721
644 729
644 721
644 57
729 721
729 395
721 395
721 57
41:
252 856
252 774
252 602
856 774
856 602
856 684
856 448
774 602
774 684
774 448
602 684
602 448
684 448
42:
999 949
999 280
999 713
949 280
949 713
280 713
43:
909 964
909 855
909 596
909 699
909 798
964 275
964 596
964 699
964 798
855 596
855 699
855 798
275 699
275 798
596 798
699 798
44:
745 948
745 908
745 911
745 984
745 625
745 588
948 811
948 999
948 908
948 859
948 911
948 984
948 247
948 609
948 599
948 366
948 831
948 786
948 554
811 999
811 911
811 984
811 599
811 831
999 911
999 984
999 786
999 554
908 859
908 984
908 860
908 539
908 609
908 366
908 831
908 421
908 431
908 786
908 554
908 588
978 984
978 831
978 421
859 911
859 984
859 247
859 860
859 539
859 831
859 786
859 588
911 984
911 860
911 609
911 831
911 421
911 786
911 625
911 554
984 247
984 860
984 539
984 503
984 609
984 599
984 366
984 831
984 421
984 431
984 786
984 625
984 554
984 588
247 860
860 503
860 609
860 831
860 786
860 625
860 588
503 786
831 421
431 786
625 588
45:
781 971
781 427
781 302
781 653
781 777
781 762
781 407
781 683
781 730
971 427
971 653
971 777
971 762
971 407
971 730
427 302
427 777
302 777
653 762
653 683
653 730
777 762
777 683
777 452
762 407
762 683
762 730
762 452
407 683
407 730
683 730
683 452
46:
689 834
689 404
689 788
689 853
689 886
689 592
834 980
834 404
834 533
834 788
834 853
834 886
834 345
834 592
834 562
477 980
477 788
477 853
477 886
980 404
980 788
980 853
980 886
980 613
404 853
308 788
308 853
308 886
533 886
533 562
788 853
788 886
788 592
788 562
788 613
853 886
853 592
853 562
853 613
886 345
886 592
886 562
886 613
345 592
47:
839 595
839 662
839 312
839 392
839 744
839 328
595 392
595 744
595 328
595 458
662 312
662 392
662 744
312 392
312 744
392 744
744 328
744 458
328 458
48:
910 882
910 921
910 919
910 544
910 320
910 455
910 471
910 862
910 815
882 921
882 919
882 544
882 320
882 455
882 471
882 862
882 815
921 919
921 544
921 320
921 455
921 471
921 862
921 815
919 544
919 320
919 455
919 471
919 862
919 815
544 862
471 862
862 815
49:
754 709
754 693
754 701
754 801
754 340
754 513
709 801
709 340
693 915
693 701
693 801
693 513
915 701
915 801
701 801
701 340
701 513
801 340
50:
813 971
813 549
813 924
813 712
813 468
813 704
971 549
971 924
971 704
549 924
549 712
924 712
924 468
924 704
712 468
712 704
51:
624 861
624 610
624 429
624 719
624 616
861 610
861 429
861 719
861 616
610 616
429 719
719 616
52:
775 864
775 972
775 892
775 764
775 816
864 771
864 936
864 892
864 399
864 764
864 816
771 892
771 816
972 936
972 764
972 816
936 764
936 816
892 764
892 816
399 764
399 816
764 816
53:
814 995
814 972
814 634
814 412
814 490
814 615
995 972
995 936
995 634
995 412
995 490
995 615
972 936
972 634
972 490
972 615
936 634
936 490
936 615
634 412
634 615
54:
842 742
842 736
842 435
842 462
842 572
842 540
742 736
742 462
742 572
742 540
736 435
736 462
736 572
736 540
435 462
435 572
55:
949 869
949 802
949 461
869 802
869 751
869 461
802 751
802 461
751 461
56:
821 918
821 516
821 576
821 694
821 697
821 548
918 808
918 516
918 576
918 694
918 697
918 548
808 697
808 548
516 576
516 694
694 548
697 548
57:
941 987
941 835
941 995
941 612
941 520
987 835
987 612
987 520
835 612
835 520
995 612
995 520
612 520
58:
953 717
953 749
953 658
717 749
717 658
749 658
59:
864 892
864 663
864 763
892 663
892 763
663 763
