# The communities at k=3
# from G:\Dropbox\Raghda\CNA\Final Project\other methods\CFinder-2.0.6--1448\G:\Dropbox\Raghda\CNA\Final Project\Datasets\binary_networks\LFR4\network_LFR4_Om6.dat
# at no lower link weight threshold,
# and at no upper link weight threshold.
# Links were treated as undirected.
# No time limit was set for the clique search.

0: 779 961 966 979 742 857 100 15 780 959 1000 142 203 294 527 551 616 637 684 695 704 714 716 76 768 771 795 803 826 830 839 872 878 889 896 899 906 911 918 925 930 941 943 957 960 973 977 988 989 993 995 996 998 683 102 394 406 731 881 103 631 650 743 907 104 647 942 352 509 706 726 107 860 933 948 251 802 861 503 910 923 432 851 892 882 111 488 972 112 869 113 836 947 964 114 355 867 327 727 986 116 620 732 822 117 866 946 982 118 686 792 975 991 119 603 673 828 931 12 698 745 845 875 955 121 944 956 994 122 908 976 984 123 725 936 124 762 921 929 125 565 594 126 534 757 772 606 761 832 129 679 940 969 997 834 987 958 763 718 913 951 696 974 729 853 346 900 136 920 138 870 778 347 928 661 699 999 141 756 776 937 980 340 917 926 667 145 589 963 812 610 660 688 949 148 460 773 856 149 638 884 227 634 919 983 873 229 970 153 639 950 791 852 516 751 879 825 863 978 934 807 864 770 865 379 759 817 846 164 322 554 656 542 862 935 625 805 599 891 172 272 604 971 173 497 804 893 611 831 175 556 176 263 635 854 885 894 954 178 215 945 687 924 967 182 666 733 764 915 629 186 187 414 188 788 912 898 990 191 877 932 192 474 195 671 676 744 196 538 2 670 728 741 20 200 201 747 939 848 485 624 659 693 386 209 734 21 236 539 783 212 303 752 838 843 724 904 217 473 653 514 219 22 806 223 833 901 672 953 965 467 922 94 570 582 909 235 816 641 600 835 24 840 962 240 241 285 541 797 244 781 247 428 249 287 847 25 769 981 250 430 668 858 461 985 800 927 254 736 739 905 680 256 454 952 411 782 323 658 868 753 887 268 342 425 550 344 938 273 275 669 880 282 758 794 615 652 280 578 760 281 92 283 689 903 286 855 288 353 289 29 478 645 874 819 785 678 297 408 564 3 674 968 300 302 644 304 500 871 338 685 309 623 821 501 784 555 677 605 316 471 593 888 902 841 320 786 850 813 992 325 801 328 329 423 562 746 330 710 811 333 490 553 569 876 339 382 34 748 916 341 749 345 363 486 573 842 403 349 766 890 350 587 809 351 366 354 450 457 636 690 36 700 361 682 815 362 41 434 632 367 368 755 371 456 372 376 580 774 377 619 378 571 664 750 561 528 572 433 568 391 392 520 897 4 675 883 395 397 483 720 740 567 40 531 787 402 404 705 707 796 849 536 416 820 419 627 601 654 436 44 446 489 612 447 544 563 737 45 451 692 455 642 458 46 662 584 469 470 47 532 472 537 703 85 648 477 588 479 614 482 484 617 640 711 798 81 829 581 691 506 540 525 701 524 576 505 722 508 738 51 512 53 566 515 633 52 721 557 521 577 697 708 702 844 715 643 55 814 591 595 613 735 56 730 574 80 585 777 592 61 789 597 60 646 694 626 607 719 75 628 790 655 68 765 754 99 70 79 86 77 97 91 
1: 131 110 882 
2: 189 745 984 974 315 789 
3: 973 120 494 955 701 
4: 128 507 799 835 
5: 995 892 745 130 709 810 958 729 146 812 848 257 
6: 132 166 951 656 
7: 647 133 463 
8: 133 696 974 
9: 37 179 306 387 518 808 246 633 
10: 144 211 667 
11: 198 954 713 
12: 957 19 441 
13: 929 190 310 990 
14: 974 827 193 462 481 843 298 
15: 202 663 848 210 
16: 859 726 974 865 823 204 669 399 707 692 681 
17: 243 206 438 618 
18: 910 216 238 608 
19: 958 238 641 
20: 878 234 909 
21: 910 904 239 
22: 466 265 89 
23: 817 38 552 
24: 267 38 887 
25: 775 882 980 390 670 813 35 495 
26: 974 452 90 
27: 845 703 93 
28: 279 663 615 
29: 980 965 233 
30: 911 807 259 313 373 809 
31: 828 905 314 630 529 415 
32: 839 977 914 936 744 824 793 968 317 651 767 902 417 730 
33: 964 887 351 
34: 873 818 895 840 453 
35: 464 853 915 712 
36: 870 370 724 
37: 969 917 226 
38: 899 895 308 418 
39: 886 955 935 904 784 837 389 502 717 844 
40: 579 611 409 707 
41: 906 727 807 912 421 
42: 951 472 703 
43: 878 974 475 596 
44: 914 560 63 
45: 509 953 703 
46: 649 804 523 
47: 961 825 439 
48: 954 744 440 
49: 930 707 496 
50: 683 732 865 657 855 575 
51: 917 573 442 
52: 958 572 730 
53: 956 725 568 
54: 958 588 777 
55: 768 902 621 
56: 847 782 681 
57: 772 763 980 723 
58: 950 758 796 
59: 996 807 880 
60: 867 812 800 
