# The links inside the communities at k=3
# from G:\Dropbox\Raghda\CNA\Final Project\other methods\CFinder-2.0.6--1448\G:\Dropbox\Raghda\CNA\Final Project\Datasets\binary_networks\LFR4\network_LFR4_Om6.dat
# at no lower link weight threshold,
# and at no upper link weight threshold.
# Links were treated as undirected.
# No time limit was set for the clique search.

0:
779 943
779 251
779 802
779 986
779 804
779 909
779 781
779 985
779 841
779 849
961 768
961 941
961 999
961 145
961 589
961 963
961 949
961 891
961 854
961 915
961 744
961 747
961 752
961 219
961 909
961 905
961 868
961 855
961 345
961 363
961 700
961 750
961 765
966 637
966 943
966 957
966 111
966 488
966 972
966 987
966 913
966 554
966 599
966 782
966 325
966 573
966 377
966 581
966 691
966 80
979 100
979 780
979 1000
979 551
979 695
979 839
979 960
979 973
979 977
979 631
979 650
979 743
979 907
979 976
979 921
979 929
979 900
979 970
979 912
979 922
979 797
979 927
979 680
979 938
979 283
979 584
979 537
979 617
979 711
979 798
979 505
979 515
742 923
742 125
742 565
742 149
742 884
742 855
857 984
857 928
857 999
857 610
857 879
857 865
857 971
857 901
857 981
857 550
857 796
857 701
857 814
857 719
857 70
100 780
15 867
15 227
780 743
780 929
780 812
780 945
780 922
780 797
780 938
780 789
959 943
959 957
959 875
959 994
959 908
959 873
959 178
959 215
959 945
959 195
959 671
959 676
959 744
959 800
959 273
959 275
959 669
959 880
959 760
959 567
1000 142
1000 203
1000 527
1000 551
1000 616
1000 637
1000 684
1000 695
1000 704
1000 714
1000 716
1000 76
1000 768
1000 771
1000 795
1000 803
1000 826
1000 839
1000 872
1000 878
1000 889
1000 896
1000 899
1000 906
1000 911
1000 918
1000 925
1000 930
1000 941
1000 943
1000 957
1000 960
1000 973
1000 977
1000 988
1000 989
1000 993
1000 995
1000 996
142 716
142 826
203 899
203 941
203 943
294 923
294 785
527 616
527 76
527 930
527 973
527 936
527 905
551 695
551 803
551 906
551 977
616 76
616 768
616 930
616 973
616 936
616 912
616 905
637 771
637 881
637 972
637 675
684 704
684 872
684 899
684 957
684 958
684 338
684 876
695 906
695 977
704 872
704 899
704 958
704 569
704 419
704 477
704 765
714 889
714 896
714 911
714 918
714 960
714 995
714 996
714 939
714 46
716 826
716 925
716 993
716 647
716 678
76 930
768 942
768 955
768 963
771 795
771 878
771 911
771 925
771 920
771 999
771 945
771 927
771 746
771 524
771 643
795 940
795 969
795 920
803 977
803 919
803 934
803 971
803 888
803 992
803 722
826 925
826 993
826 104
826 647
826 678
830 923
830 432
830 929
830 915
830 898
830 838
830 843
830 968
830 644
830 749
830 654
839 930
839 907
839 976
839 949
839 885
839 904
839 514
839 985
839 451
839 798
839 697
872 878
872 899
872 941
872 975
872 971
872 915
872 338
872 569
872 876
872 883
872 740
872 477
872 765
878 899
878 941
878 706
878 860
878 972
878 975
878 36
878 700
878 524
889 896
889 911
889 918
889 960
889 995
889 996
889 182
889 939
889 842
889 371
889 456
889 46
889 633
889 789
896 911
896 918
896 960
896 995
896 996
896 936
896 939
896 842
896 46
896 81
896 789
899 941
899 957
899 973
899 822
899 975
899 971
899 915
899 569
899 883
899 419
899 477
906 988
906 698
906 606
906 987
906 939
906 848
906 833
906 909
906 652
906 850
906 490
906 766
906 755
906 456
906 376
906 777
911 941
911 993
911 976
911 934
911 554
911 945
911 967
911 677
911 902
911 524
911 577
918 881
918 117
918 866
918 982
918 12
918 698
918 921
918 987
918 958
918 873
918 970
918 516
918 978
918 182
918 728
918 992
918 376
918 675
918 614
925 988
925 993
925 942
925 923
925 869
925 955
925 994
925 940
925 969
925 997
925 999
925 934
925 945
925 904
925 858
925 938
925 536
925 737
925 524
925 512
925 91
930 973
930 977
930 936
930 905
941 860
941 933
941 948
941 772
941 949
941 934
941 865
941 885
941 769
941 952
941 871
941 801
941 569
941 363
941 479
941 524
941 91
943 957
943 993
943 802
943 958
943 920
943 778
943 554
943 893
943 894
943 671
943 985
943 927
943 275
943 880
943 350
943 809
943 567
943 820
943 47
943 581
943 721
943 80
957 973
957 111
957 488
957 836
957 947
957 964
957 822
957 982
957 845
957 875
957 900
957 915
957 990
957 671
957 782
957 275
957 689
957 593
957 829
957 581
960 993
960 995
960 996
960 942
960 869
960 875
960 976
960 725
960 929
960 756
960 937
960 980
960 967
960 915
960 912
960 938
960 677
960 561
960 81
960 607
973 923
973 994
973 936
973 900
973 756
973 980
973 229
973 20
973 693
973 838
973 843
973 922
973 94
973 927
973 794
973 283
973 644
973 654
977 988
977 989
977 866
977 975
977 944
977 994
977 921
977 853
977 970
977 934
977 992
977 796
977 711
977 798
977 505
977 91
988 989
988 993
988 995
988 114
988 355
988 867
988 982
988 686
988 792
988 975
988 991
988 994
988 122
988 976
988 984
988 999
988 227
988 983
988 639
988 379
988 817
988 898
988 741
988 386
988 843
988 833
988 953
988 868
988 282
988 850
988 333
988 708
988 777
988 790
989 993
989 923
989 972
989 991
989 994
989 984
989 929
989 138
989 870
989 926
989 688
989 852
989 863
989 164
989 971
989 538
989 200
989 965
989 816
989 247
989 952
989 578
989 785
989 674
989 902
989 883
989 720
989 44
989 45
989 505
989 697
989 708
993 942
993 972
993 994
993 976
993 936
993 763
993 138
993 870
993 778
993 864
993 164
993 894
993 954
993 967
993 816
993 501
993 403
993 4
993 707
993 47
993 708
993 613
993 790
995 996
995 107
995 860
995 933
995 948
995 946
995 955
995 944
995 984
995 725
995 639
995 990
995 939
995 769
995 858
995 868
995 786
995 850
995 632
995 458
995 46
995 512
995 777
996 972
996 836
996 947
996 964
996 116
996 732
996 822
996 944
996 908
996 976
996 936
996 997
996 776
996 937
996 846
996 935
996 971
996 990
996 877
996 932
996 2
996 939
996 734
996 22
996 806
996 672
996 962
996 968
996 562
996 458
996 588
996 829
996 633
996 521
998 975
998 828
998 875
998 696
998 884
998 983
998 935
998 848
998 25
998 981
998 858
998 938
998 784
998 605
998 902
998 349
998 766
998 890
998 391
998 897
998 702
998 597
998 655
998 754
998 79
683 946
683 614
102 394
102 406
102 881
394 406
394 881
394 873
394 675
394 883
406 881
731 948
731 923
731 997
731 769
731 705
881 873
881 675
881 883
881 692
881 735
103 631
103 650
103 743
103 907
631 650
631 907
631 514
631 235
631 680
631 568
650 907
650 514
650 922
650 235
650 813
743 907
743 659
743 514
743 570
743 782
743 813
907 659
907 514
907 901
907 922
907 570
907 235
907 782
907 813
907 568
104 647
647 792
647 967
647 386
647 965
942 112
942 869
942 955
942 123
942 725
942 936
942 807
942 864
942 915
942 192
942 474
942 485
942 904
942 816
942 600
942 403
942 372
942 707
352 846
352 191
352 877
352 734
509 869
509 986
706 980
706 838
706 36
726 967
726 677
107 860
107 933
107 948
860 933
860 948
860 687
860 747
860 769
860 668
860 887
860 500
860 897
860 720
860 479
860 765
933 948
933 908
933 696
933 656
933 990
933 676
933 624
933 769
933 668
933 887
933 632
933 897
933 720
933 648
933 479
933 646
933 765
933 77
948 908
948 696
948 687
948 967
948 990
948 747
948 624
948 769
948 887
948 500
948 664
948 404
948 436
948 648
948 479
948 646
948 77
251 461
251 985
802 350
802 587
802 809
802 567
861 732
861 172
861 272
861 604
861 971
861 21
861 236
861 539
861 816
861 835
861 434
503 804
503 461
910 946
910 982
910 997
910 891
910 186
910 467
910 840
910 962
910 244
910 781
910 985
910 60
923 866
923 929
923 565
923 594
923 997
923 900
923 926
923 831
923 744
923 838
923 927
923 288
923 785
432 915
432 838
432 968
432 654
851 956
851 893
851 915
851 801
851 636
851 774
851 750
851 662
851 701
851 738
851 51
892 986
892 949
892 983
892 954
892 788
892 965
892 962
892 981
892 578
892 849
892 612
882 997
882 834
882 863
882 770
882 945
882 186
882 783
882 467
882 244
882 985
882 871
882 992
111 488
111 972
488 972
488 581
488 691
972 982
972 975
972 991
972 908
972 976
972 124
972 757
972 756
972 983
972 954
972 924
972 967
972 764
972 747
972 965
972 241
972 430
972 874
972 297
972 677
972 395
972 581
972 56
972 80
972 765
112 869
869 986
869 955
869 123
869 929
869 945
869 915
869 192
869 485
869 904
869 938
869 880
869 403
113 836
113 947
113 964
836 947
836 964
836 866
836 990
836 992
836 829
947 964
947 866
947 828
947 699
947 990
947 752
947 813
947 703
947 829
947 53
947 633
947 613
964 866
964 828
964 913
964 928
964 699
964 990
964 752
964 281
964 593
964 813
964 664
964 703
964 829
964 633
964 613
964 694
964 754
114 355
114 867
355 867
355 983
867 227
867 983
867 898
867 868
867 458
327 909
327 992
727 811
727 844
986 999
986 873
986 880
986 876
986 403
986 774
986 849
986 446
986 489
986 612
986 506
986 540
986 75
986 97
116 732
116 822
620 606
620 805
620 758
620 652
732 539
822 921
822 997
822 970
822 885
822 939
822 672
822 985
822 903
822 632
117 866
117 946
117 982
866 994
866 908
866 929
866 917
866 934
866 954
866 188
866 965
866 736
866 739
866 614
946 982
946 956
946 983
946 759
946 939
946 833
946 672
946 641
946 903
946 786
946 850
946 801
946 328
946 811
946 614
946 566
982 991
982 126
982 757
982 853
982 920
982 980
982 983
982 978
982 891
982 924
982 990
982 728
982 833
982 953
982 430
982 927
982 880
982 645
982 968
982 841
982 786
982 850
982 992
982 328
982 787
982 402
982 544
982 614
982 482
982 595
982 777
118 686
118 792
118 975
686 792
686 975
686 386
686 904
686 790
792 975
792 898
792 741
792 386
792 904
792 790
975 931
975 875
975 908
975 936
975 921
975 913
975 983
975 970
975 791
975 379
975 971
975 386
975 904
975 858
975 874
975 902
975 569
975 766
975 890
975 700
975 664
975 395
975 617
975 798
975 702
975 694
991 875
991 124
991 534
991 757
991 974
991 852
991 935
991 954
991 924
991 915
991 898
991 196
991 538
991 848
991 953
991 835
991 241
991 247
991 250
991 985
991 905
991 256
991 454
991 952
991 645
991 320
991 992
991 34
991 916
991 482
991 505
991 508
119 603
119 673
119 828
119 931
603 673
603 828
603 920
603 378
603 750
673 931
673 920
673 985
673 378
673 571
828 931
828 788
828 962
828 890
828 883
828 702
828 735
931 698
931 761
931 987
931 136
931 920
931 661
931 699
931 660
931 460
931 856
931 791
931 978
931 846
931 971
931 990
931 932
931 730
12 698
698 987
698 990
698 909
698 784
698 580
745 817
745 724
845 955
845 891
845 854
845 990
845 880
845 593
845 897
875 994
875 718
875 945
875 912
875 671
875 953
875 541
875 938
875 652
875 755
875 391
875 482
875 626
955 347
955 634
955 978
955 600
955 858
955 938
955 880
955 897
955 531
955 512
121 944
121 994
944 994
944 984
944 999
944 937
944 980
944 856
944 950
944 852
944 935
944 556
944 196
944 783
944 653
944 927
944 905
944 819
944 300
944 685
944 423
944 844
956 893
956 915
956 672
956 816
956 801
956 636
956 774
956 750
956 642
956 662
956 701
956 738
956 51
956 566
994 718
994 138
994 870
994 999
994 934
994 379
994 542
994 625
994 893
994 945
994 20
994 693
994 952
994 300
994 902
994 636
994 528
994 796
994 601
994 44
994 708
122 976
122 984
908 791
908 215
908 945
908 990
908 965
908 962
908 905
908 887
908 273
908 748
908 916
908 682
908 815
908 697
976 984
976 884
976 639
976 805
976 967
976 741
976 747
976 909
976 428
976 985
976 927
976 938
976 992
976 333
976 450
976 561
976 451
976 472
976 537
976 628
984 761
984 928
984 610
984 949
984 856
984 884
984 879
984 611
984 556
984 666
984 629
984 223
984 901
984 428
984 249
984 847
984 868
984 855
984 289
984 333
984 354
984 814
984 719
123 725
123 936
936 913
936 971
936 912
936 806
936 868
936 344
936 938
936 874
936 297
936 738
936 521
762 854
762 909
762 855
762 316
762 471
762 888
762 992
762 876
762 483
921 763
921 884
921 970
921 978
921 893
921 854
921 816
921 753
921 992
921 484
921 617
921 640
921 711
921 798
929 688
929 950
929 188
929 200
929 797
929 938
929 968
929 654
125 565
125 594
565 594
565 884
565 855
126 534
126 757
534 757
534 687
534 924
534 285
534 858
757 924
757 285
757 430
757 749
772 934
772 891
772 888
772 700
772 483
606 752
606 652
606 755
606 626
761 980
761 460
761 773
761 856
761 175
761 556
761 354
832 958
832 920
832 862
832 887
832 821
832 992
832 553
832 457
832 897
832 633
832 715
129 679
129 940
129 969
129 997
679 940
679 969
679 997
679 952
679 367
679 447
679 563
679 737
940 969
940 997
940 865
940 904
940 952
940 478
940 902
940 809
940 367
940 447
940 563
940 737
969 997
969 865
969 904
969 952
969 478
969 902
969 809
969 367
969 447
969 563
969 737
969 455
969 691
997 951
997 950
997 864
997 846
997 497
997 804
997 831
997 186
997 877
997 932
997 734
997 473
997 467
997 582
997 244
997 461
997 985
997 411
997 669
997 286
997 821
997 382
997 690
997 632
997 367
997 705
997 737
997 692
997 455
997 701
997 628
997 754
834 884
834 770
834 939
834 783
834 842
834 883
834 397
987 958
987 661
987 699
987 990
987 909
987 903
987 784
987 325
987 376
987 580
987 377
987 691
958 920
958 666
958 990
958 903
958 289
958 309
958 821
958 553
958 569
958 580
763 870
763 970
718 893
718 945
718 601
913 638
913 983
913 281
913 874
913 297
913 992
913 573
913 395
913 722
913 694
913 754
951 825
951 263
951 885
951 414
951 582
951 411
951 868
951 425
951 794
951 809
951 690
951 796
951 691
951 628
951 754
696 656
696 890
974 945
974 676
974 843
974 938
974 748
974 916
974 508
974 577
729 917
729 739
729 850
729 777
853 999
853 934
853 249
853 847
853 841
853 787
346 670
346 887
346 486
900 912
900 927
900 782
900 283
900 689
136 920
920 983
920 791
920 862
920 945
920 858
920 985
920 968
920 746
920 553
920 682
920 378
920 820
920 469
920 721
138 870
870 164
870 636
870 44
778 625
778 894
778 782
778 678
778 47
347 634
347 842
928 999
928 610
928 879
928 971
928 741
928 752
928 901
928 658
928 550
928 760
928 564
928 796
928 814
928 719
928 70
661 978
699 613
999 145
999 589
999 963
999 879
999 934
999 865
999 322
999 747
999 939
999 219
999 833
999 901
999 240
999 858
999 927
999 905
999 550
999 880
999 794
999 353
999 685
999 902
999 850
999 774
999 849
999 536
999 446
999 506
999 540
999 844
999 715
999 643
999 814
999 777
999 719
999 97
141 756
141 776
141 937
141 980
756 937
756 751
756 967
756 922
756 992
776 937
776 980
776 764
776 819
776 968
776 423
776 562
776 705
937 980
937 153
937 950
937 764
937 843
937 905
937 819
937 968
937 329
937 423
937 562
937 588
937 591
937 607
980 667
980 773
980 856
980 978
980 817
980 556
980 764
980 783
980 838
980 724
980 644
340 965
340 962
340 952
340 280
917 254
917 736
917 739
917 905
917 794
917 819
917 738
926 865
926 668
926 288
926 785
926 902
926 746
926 883
926 720
926 576
926 730
667 838
667 858
667 685
145 589
145 963
589 963
589 915
589 219
589 844
963 949
963 865
963 854
963 915
963 744
963 752
963 219
963 909
963 905
963 868
963 92
963 855
963 345
963 363
963 700
963 750
963 790
963 765
812 945
812 965
812 748
812 916
812 697
610 879
610 901
610 814
610 719
660 791
688 200
949 885
949 187
949 670
949 752
949 962
949 249
949 847
949 981
949 905
949 887
949 794
949 623
949 486
949 619
949 392
949 790
148 460
148 773
148 856
460 773
460 856
773 856
773 175
773 556
773 354
773 750
856 556
856 354
856 750
149 884
638 874
884 970
884 770
884 287
884 847
884 985
884 855
884 349
884 766
884 890
884 397
884 451
884 798
634 978
634 842
919 971
919 893
919 840
919 784
919 876
919 40
983 898
983 833
983 641
983 840
983 962
983 903
983 874
983 850
983 746
983 349
983 766
983 890
983 361
983 815
983 897
983 395
983 402
983 470
983 532
983 844
983 777
983 79
873 945
873 273
873 675
873 849
873 446
229 922
229 94
970 978
970 893
970 854
970 672
970 816
970 753
970 992
970 584
970 484
970 617
970 640
970 711
970 798
153 950
639 333
639 790
950 863
950 862
950 764
950 898
950 939
950 843
950 985
950 800
950 323
950 760
950 968
950 302
950 821
950 813
950 562
950 820
950 592
950 61
791 858
791 664
791 694
852 935
852 971
852 196
852 538
852 783
852 247
516 990
516 728
751 733
751 408
751 304
751 871
751 992
751 362
879 971
879 901
879 240
879 981
879 550
879 814
879 719
825 954
825 582
825 268
825 342
825 425
825 903
825 341
863 945
863 985
863 842
863 883
863 592
863 61
863 789
978 728
978 201
978 939
978 212
978 303
978 753
978 3
978 968
978 555
978 841
978 842
978 587
978 531
978 787
978 640
978 711
978 798
978 595
934 554
934 954
934 624
934 922
934 794
934 902
934 801
934 643
934 91
807 403
864 831
864 939
864 981
864 880
864 968
864 501
864 801
864 815
864 372
864 572
864 722
770 764
770 939
770 783
770 800
770 883
770 397
865 769
865 92
865 785
865 576
865 814
759 672
759 981
759 968
759 330
759 710
759 811
759 86
817 783
817 843
817 724
817 282
817 700
846 971
846 191
846 877
846 932
846 209
846 734
846 217
846 473
846 653
846 835
322 833
322 786
322 850
554 599
656 769
542 796
862 887
862 309
862 623
862 821
862 897
862 715
935 893
935 954
935 2
935 22
935 806
935 247
935 938
935 916
935 890
935 391
935 508
935 521
935 702
625 894
625 945
805 981
805 758
805 992
805 450
599 581
891 854
891 894
891 728
891 781
891 985
891 868
891 855
891 700
891 416
891 627
172 272
172 604
172 971
272 604
272 971
272 21
971 893
971 877
971 932
971 538
971 236
971 539
971 901
971 953
971 835
971 840
971 740
971 40
971 627
971 477
971 814
971 719
173 497
173 804
173 893
497 804
497 893
497 461
497 985
804 893
804 461
804 985
893 945
893 915
893 985
893 876
893 748
893 916
893 798
611 847
831 939
831 669
831 701
175 556
176 635
176 854
176 885
263 868
635 885
635 187
635 414
635 903
854 885
854 915
854 728
854 888
854 992
854 876
854 617
885 187
885 414
885 783
885 868
885 794
885 903
885 819
885 740
894 782
894 678
894 416
894 47
954 912
954 624
954 965
954 952
954 320
954 341
954 368
954 4
954 708
954 55
178 215
178 945
215 671
945 922
945 962
945 797
945 273
945 883
945 796
945 577
945 592
945 765
687 924
924 241
924 285
924 250
924 430
924 858
924 749
967 764
967 741
967 485
967 624
967 965
967 677
967 746
967 404
967 436
967 577
967 613
967 628
666 629
666 909
666 952
666 868
666 289
666 819
733 840
733 952
733 855
733 408
733 871
733 992
733 362
733 41
764 939
915 898
915 816
915 644
629 289
629 819
187 414
414 740
788 962
788 981
788 887
912 541
912 952
912 344
912 689
912 820
912 52
912 721
898 848
898 985
898 938
898 748
898 916
898 740
898 820
898 654
898 721
898 591
898 99
990 728
990 953
990 769
990 905
990 903
990 645
990 992
990 376
990 580
990 377
990 664
990 897
990 544
990 482
990 829
990 53
191 877
191 932
877 932
877 473
877 922
877 835
877 286
877 897
877 85
877 789
932 209
932 734
932 217
932 473
932 922
932 615
932 286
932 339
932 382
932 351
932 897
932 627
932 85
932 730
932 789
192 474
195 671
195 676
195 744
671 800
671 273
671 760
676 843
676 769
744 838
196 538
670 887
670 486
741 677
741 814
201 747
201 939
747 939
747 561
939 813
939 490
939 842
939 632
939 456
939 883
939 525
939 722
939 777
848 905
848 766
848 890
848 755
848 505
848 626
848 99
485 965
659 901
693 636
209 734
734 835
734 286
21 236
21 539
236 816
539 816
539 835
783 819
212 303
212 838
303 838
303 644
752 901
752 755
838 843
838 968
838 644
838 654
843 953
843 985
843 938
843 329
843 588
724 282
724 700
904 965
904 938
904 737
904 697
217 473
217 653
473 85
653 905
22 806
806 835
806 521
223 901
833 786
833 850
833 801
833 777
901 981
901 658
901 550
901 796
901 701
901 814
901 719
901 70
953 835
953 985
953 29
953 645
953 992
953 842
953 883
953 544
953 482
953 585
965 962
965 952
965 753
965 280
965 578
965 674
965 433
965 45
965 697
965 56
467 244
467 692
922 235
922 782
922 794
922 615
922 351
922 361
922 815
922 897
922 796
922 532
922 537
582 425
909 952
909 888
909 841
909 992
909 345
909 580
909 787
909 735
816 642
835 434
835 521
24 840
24 962
840 962
840 784
840 34
840 748
840 916
840 362
962 981
962 753
962 903
962 623
962 682
962 815
962 619
962 520
962 532
962 557
962 577
962 697
962 765
241 285
797 938
797 789
781 985
781 868
781 60
428 927
249 287
249 847
287 847
287 855
25 981
769 897
769 479
981 887
981 880
981 758
981 968
981 902
981 801
981 710
981 811
981 766
981 890
981 619
981 391
981 520
981 557
981 702
981 844
981 814
981 719
981 790
250 430
250 858
668 785
858 685
858 784
858 572
858 702
461 985
985 800
985 927
985 868
985 29
985 645
985 992
985 842
985 883
985 416
985 820
985 451
985 52
985 721
985 592
985 60
800 397
927 283
927 685
927 841
927 787
927 820
927 472
927 537
927 721
927 715
254 736
254 739
254 905
736 739
736 905
739 905
739 794
739 819
739 738
905 938
905 916
905 738
680 786
680 366
256 454
256 952
454 952
952 344
952 938
952 819
952 408
952 304
952 871
952 890
952 368
952 433
952 563
952 737
952 55
952 56
411 690
411 796
323 821
323 813
868 938
868 458
868 60
753 557
887 821
268 342
268 425
342 425
342 903
550 814
938 766
938 890
938 451
938 508
938 738
938 591
938 99
275 669
275 880
880 710
880 849
880 595
880 68
758 992
652 755
652 626
280 578
578 674
578 697
760 564
760 302
760 821
760 814
283 689
903 341
903 580
855 871
855 471
855 627
353 786
353 850
353 366
29 645
478 902
478 563
478 737
645 842
645 544
874 297
874 573
874 395
874 722
874 738
874 694
874 754
819 316
819 888
819 902
819 746
785 674
785 902
785 883
785 576
785 735
785 730
408 871
3 968
968 555
968 841
968 330
968 710
968 811
968 749
968 587
968 361
968 815
968 470
968 591
968 595
644 654
304 871
871 992
871 890
871 362
871 41
338 569
338 876
685 844
309 623
309 821
821 813
821 897
821 633
784 876
784 572
555 787
555 591
555 595
677 746
677 765
605 890
316 471
316 888
471 888
471 992
888 992
888 876
888 483
888 735
888 574
902 746
902 890
902 576
841 720
841 787
841 844
841 595
786 850
786 366
786 777
850 801
850 366
850 777
813 490
992 553
992 450
992 457
992 483
992 544
992 640
992 711
992 798
992 722
992 754
801 572
329 423
329 562
562 705
746 469
746 576
746 777
330 710
330 811
710 811
710 844
710 68
710 86
811 844
811 68
490 456
490 525
569 419
876 572
876 506
876 574
876 97
339 382
34 748
34 916
748 916
748 508
916 508
916 738
345 363
842 397
842 585
842 592
349 766
349 890
766 890
766 702
766 655
890 391
890 702
890 597
890 754
890 79
350 587
350 809
809 691
809 754
690 754
36 700
361 682
361 815
682 815
682 469
682 470
682 532
815 796
815 469
815 470
815 532
815 844
362 41
755 626
371 456
376 580
580 691
774 849
619 392
619 520
619 897
619 577
378 571
378 750
528 708
392 520
392 897
520 897
520 557
897 702
675 692
883 544
883 482
883 576
883 735
720 844
740 820
740 721
787 595
849 446
849 489
849 612
849 506
849 540
849 75
849 97
820 52
820 721
446 489
446 612
489 612
489 506
489 540
612 506
612 540
612 75
447 563
447 737
563 737
469 470
470 532
472 537
537 515
484 617
484 640
484 711
484 798
617 640
617 798
640 711
640 798
711 798
581 80
506 540
524 577
576 735
508 738
52 721
708 790
702 79
844 595
814 719
814 70
592 61
592 789
1:
131 110
131 882
110 882
2:
189 984
189 974
189 315
745 984
745 974
984 974
984 315
984 789
974 789
3:
973 120
973 494
973 955
120 494
120 955
494 955
494 701
955 701
4:
128 507
128 799
507 799
507 835
799 835
5:
995 892
995 130
995 709
995 810
995 146
995 848
995 257
892 709
892 810
745 709
745 810
130 709
130 810
130 958
709 810
709 958
709 146
709 257
810 958
810 729
810 146
810 812
810 848
810 257
958 257
729 257
146 812
6:
132 166
132 951
166 951
166 656
951 656
7:
647 133
647 463
133 463
8:
133 696
133 974
696 974
9:
37 518
37 808
179 306
179 387
179 518
179 808
306 387
306 808
306 246
387 518
387 808
518 808
518 246
518 633
808 246
808 633
10:
144 211
144 667
211 667
11:
198 954
198 713
954 713
12:
957 19
957 441
19 441
13:
929 190
929 310
929 990
190 310
190 990
310 990
14:
974 462
974 481
827 193
827 462
827 481
827 843
827 298
193 462
193 481
462 481
462 298
481 298
843 298
15:
202 663
202 848
663 848
663 210
848 210
16:
859 974
859 865
859 823
859 204
859 669
859 681
726 974
726 823
974 823
974 204
974 399
974 707
865 823
865 692
823 204
823 669
823 399
823 707
823 692
823 681
17:
243 206
243 438
243 618
206 438
206 618
18:
910 216
910 608
216 238
216 608
238 608
19:
958 238
958 641
238 641
20:
878 234
878 909
234 909
21:
910 904
910 239
904 239
22:
466 265
466 89
265 89
23:
817 38
817 552
38 552
24:
267 38
267 887
38 887
25:
775 882
775 980
775 390
775 813
775 35
775 495
882 670
882 35
882 495
980 813
980 495
390 670
390 35
390 495
670 35
26:
974 452
974 90
452 90
27:
845 703
845 93
703 93
28:
279 663
279 615
663 615
29:
980 965
980 233
965 233
30:
911 807
911 259
911 313
911 809
807 313
807 809
259 313
259 373
313 373
31:
828 529
828 415
905 314
905 630
905 415
314 630
630 529
630 415
529 415
32:
839 914
839 824
839 793
977 914
977 824
977 793
977 651
977 767
977 417
914 936
914 744
914 824
914 793
914 968
914 317
914 651
914 767
914 902
936 824
936 793
936 767
744 824
824 793
824 968
824 317
824 651
824 767
824 902
824 417
824 730
793 968
793 317
793 651
793 767
793 902
968 651
968 767
317 651
317 767
651 767
767 730
33:
964 887
964 351
887 351
34:
873 818
873 895
873 453
818 895
818 840
818 453
895 840
895 453
840 453
35:
464 853
464 915
464 712
853 915
853 712
915 712
36:
870 370
870 724
370 724
37:
969 917
969 226
917 226
38:
899 895
899 308
899 418
895 308
895 418
39:
886 955
886 935
886 904
886 784
886 837
886 502
886 717
886 844
955 837
955 389
955 502
955 717
935 837
935 502
935 717
904 837
904 717
784 837
837 389
837 502
837 717
837 844
502 717
40:
579 611
579 409
579 707
611 409
409 707
41:
906 912
906 421
727 912
727 421
807 912
807 421
912 421
42:
951 472
951 703
472 703
43:
878 974
878 475
878 596
974 475
475 596
44:
914 560
914 63
560 63
45:
509 953
509 703
953 703
46:
649 804
649 523
804 523
47:
961 825
961 439
825 439
48:
954 744
954 440
744 440
49:
930 707
930 496
707 496
50:
683 657
683 575
732 657
732 575
865 657
865 575
657 855
657 575
855 575
51:
917 573
917 442
573 442
52:
958 572
958 730
572 730
53:
956 725
956 568
725 568
54:
958 588
958 777
588 777
55:
768 902
768 621
902 621
56:
847 782
847 681
782 681
57:
772 980
772 723
763 980
763 723
980 723
58:
950 758
950 796
758 796
59:
996 807
996 880
807 880
60:
867 812
867 800
812 800
