# The communities at k=4
# from G:\Dropbox\Raghda\CNA\Final Project\other methods\CFinder-2.0.6--1448\G:\Dropbox\Raghda\CNA\Final Project\Datasets\binary_networks\LFR4\network_LFR4_Om4.dat
# at no lower link weight threshold,
# and at no upper link weight threshold.
# Links were treated as undirected.
# No time limit was set for the clique search.

0: 1000 13 561 661 811 820 830 950 978 
1: 101 883 915 936 
2: 108 808 866 959 
3: 950 978 112 689 882 
4: 962 113 511 957 981 840 
5: 939 978 895 956 968 116 960 882 987 764 876 868 799 902 854 28 862 842 636 690 747 98 
6: 740 830 895 24 786 916 900 909 865 884 246 560 911 840 
7: 913 125 335 859 972 132 
8: 734 962 971 815 130 948 
9: 719 976 134 738 
10: 953 969 14 198 493 176 317 
11: 15 961 977 997 787 388 85 
12: 999 151 439 833 843 932 856 713 926 754 928 425 727 50 656 602 
13: 947 985 912 966 935 991 987 154 633 799 894 215 723 853 910 750 896 330 334 818 340 790 48 
14: 970 765 776 850 810 156 941 975 668 872 886 778 375 670 840 870 
15: 592 820 596 157 205 904 
16: 166 226 873 897 
17: 978 957 949 976 864 167 742 869 181 822 791 21 951 242 854 766 60 
18: 170 212 513 552 
19: 1000 518 607 614 962 171 
20: 648 989 858 904 180 838 979 853 958 938 807 336 469 834 666 481 506 53 79 
21: 946 944 945 878 183 992 239 691 558 918 370 
22: 776 858 977 674 995 193 827 837 888 951 680 282 943 597 881 331 358 739 736 721 
23: 2 384 655 894 
24: 912 940 525 20 862 
25: 716 830 898 980 986 948 779 940 984 967 992 872 974 794 889 993 202 759 909 750 294 842 305 928 938 965 310 410 612 318 892 778 57 918 841 762 
26: 934 991 990 955 206 874 923 804 928 338 343 708 806 781 
27: 931 914 824 748 829 993 207 406 901 867 373 841 414 870 
28: 852 832 37 529 
29: 921 964 737 887 992 885 900 223 625 809 71 919 446 608 
30: 990 917 889 684 390 658 77 
31: 971 847 988 41 610 
32: 641 969 920 842 423 43 681 
33: 716 989 718 929 996 997 984 897 963 741 906 973 757 749 988 933 856 983 413 574 919 736 523 725 770 536 58 645 722 
34: 999 947 826 92 
35: 976 738 877 368 
36: 950 771 989 839 997 218 767 788 988 714 697 
37: 971 981 810 220 759 
38: 994 859 900 903 221 709 800 879 880 875 751 313 692 480 593 
39: 878 885 225 419 
40: 998 954 810 685 777 769 229 774 846 924 930 870 530 703 
41: 957 825 794 924 231 875 660 
42: 937 860 233 615 819 951 862 356 698 
43: 772 954 245 654 
44: 710 984 868 594 260 867 395 
45: 970 883 547 994 922 952 867 316 892 461 430 
46: 907 914 991 882 824 791 909 269 775 828 911 
47: 905 970 987 973 278 
48: 962 845 952 365 486 
49: 924 293 453 881 
50: 863 990 752 303 620 695 
51: 944 973 792 314 586 
52: 997 572 319 613 623 
53: 642 866 959 733 894 751 320 650 339 377 391 805 
54: 849 678 802 324 452 
55: 999 964 724 756 629 890 942 817 341 397 348 407 
56: 816 835 857 350 
57: 920 763 353 488 538 704 
58: 849 977 357 499 455 
59: 957 981 852 782 832 366 823 
60: 844 851 753 796 566 
61: 1000 376 962 978 
62: 444 994 885 707 578 919 
63: 871 459 891 520 
64: 642 866 804 391 
65: 970 915 936 912 895 815 987 701 927 394 745 700 669 
66: 831 731 952 853 755 671 398 637 
67: 789 877 951 457 
68: 504 989 972 702 836 683 510 823 
69: 967 503 746 896 773 801 
70: 999 904 925 496 
71: 899 699 544 841 
72: 898 971 892 475 
73: 821 929 961 744 758 479 
74: 705 816 835 993 743 886 728 505 672 
75: 950 992 739 546 
76: 1000 562 677 716 
77: 908 988 606 610 783 577 
78: 847 889 783 577 
79: 826 861 717 570 
80: 1000 677 688 731 
81: 789 617 951 965 706 760 732 
82: 849 963 635 993 928 
83: 808 981 994 894 903 662 
84: 998 859 685 856 
85: 819 951 848 698 
86: 944 871 887 891 679 
87: 970 972 886 672 
88: 735 905 967 798 862 
89: 931 857 748 901 762 
90: 893 990 920 792 
91: 820 954 976 855 942 965 
92: 953 969 815 877 
