# The graph of at k=4
# from G:\Dropbox\Raghda\CNA\Final Project\other methods\CFinder-2.0.6--1448\G:\Dropbox\Raghda\CNA\Final Project\Datasets\binary_networks\LFR4\network_LFR4_Om4.dat
# at no lower link weight threshold,
# and at no upper link weight threshold.
# Links were treated as undirected.
# No time limit was set for the clique search.

0 3 2
0 5 1
0 6 1
0 15 1
0 17 1
0 19 1
0 25 1
0 36 1
0 61 2
0 75 1
0 76 1
0 80 1
0 91 1
1 45 1
1 65 2
2 53 2
2 64 1
2 83 1
3 5 2
3 17 1
3 36 1
3 46 1
3 61 1
3 75 1
4 6 1
4 8 1
4 14 1
4 17 1
4 19 1
4 37 1
4 41 1
4 48 1
4 59 2
4 61 1
4 83 1
5 6 1
5 13 2
5 17 2
5 24 1
5 25 1
5 32 1
5 42 1
5 44 1
5 46 1
5 47 1
5 61 1
5 65 2
5 88 1
6 14 1
6 25 2
6 29 1
6 38 1
6 46 2
6 65 1
7 38 1
7 68 1
7 84 1
7 87 1
8 19 1
8 25 1
8 31 1
8 37 1
8 48 1
8 61 1
8 65 1
8 72 1
8 92 1
9 17 1
9 35 2
9 91 1
10 32 1
10 92 2
11 22 1
11 33 1
11 36 1
11 52 1
11 58 1
11 73 1
12 25 1
12 26 1
12 33 1
12 34 1
12 55 1
12 70 1
12 82 1
12 84 1
13 20 1
13 23 1
13 24 1
13 25 1
13 26 1
13 34 1
13 46 1
13 47 1
13 53 1
13 65 2
13 66 1
13 69 1
13 83 1
14 22 1
14 25 2
14 27 1
14 37 1
14 40 2
14 45 1
14 47 1
14 65 1
14 74 1
14 87 2
15 20 1
15 70 1
15 91 1
16 33 1
17 22 1
17 35 1
17 41 1
17 42 1
17 46 1
17 59 1
17 61 1
17 67 1
17 81 1
17 85 1
17 91 1
19 48 1
19 61 2
19 76 1
19 80 1
20 22 1
20 25 1
20 33 1
20 36 1
20 66 1
20 68 1
20 70 1
21 25 2
21 29 1
21 39 1
21 51 1
21 75 1
21 86 1
22 33 1
22 42 1
22 49 1
22 58 1
22 67 1
22 75 1
22 81 1
22 85 1
23 53 1
23 83 1
24 25 1
24 42 1
24 65 1
24 88 1
25 26 1
25 27 2
25 29 1
25 30 1
25 32 1
25 33 2
25 37 1
25 41 1
25 44 1
25 45 1
25 46 1
25 69 1
25 71 1
25 72 2
25 74 1
25 75 1
25 76 1
25 78 1
25 81 1
25 82 2
25 88 1
25 89 1
25 91 1
26 30 1
26 46 1
26 50 1
26 64 1
26 82 1
26 90 1
27 40 1
27 44 1
27 45 1
27 46 2
27 71 1
27 74 1
27 82 1
27 89 3
28 59 2
29 33 1
29 38 1
29 39 1
29 55 1
29 62 2
29 75 1
29 86 1
30 50 1
30 78 1
30 90 1
31 33 1
31 36 1
31 37 1
31 72 1
31 77 2
31 78 1
32 57 1
32 90 1
32 92 1
33 36 3
33 44 1
33 47 1
33 51 1
33 52 1
33 62 1
33 68 1
33 73 1
33 76 1
33 77 1
33 82 1
33 84 1
34 55 1
34 70 1
34 79 1
35 67 1
35 91 1
35 92 1
36 52 1
36 68 1
36 75 1
36 77 1
37 40 1
37 59 1
37 72 1
37 83 1
38 41 1
38 45 1
38 53 1
38 62 1
38 83 2
38 84 1
39 62 1
40 41 1
40 43 1
40 49 1
40 84 2
40 91 1
41 49 1
41 59 1
42 67 1
42 81 1
42 85 3
42 88 1
43 91 1
44 45 1
45 47 1
45 48 1
45 62 1
45 65 1
45 66 1
45 72 1
45 83 1
45 87 1
47 51 1
47 65 2
47 87 1
47 88 1
48 61 1
48 66 1
50 90 1
51 86 1
51 90 1
53 64 3
53 83 1
54 58 1
54 82 1
55 70 1
55 91 1
56 74 2
56 89 1
57 90 1
58 82 1
59 68 1
59 83 1
61 76 1
61 80 1
62 83 1
63 86 2
65 87 1
65 92 1
66 80 1
67 81 2
67 85 1
67 92 1
68 87 1
69 88 1
74 82 1
74 87 2
76 80 2
77 78 2
81 85 1
81 91 1
