# The communities at k=3
# from G:\Dropbox\Raghda\CNA\Final Project\other methods\CFinder-2.0.6--1448\G:\Dropbox\Raghda\CNA\Final Project\Datasets\binary_networks\LFR6\network_LFR6_Om4.dat
# at no lower link weight threshold,
# and at no upper link weight threshold.
# Links were treated as undirected.
# No time limit was set for the clique search.

0: 934 979 991 993 10 28 855 964 100 693 822 980 1000 14 21 223 284 31 322 41 48 482 500 510 533 541 55 554 590 605 618 634 652 663 675 695 721 723 770 779 782 804 808 839 853 861 878 902 907 916 922 931 944 954 961 976 984 986 998 89 957 994 102 791 844 891 996 852 908 104 748 945 978 818 862 897 924 673 959 754 455 627 958 982 726 796 866 11 539 769 911 975 416 600 697 929 111 713 749 974 997 502 819 917 737 942 914 951 977 116 579 864 933 963 759 812 935 771 119 688 755 918 887 900 969 846 892 910 121 809 906 909 881 936 123 544 606 784 990 691 843 895 921 126 832 955 193 926 13 450 656 898 970 592 767 888 939 585 133 938 134 694 834 879 981 479 972 136 276 941 962 137 570 894 912 989 702 992 140 505 785 923 433 730 142 475 671 144 854 871 883 145 329 330 766 988 555 848 806 851 149 718 306 814 903 151 171 943 971 920 807 869 946 604 849 155 746 787 857 156 794 927 949 953 488 158 803 940 801 899 560 160 602 612 802 297 732 919 689 811 827 164 709 165 292 328 699 778 734 792 788 667 712 597 752 999 983 172 731 995 173 793 884 174 175 705 937 461 179 415 701 729 518 762 588 736 985 186 870 966 493 610 875 360 506 952 965 581 636 658 192 625 876 619 483 199 840 3 499 761 850 905 201 432 880 744 816 206 318 967 644 690 211 786 956 215 740 845 536 865 764 22 377 706 220 968 719 708 224 312 739 616 565 745 621 751 339 230 824 831 256 257 686 251 655 235 593 617 760 418 523 928 239 529 24 240 550 241 660 685 242 464 681 799 868 828 245 247 692 877 249 826 960 987 646 813 781 932 253 561 680 683 254 389 530 639 255 676 810 859 476 882 26 950 364 874 401 263 278 534 741 266 607 668 269 915 27 867 271 648 296 324 456 679 498 780 896 670 557 662 757 280 281 282 562 886 397 842 94 948 841 287 384 829 885 487 833 901 294 904 817 620 623 298 299 403 775 441 758 805 301 522 302 315 366 765 601 657 659 776 858 630 838 481 535 717 313 703 860 893 609 317 872 569 674 321 323 558 707 669 665 925 33 576 331 823 332 556 393 720 335 336 633 856 340 672 735 342 343 628 425 345 789 682 486 349 528 873 743 835 351 514 75 352 973 353 797 354 355 613 756 830 622 426 678 359 361 575 587 559 365 434 60 666 773 368 508 37 91 930 374 405 376 684 913 378 379 423 790 382 537 446 61 388 39 763 677 727 394 491 398 453 399 40 517 836 568 407 408 409 413 687 490 417 815 419 647 422 649 774 863 424 584 714 531 427 777 428 650 458 431 696 578 435 437 440 63 631 46 442 501 484 445 447 722 448 449 750 591 473 798 738 457 598 520 563 463 507 465 583 614 466 468 469 742 837 580 825 472 551 478 783 480 503 489 95 57 492 847 494 495 497 521 626 661 698 637 654 540 511 700 515 728 635 800 525 526 527 638 564 548 889 88 574 821 566 567 571 573 577 582 753 586 632 710 603 594 725 615 85 747 640 716 68 715 768 78 84 
1: 107 454 754 
2: 808 878 519 124 138 724 947 888 989 234 504 219 25 813 651 756 821 
3: 167 919 778 
4: 754 910 213 
5: 770 168 212 
6: 977 177 642 
7: 848 184 736 
8: 189 610 875 
9: 733 653 197 599 704 890 873 
10: 795 890 850 204 624 744 829 380 790 
11: 905 207 644 690 
12: 840 229 339 
13: 903 232 303 
14: 947 404 568 
15: 864 778 641 303 524 973 661 725 
16: 572 970 820 760 264 595 400 836 637 
17: 924 903 857 788 772 968 341 825 635 543 
18: 675 801 326 
19: 916 875 805 337 
20: 903 641 390 
21: 946 966 396 470 825 
22: 493 516 847 
23: 604 429 831 
24: 895 458 598 
25: 811 645 473 
26: 996 519 939 
27: 941 545 836 
28: 911 509 540 
29: 931 887 602 
30: 976 777 596 
31: 846 999 642 
32: 902 645 666 
33: 978 851 765 649 
34: 908 955 992 743 
35: 947 884 882 
