# The links inside the communities at k=3
# from G:\Dropbox\Raghda\CNA\Final Project\other methods\CFinder-2.0.6--1448\G:\Dropbox\Raghda\CNA\Final Project\Datasets\binary_networks\LFR6\network_LFR6_Om4.dat
# at no lower link weight threshold,
# and at no upper link weight threshold.
# Links were treated as undirected.
# No time limit was set for the clique search.

0:
934 954
934 998
934 918
934 850
934 967
934 241
934 660
934 685
934 882
934 886
934 842
934 948
934 758
934 973
934 379
934 39
934 800
979 855
979 964
979 916
979 924
979 866
979 997
979 330
979 766
979 988
979 151
979 171
979 943
979 971
979 920
979 667
979 845
979 565
979 239
979 781
979 668
979 867
979 280
979 886
979 609
979 332
979 556
979 720
979 417
979 825
979 551
979 492
979 640
991 100
991 693
991 916
991 931
991 944
991 954
991 998
991 796
991 997
991 917
991 963
991 935
991 119
991 918
991 133
991 938
991 981
991 941
991 962
991 848
991 179
991 201
991 865
991 660
991 932
991 859
991 867
991 842
991 948
991 973
991 800
991 571
993 980
993 652
993 931
993 961
993 994
993 627
993 958
993 819
993 969
993 936
993 126
993 832
993 939
993 142
993 165
993 701
993 729
993 967
993 740
993 686
993 960
993 987
993 757
993 281
993 299
993 403
993 657
993 735
993 568
993 419
993 738
993 783
993 747
993 716
993 715
10 28
10 855
10 964
28 964
855 964
855 779
855 924
855 981
855 983
964 779
964 891
964 862
964 866
964 997
964 579
964 887
964 938
964 330
964 988
964 946
964 967
964 211
964 280
964 556
964 837
964 492
964 573
964 594
100 693
693 907
693 931
693 796
693 917
693 867
693 775
693 382
822 945
822 900
822 827
822 952
822 876
822 263
822 901
822 601
822 684
980 55
980 907
980 916
980 796
980 933
980 812
980 846
980 809
980 906
980 909
980 895
980 849
980 919
980 709
980 762
980 658
980 828
980 741
980 867
980 757
980 354
980 503
980 626
980 698
980 700
980 715
1000 14
1000 21
1000 223
1000 284
1000 31
1000 322
1000 41
1000 48
1000 482
1000 533
1000 541
1000 590
1000 605
1000 618
1000 634
1000 663
1000 675
1000 695
1000 721
1000 723
1000 779
1000 804
1000 808
1000 839
1000 853
1000 861
1000 878
1000 902
1000 907
1000 916
1000 922
1000 931
1000 944
1000 954
1000 961
1000 976
1000 984
1000 986
1000 998
14 482
14 878
21 721
21 902
223 878
223 916
284 322
284 721
284 902
284 907
31 922
322 902
322 729
322 850
41 922
41 976
41 834
48 721
48 902
500 887
500 999
500 211
510 959
510 942
533 779
541 839
541 853
541 986
541 815
541 564
55 762
55 626
554 726
554 941
590 878
605 861
605 986
605 880
605 987
605 817
618 944
618 935
618 870
634 916
634 984
634 906
634 909
634 985
652 969
652 299
663 944
663 906
663 909
675 804
675 816
675 915
695 839
695 853
695 861
695 961
695 986
695 824
695 987
721 808
721 902
721 907
723 931
723 673
723 911
723 917
723 879
723 995
723 705
723 928
723 750
770 989
770 875
770 841
770 913
779 902
779 986
779 998
779 817
782 866
782 834
782 988
782 667
782 793
782 965
782 856
782 682
804 839
804 961
804 986
804 968
804 831
804 622
804 773
804 815
804 78
808 902
808 985
808 870
808 865
808 799
808 973
839 853
839 861
839 986
839 968
839 824
839 831
839 987
839 294
839 815
853 861
853 922
853 986
853 990
853 968
853 810
853 487
853 294
853 817
853 836
853 78
861 961
861 986
861 819
861 985
861 987
861 817
861 622
861 773
861 836
861 815
878 996
878 935
878 962
878 915
878 679
878 973
878 408
878 468
902 907
902 729
902 850
907 931
907 961
907 862
907 796
907 914
907 900
907 570
907 894
907 172
907 850
907 967
907 215
907 616
907 948
907 925
907 423
916 984
916 924
916 951
916 809
916 906
916 909
916 988
916 985
916 668
916 867
916 823
916 556
922 944
922 998
922 502
922 917
922 834
922 464
922 384
922 682
922 537
922 517
922 647
931 944
931 994
931 796
931 955
931 981
931 328
931 966
931 757
931 568
931 716
944 976
944 998
944 600
944 917
944 881
944 955
944 328
944 201
944 242
944 681
944 94
944 287
944 558
944 682
944 537
944 40
944 517
944 647
944 68
954 998
954 891
954 812
954 918
954 807
954 869
954 849
954 794
954 949
954 953
954 919
954 709
954 983
954 186
954 339
954 660
954 692
954 960
954 813
954 842
954 797
954 388
954 722
954 580
961 986
961 627
961 963
961 935
961 832
961 939
961 479
961 941
961 962
961 965
961 865
961 987
961 281
961 901
961 345
961 756
961 815
961 448
976 998
976 958
976 864
976 936
976 970
976 834
976 802
976 983
976 736
976 880
976 318
976 956
976 464
976 805
976 776
976 858
976 609
976 558
976 559
976 537
976 647
976 574
984 897
984 951
984 912
984 792
984 985
984 493
984 965
984 764
984 706
984 799
984 828
984 987
984 813
984 886
984 397
984 758
984 301
984 522
984 331
984 823
984 973
984 559
984 930
984 591
984 472
984 637
984 515
984 548
984 889
984 710
984 640
984 768
986 990
986 946
986 880
986 220
986 968
986 987
986 810
986 294
986 817
986 707
986 973
986 353
986 622
986 773
986 508
986 91
986 930
986 836
986 815
986 511
986 564
986 594
986 78
998 958
998 697
998 929
998 997
998 977
998 688
998 881
998 936
998 972
998 894
998 943
998 920
998 803
998 940
998 824
998 685
998 464
998 681
998 859
998 401
998 948
998 317
998 872
998 378
998 61
998 39
998 517
998 647
998 578
998 445
998 800
998 526
998 582
89 766
89 956
957 908
957 888
957 883
957 814
957 155
957 787
957 636
957 824
957 593
957 877
957 676
957 278
957 648
957 670
957 775
957 717
957 860
957 335
957 687
957 490
957 586
957 710
994 627
994 958
994 969
994 936
994 544
994 843
994 126
994 832
994 989
994 730
994 360
994 965
994 967
994 845
994 686
994 680
994 364
994 874
994 324
994 757
994 281
994 299
994 403
994 657
994 860
994 756
994 687
994 437
994 783
994 95
994 494
994 753
994 716
102 791
102 844
102 891
102 996
791 891
791 996
791 887
791 592
791 999
791 415
791 882
791 950
791 915
791 798
844 891
844 996
844 999
844 987
844 950
844 269
844 915
844 973
844 650
844 696
844 847
844 821
844 632
891 996
891 997
891 579
891 946
891 999
891 983
891 312
891 896
891 925
996 592
996 276
996 746
996 999
996 415
996 701
996 518
996 499
996 432
996 816
996 968
996 987
996 882
996 950
996 915
996 838
996 425
996 973
996 408
996 649
996 650
996 696
996 798
996 598
996 480
996 753
996 632
996 603
996 84
852 975
852 955
852 806
852 149
852 718
852 983
852 255
852 925
852 351
852 583
908 814
908 746
908 999
908 593
908 856
908 777
908 798
104 748
104 945
104 978
748 978
748 802
748 880
748 256
748 24
748 676
748 484
748 615
945 978
945 910
945 612
945 802
945 732
945 985
945 644
945 928
945 24
945 810
945 282
945 562
945 901
945 758
945 33
945 587
945 790
945 398
945 494
945 573
945 725
945 747
978 910
978 160
978 802
978 732
978 956
978 230
978 824
978 928
978 24
978 987
978 810
978 266
978 607
978 282
978 886
978 893
978 33
978 720
978 368
978 398
978 453
978 484
978 494
978 525
978 573
978 615
978 747
818 851
818 966
818 868
862 929
862 570
862 894
862 971
862 172
862 948
862 856
862 427
862 573
897 951
897 193
897 927
897 949
897 983
897 985
897 952
897 905
897 956
897 960
897 893
897 823
897 913
897 677
897 889
924 866
924 784
924 766
924 988
924 886
924 842
924 838
924 526
673 995
673 725
959 982
959 942
959 910
959 843
959 871
959 899
959 967
959 224
959 739
959 646
959 481
959 336
959 672
959 789
959 349
959 743
959 835
959 613
959 830
959 825
959 847
959 497
959 638
754 929
754 920
754 343
455 691
455 999
455 798
627 939
627 874
958 975
958 697
958 974
958 864
958 969
958 912
958 989
958 718
958 920
958 966
958 965
958 874
958 662
958 281
958 323
958 756
982 942
982 914
982 771
982 910
982 843
982 450
982 871
982 555
982 899
982 884
982 967
982 224
982 655
982 530
982 620
982 336
982 672
982 789
982 528
982 743
982 835
982 355
982 613
982 756
982 830
982 825
982 847
982 497
982 521
982 638
726 935
726 941
726 962
726 870
726 359
726 468
726 783
796 658
796 775
866 416
866 988
866 971
866 920
866 956
866 987
866 781
866 332
866 556
866 743
11 769
11 911
539 705
539 584
769 911
769 995
769 476
769 609
769 720
769 424
769 449
769 750
769 489
911 602
911 705
911 937
911 584
911 449
911 750
975 974
975 936
975 895
975 955
975 806
975 718
975 869
975 712
975 983
975 736
975 966
975 625
975 644
975 255
975 841
975 441
975 805
975 717
975 323
975 925
975 351
975 75
975 930
975 446
975 399
975 863
975 46
416 988
416 971
416 667
416 576
600 917
697 688
697 920
929 977
929 972
929 920
929 803
929 940
929 968
929 240
929 872
929 856
929 343
929 61
929 777
929 445
929 728
929 527
111 713
111 749
111 974
111 997
713 974
713 997
713 938
749 997
749 938
749 883
749 967
749 932
749 469
749 837
749 571
974 977
974 895
974 981
974 972
974 505
974 785
974 923
974 803
974 940
974 983
974 174
974 625
974 840
974 810
974 948
974 758
974 805
974 872
974 930
974 374
974 578
974 583
974 551
974 654
974 582
974 753
997 963
997 938
997 981
997 792
997 179
997 967
997 22
997 377
997 928
997 932
997 254
997 389
997 810
997 882
997 829
997 885
997 665
997 830
997 678
997 930
997 374
997 790
997 469
997 742
997 837
997 847
997 571
502 682
819 985
819 85
819 715
917 881
917 879
917 681
917 757
917 382
917 68
737 906
737 909
737 585
737 794
737 949
737 973
737 930
942 843
942 555
942 899
942 625
942 967
942 739
942 530
942 620
942 481
942 672
942 789
942 349
942 528
942 873
942 835
942 355
942 613
942 825
942 497
942 521
942 638
914 759
914 900
914 898
914 433
914 920
914 560
914 827
914 296
914 498
914 780
914 833
914 901
914 601
914 630
914 756
914 774
914 540
951 912
951 730
951 689
951 792
951 752
951 985
951 952
951 965
951 764
951 799
951 987
951 813
951 397
951 758
951 301
951 522
951 823
951 973
951 930
951 515
951 548
951 889
977 972
977 702
977 854
977 943
977 158
977 803
977 940
977 752
977 875
977 690
977 739
977 824
977 240
977 550
977 317
977 872
977 321
977 830
977 378
977 491
977 578
977 637
977 527
977 582
977 725
116 864
116 933
864 933
864 920
864 488
864 919
864 797
933 926
933 970
933 989
933 807
933 849
933 488
933 919
933 709
933 937
933 739
933 745
933 655
933 247
933 692
933 680
933 797
933 422
933 577
963 656
963 970
963 962
963 848
963 869
963 946
963 746
963 937
963 865
963 389
963 780
963 833
963 904
963 659
963 426
963 359
963 531
963 742
963 837
963 571
759 900
759 475
759 619
759 616
759 263
812 990
812 849
812 919
812 709
812 409
812 821
935 990
935 843
935 941
935 962
935 730
935 870
935 865
935 245
935 901
935 345
935 359
935 501
935 563
935 783
771 995
771 835
771 614
119 918
755 892
755 989
755 971
755 655
755 868
755 932
755 856
755 873
755 777
918 854
918 850
918 660
918 685
918 401
918 886
918 842
918 948
918 973
918 388
918 800
918 821
887 921
887 992
887 883
887 999
887 581
887 432
887 211
887 877
887 896
887 342
887 973
887 428
900 475
900 461
900 619
900 616
900 263
900 296
900 423
900 649
900 774
969 906
969 936
969 843
969 832
969 939
969 142
969 671
969 701
969 965
969 967
969 740
969 686
969 874
969 324
969 299
969 674
969 735
969 419
969 437
969 520
969 507
969 494
969 715
969 768
846 762
846 698
846 715
892 570
892 894
892 989
892 871
892 173
892 793
892 648
892 948
892 665
892 427
892 777
892 728
910 871
910 789
910 835
910 484
121 809
121 906
121 909
809 906
809 909
809 895
809 699
809 192
809 828
809 354
906 909
906 895
906 699
906 192
906 828
906 757
906 354
906 520
906 715
909 895
909 192
909 828
909 757
909 354
909 520
909 715
881 955
881 464
881 681
881 757
881 287
881 384
881 537
881 517
936 832
936 939
936 971
936 869
936 952
936 876
936 880
936 644
936 987
936 534
936 323
936 727
936 647
936 716
936 768
123 544
123 606
123 784
123 990
544 606
544 832
606 990
606 811
606 353
784 990
784 992
784 943
784 529
784 901
784 838
990 970
990 962
990 946
990 919
990 811
990 827
990 870
990 199
990 956
990 235
990 859
990 679
990 817
990 805
990 535
990 860
990 353
990 587
990 91
990 409
990 815
990 511
990 821
990 747
691 941
691 962
691 999
691 952
691 987
691 915
843 899
843 778
843 985
843 870
843 865
843 764
843 271
843 889
895 953
895 826
895 925
895 351
895 700
921 888
921 992
921 297
921 581
921 3
921 690
921 621
921 751
921 867
921 557
921 703
921 405
921 836
921 768
126 832
832 165
832 967
832 874
832 674
832 753
832 716
955 834
955 806
955 943
955 971
955 801
955 983
955 588
955 529
955 681
955 904
955 858
955 925
955 361
955 575
955 46
955 448
955 68
193 952
193 876
926 989
926 807
926 849
926 488
926 884
926 937
926 257
926 692
926 676
926 797
926 422
926 435
926 457
13 656
13 898
13 970
450 899
656 898
656 970
656 560
656 292
656 780
656 833
898 970
898 869
898 292
898 937
898 506
898 498
898 780
898 833
898 569
898 790
898 407
970 989
970 849
970 746
970 709
970 983
970 937
970 199
970 655
970 833
970 805
970 776
970 797
970 742
970 574
592 999
592 915
592 603
767 981
767 927
767 960
888 992
888 636
888 621
888 877
888 950
888 442
888 632
939 729
939 206
939 967
939 403
939 674
939 568
939 738
939 507
939 478
939 716
585 927
585 949
585 953
585 826
585 960
133 938
938 981
938 883
938 179
938 967
938 22
938 377
938 928
938 389
938 859
938 882
938 842
938 678
938 374
938 790
938 469
938 837
938 571
134 694
134 981
694 981
694 840
694 925
834 682
834 537
834 68
879 857
879 995
879 175
879 705
879 937
879 928
879 720
879 584
879 63
879 449
879 750
879 463
879 57
981 505
981 785
981 923
981 883
981 946
981 949
981 953
981 792
981 983
981 966
981 840
981 377
981 418
981 928
981 960
981 859
981 915
981 948
981 925
981 633
981 930
981 447
981 722
981 580
981 654
981 566
479 941
479 962
972 854
972 943
972 158
972 803
972 940
972 732
972 734
972 752
972 739
972 240
972 550
972 758
972 317
972 872
972 321
972 830
972 913
972 578
972 637
972 654
972 527
972 725
136 941
136 962
276 999
941 962
941 857
941 778
941 865
941 679
941 948
941 501
941 563
941 468
941 567
962 857
962 937
962 956
962 865
962 245
962 679
962 948
962 805
962 345
962 763
962 448
962 468
962 567
137 570
137 894
137 912
137 989
570 894
570 971
894 793
894 884
894 965
894 215
894 948
894 665
894 856
894 873
894 427
894 573
912 989
912 851
912 971
912 953
912 985
912 786
912 536
912 764
912 868
912 826
912 960
912 932
912 867
912 662
912 722
912 889
912 566
989 851
989 903
989 849
989 173
989 793
989 966
989 875
989 646
989 680
989 364
989 27
989 867
989 893
989 669
989 797
989 435
989 728
702 806
702 940
702 965
702 719
992 883
992 297
992 3
992 211
992 621
992 751
992 867
992 557
992 829
992 885
992 901
992 623
992 775
992 703
992 342
992 763
992 836
992 428
992 650
992 88
992 710
140 505
140 785
140 923
505 785
505 654
785 923
785 174
785 708
785 948
785 508
785 654
785 548
923 174
923 840
923 708
923 418
923 948
923 633
923 763
923 654
923 548
433 920
433 904
433 774
730 930
730 687
730 783
142 671
671 827
671 630
144 854
144 871
854 871
854 999
854 550
854 950
854 896
854 842
854 860
854 872
854 491
854 603
871 884
871 896
871 860
871 925
871 777
871 638
883 946
883 787
883 593
883 877
883 710
145 766
145 988
329 896
329 925
330 781
330 576
766 988
766 956
766 867
988 171
988 943
988 971
988 920
988 689
988 667
988 956
988 781
988 534
988 668
988 280
988 886
988 609
988 576
988 556
988 720
988 743
988 417
988 640
848 968
848 885
848 487
848 904
848 298
848 659
848 628
848 426
806 965
806 925
806 863
806 583
806 466
851 966
851 880
851 868
851 932
851 669
851 863
149 718
718 966
718 930
718 446
306 827
306 630
306 838
814 787
814 636
814 824
814 877
814 278
814 648
814 860
814 335
814 490
814 738
814 586
903 875
903 786
903 868
903 657
903 893
151 171
151 943
151 971
943 920
943 803
943 940
943 667
943 983
943 786
943 529
943 550
943 987
943 904
943 872
943 669
943 735
943 628
943 417
943 631
943 495
971 920
971 604
971 801
971 667
971 793
971 952
971 965
971 708
971 655
971 932
971 534
971 280
971 885
971 858
971 576
971 856
971 575
971 684
971 727
971 458
920 952
920 239
920 987
920 781
920 753
807 919
807 164
807 709
807 247
807 692
807 797
807 422
869 857
869 983
869 937
869 966
869 483
869 339
869 813
869 498
946 967
946 706
946 312
946 896
946 817
946 925
946 409
946 815
946 742
946 527
946 594
946 615
604 801
849 919
849 884
849 845
849 435
155 787
746 999
787 636
787 824
787 593
787 877
787 717
787 893
787 586
857 995
857 870
857 966
857 956
857 251
857 873
857 501
857 614
156 794
156 927
156 949
156 953
794 949
794 953
794 731
794 617
794 960
794 858
794 566
927 949
927 953
927 850
927 536
927 249
927 826
927 960
927 530
927 858
927 830
927 37
927 447
927 722
927 580
927 566
949 953
949 999
949 850
949 536
949 249
949 826
949 960
949 915
949 678
949 37
949 722
949 551
949 566
953 983
953 731
953 536
953 617
953 826
953 960
953 813
953 530
953 858
953 830
953 666
953 773
953 722
953 580
953 551
158 803
158 940
803 940
803 732
803 734
803 321
803 578
803 582
940 875
940 690
940 824
940 240
940 550
940 758
940 317
940 872
940 321
940 830
940 378
940 578
940 582
801 708
801 885
801 361
801 575
899 967
899 646
899 340
899 672
899 789
899 349
899 743
899 835
899 613
899 847
899 497
899 521
560 780
560 833
560 366
160 612
160 802
602 705
612 802
612 901
612 725
802 880
802 644
802 956
802 676
802 562
802 525
297 623
919 845
919 739
919 247
919 859
919 577
919 747
689 985
689 956
811 235
811 617
811 587
827 901
827 601
827 630
827 838
827 747
164 709
292 780
292 833
778 999
778 950
778 271
778 501
778 798
792 985
792 930
788 774
788 863
667 668
667 735
712 762
712 952
712 841
712 698
597 952
597 987
597 534
597 684
597 913
752 889
999 499
999 432
999 816
999 987
999 639
999 882
999 26
999 950
999 915
999 271
999 838
999 425
999 352
999 973
999 649
999 696
999 798
999 821
999 632
999 603
999 84
983 186
983 956
983 826
983 960
983 776
983 332
983 556
983 830
983 559
983 666
983 374
983 417
983 631
983 473
983 551
983 574
731 876
731 960
731 913
995 705
995 937
995 744
995 251
995 928
995 476
995 609
995 720
995 486
995 514
995 365
995 434
995 60
995 382
995 424
995 584
995 714
995 440
995 63
995 449
995 750
995 465
995 614
995 489
995 57
995 564
995 725
173 793
793 965
793 932
793 948
793 728
884 948
884 422
175 705
175 937
705 424
705 584
937 870
937 865
937 833
937 366
937 435
937 750
937 614
461 263
701 987
701 874
729 960
729 478
518 915
762 741
762 503
762 626
762 698
588 904
736 880
736 46
736 574
985 965
985 764
985 706
985 745
985 799
985 987
985 813
985 886
985 397
985 758
985 522
985 823
985 863
985 472
985 515
985 889
985 710
985 85
985 768
870 956
870 865
870 745
870 245
870 948
870 750
966 905
966 786
966 739
966 829
966 302
966 315
966 765
966 669
966 925
966 873
966 446
966 863
493 965
610 965
610 719
610 928
610 893
875 868
875 828
875 872
875 889
875 582
360 874
506 780
506 569
506 407
952 876
952 968
952 831
952 987
952 932
952 253
952 561
952 859
952 841
952 376
952 684
952 913
952 677
952 727
965 761
965 719
965 745
965 799
965 987
965 932
965 680
965 874
965 886
965 522
965 860
965 893
965 856
965 756
965 777
581 690
581 703
658 867
625 789
876 968
876 831
876 253
876 680
876 841
876 376
876 913
876 727
876 531
876 431
619 263
483 339
483 813
840 377
840 833
840 407
3 775
761 719
761 893
850 660
905 956
905 745
905 829
905 302
905 315
905 893
905 873
905 394
432 915
432 696
880 868
880 662
880 609
880 622
880 525
744 434
816 987
816 26
816 950
816 915
816 838
816 352
816 973
816 798
206 967
318 639
318 776
967 874
967 885
967 925
967 672
967 835
967 973
967 379
967 825
967 571
967 716
786 868
786 932
786 669
786 735
956 745
956 230
956 607
956 668
956 679
956 858
956 893
956 873
956 368
956 677
956 394
740 674
845 668
845 687
845 825
536 960
536 580
865 745
865 245
865 948
865 345
865 359
764 828
764 522
764 823
764 973
764 863
764 889
22 377
706 823
706 594
220 968
968 987
968 561
968 487
968 904
968 313
968 343
968 622
968 930
968 913
968 815
968 531
968 431
719 928
719 893
719 756
708 826
708 960
224 739
739 872
739 873
739 913
616 925
565 668
745 247
621 867
621 901
621 710
751 901
751 623
751 775
751 405
230 824
824 877
831 841
256 676
257 692
686 757
686 747
655 835
235 617
593 877
593 586
760 987
760 889
523 886
523 800
928 886
928 707
928 463
928 614
928 837
928 847
928 525
529 904
240 550
550 872
241 660
241 685
660 842
660 800
685 882
685 401
685 948
685 526
242 681
681 40
799 823
799 973
799 863
799 637
868 932
868 662
868 657
868 669
868 863
828 889
247 692
692 676
692 797
877 893
877 413
877 687
877 738
877 586
877 710
249 826
249 960
826 960
826 858
826 830
826 37
960 813
960 678
960 773
960 37
960 722
960 580
960 566
987 639
987 859
987 950
987 915
987 886
987 817
987 301
987 313
987 393
987 508
987 930
987 677
987 815
987 889
987 753
646 728
781 668
781 886
781 576
781 332
932 882
932 858
932 669
932 873
932 913
932 677
932 742
932 837
932 728
932 635
253 561
253 680
561 841
561 684
561 913
561 677
683 266
683 607
254 389
639 776
676 586
810 562
810 622
810 374
859 913
882 950
882 842
882 837
26 950
950 915
950 860
950 352
950 696
950 442
950 798
950 598
950 480
950 847
950 632
950 603
950 84
874 281
874 860
874 687
874 507
401 842
278 670
534 684
534 913
741 503
741 626
741 698
266 607
607 720
269 915
915 696
915 442
915 798
915 632
915 603
27 867
867 623
867 492
648 777
456 601
456 630
679 948
498 833
780 833
780 790
896 925
896 428
896 527
896 615
557 885
557 763
557 88
282 562
282 886
562 886
562 587
886 825
886 800
842 758
842 973
842 800
842 526
842 821
94 647
948 805
948 763
948 654
841 393
841 873
841 913
841 727
287 384
384 537
829 836
829 742
829 837
885 904
885 858
885 628
885 361
833 366
833 407
901 630
901 838
901 398
901 540
904 298
904 628
904 575
904 774
904 631
904 448
817 535
817 622
817 930
299 403
403 674
775 586
441 46
301 522
522 515
302 315
302 765
315 893
765 973
765 800
601 630
601 838
601 700
657 735
858 361
858 575
630 747
838 650
838 700
535 860
717 323
703 836
703 88
703 768
860 511
317 872
872 321
872 378
872 578
872 582
872 753
569 407
674 753
674 716
707 815
707 525
665 742
925 863
925 527
331 823
823 973
823 515
823 889
332 556
393 677
393 727
856 873
856 777
856 728
340 672
672 789
672 835
628 495
789 835
789 521
789 638
682 517
486 489
349 528
528 835
528 497
528 638
873 727
835 847
835 521
835 638
351 75
514 750
75 399
352 973
973 930
973 696
973 800
973 526
973 889
797 435
797 457
355 613
355 756
355 830
613 830
756 95
830 837
426 531
361 575
575 458
559 472
559 574
365 434
365 60
434 382
60 750
508 654
91 815
930 531
930 583
930 837
930 515
930 889
930 640
376 684
376 913
684 913
684 727
913 677
913 727
913 635
423 649
423 774
423 863
790 725
677 727
398 453
40 517
413 687
815 78
774 863
863 889
424 584
424 714
584 564
427 777
428 650
696 798
440 63
501 468
447 722
449 750
750 614
750 57
591 710
473 551
798 753
738 507
520 507
465 614
583 466
469 742
469 837
742 837
837 847
551 492
503 626
503 661
503 698
489 57
497 521
626 698
661 698
698 715
800 526
800 821
821 603
582 753
747 716
1:
107 454
107 754
454 754
2:
808 947
808 504
808 756
878 947
878 888
878 651
878 821
519 947
519 888
124 138
124 724
124 947
138 947
138 234
724 947
724 989
724 504
724 25
947 888
947 989
947 234
947 504
947 219
947 25
947 813
947 651
947 756
947 821
888 989
989 504
989 813
504 219
25 813
3:
167 919
167 778
919 778
4:
754 910
754 213
910 213
5:
770 168
770 212
168 212
6:
977 177
977 642
177 642
7:
848 184
848 736
184 736
8:
189 610
189 875
610 875
9:
733 599
733 704
653 890
653 873
197 599
197 704
197 890
599 704
599 890
599 873
704 890
890 873
10:
795 890
795 204
795 624
795 829
795 380
795 790
890 850
890 204
890 829
890 380
850 380
204 624
204 744
624 744
380 790
11:
905 207
905 644
905 690
207 644
207 690
12:
840 229
840 339
229 339
13:
903 232
903 303
232 303
14:
947 404
947 568
404 568
15:
864 641
864 303
864 524
864 973
778 641
778 524
641 524
641 973
641 725
303 524
524 973
524 661
973 661
973 725
16:
572 970
572 820
572 760
572 264
572 595
970 820
970 400
820 760
820 264
820 595
820 400
820 637
760 637
264 595
595 400
595 836
400 836
17:
924 857
924 788
924 772
903 788
903 772
903 968
903 825
903 635
857 788
788 772
788 968
788 341
772 968
772 341
772 825
772 635
772 543
968 543
825 635
18:
675 801
675 326
801 326
19:
916 875
916 805
916 337
875 805
875 337
20:
903 641
903 390
641 390
21:
946 396
946 470
966 396
966 470
966 825
396 470
470 825
22:
493 516
493 847
516 847
23:
604 429
604 831
429 831
24:
895 458
895 598
458 598
25:
811 645
811 473
645 473
26:
996 519
996 939
519 939
27:
941 545
941 836
545 836
28:
911 509
911 540
509 540
29:
931 887
931 602
887 602
30:
976 777
976 596
777 596
31:
846 999
846 642
999 642
32:
902 645
902 666
645 666
33:
978 851
978 765
978 649
851 649
765 649
34:
908 955
908 992
908 743
955 743
992 743
35:
947 884
947 882
884 882
