# The contained cliques in the communities at k=3
# from G:\Dropbox\Raghda\CNA\Final Project\other methods\CFinder-2.0.6--1448\G:\Dropbox\Raghda\CNA\Final Project\Datasets\binary_networks\LFR6\network_LFR6_Om4.dat
# at no lower link weight threshold,
# and at no upper link weight threshold.
# Links were treated as undirected.
# No time limit was set for the clique search.

0: 0 1 982 1142 143 202 400 470 1143 1333 144 145 242 697 1003 1004 469 309 203 307 308 451 674 1190 54 55 351 471 604 673 675 696 744 882 933 1189 1247 1269 1278 52 53 352 624 1314 625 440 609 380 439 476 568 271 272 474 475 273 274 1035 1183 1182 922 1046 1272 1308 686 923 924 925 926 927 1151 1187 1186 1150 1185 359 423 540 1148 1149 360 361 425 723 1044 701 921 1012 920 66 907 693 908 42 1045 1237 1262 988 989 1013 1010 1011 906 796 1319 117 169 185 518 797 798 1065 1300 168 687 688 689 187 291 690 691 954 1066 1067 1069 1070 1126 1128 186 26 1127 1277 1321 39 71 536 1129 1177 1310 92 155 182 279 393 535 537 726 758 1009 1136 1137 1138 1287 1307 1311 1337 156 1042 1234 762 1123 40 763 1288 1289 523 1235 1243 1290 142 662 1198 1152 49 1153 1154 656 106 136 260 557 653 655 657 823 825 991 992 999 1063 1080 1114 261 1081 1082 824 1245 17 141 322 324 337 556 737 740 858 990 1111 1113 1230 16 318 325 430 760 1229 1274 409 993 89 88 90 252 362 1233 1244 363 364 831 1219 586 830 583 584 585 78 148 454 811 946 79 948 595 947 149 596 995 996 994 1079 147 599 601 1072 146 598 602 603 331 597 979 978 1026 1178 303 1024 1025 1027 304 1099 1106 115 262 466 510 543 613 659 986 1097 1098 1100 134 413 813 1017 1019 1103 1104 1105 135 612 963 1015 1016 216 412 751 1051 1112 1135 753 478 542 752 754 755 964 1146 1296 544 984 614 615 411 983 985 5 13 137 138 843 139 140 1174 1266 1267 749 844 1293 746 750 1023 2 747 748 1291 1292 289 1275 81 131 553 800 1276 1312 132 133 801 1294 118 170 212 483 487 799 119 485 486 327 480 734 735 1284 1313 328 329 736 1328 1238 605 868 1036 529 477 528 1007 1332 153 1054 154 1057 77 1058 808 1059 1303 807 809 1169 1206 390 1231 391 41 311 392 415 534 759 849 1168 1213 1214 1216 255 379 1215 171 172 270 1118 1212 1217 1263 546 850 880 1021 1205 1207 1208 268 851 857 855 820 1014 821 822 152 206 552 1122 1184 1220 205 961 1327 1329 34 204 219 220 551 707 793 794 832 833 834 951 1120 1121 63 422 973 1119 714 711 715 712 713 222 499 716 1304 1309 221 489 550 835 836 866 899 488 1325 785 1305 1326 784 786 47 218 353 787 840 869 885 48 500 496 495 497 842 27 75 264 549 664 841 852 928 929 930 952 778 547 548 7 1101 6 4 541 3 211 223 224 241 395 460 461 462 512 513 526 770 789 829 940 941 942 955 980 1040 1041 1047 1048 1049 1093 1102 1248 1251 1252 1253 1316 1317 566 731 761 1179 1254 1283 1306 1318 567 282 283 443 444 445 446 453 729 732 733 816 817 818 893 1180 1211 36 177 865 892 1073 1125 35 178 179 891 450 1282 452 781 779 912 730 1256 1258 1257 1089 1255 1323 1324 114 176 434 435 436 504 559 634 635 728 792 864 895 896 897 898 965 1031 1085 1086 1087 1088 1090 1092 58 530 532 533 727 932 1175 57 448 503 590 853 1032 558 531 931 1273 385 502 277 1335 1336 278 280 576 1055 1147 1201 1260 1298 1330 1056 742 45 67 326 426 479 527 607 743 790 967 1299 1320 44 622 623 957 59 166 167 234 235 236 284 441 442 522 620 621 637 644 645 646 647 649 764 788 862 863 874 910 937 1033 1034 1083 1134 1225 1226 348 648 876 116 376 1279 756 915 1280 757 1194 1193 253 254 1281 976 1192 974 975 1334 233 966 629 122 183 258 767 1028 123 124 110 259 111 1261 1029 1188 346 768 1160 1202 769 237 1331 238 239 683 1200 717 1271 718 720 1074 1158 721 1001 1075 1159 1161 1162 719 1002 886 677 709 1210 1209 911 1265 704 703 705 43 1224 107 1170 1172 877 1173 1227 873 872 95 256 336 406 410 610 641 724 725 1109 1117 94 249 611 642 889 1008 1132 1196 265 266 267 407 408 427 447 472 507 594 962 310 257 684 919 577 1197 692 251 1171 1228 879 881 293 225 1096 226 227 51 628 389 1199 73 158 1091 1242 159 321 1144 377 378 1264 97 276 592 1039 98 194 593 195 60 514 913 1037 1038 61 563 457 564 565 682 208 458 459 207 210 19 103 109 209 296 404 539 861 977 1052 1270 1286 18 102 374 661 375 1249 1250 515 517 297 298 1071 909 516 914 694 162 1181 640 247 245 246 894 367 490 491 396 319 878 943 944 945 1084 1050 1020 1022 745 856 626 936 956 636 949 854 1297 827 838 505 826 14 506 780 839 950 1223 681 1221 1222 680 401 934 402 828 708 960 871 569 766 870 570 765 837 795 85 397 867 501 981 200 371 403 1116 125 805 804 184 806 1061 1062 1164 1165 317 354 368 369 386 803 1060 1285 316 25 1195 173 643 875 1163 174 175 777 1030 802 775 62 774 773 772 776 685 1302 1130 1131 229 669 670 671 860 904 1203 228 428 429 150 332 1005 38 300 433 1006 299 301 333 1204 901 905 181 394 722 902 903 916 1133 1139 1140 1141 180 24 23 22 1124 355 1166 370 163 695 972 632 970 971 113 126 382 383 388 473 630 631 633 848 112 275 290 341 120 127 618 783 847 884 1167 121 338 399 330 356 606 883 357 358 418 524 617 562 782 845 381 21 68 69 667 846 668 387 164 269 1155 339 710 1156 340 217 608 1157 335 334 492 493 494 498 214 481 482 215 213 11 484 815 9 12 8 10 1145 419 814 468 108 545 663 1322 151 953 1068 1176 519 521 520 958 1295 1076 130 93 414 665 1018 263 29 555 28 30 100 616 101 467 511 658 660 1241 1315 157 554 1240 600 509 128 455 456 129 573 812 1095 571 572 281 588 589 650 819 997 1218 56 575 587 810 998 192 248 350 574 700 1077 1078 193 651 652 900 349 305 591 306 1064 859 302 741 398 627 196 373 654 1115 372 198 197 666 1268 581 580 342 582 1259 343 344 345 968 969 199 313 918 312 314 189 315 188 190 917 1239 438 1301 285 65 91 424 538 560 791 366 405 243 244 676 987 890 1191 699 771 935 15 50 437 698 1107 1108 165 
1: 20 
2: 31 32 33 104 432 105 1094 1246 421 1232 702 1110 80 431 959 
3: 37 
4: 46 
5: 64 
6: 70 
7: 72 
8: 74 
9: 76 578 579 672 
10: 82 83 286 1043 84 287 288 
11: 86 87 
12: 96 
13: 99 
14: 160 
15: 161 463 464 465 679 
16: 191 231 416 417 230 232 638 
17: 201 938 939 1000 525 639 
18: 240 
19: 250 1053 
20: 292 
21: 294 295 347 
22: 320 
23: 323 
24: 365 
25: 384 
26: 420 
27: 449 
28: 508 
29: 561 
30: 619 
31: 678 
32: 706 
33: 738 739 
34: 887 888 
35: 1236 
