# The links inside the communities at k=5
# from G:\Dropbox\Raghda\CNA\Final Project\other methods\CFinder-2.0.6--1448\G:\Dropbox\Raghda\CNA\Final Project\Datasets\binary_networks\LFR6\network_LFR6_Om5.dat
# at no lower link weight threshold,
# and at no upper link weight threshold.
# Links were treated as undirected.
# No time limit was set for the clique search.

0:
968 876
968 216
968 844
968 933
876 216
876 844
876 933
216 844
216 933
844 933
1:
873 276
873 286
873 607
873 661
276 286
276 607
276 661
286 607
286 661
607 661
2:
911 591
911 990
911 635
911 897
911 507
911 578
911 932
911 974
911 524
591 990
591 635
591 897
591 578
591 974
990 897
990 578
990 932
635 897
635 578
635 974
635 524
897 507
897 578
897 932
897 974
897 524
507 974
507 524
578 932
974 524
3:
958 924
958 840
958 473
958 505
958 554
924 840
924 473
924 505
924 554
840 473
840 505
840 554
473 505
505 554
4:
923 886
923 956
923 994
923 997
987 886
987 994
987 997
987 898
886 956
886 994
886 679
886 953
886 997
886 546
886 963
886 898
886 564
886 508
956 994
956 679
956 953
956 997
956 546
956 963
956 898
956 564
956 508
994 679
994 953
994 997
994 546
994 963
994 898
994 564
994 508
679 997
679 564
953 898
997 898
546 898
546 508
963 898
898 564
898 508
5:
959 938
959 871
959 988
959 979
959 960
959 906
938 871
938 988
938 955
938 979
938 903
938 960
938 906
938 547
938 796
871 955
871 903
871 960
871 906
871 547
871 796
988 960
988 906
955 960
955 906
979 960
979 906
903 960
903 906
960 906
960 547
960 796
906 547
906 796
6:
954 921
954 858
954 835
954 925
966 921
966 858
966 835
966 925
966 556
921 858
921 835
921 925
921 556
858 835
858 925
835 925
835 556
925 556
7:
965 879
965 603
965 733
965 930
965 948
965 800
879 733
879 930
879 961
879 948
879 800
603 733
603 930
603 961
603 948
603 800
733 961
733 948
733 800
930 948
930 800
961 948
961 800
948 800
8:
677 927
677 778
677 753
677 731
927 778
927 753
927 731
778 753
778 731
753 731
9:
1000 704
1000 949
1000 962
1000 965
1000 987
704 949
704 962
704 987
949 962
949 965
949 987
962 965
962 987
965 987
10:
888 988
888 777
888 998
888 991
888 696
988 777
988 998
988 991
988 696
777 991
777 696
998 991
998 696
991 696
11:
989 970
989 742
989 991
989 784
989 821
970 953
970 742
970 991
970 784
970 821
953 742
953 991
953 821
742 991
742 821
991 784
991 821
784 821
12:
969 968
969 942
969 876
969 844
968 942
968 876
968 844
942 876
942 844
876 844
