# The cliques from G:\Dropbox\Raghda\CNA\Final Project\other methods\CFinder-2.0.6--1448\G:\Dropbox\Raghda\CNA\Final Project\Datasets\binary_networks\LFR5\network_LFR5_Om2.dat
# at no lower link weight threshold,
# and at no upper link weight threshold.
# Links were treated as undirected.
# No time limit was set for the clique search.

0: 8 965 750 
1: 10 786 828 
2: 10 786 997 
3: 100 835 951 
4: 1000 114 614 
5: 1000 122 988 
6: 154 999 690 
7: 1000 234 952 968 
8: 1000 27 988 
9: 1000 52 899 988 
10: 1000 77 986 
11: 1000 77 988 
12: 103 133 966 
13: 103 752 966 
14: 133 966 733 
15: 964 104 993 
16: 105 865 990 
17: 106 810 893 977 
18: 107 502 715 
19: 209 47 876 
20: 108 805 912 
21: 973 110 945 
22: 111 901 983 
23: 112 864 980 996 
24: 112 910 996 
25: 884 113 877 
26: 910 115 854 
27: 922 116 845 974 
28: 117 533 999 
29: 117 956 999 
30: 205 962 795 
31: 118 414 811 984 
32: 119 886 981 
33: 12 935 987 
34: 985 120 885 
35: 121 4 651 
36: 121 651 979 
37: 990 123 230 
38: 983 124 677 
39: 128 578 998 
40: 129 526 954 
41: 924 983 13 972 
42: 903 130 823 976 
43: 993 219 961 
44: 999 132 580 
45: 999 132 592 
46: 855 134 721 
47: 197 841 804 
48: 908 137 911 
49: 935 889 139 
50: 999 14 465 
51: 141 756 920 
52: 142 599 930 
53: 142 868 941 
54: 142 930 941 
55: 143 770 991 
56: 143 960 991 
57: 144 817 826 994 
58: 145 559 749 
59: 991 146 430 
60: 146 773 905 
61: 147 470 812 
62: 997 148 643 
63: 148 643 829 
64: 865 990 15 
65: 865 15 551 
66: 997 151 839 
67: 152 299 898 
68: 955 153 867 
69: 903 155 888 
70: 982 155 888 
71: 985 955 156 
72: 955 156 769 
73: 157 798 851 
74: 157 798 902 
75: 984 89 527 
76: 980 996 158 958 
77: 16 779 915 
78: 16 915 934 
79: 976 749 160 
80: 976 160 819 
81: 982 909 161 789 
82: 991 162 919 
83: 680 998 163 
84: 983 166 887 
85: 990 167 586 
86: 989 929 168 
87: 989 168 907 
88: 922 974 169 995 
89: 993 17 971 
90: 886 941 170 741 
91: 237 661 738 
92: 171 587 719 959 
93: 906 954 172 
94: 526 954 172 
95: 997 174 532 
96: 562 805 78 
97: 929 175 724 
98: 993 232 921 
99: 763 178 841 
100: 178 367 841 
101: 884 961 179 
102: 884 179 878 
103: 994 179 878 
104: 901 983 18 739 
105: 990 246 182 
106: 756 818 185 
107: 651 979 187 
108: 979 187 320 
109: 752 966 189 
110: 867 190 678 
111: 981 192 992 
112: 805 912 193 
113: 937 915 194 
114: 909 195 764 
115: 198 711 837 
116: 198 837 904 
117: 2 479 833 
118: 20 448 965 
119: 773 200 914 
120: 968 769 201 
121: 993 202 921 
122: 860 203 705 
123: 987 863 207 838 
124: 942 948 208 875 
125: 976 47 876 
126: 47 876 348 
127: 987 40 969 
128: 968 955 214 
129: 955 850 214 
130: 903 888 215 
131: 888 789 215 
132: 962 795 216 
133: 990 976 934 217 
134: 759 948 218 
135: 986 22 780 
136: 937 915 221 
137: 912 222 658 
138: 995 223 947 953 
139: 989 975 907 63 
140: 999 224 897 
141: 999 224 931 
142: 986 995 225 969 
143: 964 226 939 
144: 939 228 713 
145: 896 921 229 
146: 605 928 231 716 
147: 656 937 915 235 
148: 944 985 236 
149: 944 985 885 239 
150: 960 919 24 970 
151: 884 961 241 520 
152: 855 880 29 
153: 727 991 3 
154: 954 30 631 
155: 978 942 31 
156: 994 948 32 
157: 994 948 926 34 
158: 812 513 35 
159: 812 829 6 
160: 812 355 6 
161: 917 988 9 
162: 865 504 65 
163: 891 909 71 
164: 909 403 71 
165: 959 64 453 
166: 991 970 41 
167: 997 839 61 
168: 997 515 61 
169: 758 642 85 
170: 968 955 769 45 
171: 719 959 453 7 
172: 858 621 48 
173: 971 46 503 
174: 476 832 92 
175: 533 999 50 
176: 495 544 81 
177: 960 761 5 
178: 904 927 58 
179: 966 918 56 
180: 998 918 56 
181: 989 975 907 54 
182: 756 818 55 
183: 979 636 83 
184: 997 839 99 
185: 997 819 99 
186: 962 965 795 62 
187: 937 915 67 
188: 991 919 970 69 
189: 968 955 80 
190: 968 702 80 
191: 955 975 80 
192: 975 702 80 
193: 893 977 72 
194: 986 882 995 73 
195: 893 977 75 
196: 974 870 76 
197: 810 893 977 94 
198: 295 982 984 
199: 353 898 873 
200: 1000 245 988 
201: 247 877 758 
202: 1000 261 917 952 
203: 1000 261 917 988 
204: 359 829 953 
205: 359 857 953 
206: 336 938 958 939 
207: 336 939 374 
208: 910 387 898 
209: 387 578 898 
210: 802 341 954 
211: 341 954 846 
212: 989 866 846 270 
213: 989 866 701 270 
214: 998 299 898 
215: 529 254 692 
216: 254 604 692 
217: 990 976 749 322 
218: 990 976 934 322 
219: 997 820 285 
220: 990 819 328 
221: 367 841 804 
222: 506 294 710 
223: 979 320 766 
224: 992 335 705 
225: 835 264 512 
226: 974 870 264 
227: 992 380 581 
228: 740 502 390 
229: 944 744 306 
230: 993 907 349 
231: 989 907 349 
232: 996 965 244 
233: 571 244 638 
234: 982 994 900 248 
235: 930 994 900 248 
236: 986 882 995 249 
237: 995 249 676 
238: 902 931 250 827 
239: 902 250 712 827 
240: 251 624 788 
241: 840 736 252 
242: 978 946 255 
243: 978 942 255 
244: 937 967 256 
245: 937 915 934 256 
246: 937 915 257 
247: 601 258 600 
248: 258 368 600 
249: 460 368 869 
250: 571 638 259 
251: 638 259 869 
252: 991 919 970 329 
253: 918 262 679 
254: 643 263 927 
255: 524 263 347 
256: 524 347 451 
257: 951 903 265 
258: 959 265 646 
259: 758 266 848 
260: 927 267 735 
261: 884 961 268 
262: 909 888 272 
263: 998 778 272 
264: 954 838 273 832 
265: 997 813 274 
266: 997 965 274 
267: 944 980 275 
268: 980 611 275 
269: 956 690 276 
270: 987 863 276 
271: 979 278 304 
272: 960 278 635 
273: 651 979 304 462 
274: 987 619 279 
275: 987 889 969 279 
276: 897 302 916 
277: 924 983 280 754 
278: 983 280 754 933 
279: 986 995 969 391 
280: 989 866 281 
281: 989 929 281 
282: 935 929 281 
283: 990 742 283 
284: 929 284 747 
285: 992 921 284 
286: 890 832 383 
287: 954 832 383 
288: 954 383 631 
289: 989 653 286 
290: 992 287 429 
291: 993 921 288 
292: 902 931 312 
293: 906 954 290 
294: 752 966 291 
295: 966 958 291 
296: 966 575 291 
297: 715 847 293 
298: 853 844 296 852 
299: 840 736 297 
300: 936 297 963 
301: 913 998 695 298 
302: 902 931 378 
303: 902 712 378 
304: 672 931 378 
305: 672 712 378 
306: 944 985 300 
307: 989 866 300 
308: 989 866 701 301 
309: 301 612 753 
310: 884 961 303 
311: 884 878 303 
312: 999 918 309 
313: 891 957 310 
314: 815 894 313 
315: 957 894 735 313 
316: 937 915 934 315 
317: 937 915 315 627 
318: 601 316 337 
319: 959 316 801 
320: 601 337 743 
321: 864 980 996 958 317 
322: 943 936 318 949 
323: 936 318 892 949 
324: 997 839 319 
325: 896 921 319 
326: 864 980 996 321 
327: 986 956 323 
328: 956 999 323 
329: 908 911 928 324 
330: 974 870 326 
331: 905 963 326 
332: 987 634 327 
333: 987 327 539 
334: 985 955 372 
335: 862 999 331 
336: 987 863 332 
337: 987 332 362 
338: 996 989 334 
339: 996 958 892 334 
340: 986 882 995 969 339 
341: 922 845 953 342 
342: 981 994 340 
343: 981 340 519 
344: 981 340 776 
345: 957 894 343 
346: 876 344 489 
347: 652 876 348 
348: 648 366 491 
349: 985 688 885 350 
350: 997 839 351 
351: 997 351 482 
352: 908 928 352 
353: 979 352 553 
354: 511 967 356 
355: 967 356 674 
356: 467 990 357 
357: 990 559 934 357 
358: 655 899 360 
359: 997 819 361 
360: 973 945 363 
361: 652 876 363 
362: 932 828 365 
363: 977 369 700 
364: 973 945 897 371 
365: 973 985 981 371 
366: 879 938 375 
367: 938 477 375 
368: 938 375 746 
369: 835 823 976 376 
370: 973 857 376 
371: 858 923 621 377 
372: 858 799 377 
373: 990 491 382 
374: 975 384 456 
375: 964 781 971 385 
376: 997 839 386 
377: 913 998 386 
378: 989 866 846 388 
379: 989 866 653 388 
380: 972 894 389 
381: 972 389 450 
382: 894 735 389 
383: 981 992 392 
384: 756 920 393 
385: 920 700 393 
386: 930 958 393 
387: 529 692 394 
388: 938 395 670 
389: 936 963 396 
390: 772 927 396 
391: 931 963 396 
392: 737 448 397 
393: 871 998 398 
394: 810 893 977 911 431 
395: 460 979 766 
396: 467 990 976 408 
397: 1000 471 986 
398: 1000 471 988 
399: 471 986 956 
400: 1000 484 988 
401: 1000 488 988 
402: 488 999 626 
403: 1000 492 988 
404: 492 988 867 
405: 414 811 984 833 
406: 481 510 743 
407: 881 476 832 
408: 943 465 836 
409: 440 763 546 
410: 978 477 949 
411: 938 477 536 
412: 864 980 996 413 
413: 533 999 413 
414: 809 479 833 591 
415: 950 448 965 
416: 938 401 939 
417: 938 401 536 
418: 951 989 975 907 537 
419: 986 995 444 
420: 874 983 444 
421: 935 929 418 883 747 
422: 725 439 411 
423: 439 411 620 
424: 439 620 468 
425: 932 880 415 
426: 913 986 419 
427: 985 914 466 
428: 923 998 494 
429: 946 732 494 
430: 924 983 887 409 
431: 983 887 933 409 
432: 524 735 451 
433: 927 735 451 
434: 979 462 636 
435: 922 845 979 995 457 
436: 861 463 645 
437: 705 895 489 
438: 853 844 852 438 723 
439: 786 997 482 
440: 825 888 486 
441: 825 486 618 
442: 990 408 675 
443: 990 648 491 
444: 935 929 883 410 
445: 929 410 501 
446: 955 769 456 
447: 955 975 456 
448: 913 998 695 450 
449: 989 907 402 
450: 678 402 765 
451: 761 402 765 
452: 922 995 403 
453: 995 801 403 
454: 884 878 404 
455: 935 883 404 
456: 935 987 863 405 
457: 987 724 405 
458: 987 405 527 
459: 759 994 948 875 406 
460: 888 789 407 
461: 789 965 407 
462: 962 965 407 
463: 943 725 411 
464: 973 981 992 895 412 
465: 996 965 437 
466: 984 437 597 
467: 997 820 950 416 
468: 996 820 950 416 
469: 944 985 417 
470: 985 955 867 420 
471: 985 955 850 420 
472: 955 420 697 
473: 850 931 420 
474: 640 756 920 818 421 
475: 997 839 422 
476: 894 422 708 
477: 964 993 971 859 433 
478: 656 937 915 423 
479: 937 915 934 423 
480: 964 993 971 859 424 
481: 877 848 425 
482: 877 425 706 
483: 838 969 425 
484: 981 941 426 
485: 850 931 426 
486: 828 967 428 
487: 912 428 940 
488: 929 883 428 
489: 929 883 455 
490: 981 623 434 
491: 981 895 434 
492: 733 895 434 
493: 936 963 753 949 435 
494: 791 978 946 436 
495: 978 534 436 
496: 943 468 836 
497: 787 966 717 441 
498: 752 966 717 441 
499: 982 945 994 442 
500: 982 994 900 442 
501: 945 882 442 
502: 810 893 977 911 443 
503: 992 895 493 698 
504: 617 895 493 
505: 884 961 445 
506: 986 995 445 
507: 966 910 918 446 
508: 966 663 446 
509: 663 446 590 
510: 901 983 887 447 
511: 983 447 622 
512: 835 951 976 449 
513: 951 569 449 
514: 885 914 452 
515: 914 702 452 
516: 528 697 452 
517: 719 959 646 453 
518: 944 985 496 
519: 881 954 496 
520: 786 997 839 454 
521: 997 972 454 
522: 839 454 686 
523: 886 941 458 
524: 991 970 458 
525: 932 624 459 
526: 994 948 875 461 
527: 959 646 461 
528: 874 619 464 
529: 619 634 464 
530: 932 726 469 
531: 511 967 469 
532: 967 726 469 
533: 758 848 472 
534: 993 730 781 971 473 
535: 982 789 474 
536: 937 915 934 474 
537: 978 946 969 475 
538: 853 844 478 
539: 936 949 478 
540: 912 999 480 
541: 999 931 480 
542: 999 707 480 
543: 885 955 480 
544: 740 960 483 
545: 960 867 765 483 
546: 867 836 483 
547: 980 996 487 
548: 996 989 487 
549: 996 950 487 
550: 991 970 487 
551: 987 889 490 
552: 963 949 490 
553: 835 903 497 
554: 758 642 497 
555: 886 981 941 498 
556: 886 658 498 
557: 828 511 967 699 
558: 511 984 967 
559: 1000 525 899 917 988 
560: 525 899 917 988 824 
561: 1000 531 922 
562: 1000 531 925 
563: 531 922 979 995 
564: 562 805 912 
565: 740 502 715 
566: 529 687 692 
567: 884 540 877 
568: 533 999 940 
569: 951 526 823 976 
570: 506 829 710 
571: 506 848 710 
572: 990 559 749 
573: 551 870 834 
574: 510 717 869 
575: 510 717 743 
576: 997 813 515 
577: 997 515 532 
578: 515 532 686 
579: 997 532 558 
580: 786 726 570 
581: 952 984 991 500 970 
582: 727 991 500 970 
583: 986 822 565 
584: 986 565 970 
585: 991 919 565 970 
586: 858 567 918 
587: 877 567 706 
588: 978 556 949 
589: 951 823 569 
590: 951 569 736 
591: 964 971 548 
592: 971 548 546 
593: 763 548 546 
594: 884 877 961 520 
595: 884 877 878 520 
596: 983 887 566 
597: 966 871 918 535 
598: 966 804 535 
599: 904 953 573 
600: 947 953 573 
601: 947 573 949 
602: 953 573 710 
603: 835 951 976 512 
604: 835 865 976 512 
605: 858 923 514 
606: 983 887 552 
607: 992 857 552 
608: 929 883 508 
609: 929 508 501 
610: 991 970 538 
611: 991 538 830 
612: 922 845 974 979 953 543 
613: 884 961 539 
614: 884 878 539 
615: 886 981 941 741 519 
616: 990 976 564 
617: 990 564 675 
618: 999 564 745 
619: 924 901 983 972 550 
620: 901 983 972 933 550 
621: 862 999 553 
622: 955 975 528 
623: 955 528 697 
624: 886 981 941 637 542 
625: 981 627 542 
626: 932 828 555 
627: 785 852 555 
628: 720 652 572 
629: 879 938 536 
630: 889 969 547 
631: 992 921 547 940 
632: 825 888 545 
633: 928 545 683 
634: 984 991 970 527 
635: 929 747 501 
636: 929 501 794 
637: 912 862 999 568 940 
638: 862 999 931 568 
639: 812 829 549 
640: 829 602 549 
641: 959 963 549 
642: 997 813 558 
643: 891 909 503 
644: 964 971 503 
645: 977 989 530 
646: 989 866 530 
647: 711 927 530 
648: 904 927 530 
649: 943 667 544 
650: 943 861 544 
651: 944 985 499 
652: 939 659 499 
653: 924 901 983 887 505 
654: 901 983 887 933 505 
655: 913 998 695 507 
656: 868 826 507 
657: 929 883 747 509 
658: 896 509 584 
659: 974 784 870 834 598 
660: 987 634 516 
661: 952 967 970 517 
662: 994 942 948 878 518 
663: 994 942 948 926 518 
664: 714 687 831 521 
665: 714 691 521 
666: 996 950 821 522 
667: 996 962 795 522 
668: 996 962 821 522 
669: 997 965 523 
670: 984 671 541 
671: 727 991 970 554 
672: 960 991 970 554 
673: 996 820 950 557 
674: 996 820 962 557 
675: 957 962 557 
676: 950 557 673 
677: 962 557 673 
678: 951 989 976 907 560 
679: 951 989 975 907 872 560 
680: 997 820 965 561 
681: 864 996 563 
682: 996 563 595 
683: 984 833 563 
684: 951 989 975 907 872 574 
685: 1000 614 899 906 988 
686: 614 899 633 
687: 614 984 633 
688: 601 600 743 
689: 908 605 911 928 
690: 908 605 928 716 
691: 908 605 928 774 
692: 913 589 998 695 
693: 944 985 688 885 
694: 874 987 619 863 
695: 987 619 634 
696: 578 998 898 873 
697: 912 999 580 
698: 956 999 580 745 
699: 840 592 738 
700: 999 592 707 
701: 986 956 583 995 
702: 640 756 920 818 793 
703: 599 930 771 
704: 599 930 958 
705: 599 771 939 
706: 599 938 958 939 
707: 632 719 959 
708: 855 613 728 
709: 855 613 731 
710: 586 895 765 
711: 978 587 947 
712: 978 587 808 
713: 587 808 774 
714: 980 611 676 
715: 972 611 754 933 
716: 944 985 885 603 
717: 967 576 699 
718: 672 576 931 
719: 672 576 712 
720: 960 991 582 970 
721: 938 582 939 670 
722: 864 996 596 
723: 996 820 950 596 
724: 996 820 962 596 
725: 980 996 609 
726: 996 950 609 
727: 996 962 609 
728: 858 923 918 621 
729: 923 773 621 
730: 981 857 617 
731: 981 617 895 
732: 624 788 728 
733: 714 687 604 692 831 
734: 714 604 691 
735: 939 604 831 
736: 999 931 626 
737: 643 829 602 
738: 787 966 575 
739: 935 889 575 
740: 881 954 631 689 
741: 943 936 842 963 612 
742: 943 936 963 612 753 
743: 951 915 627 
744: 937 967 627 
745: 981 741 627 
746: 903 888 594 
747: 837 904 927 594 
748: 993 961 896 992 921 581 
749: 996 921 581 
750: 853 844 852 620 
751: 978 920 593 
752: 973 809 897 597 
753: 984 833 597 
754: 809 833 597 
755: 871 663 590 
756: 974 870 590 
757: 983 933 622 
758: 933 801 622 
759: 817 994 615 
760: 953 807 615 
761: 908 928 716 628 683 
762: 908 928 831 628 683 
763: 840 974 784 870 834 629 
764: 974 784 870 834 629 666 
765: 986 956 608 
766: 756 920 818 608 
767: 984 833 591 671 
768: 809 833 591 671 
769: 912 658 607 
770: 978 946 607 
771: 903 825 618 
772: 982 825 618 
773: 982 729 618 
774: 825 648 618 
775: 884 877 961 585 
776: 987 863 585 
777: 961 863 585 
778: 993 921 610 
779: 860 896 584 
780: 896 940 584 
781: 996 989 595 
782: 989 653 595 
783: 989 814 595 
784: 967 726 595 
785: 967 699 595 
786: 853 844 785 734 852 723 579 
787: 922 979 995 588 
788: 982 909 825 588 
789: 982 994 995 588 
790: 888 789 606 
791: 888 729 606 
792: 857 904 953 606 
793: 886 981 637 616 
794: 886 981 776 616 
795: 886 935 616 
796: 964 993 730 781 971 859 662 
797: 1000 655 899 
798: 656 937 779 915 
799: 651 979 676 
800: 651 979 766 
801: 924 983 677 
802: 983 677 939 
803: 677 938 939 
804: 943 667 725 
805: 667 961 725 
806: 812 643 829 
807: 853 844 644 785 734 852 664 
808: 989 866 701 653 
809: 672 850 931 
810: 899 917 968 633 
811: 984 633 833 
812: 809 633 833 
813: 966 871 663 
814: 871 998 663 
815: 980 996 958 649 
816: 856 649 777 
817: 720 652 876 
818: 885 867 678 
819: 960 867 678 765 
820: 867 678 836 
821: 990 825 648 
822: 886 741 658 
823: 714 654 831 
824: 837 894 654 
825: 972 661 933 
826: 887 661 933 
827: 810 893 977 911 639 
828: 977 989 639 
829: 989 866 846 639 
830: 977 947 665 681 
831: 879 994 948 638 
832: 845 979 995 676 
833: 957 995 676 
834: 886 637 635 
835: 960 637 635 
836: 858 914 918 679 
837: 719 959 646 660 
838: 964 971 859 641 
839: 967 991 919 641 
840: 770 991 919 641 
841: 919 641 747 
842: 886 741 635 
843: 960 635 761 
844: 635 761 836 
845: 826 668 689 
846: 990 976 934 659 
847: 976 939 659 
848: 938 939 659 
849: 890 846 660 
850: 954 846 660 
851: 828 967 674 
852: 957 995 674 
853: 957 894 674 
854: 938 958 939 713 670 
855: 938 958 722 670 
856: 990 934 675 
857: 934 675 807 
858: 796 675 807 
859: 877 758 848 642 
860: 877 642 706 
861: 983 979 636 
862: 815 973 945 897 645 
863: 973 645 698 
864: 943 936 650 
865: 908 928 716 650 
866: 936 892 650 
867: 811 984 833 671 
868: 901 983 754 657 
869: 711 927 657 
870: 904 927 657 
871: 997 950 965 673 
872: 997 962 760 965 673 
873: 997 962 965 795 673 
874: 872 647 797 
875: 853 844 785 734 852 723 664 
876: 806 952 666 
877: 806 974 784 870 834 666 
878: 993 923 669 
879: 993 940 669 
880: 937 915 934 669 
881: 930 738 669 
882: 1000 709 899 988 
883: 709 899 983 
884: 709 924 901 983 
885: 913 680 998 695 
886: 680 998 788 
887: 715 701 814 
888: 989 866 701 814 
889: 862 956 999 690 830 
890: 932 855 703 
891: 787 966 703 
892: 752 966 703 
893: 874 704 880 
894: 996 962 704 880 750 
895: 996 962 704 821 
896: 962 704 880 696 
897: 962 704 821 696 
898: 711 837 772 927 
899: 860 992 705 895 698 
900: 932 828 682 
901: 739 682 710 
902: 879 938 958 939 713 
903: 932 828 699 803 
904: 764 699 762 
905: 829 953 710 
906: 972 721 691 
907: 977 978 947 681 
908: 977 732 681 
909: 845 947 681 
910: 978 942 681 
911: 978 776 681 
912: 732 776 681 
913: 968 985 914 702 
914: 968 741 702 
915: 975 914 702 
916: 977 978 946 693 
917: 977 978 946 700 
918: 977 978 949 700 
919: 978 920 700 
920: 905 851 959 801 694 
921: 905 902 694 
922: 771 801 694 
923: 905 851 959 782 685 
924: 905 851 959 801 685 
925: 905 902 685 
926: 798 851 685 
927: 798 902 685 
928: 782 780 685 
929: 948 926 875 684 
930: 968 955 769 697 
931: 944 815 708 
932: 815 973 945 708 
933: 815 894 708 
934: 973 945 809 708 
935: 945 965 708 
936: 964 971 859 706 
937: 881 954 832 686 
938: 862 999 940 707 
939: 999 745 707 
940: 973 981 860 992 895 698 
941: 908 911 928 683 
942: 997 950 965 696 
943: 997 950 821 696 
944: 997 962 965 696 
945: 997 962 821 696 
946: 950 965 880 696 
947: 962 965 880 696 
948: 802 881 954 689 
949: 740 715 814 
950: 740 984 960 
951: 740 960 761 
952: 715 718 854 
953: 715 847 814 
954: 715 854 814 
955: 718 910 854 
956: 718 910 778 
957: 727 967 991 919 970 
958: 727 991 970 755 
959: 810 893 977 737 911 
960: 720 994 995 
961: 720 994 948 875 
962: 973 733 992 895 
963: 752 966 733 
964: 733 992 895 765 
965: 855 721 780 728 
966: 855 721 731 
967: 972 721 780 728 
968: 932 955 726 
969: 932 726 803 
970: 964 993 781 742 971 
971: 977 946 732 
972: 977 732 949 
973: 946 732 776 
974: 787 717 731 
975: 987 889 724 969 
976: 929 724 883 747 
977: 901 983 739 933 
978: 944 980 744 
979: 874 924 744 
980: 874 987 744 
981: 987 889 744 969 
982: 908 928 716 777 
983: 951 903 976 736 
984: 903 825 736 
985: 988 840 736 
986: 938 939 738 
987: 938 738 722 
988: 956 999 722 940 
989: 958 722 940 
990: 957 868 735 
991: 982 888 729 
992: 924 983 972 729 
993: 983 972 933 729 
994: 855 880 728 
995: 999 897 746 940 
996: 999 931 746 
997: 938 958 939 746 
998: 958 746 940 
999: 956 999 745 830 
1000: 999 931 745 
1001: 999 916 745 830 
1002: 964 993 971 859 731 
1003: 913 986 775 
1004: 986 775 956 822 
1005: 759 994 942 948 878 875 
1006: 759 994 942 948 926 875 
1007: 925 952 984 770 991 919 970 
1008: 984 783 770 991 970 
1009: 976 749 796 
1010: 749 796 807 
1011: 773 799 914 
1012: 879 771 939 
1013: 771 782 963 
1014: 763 841 804 
1015: 851 782 760 
1016: 891 909 764 762 
1017: 891 792 764 762 
1018: 909 764 757 
1019: 935 764 762 
1020: 792 764 757 
1021: 973 992 772 
1022: 992 921 772 
1023: 837 904 772 927 
1024: 964 993 781 971 766 
1025: 993 907 766 
1026: 997 950 965 750 
1027: 997 962 965 750 
1028: 996 950 965 880 750 
1029: 996 962 965 880 750 
1030: 924 901 983 972 754 
1031: 924 901 983 887 754 
1032: 901 983 972 754 933 
1033: 901 983 887 754 933 
1034: 935 929 883 747 762 
1035: 982 945 994 748 
1036: 982 994 900 748 
1037: 994 808 748 
1038: 943 936 824 963 753 949 
1039: 968 824 753 949 
1040: 936 963 753 892 949 
1041: 885 867 761 
1042: 960 867 761 765 
1043: 867 761 836 
1044: 922 845 974 979 995 757 
1045: 909 888 757 
1046: 974 757 751 
1047: 886 946 776 
1048: 978 946 776 
1049: 960 895 765 
1050: 986 956 882 774 
1051: 986 882 916 774 
1052: 908 928 831 774 
1053: 973 981 860 992 768 
1054: 957 856 900 768 
1055: 957 868 900 768 
1056: 982 945 957 767 
1057: 982 957 868 767 
1058: 945 957 856 767 
1059: 905 902 767 
1060: 905 963 767 
1061: 952 991 970 755 
1062: 977 816 755 
1063: 998 816 755 
1064: 994 942 948 875 755 
1065: 816 970 755 
1066: 937 779 915 793 
1067: 937 915 934 793 
1068: 966 910 751 
1069: 910 854 751 
1070: 910 987 751 
1071: 854 998 751 
1072: 987 889 863 969 751 
1073: 1000 787 806 917 988 
1074: 1000 787 917 925 988 
1075: 1000 787 986 
1076: 1000 791 906 917 988 
1077: 791 917 988 824 
1078: 791 917 942 
1079: 791 978 942 
1080: 791 978 947 
1081: 984 783 967 991 970 
1082: 783 967 808 
1083: 783 994 900 
1084: 783 994 808 
1085: 966 871 910 778 
1086: 966 910 778 804 
1087: 871 910 778 842 
1088: 871 998 778 842 
1089: 998 778 804 
1090: 849 798 851 963 
1091: 798 851 796 
1092: 944 980 779 
1093: 980 779 843 
1094: 982 909 825 888 789 
1095: 849 905 851 782 963 
1096: 905 851 959 782 963 
1097: 905 782 875 
1098: 858 799 914 
1099: 858 799 797 
1100: 841 799 914 
1101: 841 799 872 
1102: 799 914 873 
1103: 799 873 872 
1104: 799 872 797 
1105: 996 962 965 795 
1106: 844 785 969 
1107: 932 855 780 
1108: 932 972 780 
1109: 986 780 969 
1110: 986 780 790 
1111: 988 796 807 
1112: 976 819 796 
1113: 851 796 801 
1114: 997 950 965 800 
1115: 997 950 821 800 
1116: 964 993 971 859 800 
1117: 864 996 800 
1118: 996 950 965 800 
1119: 996 950 821 800 
1120: 924 983 972 794 
1121: 924 983 887 794 
1122: 983 972 933 794 
1123: 983 887 933 794 
1124: 935 929 883 794 
1125: 913 986 995 869 790 
1126: 913 986 995 916 790 
1127: 986 847 882 822 916 790 
1128: 986 882 995 822 869 790 
1129: 986 882 995 822 916 790 
1130: 994 995 790 
1131: 858 923 797 
1132: 993 923 797 
1133: 864 980 996 958 797 
1134: 908 911 928 777 
1135: 911 926 777 
1136: 856 926 777 
1137: 1000 802 890 
1138: 802 890 881 832 
1139: 802 881 954 838 832 
1140: 1000 806 917 952 
1141: 951 805 989 975 907 
1142: 973 945 809 897 
1143: 977 978 946 808 
1144: 978 942 808 
1145: 994 942 808 
1146: 932 898 803 
1147: 871 998 898 918 803 
1148: 871 998 898 873 803 
1149: 898 992 803 
1150: 815 948 843 
1151: 997 820 950 965 
1152: 997 820 950 821 
1153: 997 820 962 965 
1154: 997 820 962 821 
1155: 945 820 965 
1156: 996 820 920 821 
1157: 996 820 950 965 
1158: 996 820 950 821 
1159: 996 820 962 965 
1160: 996 820 962 821 
1161: 996 820 892 
1162: 993 811 896 
1163: 835 951 903 823 976 
1164: 835 903 865 823 976 
1165: 903 825 888 
1166: 982 945 817 994 
1167: 945 930 817 994 
1168: 879 817 994 
1169: 930 817 826 994 
1170: 997 813 839 
1171: 922 974 979 813 995 953 
1172: 997 950 819 
1173: 997 819 962 
1174: 990 996 819 
1175: 990 976 819 
1176: 996 950 819 
1177: 996 819 962 
1178: 899 917 968 988 824 
1179: 968 988 824 962 
1180: 986 847 882 822 969 
1181: 986 956 882 995 822 969 
1182: 847 981 822 
1183: 847 976 822 
1184: 973 992 857 816 
1185: 973 992 816 895 
1186: 977 978 816 949 
1187: 978 920 816 
1188: 998 857 816 
1189: 920 992 816 
1190: 989 866 846 814 
1191: 868 941 826 
1192: 868 826 994 
1193: 930 941 826 
1194: 941 826 926 
1195: 826 994 926 
1196: 974 829 953 
1197: 829 904 953 
1198: 925 839 919 
1199: 974 979 841 
1200: 958 841 914 
1201: 944 980 837 
1202: 980 837 894 
1203: 979 995 837 
1204: 906 881 954 838 832 
1205: 935 987 863 838 969 
1206: 922 974 979 995 947 953 827 
1207: 902 850 931 827 
1208: 943 936 842 963 949 
1209: 871 910 898 842 
1210: 871 998 898 842 
1211: 910 854 898 842 
1212: 854 998 898 842 
1213: 854 900 842 
1214: 868 900 842 
1215: 936 842 963 892 949 
1216: 906 974 954 832 
1217: 901 950 832 
1218: 925 984 967 991 919 830 
1219: 862 999 916 830 
1220: 999 918 830 
1221: 936 949 830 
1222: 1000 849 890 917 952 
1223: 1000 849 890 917 988 
1224: 1000 849 899 917 952 
1225: 1000 849 899 917 988 
1226: 922 845 974 979 995 947 953 
1227: 890 881 846 
1228: 906 881 954 846 
1229: 890 952 850 
1230: 952 975 850 
1231: 955 975 850 
1232: 864 980 996 958 843 848 892 
1233: 858 923 998 918 
1234: 932 855 880 
1235: 912 862 999 916 
1236: 862 956 999 940 
1237: 973 981 860 992 857 
1238: 966 877 860 
1239: 877 860 961 
1240: 860 961 896 992 
1241: 988 856 994 
1242: 945 957 856 994 
1243: 945 856 930 994 
1244: 957 856 994 926 
1245: 957 856 994 900 
1246: 856 930 941 
1247: 856 930 994 900 
1248: 856 941 926 
1249: 856 994 971 
1250: 961 992 861 921 
1251: 935 987 889 863 969 
1252: 859 931 963 
1253: 874 924 901 983 972 
1254: 874 924 901 983 887 
1255: 874 901 983 972 933 
1256: 874 901 983 887 933 
1257: 865 990 976 
1258: 966 871 910 898 918 
1259: 951 989 866 
1260: 968 985 885 955 914 
1261: 985 885 955 867 
1262: 885 955 975 914 
1263: 945 882 991 
1264: 879 994 942 948 926 875 
1265: 879 898 875 
1266: 891 957 868 900 
1267: 982 957 868 994 900 
1268: 982 868 941 
1269: 932 948 878 
1270: 994 905 875 
1271: 932 962 880 
1272: 923 998 873 
1273: 1000 890 917 925 952 968 
1274: 1000 890 917 925 968 988 
1275: 890 968 988 962 
1276: 1000 891 988 
1277: 891 957 926 
1278: 891 948 926 
1279: 893 977 947 
1280: 964 886 935 
1281: 889 946 969 
1282: 982 957 888 
1283: 993 961 907 
1284: 993 907 933 
1285: 961 975 907 
1286: 978 883 949 
1287: 883 892 949 
1288: 980 963 892 
1289: 1000 899 906 917 952 
1290: 1000 899 906 917 988 
1291: 1000 899 917 952 968 
1292: 1000 899 917 968 988 
1293: 901 983 975 
1294: 993 923 896 
1295: 993 961 896 992 921 940 
1296: 985 955 896 
1297: 958 896 940 
1298: 993 897 916 
1299: 993 897 940 
1300: 912 999 897 916 
1301: 912 999 897 940 
1302: 947 897 940 
1303: 1000 906 917 925 952 
1304: 1000 906 917 925 988 
1305: 906 917 925 952 970 
1306: 977 911 975 
1307: 996 920 942 
1308: 978 920 942 
1309: 978 920 947 
1310: 904 953 927 
1311: 1000 913 986 
1312: 913 986 995 969 
1313: 913 999 995 916 
1314: 913 946 995 969 
1315: 993 995 916 
1316: 925 952 984 967 960 991 919 970 
1317: 982 957 994 926 
1318: 982 941 926 
1319: 956 921 940 
1320: 981 992 921 
1321: 964 935 929 
1322: 937 984 967 
1323: 1000 944 988 
1324: 944 988 962 
1325: 978 942 949 
1326: 977 978 947 949 
1327: 976 958 939 
1328: 950 965 940 
1329: 982 945 957 994 
1330: 977 963 949 
1331: 956 999 995 
1332: 973 996 950 
1333: 982 957 994 995 
1334: 986 984 967 970 
1335: 977 989 975 
1336: 974 999 995 
1337: 983 984 972 
