# The links from G:\Dropbox\Raghda\CNA\Final Project\other methods\CFinder-2.0.6--1448\G:\Dropbox\Raghda\CNA\Final Project\Datasets\binary_networks\LFR5\network_LFR5_Om2.dat
# at no lower link weight threshold,
# and at no upper link weight threshold.
# Links were treated as undirected.
# No time limit was set for the clique search.
# (mutual links and self-links were removed)

1 740
1 8
1 884
1 932
10 295
10 786
10 828
10 997
100 353
100 835
100 853
100 951
1000 114
1000 122
1000 136
1000 154
1000 186
1000 206
1000 234
1000 238
1000 240
1000 245
1000 247
1000 261
1000 27
1000 460
1000 467
1000 471
1000 484
1000 488
1000 492
1000 511
1000 52
1000 525
1000 531
1000 562
1000 614
1000 655
1000 709
1000 77
1000 787
1000 791
1000 802
1000 806
1000 849
1000 858
1000 890
1000 891
1000 899
1000 903
1000 906
1000 913
1000 917
1000 922
1000 925
1000 943
1000 944
1000 952
1000 968
1000 97
1000 986
1000 988
101 359
101 364
101 815
101 908
102 238
102 601
102 964
102 973
103 133
103 752
103 874
103 966
104 840
104 964
104 982
104 993
105 730
105 865
105 923
105 990
106 810
106 893
106 924
106 977
107 209
107 502
107 715
107 775
108 529
108 805
108 909
108 912
109 540
109 718
109 847
109 871
11 656
11 680
11 855
11 98
110 937
110 945
110 968
110 973
111 605
111 901
111 983
111 985
112 864
112 910
112 980
112 996
113 589
113 802
113 877
113 884
114 1000
114 614
114 862
114 989
115 131
115 854
115 910
115 923
116 820
116 845
116 922
116 974
117 205
117 533
117 956
117 999
118 414
118 759
118 811
118 984
119 866
119 886
119 978
119 981
12 292
12 688
12 935
12 987
120 783
120 885
120 929
120 985
121 336
121 4
121 651
121 979
122 1000
122 481
122 957
122 988
123 230
123 781
123 783
123 990
124 387
124 677
124 891
124 983
125 213
125 727
125 787
125 955
126 619
126 737
126 957
126 980
127 341
127 623
127 720
127 881
128 578
128 882
128 967
128 998
129 476
129 526
129 954
129 998
13 846
13 924
13 972
13 983
130 39
130 823
130 903
130 976
131 115
131 219
131 74
131 996
132 37
132 580
132 592
132 999
133 103
133 733
133 784
133 966
134 721
134 855
134 889
134 993
135 197
135 656
135 954
135 96
136 1000
136 701
136 778
136 860
137 432
137 714
137 908
137 911
138 196
138 583
138 640
138 855
139 634
139 844
139 889
139 935
14 465
14 667
14 828
14 999
140 181
140 353
140 856
140 943
141 756
141 825
141 879
141 920
142 599
142 868
142 930
142 941
143 770
143 936
143 960
143 991
144 506
144 817
144 826
144 994
145 440
145 559
145 749
145 982
146 430
146 773
146 905
146 991
147 227
147 470
147 812
147 978
148 513
148 643
148 829
148 997
149 270
149 305
149 311
149 726
15 551
15 644
15 865
15 990
150 52
150 771
150 813
150 938
151 632
151 839
151 874
151 997
152 299
152 653
152 898
152 961
153 725
153 867
153 955
153 989
154 1000
154 477
154 690
154 999
155 888
155 903
155 950
155 982
156 769
156 818
156 955
156 985
157 798
157 851
157 89
157 902
158 958
158 975
158 980
158 996
159 613
159 703
159 791
159 972
16 779
16 90
16 915
16 934
160 510
160 749
160 819
160 976
161 277
161 789
161 909
161 982
162 905
162 919
162 989
162 991
163 672
163 680
163 946
163 998
164 254
164 824
164 912
164 990
165 720
165 742
165 865
165 888
166 732
166 887
166 909
166 983
167 42
167 586
167 809
167 990
168 515
168 907
168 929
168 989
169 322
169 922
169 974
169 995
17 269
17 877
17 971
17 993
170 237
170 741
170 886
170 941
171 587
171 719
171 942
171 959
172 526
172 717
172 906
172 954
173 633
173 663
173 896
173 910
174 532
174 78
174 948
174 997
175 724
175 763
175 805
175 929
176 232
176 246
176 285
176 850
177 611
177 649
177 789
177 818
178 328
178 367
178 763
178 841
179 878
179 884
179 961
179 994
18 739
18 901
18 935
18 983
180 817
180 893
180 950
180 962
181 140
181 294
181 782
181 798
182 246
182 504
182 973
182 990
183 592
183 87
183 926
183 928
184 338
184 413
184 798
184 900
185 756
185 792
185 818
185 822
186 1000
186 704
186 744
186 908
187 320
187 603
187 651
187 979
188 307
188 570
188 576
188 823
189 500
189 652
189 752
189 966
19 571
19 760
19 917
19 990
190 678
190 867
190 984
190 995
191 345
191 399
191 492
191 905
192 330
192 851
192 981
192 992
193 805
193 861
193 912
193 988
194 799
194 915
194 937
194 982
195 205
195 764
195 909
195 964
196 138
196 242
196 565
196 857
197 135
197 36
197 804
197 841
198 711
198 837
198 904
198 937
199 335
199 870
199 946
199 988
2 479
2 589
2 833
2 971
20 448
20 648
20 938
20 965
200 264
200 567
200 773
200 914
201 401
201 763
201 769
201 968
202 260
202 863
202 921
202 993
203 705
203 860
203 861
203 993
204 818
204 889
204 950
204 962
205 117
205 195
205 795
205 962
206 1000
206 26
206 537
206 582
207 838
207 863
207 987
207 992
208 785
208 875
208 942
208 948
209 107
209 47
209 876
209 989
21 596
21 682
21 737
21 742
210 240
210 609
210 971
210 999
211 370
211 380
211 40
211 811
212 556
212 791
212 859
212 983
213 125
213 569
213 865
213 891
214 850
214 918
214 955
214 968
215 571
215 789
215 888
215 903
216 649
216 795
216 962
216 999
217 444
217 934
217 976
217 990
218 759
218 825
218 948
218 964
219 131
219 772
219 961
219 993
22 780
22 819
22 971
22 986
220 325
220 621
220 798
220 994
221 915
221 936
221 937
221 999
222 658
222 672
222 912
222 945
223 63
223 947
223 953
223 995
224 897
224 929
224 931
224 999
225 427
225 969
225 986
225 995
226 630
226 894
226 939
226 964
227 147
227 28
227 897
227 968
228 418
228 687
228 713
228 939
229 354
229 699
229 896
229 921
23 242
23 25
23 524
23 548
230 123
230 655
230 823
230 990
231 390
231 605
231 716
231 928
232 176
232 470
232 921
232 993
233 306
233 349
233 654
233 687
234 1000
234 816
234 952
234 968
235 656
235 915
235 937
235 991
236 695
236 764
236 944
236 985
237 170
237 661
237 736
237 738
238 1000
238 102
238 25
238 987
239 885
239 944
239 985
239 987
24 909
24 919
24 960
24 970
240 1000
240 210
240 711
240 961
241 520
241 639
241 884
241 961
242 196
242 23
242 566
242 613
243 617
243 665
243 786
243 973
243 978
244 571
244 638
244 965
244 991
244 996
245 1000
245 400
245 864
245 936
245 988
246 176
246 182
246 510
246 844
246 990
247 1000
247 758
247 796
247 868
247 877
248 895
248 900
248 930
248 982
248 994
249 40
249 676
249 882
249 986
249 995
25 23
25 238
25 439
25 999
250 712
250 766
250 827
250 902
250 931
251 535
251 624
251 788
251 922
251 992
252 736
252 840
252 880
252 972
252 993
253 306
253 573
253 625
253 785
253 957
254 164
254 529
254 604
254 692
254 823
255 415
255 419
255 942
255 946
255 978
256 871
256 915
256 934
256 937
256 967
257 338
257 842
257 877
257 915
257 937
258 368
258 586
258 600
258 601
258 969
259 481
259 571
259 638
259 690
259 869
26 206
26 466
26 843
26 923
260 202
260 601
260 637
260 796
260 961
261 1000
261 329
261 917
261 952
261 988
262 415
262 494
262 679
262 722
262 918
263 347
263 524
263 643
263 701
263 927
264 200
264 512
264 835
264 870
264 974
265 646
265 903
265 951
265 959
265 971
266 758
266 760
266 848
266 905
266 957
267 626
267 735
267 831
267 927
267 970
268 808
268 884
268 915
268 93
268 961
269 17
269 467
269 750
269 760
269 991
27 1000
27 641
27 936
27 988
270 149
270 701
270 846
270 866
270 989
271 333
271 602
271 812
271 821
271 960
272 734
272 778
272 888
272 909
272 998
273 623
273 663
273 832
273 838
273 954
274 811
274 813
274 965
274 997
274 999
275 611
275 944
275 959
275 980
275 987
276 690
276 863
276 883
276 956
276 987
277 161
277 514
277 679
277 799
277 948
278 304
278 635
278 780
278 960
278 979
279 302
279 619
279 889
279 969
279 987
28 227
28 916
28 954
28 975
280 391
280 754
280 924
280 933
280 983
281 866
281 929
281 935
281 979
281 989
282 314
282 873
282 925
282 943
282 955
283 552
283 575
283 742
283 850
283 990
284 747
284 839
284 921
284 929
284 992
285 176
285 383
285 409
285 820
285 997
286 576
286 653
286 82
286 921
286 989
287 307
287 429
287 785
287 815
287 992
288 308
288 860
288 921
288 932
288 993
289 312
289 451
289 712
289 850
289 93
29 788
29 855
29 880
29 954
290 748
290 868
290 906
290 954
290 978
291 381
291 575
291 752
291 958
291 966
292 12
292 508
292 538
292 847
292 880
293 596
293 715
293 782
293 847
293 956
294 181
294 506
294 68
294 710
294 904
295 10
295 712
295 903
295 982
295 984
296 844
296 852
296 853
296 863
296 986
297 736
297 840
297 889
297 936
297 963
298 695
298 905
298 913
298 933
298 998
299 152
299 381
299 718
299 898
299 998
3 378
3 727
3 988
3 991
30 631
30 890
30 954
30 969
300 866
300 944
300 985
300 987
300 989
301 612
301 701
301 753
301 866
301 989
302 279
302 690
302 721
302 897
302 916
303 691
303 878
303 884
303 930
303 961
304 278
304 462
304 651
304 914
304 979
305 149
305 927
305 964
305 967
305 977
306 233
306 253
306 717
306 744
306 944
307 188
307 287
307 677
307 713
307 811
308 288
308 668
308 811
308 994
308 997
309 729
309 761
309 841
309 918
309 999
31 457
31 665
31 942
31 978
310 748
310 883
310 891
310 957
310 987
311 149
311 659
311 803
311 826
311 945
312 289
312 902
312 931
312 951
312 978
313 735
313 815
313 887
313 894
313 957
314 282
314 373
314 769
314 891
314 985
315 543
315 627
315 915
315 934
315 937
316 337
316 601
316 801
316 956
316 959
317 864
317 926
317 958
317 980
317 996
318 808
318 892
318 936
318 943
318 949
319 771
319 839
319 896
319 921
319 997
32 784
32 946
32 948
32 994
320 187
320 345
320 766
320 961
320 979
321 864
321 869
321 938
321 980
321 996
322 169
322 749
322 934
322 976
322 990
323 630
323 837
323 956
323 986
323 999
324 757
324 782
324 908
324 911
324 928
325 220
325 552
325 952
325 953
325 973
326 870
326 884
326 905
326 963
326 974
327 539
327 634
327 644
327 810
327 987
328 178
328 51
328 819
328 990
328 992
329 261
329 862
329 919
329 970
329 991
33 372
33 876
33 898
33 928
330 192
330 725
330 766
330 861
330 972
331 806
331 861
331 862
331 886
331 999
332 362
332 551
332 863
332 959
332 987
333 271
333 400
333 488
333 66
333 761
334 892
334 937
334 958
334 989
334 996
335 199
335 705
335 908
335 991
335 992
336 121
336 374
336 938
336 939
336 958
337 316
337 601
337 625
337 678
337 743
338 184
338 257
338 701
338 855
338 959
339 342
339 882
339 969
339 986
339 995
34 769
34 926
34 948
34 994
340 519
340 776
340 944
340 981
340 994
341 127
341 564
341 802
341 846
341 954
342 339
342 845
342 922
342 953
342 954
343 463
343 894
343 904
343 957
343 979
344 489
344 660
344 808
344 876
344 900
345 191
345 320
345 577
345 921
345 923
346 348
346 672
346 849
346 902
346 987
347 263
347 451
347 524
347 577
347 987
348 346
348 366
348 47
348 652
348 876
349 233
349 907
349 926
349 989
349 993
35 513
35 602
35 812
35 965
350 688
350 885
350 970
350 985
350 990
351 438
351 482
351 839
351 957
351 997
352 550
352 553
352 908
352 928
352 979
353 100
353 140
353 873
353 898
353 976
354 229
354 364
354 944
354 969
354 984
355 6
355 682
355 713
355 812
355 946
356 511
356 674
356 786
356 967
356 999
357 467
357 559
357 681
357 934
357 990
358 486
358 528
358 702
358 773
358 9
359 101
359 739
359 829
359 857
359 953
36 197
36 43
36 763
36 924
360 655
360 747
360 899
360 964
360 986
361 534
361 806
361 819
361 955
361 997
362 332
362 408
362 679
362 841
362 987
363 652
363 728
363 876
363 945
363 973
364 101
364 354
364 693
364 818
364 957
365 828
365 889
365 909
365 932
365 984
366 348
366 491
366 551
366 648
366 95
367 178
367 542
367 762
367 804
367 841
368 258
368 460
368 600
368 869
368 98
369 491
369 555
369 700
369 823
369 977
37 132
37 910
37 946
37 998
370 211
370 372
370 572
370 876
370 990
371 897
371 945
371 973
371 981
371 985
372 33
372 370
372 955
372 985
372 991
373 314
373 594
373 867
373 922
373 982
374 336
374 410
374 484
374 78
374 939
375 477
375 746
375 834
375 879
375 938
376 823
376 835
376 857
376 973
376 976
377 621
377 713
377 799
377 858
377 923
378 3
378 672
378 712
378 902
378 931
379 745
379 778
379 857
379 898
379 995
38 536
38 694
38 932
38 939
380 211
380 485
380 581
380 752
380 992
381 291
381 299
381 703
381 733
381 734
382 491
382 814
382 927
382 990
382 991
383 285
383 631
383 832
383 890
383 954
384 456
384 65
384 70
384 896
384 975
385 623
385 781
385 817
385 964
385 971
386 611
386 839
386 913
386 997
386 998
387 124
387 578
387 898
387 904
387 910
388 653
388 846
388 866
388 989
388 994
389 450
389 735
389 829
389 894
389 972
39 130
39 502
39 973
39 984
390 231
390 429
390 502
390 740
390 854
391 280
391 880
391 969
391 986
391 995
392 685
392 691
392 858
392 981
392 992
393 700
393 756
393 920
393 930
393 958
394 529
394 547
394 600
394 692
394 945
395 670
395 862
395 906
395 930
395 938
396 772
396 927
396 931
396 936
396 963
397 448
397 704
397 737
397 959
397 990
398 861
398 871
398 893
398 973
398 998
399 191
399 545
399 546
399 630
399 893
4 121
4 460
4 651
4 802
40 211
40 249
40 969
40 987
400 245
400 333
400 805
400 873
400 919
401 201
401 536
401 930
401 938
401 939
401 993
402 678
402 761
402 765
402 856
402 907
402 989
403 71
403 801
403 909
403 922
403 961
403 995
404 878
404 883
404 884
404 893
404 935
404 988
405 527
405 589
405 724
405 863
405 935
405 987
406 759
406 798
406 875
406 948
406 985
406 994
407 429
407 789
407 838
407 888
407 962
407 965
408 362
408 467
408 64
408 675
408 976
408 990
409 285
409 887
409 924
409 933
409 947
409 983
41 936
41 970
41 980
41 991
410 374
410 501
410 753
410 883
410 929
410 935
411 439
411 620
411 725
411 750
411 873
411 943
412 437
412 743
412 895
412 973
412 981
412 992
413 184
413 533
413 864
413 980
413 996
413 999
414 118
414 811
414 833
414 865
414 869
414 984
415 255
415 262
415 872
415 880
415 932
415 982
416 593
416 642
416 820
416 950
416 996
416 997
417 70
417 763
417 82
417 944
417 950
417 985
418 228
418 747
418 883
418 929
418 935
418 959
419 255
419 636
419 684
419 887
419 913
419 986
42 167
42 655
42 874
42 985
420 697
420 850
420 867
420 931
420 955
420 985
421 640
421 756
421 817
421 818
421 920
421 989
422 433
422 568
422 708
422 839
422 894
422 997
423 61
423 656
423 915
423 934
423 937
423 989
424 858
424 859
424 936
424 964
424 971
424 993
425 706
425 838
425 848
425 85
425 877
425 969
426 549
426 850
426 893
426 931
426 941
426 981
427 225
427 578
427 617
427 705
427 849
427 966
428 828
428 883
428 912
428 929
428 940
428 967
429 287
429 390
429 407
429 455
429 807
429 992
43 36
43 548
43 70
43 788
430 146
430 661
430 74
430 87
430 95
430 991
431 810
431 864
431 893
431 911
431 977
432 137
432 549
432 709
432 795
432 928
432 968
433 422
433 658
433 859
433 964
433 971
433 993
434 623
434 733
434 895
434 902
434 948
434 981
435 753
435 800
435 936
435 949
435 963
435 999
436 508
436 534
436 665
436 791
436 946
436 978
437 412
437 597
437 635
437 965
437 984
437 996
438 351
438 723
438 834
438 844
438 852
438 853
439 25
439 411
439 468
439 620
439 725
439 982
44 613
44 788
44 838
44 98
440 145
440 546
440 630
440 763
440 961
440 985
441 717
441 752
441 787
441 863
441 881
441 966
442 882
442 900
442 945
442 980
442 982
442 994
443 739
443 810
443 893
443 902
443 911
443 977
444 217
444 493
444 874
444 983
444 986
444 995
445 884
445 892
445 961
445 983
445 986
445 995
446 590
446 663
446 770
446 910
446 918
446 966
447 622
447 745
447 878
447 887
447 901
447 983
448 20
448 397
448 737
448 924
448 950
448 965
449 569
449 719
449 802
449 835
449 951
449 976
45 66
45 769
45 955
45 968
450 389
450 695
450 913
450 972
450 985
450 998
451 289
451 347
451 524
451 558
451 735
451 927
452 528
452 697
452 702
452 722
452 885
452 914
453 496
453 64
453 646
453 7
453 719
453 959
454 686
454 708
454 786
454 839
454 972
454 997
455 429
455 615
455 803
455 883
455 906
455 929
456 384
456 48
456 769
456 920
456 955
456 975
457 31
457 730
457 845
457 922
457 979
457 995
458 82
458 886
458 890
458 941
458 970
458 991
459 482
459 603
459 624
459 836
459 870
459 932
46 503
46 764
46 971
46 986
460 1000
460 368
460 4
460 766
460 869
460 979
461 646
461 812
461 875
461 948
461 959
461 994
462 304
462 539
462 636
462 651
462 771
462 979
463 343
463 636
463 645
463 79
463 861
463 980
464 619
464 634
464 837
464 874
464 879
464 889
465 14
465 495
465 716
465 836
465 943
465 999
466 26
466 804
466 904
466 914
466 980
466 985
467 1000
467 269
467 357
467 408
467 976
467 990
468 439
468 620
468 836
468 866
468 927
468 943
469 511
469 628
469 726
469 932
469 966
469 967
47 209
47 348
47 876
47 976
470 147
470 232
470 506
470 812
470 897
470 904
471 1000
471 912
471 941
471 956
471 986
471 988
472 670
472 758
472 829
472 848
472 975
472 985
473 530
473 629
473 730
473 781
473 971
473 993
474 789
474 915
474 917
474 934
474 937
474 982
475 654
475 707
475 916
475 946
475 969
475 978
476 129
476 832
476 868
476 881
476 887
476 92
477 154
477 375
477 536
477 938
477 949
477 978
478 608
478 844
478 853
478 936
478 949
478 990
479 2
479 533
479 591
479 615
479 809
479 833
48 456
48 621
48 858
48 873
480 707
480 885
480 912
480 931
480 955
480 999
481 122
481 259
481 510
481 593
481 650
481 743
482 351
482 459
482 50
482 720
482 786
482 997
483 740
483 765
483 836
483 867
483 941
483 960
484 1000
484 374
484 583
484 921
484 988
484 997
485 380
485 489
485 562
485 607
485 693
485 972
486 358
486 618
486 816
486 825
486 888
486 946
487 950
487 970
487 980
487 989
487 991
487 996
488 1000
488 333
488 57
488 626
488 988
488 999
489 344
489 485
489 705
489 876
489 895
489 927
49 51
49 585
49 840
49 995
490 610
490 889
490 896
490 949
490 963
490 987
491 366
491 369
491 382
491 648
491 810
491 990
492 1000
492 191
492 795
492 867
492 988
492 993
493 444
493 617
493 698
493 858
493 895
493 992
494 262
494 732
494 792
494 923
494 946
494 998
495 465
495 544
495 580
495 725
495 81
495 854
496 453
496 783
496 881
496 944
496 954
496 985
497 642
497 758
497 831
497 835
497 903
497 925
498 658
498 818
498 886
498 897
498 941
498 981
499 659
499 671
499 845
499 930
499 939
499 944
499 985
5 761
5 960
5 964
5 975
50 482
50 533
50 590
50 999
500 189
500 727
500 952
500 970
500 971
500 984
500 991
501 410
501 508
501 739
501 747
501 794
501 799
501 929
502 107
502 39
502 390
502 663
502 715
502 740
502 928
503 46
503 657
503 826
503 891
503 909
503 964
503 971
504 182
504 65
504 865
504 899
504 956
504 998
505 718
505 809
505 887
505 901
505 924
505 933
505 983
506 144
506 294
506 470
506 710
506 829
506 848
506 857
507 695
507 826
507 868
507 913
507 961
507 979
507 998
508 292
508 436
508 501
508 618
508 883
508 929
508 987
509 584
509 598
509 747
509 883
509 896
509 929
509 944
51 328
51 49
51 721
51 994
510 160
510 246
510 481
510 571
510 717
510 743
510 869
511 1000
511 356
511 469
511 699
511 828
511 967
511 984
512 264
512 545
512 835
512 865
512 908
512 951
512 976
513 148
513 35
513 748
513 760
513 812
513 902
513 987
514 277
514 858
514 869
514 892
514 923
514 930
514 939
515 168
515 532
515 61
515 686
515 813
515 986
515 997
516 634
516 707
516 718
516 775
516 833
516 847
516 987
517 532
517 931
517 952
517 967
517 970
517 982
517 989
518 534
518 709
518 878
518 926
518 942
518 948
518 994
519 340
519 582
519 741
519 886
519 916
519 941
519 981
52 1000
52 150
52 899
52 988
520 241
520 877
520 878
520 884
520 947
520 961
520 973
521 58
521 602
521 687
521 691
521 714
521 831
521 91
522 759
522 779
522 795
522 821
522 950
522 962
522 996
523 559
523 679
523 807
523 896
523 965
523 981
523 997
524 23
524 263
524 347
524 451
524 735
524 836
524 962
525 1000
525 553
525 824
525 899
525 907
525 917
525 988
526 129
526 172
526 773
526 823
526 951
526 954
526 976
527 405
527 89
527 924
527 970
527 984
527 987
527 991
528 358
528 452
528 697
528 936
528 953
528 955
528 975
529 108
529 254
529 394
529 668
529 687
529 692
529 997
53 876
53 894
53 950
53 981
530 473
530 711
530 866
530 904
530 927
530 977
530 989
531 1000
531 581
531 857
531 922
531 925
531 979
531 995
532 174
532 515
532 517
532 558
532 585
532 686
532 997
533 117
533 413
533 479
533 50
533 661
533 940
533 999
534 361
534 436
534 518
534 653
534 697
534 975
534 978
535 251
535 57
535 790
535 804
535 871
535 918
535 966
536 38
536 401
536 477
536 816
536 848
536 879
536 938
537 206
537 56
537 907
537 951
537 975
537 989
538 292
538 543
538 711
538 830
538 854
538 970
538 991
539 327
539 462
539 869
539 878
539 884
539 961
539 987
54 691
54 907
54 975
54 989
540 109
540 775
540 814
540 877
540 884
540 963
540 998
541 671
541 807
541 850
541 853
541 933
541 976
541 984
542 367
542 627
542 633
542 637
542 886
542 941
542 981
543 315
543 538
543 845
543 922
543 953
543 974
543 979
544 495
544 667
544 682
544 81
544 851
544 861
544 943
545 399
545 512
545 683
545 825
545 884
545 888
545 928
546 399
546 440
546 548
546 677
546 763
546 82
546 971
547 394
547 889
547 921
547 940
547 969
547 977
547 992
548 23
548 43
548 546
548 762
548 763
548 964
548 971
549 426
549 432
549 602
549 812
549 829
549 959
549 963
55 756
55 811
55 818
55 985
550 352
550 901
550 924
550 933
550 972
550 974
550 983
551 15
551 332
551 366
551 834
551 865
551 870
551 934
552 283
552 325
552 857
552 887
552 949
552 983
552 992
553 352
553 525
553 862
553 925
553 979
553 980
553 999
554 680
554 727
554 960
554 970
554 977
554 990
554 991
555 369
555 688
555 785
555 828
555 852
555 874
555 932
556 212
556 680
556 924
556 933
556 949
556 954
556 978
557 673
557 820
557 950
557 957
557 962
557 987
557 996
558 451
558 532
558 668
558 813
558 815
558 926
558 997
559 145
559 357
559 523
559 749
559 928
559 934
559 990
56 537
56 918
56 966
56 998
560 671
560 872
560 907
560 951
560 975
560 976
560 989
561 757
561 820
561 851
561 927
561 93
561 965
561 997
562 1000
562 485
562 583
562 729
562 78
562 805
562 912
563 595
563 624
563 833
563 864
563 984
563 987
563 996
564 341
564 675
564 745
564 827
564 976
564 990
564 999
565 196
565 822
565 919
565 959
565 970
565 986
565 991
566 242
566 762
566 821
566 887
566 965
566 970
566 983
567 200
567 706
567 83
567 858
567 877
567 908
567 918
568 422
568 812
568 862
568 912
568 931
568 940
568 999
569 213
569 449
569 590
569 736
569 823
569 923
569 951
57 488
57 535
57 650
57 910
570 188
570 625
570 726
570 786
570 894
570 946
570 947
571 19
571 215
571 244
571 259
571 510
571 638
571 837
572 370
572 652
572 694
572 720
572 857
572 941
572 963
573 253
573 710
573 904
573 947
573 949
573 953
573 988
574 707
574 84
574 872
574 907
574 951
574 975
574 989
575 283
575 291
575 787
575 846
575 889
575 935
575 955
575 966
576 188
576 286
576 672
576 699
576 712
576 732
576 931
576 967
577 345
577 347
577 626
577 813
577 86
577 900
577 927
577 941
578 128
578 387
578 427
578 873
578 898
578 900
578 943
578 998
579 607
579 650
579 723
579 734
579 785
579 844
579 852
579 853
58 521
58 876
58 904
58 927
580 132
580 495
580 718
580 745
580 912
580 926
580 956
580 999
581 380
581 531
581 896
581 921
581 961
581 992
581 993
581 996
582 206
582 519
582 670
582 938
582 939
582 960
582 970
582 991
583 138
583 484
583 562
583 891
583 956
583 986
583 990
583 995
584 509
584 693
584 696
584 851
584 860
584 896
584 935
584 940
585 49
585 532
585 863
585 877
585 884
585 961
585 968
585 987
586 167
586 258
586 599
586 655
586 765
586 89
586 895
586 990
587 171
587 640
587 719
587 774
587 808
587 947
587 959
587 978
588 700
588 825
588 909
588 922
588 979
588 982
588 994
588 995
589 113
589 2
589 405
589 695
589 748
589 817
589 913
589 998
59 814
59 836
59 960
59 993
590 446
590 50
590 569
590 663
590 870
590 871
590 930
590 974
591 479
591 671
591 678
591 738
591 809
591 833
591 984
591 992
592 132
592 183
592 636
592 707
592 738
592 840
592 945
592 999
593 416
593 481
593 647
593 717
593 792
593 920
593 978
593 981
594 373
594 837
594 888
594 903
594 904
594 927
594 99
594 996
595 563
595 653
595 699
595 726
595 814
595 967
595 989
595 996
596 21
596 293
596 801
596 820
596 864
596 950
596 962
596 996
597 437
597 809
597 833
597 882
597 897
597 942
597 973
597 984
598 509
598 784
598 834
598 870
598 873
598 911
598 974
599 142
599 586
599 706
599 771
599 930
599 938
599 939
599 958
6 355
6 702
6 812
6 829
60 619
60 647
60 743
60 985
600 258
600 368
600 394
600 601
600 605
600 625
600 743
600 998
601 102
601 258
601 260
601 316
601 337
601 600
601 743
601 756
602 271
602 35
602 521
602 549
602 643
602 829
602 914
602 971
603 187
603 459
603 788
603 880
603 885
603 944
603 985
603 990
604 254
604 687
604 691
604 692
604 714
604 831
604 939
604 953
605 111
605 231
605 600
605 716
605 774
605 908
605 911
605 928
606 674
606 729
606 789
606 857
606 888
606 904
606 911
606 953
607 485
607 579
607 658
607 689
607 797
607 912
607 946
607 978
608 478
608 756
608 818
608 864
608 920
608 943
608 956
608 986
609 210
609 654
609 664
609 698
609 950
609 962
609 980
609 996
61 423
61 515
61 839
61 997
610 490
610 724
610 792
610 81
610 921
610 946
610 958
610 993
611 177
611 275
611 386
611 676
611 754
611 933
611 972
611 980
612 301
612 753
612 842
612 865
612 920
612 936
612 943
612 963
613 159
613 242
613 44
613 693
613 728
613 731
613 740
613 855
614 1000
614 114
614 633
614 872
614 899
614 906
614 984
614 988
615 455
615 479
615 723
615 807
615 817
615 891
615 953
615 994
616 637
616 733
616 776
616 823
616 886
616 935
616 970
616 981
617 243
617 427
617 493
617 829
617 857
617 895
617 917
617 981
618 486
618 508
618 648
618 729
618 768
618 825
618 903
618 982
619 126
619 279
619 464
619 60
619 634
619 863
619 874
619 987
62 684
62 795
62 962
62 965
620 411
620 439
620 468
620 658
620 827
620 844
620 852
620 853
621 220
621 377
621 48
621 773
621 858
621 916
621 918
621 923
622 447
622 767
622 801
622 813
622 828
622 849
622 933
622 983
623 127
623 273
623 385
623 434
623 779
623 802
623 816
623 981
624 251
624 459
624 563
624 728
624 731
624 788
624 921
624 932
625 253
625 337
625 570
625 600
625 655
625 843
625 916
625 936
626 267
626 488
626 577
626 643
626 825
626 865
626 931
626 999
627 315
627 542
627 741
627 915
627 937
627 951
627 967
627 981
628 469
628 683
628 716
628 776
628 831
628 908
628 928
628 992
629 473
629 666
629 784
629 834
629 840
629 870
629 960
629 974
63 223
63 907
63 975
63 989
630 226
630 323
630 399
630 440
630 755
630 779
630 957
630 978
631 30
631 383
631 642
631 689
631 881
631 92
631 939
631 954
632 151
632 719
632 817
632 847
632 853
632 941
632 959
632 996
633 173
633 542
633 614
633 809
633 833
633 899
633 917
633 968
633 984
634 139
634 327
634 464
634 516
634 619
634 648
634 777
634 983
634 987
635 278
635 437
635 637
635 741
635 761
635 836
635 886
635 955
635 960
636 419
636 462
636 463
636 592
636 83
636 836
636 92
636 979
636 983
637 260
637 542
637 616
637 635
637 754
637 886
637 941
637 960
637 981
638 244
638 259
638 571
638 864
638 869
638 879
638 948
638 994
638 999
639 241
639 810
639 846
639 866
639 893
639 911
639 977
639 989
639 999
64 408
64 453
64 959
64 977
640 138
640 421
640 587
640 694
640 756
640 793
640 818
640 920
641 27
641 747
641 770
641 859
641 919
641 964
641 967
641 971
641 991
642 416
642 497
642 631
642 706
642 758
642 848
642 85
642 877
642 942
643 148
643 263
643 602
643 626
643 812
643 829
643 927
643 967
643 997
644 15
644 327
644 664
644 668
644 734
644 785
644 844
644 852
644 853
645 463
645 698
645 725
645 795
645 815
645 861
645 897
645 945
645 973
646 265
646 453
646 461
646 660
646 719
646 748
646 949
646 959
646 979
647 593
647 60
647 684
647 79
647 797
647 807
647 833
647 869
647 872
648 20
648 366
648 491
648 618
648 634
648 769
648 825
648 887
648 990
649 177
649 216
649 777
649 856
649 865
649 868
649 958
649 980
649 996
65 384
65 504
65 726
65 865
650 481
650 57
650 579
650 716
650 892
650 908
650 928
650 936
650 943
651 121
651 187
651 304
651 4
651 462
651 676
651 766
651 895
651 979
652 189
652 348
652 363
652 572
652 720
652 765
652 876
652 951
652 961
653 152
653 286
653 388
653 534
653 595
653 701
653 722
653 866
653 989
654 233
654 475
654 609
654 714
654 831
654 837
654 884
654 894
654 924
655 1000
655 230
655 360
655 42
655 586
655 625
655 899
655 980
655 998
656 11
656 135
656 235
656 423
656 773
656 779
656 910
656 915
656 937
657 503
657 700
657 711
657 754
657 901
657 904
657 927
657 960
657 983
658 222
658 433
658 498
658 607
658 620
658 741
658 886
658 912
658 949
659 311
659 499
659 674
659 870
659 934
659 938
659 939
659 976
659 990
66 333
66 45
66 872
66 980
660 344
660 646
660 719
660 846
660 890
660 893
660 954
660 959
660 978
661 237
661 430
661 533
661 692
661 738
661 858
661 887
661 933
661 972
662 730
662 781
662 859
662 904
662 906
662 964
662 971
662 993
663 173
663 273
663 446
663 502
663 590
663 871
663 931
663 966
663 998
664 609
664 644
664 723
664 734
664 785
664 843
664 844
664 852
664 853
665 243
665 31
665 436
665 681
665 927
665 947
665 972
665 977
665 991
666 629
666 690
666 784
666 801
666 806
666 834
666 870
666 952
666 974
667 14
667 544
667 684
667 725
667 749
667 90
667 925
667 943
667 961
668 308
668 529
668 558
668 644
668 689
668 748
668 826
668 827
668 856
669 738
669 890
669 915
669 923
669 930
669 934
669 937
669 940
669 993
67 720
67 915
67 937
67 973
670 395
670 472
670 582
670 713
670 722
670 753
670 938
670 939
670 958
671 499
671 541
671 560
671 591
671 710
671 809
671 811
671 833
671 984
672 163
672 222
672 346
672 378
672 576
672 712
672 850
672 93
672 931
673 557
673 760
673 795
673 841
673 950
673 962
673 965
673 990
673 997
674 356
674 606
674 659
674 828
674 843
674 894
674 957
674 967
674 995
675 408
675 564
675 796
675 807
675 835
675 890
675 934
675 990
675 992
676 249
676 611
676 651
676 845
676 957
676 966
676 979
676 980
676 995
677 124
677 307
677 546
677 770
677 924
677 938
677 939
677 983
677 985
678 190
678 337
678 402
678 591
678 765
678 836
678 867
678 885
678 960
679 262
679 277
679 362
679 523
679 774
679 858
679 902
679 914
679 918
68 294
68 688
68 866
68 942
680 11
680 163
680 554
680 556
680 695
680 788
680 881
680 913
680 972
680 998
681 357
681 665
681 732
681 776
681 845
681 856
681 942
681 947
681 977
681 978
682 21
682 355
682 544
682 710
682 732
682 739
682 828
682 904
682 920
682 932
683 545
683 628
683 716
683 733
683 758
683 831
683 865
683 908
683 911
683 928
684 419
684 62
684 647
684 667
684 778
684 836
684 861
684 875
684 926
684 948
685 392
685 780
685 782
685 798
685 801
685 851
685 902
685 905
685 942
685 959
686 454
686 515
686 532
686 716
686 832
686 839
686 881
686 952
686 954
686 958
687 228
687 233
687 521
687 529
687 604
687 692
687 714
687 831
687 881
687 994
688 12
688 350
688 555
688 68
688 885
688 944
688 954
688 985
689 607
689 631
689 668
689 802
689 826
689 881
689 900
689 954
689 966
689 973
69 919
69 934
69 970
69 991
690 154
690 259
690 276
690 302
690 666
690 754
690 830
690 862
690 956
690 999
691 303
691 392
691 521
691 54
691 604
691 714
691 721
691 732
691 788
691 972
692 254
692 394
692 529
692 604
692 661
692 687
692 714
692 831
692 941
692 992
693 364
693 485
693 584
693 613
693 792
693 795
693 923
693 946
693 977
693 978
694 38
694 572
694 640
694 771
694 801
694 851
694 900
694 902
694 905
694 959
695 236
695 298
695 450
695 507
695 589
695 680
695 906
695 913
695 942
695 998
696 584
696 704
696 772
696 821
696 880
696 909
696 950
696 962
696 965
696 997
697 420
697 452
697 528
697 534
697 764
697 769
697 855
697 955
697 968
697 971
698 493
698 609
698 645
698 705
698 860
698 895
698 953
698 973
698 981
698 992
699 229
699 511
699 576
699 595
699 762
699 764
699 803
699 828
699 932
699 967
7 453
7 719
7 951
7 959
70 384
70 417
70 43
70 839
700 369
700 393
700 588
700 657
700 749
700 920
700 946
700 949
700 977
700 978
701 136
701 263
701 270
701 301
701 338
701 653
701 715
701 814
701 866
701 989
702 358
702 452
702 6
702 741
702 80
702 914
702 963
702 968
702 975
702 985
703 159
703 381
703 752
703 787
703 855
703 921
703 930
703 932
703 960
703 966
704 186
704 397
704 696
704 750
704 821
704 874
704 880
704 962
704 971
704 996
705 203
705 335
705 427
705 489
705 698
705 832
705 860
705 895
705 915
705 992
706 425
706 567
706 599
706 642
706 859
706 877
706 941
706 964
706 971
706 983
707 475
707 480
707 516
707 574
707 592
707 745
707 826
707 862
707 940
707 999
708 422
708 454
708 809
708 815
708 894
708 944
708 945
708 952
708 965
708 973
709 1000
709 432
709 518
709 899
709 901
709 924
709 982
709 983
709 988
709 992
71 403
71 837
71 891
71 909
710 294
710 506
710 573
710 671
710 682
710 739
710 829
710 848
710 915
710 953
711 198
711 240
711 530
711 538
711 657
711 772
711 776
711 837
711 856
711 927
712 250
712 289
712 295
712 378
712 576
712 672
712 826
712 827
712 861
712 902
713 228
713 307
713 355
713 377
713 670
713 764
713 879
713 938
713 939
713 958
714 137
714 521
714 604
714 654
714 687
714 691
714 692
714 776
714 831
714 931
715 107
715 293
715 502
715 701
715 718
715 740
715 742
715 814
715 847
715 850
715 854
716 231
716 465
716 605
716 628
716 650
716 683
716 686
716 777
716 908
716 928
716 956
717 172
717 306
717 441
717 510
717 593
717 731
717 743
717 752
717 787
717 869
717 966
718 109
718 299
718 505
718 516
718 580
718 715
718 778
718 854
718 873
718 910
718 978
719 171
719 449
719 453
719 587
719 632
719 646
719 660
719 7
719 729
719 749
719 959
72 893
72 927
72 977
72 986
720 127
720 165
720 482
720 572
720 652
720 67
720 875
720 876
720 948
720 994
720 995
721 134
721 302
721 51
721 691
721 728
721 731
721 780
721 855
721 928
721 957
721 972
722 262
722 452
722 653
722 670
722 738
722 938
722 940
722 956
722 958
722 982
722 999
723 438
723 579
723 615
723 664
723 734
723 785
723 828
723 844
723 852
723 853
723 997
724 175
724 405
724 610
724 747
724 756
724 883
724 889
724 897
724 929
724 969
724 987
725 153
725 330
725 411
725 439
725 495
725 645
725 667
725 899
725 930
725 943
725 961
726 149
726 469
726 570
726 595
726 65
726 786
726 803
726 821
726 932
726 955
726 967
727 125
727 3
727 500
727 554
727 755
727 848
727 854
727 919
727 967
727 970
727 991
728 363
728 613
728 624
728 721
728 780
728 788
728 855
728 879
728 880
728 913
728 972
729 309
729 562
729 606
729 618
729 719
729 888
729 924
729 933
729 972
729 982
729 983
73 875
73 882
73 986
73 995
730 105
730 457
730 473
730 662
730 765
730 781
730 859
730 964
730 971
730 993
731 613
731 624
731 717
731 721
731 787
731 838
731 855
731 859
731 964
731 971
731 993
732 166
732 494
732 576
732 681
732 682
732 691
732 776
732 899
732 946
732 949
732 977
733 133
733 381
733 434
733 616
733 683
733 752
733 765
733 895
733 966
733 973
733 992
734 272
734 381
734 579
734 644
734 664
734 723
734 785
734 844
734 852
734 853
734 883
735 267
735 313
735 389
735 451
735 524
735 804
735 868
735 894
735 927
735 957
735 987
736 237
736 252
736 297
736 569
736 825
736 840
736 903
736 951
736 971
736 976
736 988
737 126
737 21
737 397
737 448
737 744
737 810
737 893
737 894
737 911
737 977
737 998
738 237
738 591
738 592
738 661
738 669
738 722
738 840
738 930
738 938
738 939
738 954
739 18
739 359
739 443
739 501
739 682
739 710
739 868
739 901
739 912
739 933
739 983
74 131
74 430
74 840
74 984
740 1
740 390
740 483
740 502
740 613
740 715
740 761
740 796
740 814
740 960
740 984
741 170
741 519
741 627
741 635
741 658
741 702
741 886
741 941
741 965
741 968
741 981
742 165
742 21
742 283
742 715
742 759
742 781
742 911
742 964
742 971
742 990
742 993
743 337
743 412
743 481
743 510
743 60
743 600
743 601
743 717
743 805
743 880
743 916
744 186
744 306
744 737
744 775
744 874
744 889
744 924
744 944
744 969
744 980
744 987
745 379
745 447
745 564
745 580
745 707
745 830
745 916
745 931
745 956
745 989
745 999
746 375
746 836
746 838
746 897
746 931
746 938
746 939
746 940
746 958
746 960
746 999
747 284
747 360
747 418
747 501
747 509
747 641
747 724
747 762
747 883
747 919
747 929
747 935
748 290
748 310
748 513
748 589
748 646
748 668
748 808
748 900
748 945
748 963
748 982
748 994
749 145
749 160
749 322
749 559
749 667
749 700
749 719
749 796
749 807
749 875
749 976
749 990
75 751
75 893
75 977
75 986
750 269
750 411
750 704
750 8
750 880
750 881
750 922
750 950
750 962
750 965
750 996
750 997
751 75
751 757
751 854
751 863
751 889
751 910
751 936
751 966
751 969
751 974
751 987
751 998
752 103
752 189
752 291
752 380
752 441
752 703
752 717
752 733
752 766
752 902
752 966
752 968
753 301
753 410
753 435
753 612
753 670
753 824
753 892
753 936
753 943
753 949
753 963
753 968
754 280
754 611
754 637
754 657
754 690
754 852
754 887
754 901
754 924
754 933
754 972
754 983
755 630
755 727
755 816
755 875
755 942
755 948
755 952
755 970
755 977
755 991
755 994
755 998
756 141
756 185
756 393
756 421
756 55
756 601
756 608
756 640
756 724
756 793
756 818
756 920
757 324
757 561
757 751
757 764
757 792
757 845
757 888
757 909
757 922
757 974
757 979
757 995
758 247
758 266
758 472
758 497
758 642
758 683
758 848
758 85
758 867
758 876
758 877
758 947
759 118
759 218
759 406
759 522
759 742
759 875
759 878
759 899
759 926
759 942
759 948
759 994
76 870
76 887
76 974
76 977
760 19
760 266
760 269
760 513
760 673
760 782
760 851
760 912
760 962
760 965
760 985
760 997
761 309
761 333
761 402
761 5
761 635
761 740
761 765
761 836
761 867
761 885
761 932
761 960
762 367
762 548
762 566
762 699
762 747
762 764
762 792
762 883
762 891
762 909
762 929
762 935
763 175
763 178
763 201
763 36
763 417
763 440
763 546
763 548
763 794
763 804
763 826
763 841
764 195
764 236
764 46
764 697
764 699
764 713
764 757
764 762
764 792
764 891
764 909
764 935
765 402
765 483
765 586
765 652
765 678
765 730
765 733
765 761
765 867
765 895
765 960
765 992
766 250
766 320
766 330
766 460
766 651
766 752
766 781
766 907
766 964
766 971
766 979
766 993
767 622
767 818
767 856
767 868
767 896
767 902
767 905
767 945
767 957
767 963
767 967
767 982
768 618
768 856
768 860
768 868
768 892
768 900
768 957
768 968
768 973
768 976
768 981
768 992
769 156
769 201
769 314
769 34
769 45
769 456
769 648
769 697
769 872
769 943
769 955
769 968
77 1000
77 905
77 986
77 988
770 143
770 446
770 641
770 677
770 783
770 815
770 919
770 925
770 952
770 970
770 984
770 991
771 150
771 319
771 462
771 599
771 694
771 782
771 801
771 879
771 914
771 930
771 939
771 963
772 219
772 396
772 696
772 711
772 811
772 837
772 904
772 919
772 921
772 927
772 973
772 992
773 146
773 200
773 358
773 526
773 621
773 656
773 796
773 799
773 905
773 914
773 923
773 938
774 587
774 605
774 679
774 808
774 831
774 875
774 882
774 908
774 916
774 928
774 956
774 986
775 107
775 516
775 540
775 744
775 822
775 854
775 905
775 913
775 918
775 956
775 986
775 991
776 340
776 616
776 628
776 681
776 711
776 714
776 732
776 886
776 946
776 965
776 978
776 981
777 634
777 649
777 716
777 788
777 817
777 856
777 86
777 885
777 898
777 908
777 911
777 926
777 928
778 136
778 272
778 379
778 684
778 718
778 793
778 804
778 842
778 871
778 910
778 938
778 966
778 998
779 16
779 522
779 623
779 630
779 656
779 793
779 843
779 87
779 915
779 937
779 944
779 959
779 980
78 174
78 374
78 562
78 805
780 22
780 278
780 685
780 721
780 728
780 782
780 790
780 853
780 855
780 932
780 969
780 972
780 986
781 123
781 385
781 473
781 662
781 730
781 742
781 766
781 859
781 871
781 948
781 964
781 971
781 993
782 181
782 293
782 324
782 685
782 760
782 771
782 780
782 849
782 851
782 875
782 905
782 959
782 963
783 120
783 123
783 496
783 770
783 805
783 808
783 835
783 900
783 967
783 970
783 984
783 991
783 994
784 133
784 32
784 598
784 629
784 666
784 806
784 834
784 840
784 870
784 944
784 968
784 974
785 208
785 253
785 287
785 555
785 579
785 644
785 664
785 723
785 734
785 844
785 852
785 853
785 969
786 10
786 243
786 356
786 454
786 482
786 570
786 726
786 828
786 839
786 911
786 918
786 945
786 997
787 1000
787 125
787 441
787 575
787 703
787 717
787 731
787 806
787 917
787 925
787 966
787 986
787 988
788 251
788 29
788 43
788 44
788 603
788 624
788 680
788 691
788 728
788 777
788 870
788 989
788 998
789 161
789 177
789 215
789 407
789 474
789 606
789 825
789 888
789 893
789 909
789 925
789 965
789 982
79 463
79 647
79 858
79 873
790 535
790 780
790 822
790 847
790 869
790 882
790 913
790 916
790 95
790 960
790 986
790 994
790 995
791 1000
791 159
791 212
791 436
791 813
791 824
791 906
791 917
791 942
791 946
791 947
791 978
791 988
792 185
792 494
792 593
792 610
792 693
792 757
792 762
792 764
792 806
792 891
792 937
792 940
792 959
793 640
793 756
793 778
793 779
793 799
793 818
793 878
793 892
793 915
793 920
793 934
793 937
794 501
794 763
794 861
794 883
794 887
794 890
794 924
794 929
794 933
794 935
794 966
794 972
794 983
795 205
795 216
795 432
795 492
795 522
795 62
795 645
795 673
795 693
795 962
795 965
795 996
795 997
796 247
796 260
796 675
796 740
796 749
796 773
796 798
796 801
796 807
796 819
796 851
796 976
796 988
797 607
797 647
797 799
797 858
797 864
797 872
797 923
797 958
797 977
797 980
797 993
797 996
797 999
798 157
798 181
798 184
798 220
798 406
798 685
798 796
798 849
798 851
798 902
798 963
798 972
798 981
799 194
799 277
799 377
799 501
799 773
799 793
799 797
799 841
799 858
799 872
799 873
799 914
799 981
8 1
8 750
8 944
8 965
80 702
80 955
80 968
80 975
800 435
800 821
800 859
800 864
800 876
800 948
800 950
800 964
800 965
800 971
800 993
800 996
800 997
801 316
801 403
801 596
801 622
801 666
801 685
801 694
801 771
801 796
801 851
801 905
801 933
801 959
801 995
802 1000
802 113
802 341
802 4
802 449
802 623
802 689
802 814
802 832
802 838
802 881
802 883
802 890
802 954
803 311
803 455
803 699
803 726
803 828
803 866
803 871
803 873
803 898
803 918
803 932
803 957
803 992
803 998
804 197
804 367
804 466
804 535
804 735
804 763
804 778
804 841
804 859
804 901
804 910
804 966
804 97
804 998
805 108
805 175
805 193
805 400
805 562
805 743
805 78
805 783
805 886
805 907
805 912
805 951
805 975
805 989
806 1000
806 331
806 361
806 666
806 784
806 787
806 792
806 834
806 870
806 884
806 917
806 952
806 974
806 988
807 429
807 523
807 541
807 615
807 647
807 675
807 749
807 796
807 888
807 934
807 953
807 988
807 996
807 999
808 268
808 318
808 344
808 587
808 748
808 774
808 783
808 942
808 946
808 967
808 977
808 978
808 983
808 994
809 167
809 479
809 505
809 591
809 597
809 633
809 671
809 708
809 833
809 862
809 897
809 945
809 973
809 980
81 495
81 544
81 610
81 982
810 106
810 327
810 431
810 443
810 491
810 639
810 737
810 893
810 904
810 911
810 918
810 94
810 977
811 118
811 211
811 274
811 307
811 308
811 414
811 55
811 671
811 772
811 833
811 896
811 934
811 949
811 984
811 993
812 147
812 271
812 35
812 355
812 461
812 470
812 513
812 549
812 568
812 6
812 643
812 829
812 971
812 975
812 976
813 150
813 274
813 515
813 558
813 577
813 622
813 791
813 835
813 839
813 922
813 953
813 974
813 979
813 995
813 997
814 382
814 540
814 59
814 595
814 701
814 715
814 740
814 802
814 833
814 846
814 847
814 854
814 866
814 989
814 992
815 101
815 287
815 313
815 558
815 645
815 708
815 770
815 843
815 894
815 897
815 934
815 944
815 945
815 948
815 973
816 234
816 486
816 536
816 623
816 755
816 857
816 895
816 920
816 949
816 970
816 973
816 977
816 978
816 992
816 998
817 144
817 180
817 385
817 421
817 589
817 615
817 632
817 777
817 826
817 879
817 930
817 945
817 974
817 982
817 994
818 156
818 177
818 185
818 204
818 364
818 421
818 498
818 55
818 608
818 640
818 756
818 767
818 793
818 835
818 920
819 160
819 22
819 328
819 361
819 796
819 834
819 873
819 950
819 959
819 962
819 976
819 99
819 990
819 996
819 997
82 286
82 417
82 458
82 546
820 116
820 285
820 416
820 557
820 561
820 596
820 821
820 892
820 920
820 945
820 950
820 962
820 965
820 996
820 997
821 271
821 522
821 566
821 696
821 704
821 726
821 800
821 820
821 867
821 870
821 920
821 950
821 962
821 996
821 997
822 185
822 565
822 775
822 790
822 847
822 869
822 882
822 901
822 916
822 956
822 969
822 976
822 981
822 986
822 995
823 130
823 188
823 230
823 254
823 369
823 376
823 526
823 569
823 616
823 824
823 835
823 865
823 903
823 951
823 976
824 164
824 525
824 753
824 791
824 823
824 855
824 899
824 917
824 936
824 943
824 949
824 962
824 963
824 968
824 988
825 141
825 218
825 486
825 545
825 588
825 618
825 626
825 648
825 736
825 789
825 888
825 903
825 909
825 982
825 990
826 144
826 311
826 503
826 507
826 668
826 689
826 707
826 712
826 763
826 817
826 868
826 926
826 930
826 941
826 975
826 994
827 250
827 564
827 620
827 668
827 712
827 850
827 902
827 922
827 923
827 931
827 943
827 947
827 953
827 974
827 979
827 995
828 10
828 14
828 365
828 428
828 511
828 555
828 622
828 674
828 682
828 699
828 723
828 786
828 803
828 932
828 959
828 967
829 148
829 359
829 389
829 472
829 506
829 549
829 6
829 602
829 617
829 643
829 710
829 812
829 904
829 953
829 974
829 993
83 567
83 636
83 937
83 979
830 538
830 690
830 745
830 862
830 916
830 918
830 919
830 925
830 936
830 949
830 956
830 964
830 967
830 984
830 991
830 999
831 267
831 497
831 521
831 604
831 628
831 654
831 683
831 687
831 692
831 714
831 774
831 834
831 878
831 908
831 928
831 939
832 273
832 383
832 476
832 686
832 705
832 802
832 838
832 881
832 890
832 901
832 906
832 92
832 950
832 954
832 963
832 974
833 2
833 414
833 479
833 516
833 563
833 591
833 597
833 633
833 647
833 671
833 809
833 811
833 814
833 849
833 928
833 984
834 375
834 438
834 551
834 598
834 629
834 666
834 784
834 806
834 819
834 831
834 840
834 866
834 870
834 974
835 100
835 264
835 376
835 449
835 497
835 512
835 675
835 783
835 813
835 818
835 823
835 865
835 903
835 951
835 976
835 980
836 459
836 465
836 468
836 483
836 524
836 59
836 635
836 636
836 678
836 684
836 746
836 761
836 867
836 929
836 943
836 951
837 198
837 323
837 464
837 571
837 594
837 654
837 71
837 711
837 772
837 894
837 904
837 927
837 944
837 979
837 980
837 995
838 207
838 273
838 407
838 425
838 44
838 731
838 746
838 802
838 832
838 863
838 881
838 906
838 935
838 954
838 969
838 987
839 151
839 284
839 319
839 351
839 386
839 422
839 454
839 61
839 686
839 70
839 786
839 813
839 919
839 925
839 99
839 997
84 574
84 947
84 972
84 993
840 104
840 252
840 297
840 49
840 592
840 629
840 736
840 738
840 74
840 784
840 834
840 870
840 884
840 940
840 974
840 988
841 178
841 197
841 309
841 362
841 367
841 673
841 763
841 799
841 804
841 847
841 872
841 914
841 923
841 958
841 974
841 979
842 257
842 612
842 778
842 854
842 868
842 871
842 892
842 898
842 900
842 910
842 924
842 936
842 943
842 949
842 963
842 998
843 26
843 625
843 664
843 674
843 779
843 815
843 848
843 861
843 864
843 892
843 908
843 948
843 952
843 958
843 980
843 996
843 999
844 139
844 246
844 296
844 438
844 478
844 579
844 620
844 644
844 664
844 723
844 734
844 785
844 852
844 853
844 885
844 969
844 979
845 116
845 342
845 457
845 499
845 543
845 676
845 681
845 757
845 922
845 941
845 947
845 953
845 974
845 979
845 990
845 995
845 997
846 13
846 270
846 341
846 388
846 575
846 639
846 660
846 814
846 866
846 877
846 881
846 890
846 906
846 919
846 954
846 989
846 995
847 109
847 292
847 293
847 516
847 632
847 715
847 790
847 814
847 822
847 841
847 882
847 916
847 969
847 976
847 980
847 981
847 986
848 266
848 425
848 472
848 506
848 536
848 642
848 710
848 727
848 758
848 843
848 864
848 877
848 892
848 911
848 958
848 980
848 996
849 1000
849 346
849 427
849 622
849 782
849 798
849 833
849 851
849 890
849 899
849 905
849 910
849 917
849 941
849 952
849 963
849 988
85 425
85 642
85 758
85 956
850 176
850 214
850 283
850 289
850 420
850 426
850 541
850 672
850 715
850 827
850 890
850 902
850 931
850 952
850 955
850 975
850 985
851 157
851 192
851 544
851 561
851 584
851 685
851 694
851 760
851 782
851 796
851 798
851 801
851 849
851 905
851 959
851 963
851 966
852 296
852 438
852 555
852 579
852 620
852 644
852 664
852 723
852 734
852 754
852 785
852 844
852 853
852 860
852 953
852 956
852 982
853 100
853 296
853 438
853 478
853 541
853 579
853 620
853 632
853 644
853 664
853 723
853 734
853 780
853 785
853 844
853 852
853 991
854 115
854 390
854 495
854 538
854 715
854 718
854 727
854 751
854 775
854 814
854 842
854 872
854 898
854 900
854 910
854 950
854 998
855 11
855 134
855 138
855 29
855 338
855 613
855 697
855 703
855 721
855 728
855 731
855 780
855 824
855 880
855 901
855 91
855 932
855 956
856 140
856 402
856 649
856 668
856 681
856 711
856 767
856 768
856 777
856 900
856 926
856 930
856 941
856 945
856 957
856 971
856 988
856 994
857 196
857 359
857 376
857 379
857 506
857 531
857 552
857 572
857 606
857 617
857 816
857 860
857 904
857 953
857 973
857 981
857 992
857 998
858 1000
858 377
858 392
858 424
858 48
858 493
858 514
858 567
858 621
858 661
858 679
858 79
858 797
858 799
858 914
858 918
858 923
858 998
859 212
859 424
859 433
859 641
859 662
859 706
859 730
859 731
859 781
859 800
859 804
859 88
859 889
859 931
859 963
859 964
859 971
859 993
86 577
86 777
86 868
86 917
860 136
860 203
860 288
860 584
860 698
860 705
860 768
860 852
860 857
860 877
860 895
860 896
860 926
860 961
860 966
860 973
860 981
860 992
861 193
861 203
861 330
861 331
861 398
861 463
861 544
861 645
861 684
861 712
861 794
861 843
861 90
861 921
861 923
861 943
861 961
861 992
862 114
862 329
862 331
862 395
862 553
862 568
862 690
862 707
862 809
862 830
862 870
862 905
862 912
862 916
862 931
862 940
862 956
862 999
863 202
863 207
863 276
863 296
863 332
863 405
863 441
863 585
863 619
863 751
863 838
863 874
863 889
863 935
863 961
863 969
863 987
863 997
864 112
864 245
864 317
864 321
864 413
864 431
864 563
864 596
864 608
864 638
864 797
864 800
864 843
864 848
864 892
864 958
864 980
864 996
865 105
865 15
865 165
865 213
865 414
865 504
865 512
865 551
865 612
865 626
865 649
865 65
865 683
865 823
865 835
865 878
865 903
865 976
865 990
866 119
866 270
866 281
866 300
866 301
866 388
866 468
866 530
866 639
866 653
866 68
866 701
866 803
866 814
866 834
866 846
866 913
866 951
866 989
867 153
867 190
867 373
867 420
867 483
867 492
867 678
867 758
867 761
867 765
867 821
867 836
867 885
867 933
867 945
867 955
867 960
867 985
867 988
868 142
868 247
868 290
868 476
868 507
868 649
868 735
868 739
868 767
868 768
868 826
868 842
868 86
868 891
868 900
868 941
868 957
868 982
868 994
869 259
869 321
869 368
869 414
869 460
869 510
869 514
869 539
869 638
869 647
869 717
869 790
869 822
869 882
869 894
869 912
869 913
869 986
869 995
87 183
87 430
87 779
87 994
870 199
870 264
870 326
870 459
870 551
870 590
870 598
870 629
870 659
870 666
870 76
870 784
870 788
870 806
870 821
870 834
870 840
870 862
870 974
871 109
871 256
871 398
871 535
871 590
871 663
871 778
871 781
871 803
871 842
871 873
871 898
871 910
871 918
871 919
871 933
871 96
871 966
871 998
872 415
872 560
872 574
872 614
872 647
872 66
872 769
872 797
872 799
872 841
872 854
872 873
872 907
872 928
872 939
872 951
872 975
872 989
872 992
873 282
873 353
873 400
873 411
873 48
873 578
873 598
873 718
873 79
873 799
873 803
873 819
873 871
873 872
873 898
873 914
873 923
873 998
873 999
874 103
874 151
874 42
874 444
874 464
874 555
874 619
874 704
874 744
874 863
874 880
874 887
874 901
874 924
874 933
874 955
874 972
874 983
874 987
875 208
875 406
875 461
875 684
875 720
875 73
875 749
875 755
875 759
875 774
875 782
875 878
875 879
875 898
875 905
875 926
875 942
875 948
875 994
876 209
876 33
876 344
876 348
876 363
876 370
876 47
876 489
876 53
876 58
876 652
876 720
876 758
876 800
876 930
876 972
876 974
876 976
876 982
877 113
877 17
877 247
877 257
877 425
877 520
877 540
877 567
877 585
877 642
877 706
877 758
877 846
877 848
877 860
877 878
877 884
877 961
877 966
878 179
878 303
878 404
878 447
878 518
878 520
878 539
878 759
878 793
878 831
878 865
878 875
878 877
878 882
878 884
878 932
878 942
878 948
878 994
879 141
879 375
879 464
879 536
879 638
879 713
879 728
879 771
879 817
879 875
879 898
879 922
879 926
879 938
879 939
879 942
879 948
879 958
879 994
88 859
88 975
88 981
88 991
880 252
880 29
880 292
880 391
880 415
880 603
880 696
880 704
880 728
880 743
880 750
880 855
880 874
880 930
880 932
880 950
880 962
880 965
880 996
881 127
881 441
881 476
881 496
881 631
881 680
881 686
881 687
881 689
881 750
881 802
881 832
881 838
881 846
881 890
881 906
881 934
881 954
881 991
882 128
882 249
882 339
882 442
882 597
882 73
882 774
882 790
882 822
882 847
882 869
882 878
882 916
882 945
882 956
882 969
882 986
882 991
882 995
883 276
883 310
883 404
883 410
883 418
883 428
883 455
883 508
883 509
883 724
883 734
883 747
883 762
883 794
883 802
883 892
883 929
883 935
883 949
883 978
884 1
884 113
884 179
884 241
884 268
884 303
884 326
884 404
884 445
884 520
884 539
884 540
884 545
884 585
884 654
884 806
884 840
884 877
884 878
884 961
885 120
885 239
885 350
885 452
885 480
885 603
885 678
885 688
885 761
885 777
885 844
885 867
885 914
885 944
885 955
885 968
885 975
885 982
885 985
886 119
886 170
886 331
886 458
886 498
886 519
886 542
886 616
886 635
886 637
886 658
886 741
886 776
886 805
886 935
886 941
886 946
886 964
886 972
886 981
887 166
887 313
887 409
887 419
887 447
887 476
887 505
887 552
887 566
887 648
887 661
887 754
887 76
887 794
887 874
887 895
887 901
887 924
887 933
887 983
888 155
888 165
888 215
888 272
888 407
888 486
888 545
888 594
888 606
888 729
888 757
888 789
888 807
888 825
888 903
888 908
888 909
888 957
888 980
888 982
889 134
889 139
889 204
889 279
889 297
889 365
889 464
889 490
889 547
889 575
889 724
889 744
889 751
889 859
889 863
889 903
889 935
889 946
889 969
889 987
89 157
89 527
89 586
89 984
890 1000
890 30
890 383
890 458
890 660
890 669
890 675
890 794
890 802
890 832
890 846
890 849
890 850
890 881
890 917
890 925
890 952
890 962
890 968
890 988
891 1000
891 124
891 213
891 310
891 314
891 503
891 583
891 615
891 71
891 762
891 764
891 792
891 868
891 900
891 909
891 926
891 948
891 957
891 963
891 988
892 318
892 334
892 445
892 514
892 650
892 753
892 768
892 793
892 820
892 842
892 843
892 848
892 864
892 883
892 936
892 949
892 958
892 963
892 980
892 996
893 106
893 180
893 398
893 399
893 404
893 426
893 431
893 443
893 639
893 660
893 72
893 737
893 75
893 789
893 810
893 911
893 94
893 947
893 97
893 977
894 226
894 313
894 343
894 389
894 422
894 53
894 570
894 654
894 674
894 708
894 735
894 737
894 815
894 837
894 869
894 919
894 940
894 957
894 972
894 980
895 248
895 412
895 434
895 489
895 493
895 586
895 617
895 651
895 698
895 705
895 733
895 765
895 816
895 860
895 887
895 928
895 960
895 973
895 981
895 986
895 992
896 173
896 229
896 319
896 384
896 490
896 509
896 523
896 581
896 584
896 767
896 811
896 860
896 921
896 923
896 940
896 955
896 958
896 961
896 985
896 992
896 993
897 224
897 227
897 302
897 371
897 470
897 498
897 597
897 645
897 724
897 746
897 809
897 815
897 912
897 916
897 940
897 945
897 947
897 959
897 973
897 993
897 999
898 152
898 299
898 33
898 353
898 379
898 387
898 578
898 777
898 803
898 842
898 854
898 871
898 873
898 875
898 879
898 910
898 918
898 932
898 966
898 992
898 998
899 1000
899 360
899 504
899 52
899 525
899 614
899 633
899 655
899 709
899 725
899 732
899 759
899 824
899 849
899 906
899 917
899 937
899 952
899 968
899 983
899 988
9 358
9 917
9 948
9 988
90 16
90 667
90 861
90 978
900 184
900 248
900 344
900 442
900 577
900 578
900 689
900 694
900 748
900 768
900 783
900 842
900 854
900 856
900 868
900 891
900 903
900 930
900 957
900 982
900 994
901 111
901 18
901 447
901 505
901 550
901 657
901 709
901 739
901 754
901 804
901 822
901 832
901 855
901 874
901 887
901 924
901 933
901 950
901 972
901 975
901 983
902 157
902 250
902 312
902 346
902 378
902 434
902 443
902 513
902 679
902 685
902 694
902 712
902 752
902 767
902 798
902 827
902 850
902 905
902 931
902 946
902 991
903 1000
903 130
903 155
903 215
903 265
903 295
903 497
903 594
903 618
903 736
903 823
903 825
903 835
903 865
903 888
903 889
903 900
903 951
903 974
903 976
903 998
904 198
904 294
904 343
904 387
904 466
904 470
904 530
904 573
904 58
904 594
904 606
904 657
904 662
904 682
904 772
904 810
904 829
904 837
904 857
904 908
904 927
904 953
905 146
905 162
905 191
905 266
905 298
905 326
905 685
905 694
905 767
905 77
905 773
905 775
905 782
905 801
905 849
905 851
905 862
905 875
905 902
905 959
905 963
905 994
906 1000
906 172
906 290
906 395
906 455
906 614
906 662
906 695
906 791
906 832
906 838
906 846
906 881
906 899
906 917
906 925
906 952
906 954
906 970
906 974
906 988
906 990
907 168
907 349
907 402
907 525
907 537
907 54
907 560
907 574
907 63
907 766
907 805
907 872
907 933
907 951
907 961
907 975
907 976
907 985
907 989
907 993
908 101
908 137
908 186
908 324
908 335
908 352
908 512
908 567
908 605
908 628
908 650
908 683
908 716
908 774
908 777
908 831
908 843
908 888
908 904
908 911
908 928
908 933
909 108
909 161
909 166
909 195
909 24
909 272
909 365
909 403
909 503
909 588
909 696
909 71
909 757
909 762
909 764
909 789
909 825
909 888
909 891
909 953
909 954
909 982
91 521
91 855
91 950
91 990
910 112
910 115
910 173
910 37
910 387
910 446
910 57
910 656
910 718
910 751
910 778
910 804
910 842
910 849
910 854
910 871
910 898
910 918
910 966
910 970
910 987
910 996
911 137
911 324
911 431
911 443
911 598
911 605
911 606
911 639
911 683
911 737
911 742
911 777
911 786
911 810
911 848
911 893
911 908
911 926
911 928
911 975
911 977
911 979
912 108
912 164
912 193
912 222
912 428
912 471
912 480
912 562
912 568
912 580
912 607
912 658
912 739
912 760
912 805
912 862
912 869
912 897
912 916
912 938
912 940
912 97
912 999
913 1000
913 298
913 386
913 419
913 450
913 507
913 589
913 680
913 695
913 728
913 775
913 790
913 866
913 869
913 916
913 934
913 946
913 969
913 980
913 986
913 995
913 998
913 999
914 200
914 304
914 452
914 466
914 602
914 679
914 702
914 771
914 773
914 799
914 841
914 858
914 873
914 885
914 918
914 931
914 955
914 958
914 964
914 965
914 968
914 975
914 985
915 16
915 194
915 221
915 235
915 256
915 257
915 268
915 315
915 423
915 474
915 627
915 656
915 669
915 67
915 705
915 710
915 779
915 793
915 934
915 937
915 951
915 971
915 988
916 28
916 302
916 475
916 519
916 621
916 625
916 743
916 745
916 774
916 790
916 822
916 830
916 847
916 862
916 882
916 897
916 912
916 913
916 952
916 986
916 993
916 995
916 999
917 1000
917 19
917 261
917 474
917 525
917 617
917 633
917 787
917 791
917 806
917 824
917 849
917 86
917 890
917 899
917 9
917 906
917 925
917 942
917 952
917 968
917 970
917 980
917 988
918 214
918 262
918 309
918 446
918 535
918 56
918 567
918 621
918 679
918 775
918 786
918 803
918 810
918 830
918 858
918 871
918 898
918 910
918 914
918 923
918 947
918 966
918 998
918 999
919 162
919 24
919 329
919 400
919 565
919 641
919 69
919 727
919 747
919 770
919 772
919 830
919 839
919 846
919 871
919 894
919 920
919 925
919 952
919 960
919 967
919 970
919 984
919 991
92 476
92 631
92 636
92 832
920 141
920 393
920 421
920 456
920 593
920 608
920 612
920 640
920 682
920 700
920 756
920 793
920 816
920 818
920 820
920 821
920 919
920 942
920 947
920 978
920 992
920 996
921 202
921 229
921 232
921 284
921 286
921 288
921 319
921 345
921 484
921 547
921 581
921 610
921 624
921 703
921 772
921 861
921 896
921 940
921 956
921 961
921 981
921 992
921 993
921 996
922 1000
922 116
922 169
922 251
922 342
922 373
922 403
922 457
922 531
922 543
922 588
922 750
922 757
922 813
922 827
922 845
922 879
922 947
922 953
922 960
922 972
922 974
922 979
922 995
923 105
923 115
923 26
923 345
923 377
923 494
923 514
923 569
923 621
923 669
923 693
923 773
923 797
923 827
923 841
923 858
923 861
923 873
923 896
923 918
923 935
923 967
923 993
923 998
924 106
924 13
924 280
924 36
924 409
924 448
924 505
924 527
924 550
924 556
924 654
924 677
924 709
924 729
924 744
924 754
924 794
924 842
924 874
924 887
924 901
924 972
924 983
924 994
925 1000
925 282
925 497
925 531
925 553
925 667
925 770
925 787
925 789
925 830
925 839
925 890
925 906
925 917
925 919
925 951
925 952
925 960
925 967
925 968
925 970
925 984
925 988
925 991
926 183
926 317
926 34
926 349
926 518
926 558
926 580
926 684
926 759
926 777
926 826
926 856
926 860
926 875
926 879
926 891
926 911
926 941
926 942
926 948
926 957
926 972
926 982
926 994
927 263
927 267
927 305
927 382
927 396
927 451
927 468
927 489
927 530
927 561
927 577
927 58
927 594
927 643
927 657
927 665
927 711
927 72
927 735
927 772
927 837
927 904
927 953
927 998
928 183
928 231
928 324
928 33
928 352
928 432
928 502
928 545
928 559
928 605
928 628
928 650
928 683
928 716
928 721
928 774
928 777
928 831
928 833
928 872
928 895
928 908
928 911
928 952
929 120
929 168
929 175
929 224
929 281
929 284
929 410
929 418
929 428
929 455
929 501
929 508
929 509
929 724
929 747
929 762
929 794
929 836
929 883
929 935
929 937
929 953
929 964
929 965
929 989
93 268
93 289
93 561
93 672
930 142
930 248
930 303
930 393
930 395
930 401
930 499
930 514
930 590
930 599
930 669
930 703
930 725
930 738
930 771
930 817
930 826
930 856
930 876
930 880
930 900
930 941
930 945
930 958
930 994
931 224
931 250
931 312
931 378
931 396
931 420
931 426
931 480
931 517
931 568
931 576
931 626
931 663
931 672
931 714
931 745
931 746
931 827
931 850
931 859
931 862
931 902
931 914
931 963
931 999
932 1
932 288
932 365
932 38
932 415
932 459
932 469
932 555
932 624
932 682
932 699
932 703
932 726
932 761
932 780
932 803
932 828
932 855
932 878
932 880
932 898
932 948
932 955
932 962
932 972
933 280
933 298
933 409
933 505
933 541
933 550
933 556
933 611
933 622
933 661
933 729
933 739
933 754
933 794
933 801
933 867
933 871
933 874
933 887
933 901
933 907
933 908
933 972
933 983
933 993
934 16
934 217
934 256
934 315
934 322
934 357
934 423
934 474
934 551
934 559
934 659
934 669
934 675
934 69
934 793
934 807
934 811
934 815
934 881
934 913
934 915
934 937
934 968
934 976
934 990
934 997
935 12
935 139
935 18
935 281
935 404
935 405
935 410
935 418
935 575
935 584
935 616
935 747
935 762
935 764
935 794
935 838
935 863
935 883
935 886
935 889
935 923
935 929
935 95
935 964
935 969
935 987
936 143
936 221
936 245
936 27
936 297
936 318
936 396
936 41
936 424
936 435
936 478
936 528
936 612
936 625
936 650
936 751
936 753
936 824
936 830
936 842
936 892
936 943
936 949
936 963
936 982
936 997
937 110
937 194
937 198
937 221
937 235
937 256
937 257
937 315
937 334
937 423
937 474
937 627
937 656
937 669
937 67
937 779
937 792
937 793
937 83
937 899
937 915
937 929
937 934
937 96
937 967
937 984
938 150
938 20
938 321
938 336
938 375
938 395
938 401
938 477
938 536
938 582
938 599
938 659
938 670
938 677
938 713
938 722
938 738
938 746
938 773
938 778
938 879
938 912
938 939
938 958
938 973
938 987
939 226
939 228
939 336
939 374
939 38
939 401
939 499
939 514
939 582
939 599
939 604
939 631
939 659
939 670
939 677
939 713
939 738
939 746
939 771
939 831
939 872
939 879
939 938
939 958
939 964
939 976
939 983
94 810
94 893
94 957
94 977
940 428
940 533
940 547
940 568
940 584
940 669
940 707
940 722
940 746
940 792
940 840
940 862
940 894
940 896
940 897
940 912
940 921
940 941
940 947
940 950
940 956
940 958
940 961
940 965
940 992
940 993
940 999
941 142
941 170
941 426
941 458
941 471
941 483
941 498
941 519
941 542
941 572
941 577
941 632
941 637
941 692
941 706
941 741
941 826
941 845
941 849
941 856
941 868
941 886
941 926
941 930
941 940
941 981
941 982
942 171
942 208
942 255
942 31
942 518
942 597
942 642
942 68
942 681
942 685
942 695
942 755
942 759
942 791
942 808
942 875
942 878
942 879
942 917
942 920
942 926
942 948
942 949
942 978
942 993
942 994
942 996
943 1000
943 140
943 282
943 318
943 411
943 465
943 468
943 544
943 578
943 608
943 612
943 650
943 667
943 725
943 753
943 769
943 824
943 827
943 836
943 842
943 861
943 936
943 949
943 960
943 963
943 969
943 989
944 1000
944 236
944 239
944 275
944 300
944 306
944 340
944 354
944 417
944 496
944 499
944 509
944 603
944 688
944 708
944 744
944 779
944 784
944 8
944 815
944 837
944 885
944 953
944 962
944 980
944 985
944 988
945 110
945 222
945 311
945 363
945 371
945 394
945 442
945 592
945 645
945 708
945 748
945 767
945 786
945 809
945 815
945 817
945 820
945 856
945 867
945 882
945 897
945 930
945 957
945 965
945 973
945 982
945 991
945 994
946 163
946 199
946 255
946 32
946 355
946 37
946 436
946 475
946 486
946 494
946 570
946 607
946 610
946 693
946 700
946 732
946 776
946 791
946 808
946 886
946 889
946 902
946 913
946 969
946 977
946 978
946 984
946 995
947 223
947 409
947 520
947 570
947 573
947 587
947 665
947 681
947 758
947 791
947 827
947 84
947 845
947 893
947 897
947 918
947 920
947 922
947 940
947 949
947 953
947 974
947 977
947 978
947 979
947 987
947 995
948 174
948 208
948 218
948 277
948 32
948 34
948 406
948 434
948 461
948 518
948 638
948 684
948 720
948 755
948 759
948 781
948 800
948 815
948 843
948 875
948 878
948 879
948 891
948 9
948 926
948 932
948 942
948 969
948 994
949 318
949 435
949 477
949 478
949 490
949 552
949 556
949 573
949 646
949 658
949 700
949 732
949 753
949 811
949 816
949 824
949 830
949 842
949 883
949 892
949 936
949 942
949 943
949 947
949 963
949 966
949 968
949 977
949 978
95 366
95 430
95 790
95 935
950 155
950 180
950 204
950 416
950 417
950 448
950 487
950 522
950 53
950 557
950 596
950 609
950 673
950 696
950 750
950 800
950 819
950 820
950 821
950 832
950 854
950 880
950 901
950 91
950 940
950 955
950 965
950 973
950 996
950 997
951 100
951 265
951 312
951 449
951 512
951 526
951 537
951 560
951 569
951 574
951 627
951 652
951 7
951 736
951 805
951 823
951 835
951 836
951 866
951 872
951 903
951 907
951 915
951 925
951 975
951 976
951 989
952 1000
952 234
952 261
952 325
952 500
952 517
952 666
952 686
952 708
952 755
952 770
952 806
952 843
952 849
952 850
952 890
952 899
952 906
952 916
952 917
952 919
952 925
952 928
952 960
952 967
952 968
952 970
952 975
952 984
952 991
953 223
953 325
953 342
953 359
953 528
953 543
953 573
953 604
953 606
953 615
953 698
953 710
953 807
953 813
953 827
953 829
953 845
953 852
953 857
953 904
953 909
953 922
953 927
953 929
953 944
953 947
953 974
953 979
953 98
953 995
954 129
954 135
954 172
954 273
954 28
954 29
954 290
954 30
954 341
954 342
954 383
954 496
954 526
954 556
954 631
954 660
954 686
954 688
954 689
954 738
954 802
954 832
954 838
954 846
954 881
954 906
954 909
954 974
954 994
954 996
955 125
955 153
955 156
955 214
955 282
955 361
955 372
955 420
955 45
955 456
955 480
955 528
955 575
955 635
955 697
955 726
955 769
955 80
955 850
955 867
955 874
955 885
955 896
955 914
955 932
955 950
955 968
955 975
955 979
955 985
956 117
956 276
956 293
956 316
956 323
956 471
956 504
956 580
956 583
956 608
956 690
956 716
956 722
956 745
956 774
956 775
956 822
956 830
956 85
956 852
956 855
956 862
956 882
956 921
956 940
956 969
956 986
956 995
956 997
956 999
957 122
957 126
957 253
957 266
957 310
957 313
957 343
957 351
957 364
957 557
957 630
957 674
957 676
957 721
957 735
957 767
957 768
957 803
957 856
957 868
957 888
957 891
957 894
957 900
957 926
957 94
957 945
957 962
957 982
957 994
957 995
958 158
958 291
958 317
958 334
958 336
958 393
958 599
958 610
958 649
958 670
958 686
958 713
958 722
958 746
958 797
958 841
958 843
958 848
958 864
958 879
958 892
958 896
958 914
958 930
958 938
958 939
958 940
958 966
958 976
958 980
958 996
959 171
959 265
959 275
959 316
959 332
959 338
959 397
959 418
959 453
959 461
959 549
959 565
959 587
959 632
959 64
959 646
959 660
959 685
959 694
959 7
959 719
959 779
959 782
959 792
959 801
959 819
959 828
959 851
959 897
959 905
959 963
96 135
96 871
96 937
96 978
960 143
960 24
960 271
960 278
960 483
960 5
960 554
960 582
960 59
960 629
960 635
960 637
960 657
960 678
960 703
960 740
960 746
960 761
960 765
960 790
960 867
960 895
960 919
960 922
960 925
960 943
960 952
960 967
960 970
960 984
960 991
961 152
961 179
961 219
961 240
961 241
961 260
961 268
961 303
961 320
961 403
961 440
961 445
961 507
961 520
961 539
961 581
961 585
961 652
961 667
961 725
961 860
961 861
961 863
961 877
961 884
961 896
961 907
961 921
961 940
961 975
961 992
961 993
962 180
962 204
962 205
962 216
962 407
962 522
962 524
962 557
962 596
962 609
962 62
962 673
962 696
962 704
962 750
962 760
962 795
962 819
962 820
962 821
962 824
962 880
962 890
962 932
962 944
962 957
962 965
962 968
962 977
962 988
962 996
962 997
963 297
963 326
963 396
963 435
963 490
963 540
963 549
963 572
963 612
963 702
963 748
963 753
963 767
963 771
963 782
963 798
963 824
963 832
963 842
963 849
963 851
963 859
963 891
963 892
963 905
963 931
963 936
963 943
963 949
963 959
963 977
963 980
964 102
964 104
964 195
964 218
964 226
964 305
964 360
964 385
964 424
964 433
964 5
964 503
964 548
964 641
964 662
964 706
964 730
964 731
964 742
964 766
964 781
964 800
964 830
964 859
964 886
964 914
964 929
964 935
964 939
964 971
964 978
964 993
965 20
965 244
965 274
965 35
965 407
965 437
965 448
965 523
965 561
965 566
965 62
965 673
965 696
965 708
965 741
965 750
965 760
965 776
965 789
965 795
965 8
965 800
965 820
965 880
965 914
965 929
965 940
965 945
965 950
965 962
965 996
965 997
966 103
966 133
966 189
966 291
966 427
966 441
966 446
966 469
966 535
966 56
966 575
966 663
966 676
966 689
966 703
966 717
966 733
966 751
966 752
966 778
966 787
966 794
966 804
966 851
966 860
966 871
966 877
966 898
966 910
966 918
966 949
966 958
967 128
967 256
967 305
967 356
967 428
967 469
967 511
967 517
967 576
967 595
967 627
967 641
967 643
967 674
967 699
967 726
967 727
967 767
967 783
967 808
967 828
967 830
967 919
967 923
967 925
967 937
967 952
967 960
967 970
967 984
967 986
967 991
967 992
968 1000
968 110
968 201
968 214
968 227
968 234
968 432
968 45
968 585
968 633
968 697
968 702
968 741
968 752
968 753
968 768
968 769
968 784
968 80
968 824
968 885
968 890
968 899
968 914
968 917
968 925
968 934
968 949
968 952
968 955
968 962
968 985
968 988
969 225
969 258
969 279
969 30
969 339
969 354
969 391
969 40
969 425
969 475
969 547
969 724
969 744
969 751
969 780
969 785
969 822
969 838
969 844
969 847
969 863
969 882
969 889
969 913
969 935
969 943
969 946
969 948
969 956
969 978
969 986
969 987
969 995
97 1000
97 804
97 893
97 912
970 24
970 267
970 329
970 350
970 41
970 458
970 487
970 500
970 517
970 527
970 538
970 554
970 565
970 566
970 582
970 616
970 69
970 727
970 755
970 770
970 783
970 816
970 906
970 910
970 917
970 919
970 925
970 952
970 960
970 967
970 984
970 986
970 991
970 993
971 17
971 2
971 210
971 22
971 265
971 385
971 424
971 433
971 46
971 473
971 500
971 503
971 546
971 548
971 602
971 641
971 662
971 697
971 704
971 706
971 730
971 731
971 736
971 742
971 766
971 781
971 800
971 812
971 856
971 859
971 915
971 964
971 993
971 994
972 13
972 159
972 252
972 330
972 389
972 450
972 454
972 485
972 550
972 611
972 661
972 665
972 680
972 691
972 721
972 728
972 729
972 754
972 780
972 794
972 798
972 84
972 874
972 876
972 886
972 894
972 901
972 922
972 924
972 926
972 932
972 933
972 983
972 984
972 997
973 102
973 110
973 182
973 243
973 325
973 363
973 371
973 376
973 39
973 398
973 412
973 520
973 597
973 645
973 67
973 689
973 698
973 708
973 733
973 768
973 772
973 809
973 815
973 816
973 857
973 860
973 895
973 897
973 938
973 945
973 950
973 981
973 985
973 992
973 996
974 116
974 169
974 264
974 326
974 543
974 550
974 590
974 598
974 629
974 666
974 751
974 757
974 76
974 784
974 806
974 813
974 817
974 827
974 829
974 832
974 834
974 840
974 841
974 845
974 870
974 876
974 903
974 906
974 922
974 947
974 953
974 954
974 979
974 995
974 999
975 158
975 28
975 384
975 456
975 472
975 5
975 528
975 534
975 537
975 54
975 560
975 574
975 63
975 702
975 80
975 805
975 812
975 826
975 850
975 872
975 88
975 885
975 901
975 907
975 911
975 914
975 951
975 952
975 955
975 961
975 977
975 983
975 989
976 130
976 160
976 217
976 322
976 353
976 376
976 408
976 449
976 467
976 47
976 512
976 526
976 541
976 560
976 564
976 659
976 736
976 749
976 768
976 796
976 812
976 819
976 822
976 823
976 835
976 847
976 865
976 876
976 903
976 907
976 934
976 939
976 951
976 958
976 989
976 990
977 106
977 305
977 369
977 431
977 443
977 530
977 547
977 554
977 639
977 64
977 665
977 681
977 693
977 700
977 72
977 732
977 737
977 75
977 755
977 76
977 797
977 808
977 810
977 816
977 893
977 911
977 94
977 946
977 947
977 949
977 962
977 963
977 975
977 978
977 989
978 119
978 147
978 243
978 255
978 290
978 31
978 312
978 436
978 475
978 477
978 534
978 556
978 587
978 593
978 607
978 630
978 660
978 681
978 693
978 700
978 718
978 776
978 791
978 808
978 816
978 883
978 90
978 920
978 942
978 946
978 947
978 949
978 96
978 964
978 969
978 977
979 121
979 187
979 278
979 281
979 304
979 320
979 343
979 352
979 457
979 460
979 462
979 507
979 531
979 543
979 553
979 588
979 636
979 646
979 651
979 676
979 757
979 766
979 813
979 827
979 83
979 837
979 841
979 844
979 845
979 911
979 922
979 947
979 953
979 955
979 974
979 983
979 991
979 995
98 11
98 368
98 44
98 953
980 112
980 126
980 158
980 275
980 317
980 321
980 41
980 413
980 442
980 463
980 466
980 487
980 553
980 609
980 611
980 649
980 655
980 66
980 676
980 744
980 779
980 797
980 809
980 835
980 837
980 843
980 847
980 848
980 864
980 888
980 892
980 894
980 913
980 917
980 944
980 958
980 963
980 996
981 119
981 192
981 340
981 371
981 392
981 412
981 426
981 434
981 498
981 519
981 523
981 53
981 542
981 593
981 616
981 617
981 623
981 627
981 637
981 698
981 741
981 768
981 776
981 798
981 799
981 822
981 847
981 857
981 860
981 88
981 886
981 895
981 921
981 941
981 973
981 983
981 985
981 992
981 994
982 104
982 145
982 155
982 161
982 194
982 248
982 295
982 373
982 415
982 439
982 442
982 474
982 517
982 588
982 618
982 709
982 722
982 729
982 748
982 767
982 789
982 81
982 817
982 825
982 852
982 868
982 876
982 885
982 888
982 900
982 909
982 926
982 936
982 941
982 945
982 957
982 984
982 994
982 995
983 111
983 124
983 13
983 166
983 18
983 212
983 280
983 409
983 444
983 445
983 447
983 505
983 550
983 552
983 566
983 622
983 634
983 636
983 657
983 677
983 706
983 709
983 729
983 739
983 754
983 794
983 808
983 874
983 887
983 899
983 901
983 924
983 933
983 939
983 972
983 975
983 979
983 981
983 984
984 118
984 190
984 295
984 354
984 365
984 39
984 414
984 437
984 500
984 511
984 527
984 541
984 563
984 591
984 597
984 614
984 633
984 671
984 74
984 740
984 770
984 783
984 811
984 830
984 833
984 89
984 919
984 925
984 937
984 946
984 952
984 960
984 967
984 970
984 972
984 982
984 983
984 986
984 991
985 111
985 120
985 156
985 236
985 239
985 300
985 314
985 350
985 371
985 372
985 406
985 417
985 42
985 420
985 440
985 450
985 466
985 472
985 496
985 499
985 55
985 60
985 603
985 677
985 688
985 702
985 760
985 850
985 867
985 885
985 896
985 907
985 914
985 944
985 955
985 968
985 973
985 981
986 1000
986 22
986 225
986 249
986 296
986 323
986 339
986 360
986 391
986 419
986 444
986 445
986 46
986 471
986 515
986 565
986 583
986 608
986 72
986 73
986 75
986 77
986 774
986 775
986 780
986 787
986 790
986 822
986 847
986 869
986 882
986 895
986 913
986 916
986 956
986 967
986 969
986 970
986 984
986 995
987 12
987 207
987 238
987 239
987 275
987 276
987 279
987 300
987 310
987 327
987 332
987 346
987 347
987 362
987 40
987 405
987 490
987 508
987 513
987 516
987 527
987 539
987 557
987 563
987 585
987 619
987 634
987 724
987 735
987 744
987 751
987 838
987 863
987 874
987 889
987 910
987 935
987 938
987 947
987 969
987 993
988 1000
988 122
988 193
988 199
988 245
988 261
988 27
988 3
988 404
988 471
988 484
988 488
988 492
988 52
988 525
988 573
988 614
988 709
988 736
988 77
988 787
988 791
988 796
988 806
988 807
988 824
988 840
988 849
988 856
988 867
988 890
988 891
988 899
988 9
988 906
988 915
988 917
988 925
988 944
988 962
988 968
988 994
989 114
989 153
989 162
989 168
989 209
989 270
989 281
989 286
989 300
989 301
989 334
989 349
989 388
989 402
989 421
989 423
989 487
989 517
989 530
989 537
989 54
989 560
989 574
989 595
989 63
989 639
989 653
989 701
989 745
989 788
989 805
989 814
989 846
989 866
989 872
989 907
989 929
989 943
989 951
989 975
989 976
989 977
989 996
99 594
99 819
99 839
99 997
990 105
990 123
990 15
990 164
990 167
990 182
990 19
990 217
990 230
990 246
990 283
990 322
990 328
990 350
990 357
990 370
990 382
990 397
990 408
990 467
990 478
990 491
990 554
990 559
990 564
990 583
990 586
990 603
990 648
990 659
990 673
990 675
990 742
990 749
990 819
990 825
990 845
990 865
990 906
990 91
990 934
990 976
990 996
991 143
991 146
991 162
991 235
991 244
991 269
991 3
991 329
991 335
991 372
991 382
991 41
991 430
991 458
991 487
991 500
991 527
991 538
991 554
991 565
991 582
991 641
991 665
991 69
991 727
991 755
991 770
991 775
991 783
991 830
991 853
991 88
991 881
991 882
991 902
991 919
991 925
991 945
991 952
991 960
991 967
991 970
991 979
991 984
991 997
992 192
992 207
992 251
992 284
992 287
992 328
992 335
992 380
992 392
992 412
992 429
992 493
992 547
992 552
992 581
992 591
992 628
992 675
992 692
992 698
992 705
992 709
992 733
992 765
992 768
992 772
992 803
992 814
992 816
992 857
992 860
992 861
992 872
992 895
992 896
992 898
992 920
992 921
992 940
992 961
992 967
992 973
992 981
992 993
992 997
993 104
993 134
993 17
993 202
993 203
993 219
993 232
993 252
993 288
993 349
993 401
993 424
993 433
993 473
993 492
993 581
993 59
993 610
993 662
993 669
993 730
993 731
993 742
993 766
993 781
993 797
993 800
993 811
993 829
993 84
993 859
993 896
993 897
993 907
993 916
993 921
993 923
993 933
993 940
993 942
993 961
993 964
993 970
993 971
993 987
993 992
993 995
994 144
994 179
994 220
994 248
994 308
994 32
994 34
994 340
994 388
994 406
994 442
994 461
994 51
994 518
994 588
994 615
994 638
994 687
994 720
994 748
994 755
994 759
994 783
994 790
994 808
994 817
994 826
994 856
994 868
994 87
994 875
994 878
994 879
994 900
994 905
994 924
994 926
994 930
994 942
994 945
994 948
994 954
994 957
994 971
994 981
994 982
994 988
994 995
995 169
995 190
995 223
995 225
995 249
995 339
995 379
995 391
995 403
995 444
995 445
995 457
995 49
995 531
995 583
995 588
995 674
995 676
995 720
995 73
995 757
995 790
995 801
995 813
995 822
995 827
995 837
995 845
995 846
995 869
995 882
995 913
995 916
995 922
995 946
995 947
995 953
995 956
995 957
995 969
995 974
995 979
995 982
995 986
995 993
995 994
995 996
995 999
996 112
996 131
996 158
996 244
996 317
996 321
996 334
996 413
996 416
996 437
996 487
996 522
996 557
996 563
996 581
996 594
996 595
996 596
996 609
996 632
996 649
996 704
996 750
996 795
996 797
996 800
996 807
996 819
996 820
996 821
996 843
996 848
996 864
996 880
996 892
996 910
996 920
996 921
996 942
996 950
996 954
996 958
996 962
996 965
996 973
996 980
996 989
996 990
996 995
997 10
997 148
997 151
997 174
997 274
997 285
997 308
997 319
997 351
997 361
997 386
997 416
997 422
997 454
997 482
997 484
997 515
997 523
997 529
997 532
997 558
997 561
997 61
997 643
997 673
997 696
997 723
997 750
997 760
997 786
997 795
997 800
997 813
997 819
997 820
997 821
997 839
997 845
997 863
997 934
997 936
997 950
997 956
997 962
997 965
997 972
997 99
997 991
997 992
998 128
998 129
998 163
998 272
998 298
998 299
998 37
998 386
998 398
998 450
998 494
998 504
998 507
998 540
998 56
998 578
998 589
998 600
998 655
998 663
998 680
998 695
998 737
998 751
998 755
998 778
998 788
998 803
998 804
998 816
998 842
998 854
998 857
998 858
998 871
998 873
998 898
998 903
998 913
998 918
998 923
998 927
999 117
999 132
999 14
999 154
999 210
999 216
999 221
999 224
999 25
999 274
999 309
999 323
999 331
999 356
999 413
999 435
999 465
999 480
999 488
999 50
999 533
999 553
999 564
999 568
999 580
999 592
999 626
999 638
999 639
999 690
999 707
999 722
999 745
999 746
999 797
999 807
999 830
999 843
999 862
999 873
999 897
999 912
999 913
999 916
999 918
999 931
999 940
999 956
999 974
999 995
