# The communities at k=3
# from G:\Dropbox\Raghda\CNA\Final Project\other methods\CFinder-2.0.6--1448\G:\Dropbox\Raghda\CNA\Final Project\Datasets\binary_networks\LFR6\network_LFR6_Om3.dat
# at no lower link weight threshold,
# and at no upper link weight threshold.
# Links were treated as undirected.
# No time limit was set for the clique search.

0: 1 526 889 934 966 595 888 100 711 808 837 972 1000 168 174 191 253 304 321 329 450 462 515 517 58 601 622 625 693 71 73 745 763 783 786 809 84 863 867 870 879 881 902 904 909 926 930 935 942 943 964 975 982 707 872 927 102 956 491 576 626 700 104 571 839 995 105 780 810 985 758 969 984 986 458 940 950 996 108 582 749 771 398 720 11 579 933 148 574 851 958 970 260 369 841 967 113 301 865 997 704 736 877 924 724 994 657 948 955 118 903 983 993 541 788 914 12 538 285 712 81 121 175 923 946 949 122 229 407 560 998 123 319 633 911 974 306 542 962 125 750 860 936 127 634 898 952 989 128 751 784 895 945 764 871 13 717 937 976 130 474 892 916 987 475 696 901 132 748 842 929 938 980 522 792 815 853 406 954 435 796 817 918 137 609 963 992 913 540 729 350 529 868 874 925 459 850 162 395 790 999 143 768 823 482 661 894 145 906 829 866 728 979 939 832 15 800 822 917 957 150 848 959 151 765 965 153 393 531 753 154 834 392 594 951 156 827 973 519 968 158 912 725 990 160 297 513 807 928 279 614 684 787 384 439 816 875 887 981 165 352 772 166 762 167 552 830 616 169 527 921 931 553 170 627 255 172 876 932 756 176 283 612 177 2 611 873 179 381 890 18 570 606 988 90 181 908 915 277 485 920 183 811 846 357 185 632 186 941 615 735 726 189 766 190 430 192 289 960 451 701 195 907 961 196 629 698 845 198 483 472 488 880 944 977 204 586 905 580 584 781 805 207 682 208 448 505 565 740 897 731 210 795 211 685 856 922 212 343 353 213 214 408 215 568 760 883 971 566 884 591 218 802 22 844 355 361 221 554 715 222 223 374 861 224 824 226 773 859 227 262 228 484 878 315 364 831 383 233 254 680 235 610 236 821 291 652 238 893 239 24 919 240 836 241 592 820 900 244 644 703 789 246 270 767 247 716 757 248 620 991 249 25 673 251 252 583 885 510 706 710 256 899 947 421 62 259 655 778 828 896 263 647 814 264 690 265 266 558 602 268 785 269 559 628 27 672 978 743 857 271 854 272 288 273 461 274 331 524 275 630 739 276 359 747 278 953 281 869 302 593 284 544 603 387 29 520 709 290 55 650 864 292 512 294 478 600 295 328 298 299 738 30 300 646 825 833 419 656 72 843 308 309 31 440 310 366 311 855 794 314 495 664 572 316 442 618 317 36 388 891 910 318 755 769 791 32 45 643 322 89 323 324 325 467 742 397 327 801 453 330 798 433 776 333 668 334 636 335 511 337 721 338 585 812 339 341 342 663 401 345 418 346 441 347 697 752 348 35 702 590 847 356 528 793 862 508 722 849 670 621 363 365 368 490 37 370 373 746 523 635 376 744 619 640 770 587 886 403 692 382 838 546 469 813 391 826 596 835 394 695 797 46 799 677 399 416 4 400 514 577 402 545 70 452 840 405 774 417 412 730 651 414 500 691 415 533 733 499 649 676 420 562 422 563 660 423 424 465 425 468 494 427 777 429 447 539 434 754 638 438 463 819 648 589 645 443 444 445 741 775 708 623 675 782 82 454 455 456 564 457 460 642 47 667 470 489 732 548 476 479 674 480 481 567 486 713 487 605 493 497 581 5 761 501 525 608 506 99 683 509 557 51 818 631 516 518 549 52 759 658 666 530 532 617 68 534 535 537 543 550 551 556 686 598 779 569 852 639 573 804 575 669 85 694 588 678 613 60 624 718 705 637 723 64 679 662 76 689 665 671 681 687 699 737 734 77 98 
1: 107 458 996 
2: 119 541 914 
3: 126 431 492 57 
4: 974 135 243 
5: 136 796 817 
6: 146 287 866 846 
7: 161 279 614 
8: 293 796 173 349 473 882 466 219 802 803 806 237 652 653 446 507 33 409 496 426 654 775 759 662 
9: 182 485 920 
10: 712 193 451 
11: 822 203 390 
12: 827 988 207 
13: 930 209 858 897 340 591 789 719 428 
14: 981 6 250 
15: 320 45 477 
16: 712 717 39 
17: 887 63 557 
18: 858 242 900 
19: 858 504 267 286 
20: 388 325 547 
21: 750 326 397 
22: 977 586 338 
23: 709 354 702 
24: 980 510 706 367 
25: 880 368 490 
26: 872 812 375 523 
27: 888 467 642 
28: 981 824 449 
29: 891 547 418 
30: 960 743 410 
31: 768 559 819 
32: 609 498 536 581 
33: 956 822 641 682 
34: 992 947 618 
35: 881 846 727 
36: 930 901 692 
