# The links inside the communities at k=3
# from G:\Dropbox\Raghda\CNA\Final Project\other methods\CFinder-2.0.6--1448\G:\Dropbox\Raghda\CNA\Final Project\Datasets\binary_networks\LFR6\network_LFR6_Om3.dat
# at no lower link weight threshold,
# and at no upper link weight threshold.
# Links were treated as undirected.
# No time limit was set for the clique search.

0:
1 934
1 966
526 881
526 997
526 998
526 960
526 666
889 881
889 860
889 827
889 725
889 876
889 932
889 836
889 852
889 699
934 966
934 975
934 985
934 950
934 996
934 579
934 911
934 871
934 768
934 907
934 961
934 196
934 991
934 947
934 558
934 738
934 742
934 862
934 37
934 695
934 454
934 732
934 493
934 779
966 625
966 950
966 579
966 999
966 143
966 823
966 145
966 906
966 827
966 846
966 472
966 565
966 795
966 591
966 355
966 241
966 673
966 664
966 399
966 420
966 562
966 819
966 444
966 732
966 476
966 487
966 605
966 497
966 525
966 779
966 669
595 879
595 582
595 933
595 753
595 844
595 680
595 791
888 881
888 997
888 860
888 980
888 979
888 876
888 932
888 991
888 899
888 891
888 370
100 837
100 972
711 1000
711 964
711 860
711 829
711 932
711 204
711 905
711 900
808 970
808 965
808 907
808 961
808 224
808 991
808 460
837 972
837 771
837 973
837 224
837 241
837 592
837 847
837 799
837 405
837 779
972 975
972 458
972 108
972 771
972 955
972 784
972 850
972 151
972 965
972 973
972 762
972 190
972 430
972 213
972 224
972 592
972 738
972 847
972 405
972 649
972 563
972 443
972 460
972 489
972 761
972 51
972 631
972 613
1000 168
1000 191
1000 253
1000 304
1000 321
1000 329
1000 450
1000 462
1000 517
1000 58
1000 601
1000 622
1000 625
1000 693
1000 71
1000 745
1000 763
1000 783
1000 786
1000 809
1000 84
1000 863
1000 867
1000 870
1000 879
1000 902
1000 904
1000 909
1000 926
1000 930
1000 942
1000 943
1000 964
1000 975
1000 982
168 321
168 786
168 616
174 959
174 756
191 863
191 942
253 329
253 517
253 975
304 942
304 982
321 84
329 786
329 942
450 942
462 783
462 863
462 902
462 982
515 995
515 936
515 980
515 915
515 739
515 508
517 863
517 867
517 926
517 942
517 943
58 930
58 942
58 982
601 867
601 892
601 901
601 90
622 982
622 939
622 807
622 921
622 636
625 982
625 950
625 999
625 885
625 910
693 870
693 942
693 995
693 970
693 874
693 800
693 981
693 195
693 961
71 909
71 942
71 975
73 993
73 826
745 867
745 964
745 959
745 968
745 971
745 721
745 509
763 863
763 975
763 865
763 992
783 909
783 982
783 924
783 998
783 954
783 960
783 977
783 885
786 863
786 870
786 926
786 942
786 964
786 975
786 616
786 300
809 982
809 956
809 984
809 903
809 993
809 871
809 907
809 991
809 782
809 804
863 870
863 909
863 942
863 943
863 975
863 251
863 300
863 509
863 734
867 942
867 700
867 999
867 959
867 807
867 921
867 873
867 766
867 785
870 902
870 958
870 916
870 987
870 980
870 792
870 912
870 698
870 272
870 442
879 902
879 942
879 964
879 975
879 982
879 582
879 933
879 994
879 981
879 844
879 953
881 997
881 998
881 954
881 918
881 960
881 760
881 836
881 852
902 904
902 933
902 474
902 844
902 501
902 76
904 930
904 942
904 964
904 979
904 928
904 887
904 941
904 726
904 483
904 854
904 886
904 564
904 658
904 734
909 943
909 964
909 892
909 916
909 987
909 980
909 207
909 682
909 520
909 833
909 434
909 589
926 942
926 975
926 102
926 924
926 925
926 834
926 968
926 977
926 715
926 247
926 947
926 299
926 366
926 572
926 663
926 490
926 438
930 942
930 943
930 975
930 982
930 985
930 996
930 285
930 790
930 944
930 239
930 722
930 640
930 774
930 487
930 64
930 671
935 707
935 105
935 780
935 913
935 176
935 283
935 740
935 262
935 757
935 421
935 896
935 266
935 559
935 593
935 709
935 891
935 322
935 373
935 382
935 777
935 470
935 581
942 943
942 964
942 982
942 102
942 981
942 299
942 300
942 734
943 576
943 626
943 940
943 946
943 949
943 937
943 853
943 957
943 951
943 627
943 919
943 249
943 251
943 463
943 775
943 454
943 637
964 839
964 712
964 923
964 895
964 945
964 937
964 482
964 830
964 236
964 821
964 864
964 891
964 45
964 670
964 567
964 99
964 509
964 530
975 771
975 898
975 784
975 817
975 965
975 981
975 183
975 811
975 568
975 778
975 738
975 490
975 402
975 405
975 649
975 608
975 509
975 613
982 984
982 903
982 993
982 815
982 158
982 912
982 990
982 288
982 544
982 324
982 636
982 347
982 752
982 635
982 826
982 691
982 782
982 818
982 804
982 737
707 780
707 913
707 757
707 896
707 559
707 593
707 539
872 976
872 928
872 931
872 811
872 941
872 977
872 484
872 743
872 365
872 537
927 969
927 958
927 967
927 938
927 963
927 875
927 908
927 256
927 327
927 801
927 793
927 403
927 835
927 686
927 694
927 665
927 681
956 984
956 993
956 911
956 913
956 612
956 873
956 977
956 353
956 760
956 836
956 991
956 947
956 590
956 490
956 852
956 678
491 398
491 917
491 957
491 828
491 32
576 951
576 731
626 957
626 951
626 89
626 454
700 957
700 951
700 921
700 785
104 571
104 839
104 995
571 995
571 712
571 976
571 894
571 880
571 639
839 995
839 13
839 717
839 939
839 167
839 830
839 236
839 864
839 891
839 368
839 530
995 148
995 841
995 712
995 936
995 937
995 976
995 980
995 954
995 609
995 874
995 906
995 800
995 917
995 830
995 185
995 632
995 223
995 374
995 254
995 710
995 275
995 739
995 855
995 794
995 508
995 619
995 648
995 497
995 683
995 631
995 530
995 617
995 550
995 705
105 780
780 913
780 283
780 740
780 896
780 382
780 539
780 556
780 734
810 998
810 962
810 868
810 829
810 177
810 18
810 988
810 769
810 744
985 996
985 579
985 277
985 190
985 196
985 905
985 781
985 802
985 298
985 738
985 843
985 755
985 742
985 356
985 528
985 793
985 862
985 722
985 37
985 635
985 640
985 770
985 835
985 447
985 539
985 518
985 569
985 575
985 669
985 85
985 671
758 993
758 937
758 957
758 951
758 990
758 166
758 856
758 818
969 958
969 967
969 113
969 997
969 948
969 914
969 952
969 989
969 945
969 929
969 137
969 963
969 992
969 728
969 875
969 988
969 701
969 685
969 831
969 610
969 991
969 747
969 855
969 345
969 500
969 665
984 118
984 903
984 983
984 993
984 12
984 938
984 609
984 765
984 154
984 951
984 990
984 880
984 856
984 227
984 256
984 265
984 292
984 512
984 31
984 324
984 453
984 744
984 382
984 826
984 651
984 777
984 638
984 782
984 759
984 658
984 598
984 737
986 736
986 657
986 987
986 918
986 866
986 845
986 883
986 884
986 263
986 814
986 650
986 478
986 697
986 746
986 416
986 533
986 486
986 713
986 493
986 557
986 818
986 532
986 537
986 551
986 718
986 689
986 671
458 965
940 958
940 175
940 923
940 946
940 962
940 853
940 384
940 627
940 919
940 820
940 789
940 978
940 412
940 730
940 443
940 775
940 679
940 98
950 841
950 823
950 145
950 906
950 939
950 156
950 827
950 846
950 472
950 210
950 795
950 591
950 241
950 673
950 640
950 420
950 562
950 819
950 732
950 605
950 497
950 525
950 573
950 669
996 11
996 579
996 898
996 277
996 190
996 196
996 629
996 781
996 802
996 239
996 461
996 359
996 298
996 738
996 843
996 755
996 742
996 356
996 528
996 793
996 862
996 722
996 37
996 640
996 770
996 774
996 447
996 539
996 518
996 534
996 543
996 569
996 575
996 669
996 85
996 671
108 771
582 933
582 22
582 844
749 994
749 939
749 990
749 953
749 546
749 840
749 479
749 493
771 850
771 973
771 430
771 489
771 779
771 613
398 796
398 957
398 828
720 994
720 586
720 523
720 391
11 579
579 862
579 770
579 85
933 474
933 153
933 531
933 753
933 740
933 22
933 844
933 680
933 857
933 774
933 424
933 675
933 667
933 501
933 549
933 662
933 76
148 980
574 912
574 272
851 997
851 998
851 962
851 901
851 350
851 584
851 991
958 967
958 949
958 911
958 962
958 945
958 929
958 938
958 815
958 963
958 908
958 789
958 833
958 442
958 801
958 339
958 838
958 455
958 804
958 723
958 681
970 788
970 125
970 750
970 860
970 989
970 784
970 945
970 815
970 728
970 979
970 961
970 944
970 900
970 991
970 947
970 55
970 419
970 791
970 695
970 733
970 499
970 457
970 804
260 973
260 828
369 954
369 874
369 917
369 632
841 976
841 768
841 823
841 917
841 990
841 505
841 420
841 705
967 929
967 938
967 728
967 875
967 611
967 908
967 805
967 685
967 256
967 273
967 327
967 801
967 812
967 339
967 746
967 835
967 500
967 534
967 686
967 694
967 665
967 681
967 737
113 997
301 955
301 987
865 948
865 987
865 992
865 381
865 859
865 238
865 893
865 620
865 414
997 994
997 955
997 538
997 952
997 987
997 406
997 954
997 918
997 992
997 913
997 979
997 960
997 353
997 859
997 991
997 583
997 672
997 857
997 276
997 387
997 295
997 585
997 370
997 376
997 648
997 666
997 551
997 556
997 852
997 588
997 678
704 998
704 960
704 585
736 994
736 999
736 981
736 884
736 767
736 689
877 751
877 999
877 150
877 959
877 873
877 408
877 861
877 767
877 793
877 813
877 476
877 569
877 624
924 657
924 832
924 834
924 392
924 977
924 247
924 757
924 885
924 310
924 366
924 776
924 663
924 826
924 708
924 732
724 936
724 999
994 983
994 898
994 954
994 817
994 829
994 939
994 834
994 990
994 981
994 698
994 586
994 878
994 789
994 899
994 953
994 401
994 523
994 546
994 826
994 577
994 402
994 444
994 445
994 741
994 454
994 479
994 674
994 493
657 977
657 663
657 689
948 945
948 992
948 352
948 255
948 735
948 701
948 859
948 893
948 620
948 672
948 978
948 311
948 798
948 812
948 70
948 414
948 691
948 470
948 639
955 983
955 987
955 929
955 992
955 965
955 973
955 880
955 878
955 991
955 27
955 672
955 978
955 855
955 755
955 401
955 847
955 514
955 577
955 460
955 489
955 761
955 516
955 779
955 613
118 903
118 983
118 993
903 993
903 12
903 765
903 990
903 880
903 856
903 292
903 453
903 752
903 382
903 434
903 782
903 82
903 818
903 687
983 993
983 974
983 751
983 765
983 990
983 846
983 880
983 878
983 244
983 644
983 703
983 789
983 62
983 690
983 953
983 512
983 755
983 826
983 452
983 425
983 468
983 782
983 548
983 759
983 687
993 12
993 538
993 609
993 765
993 154
993 990
993 880
993 227
993 256
993 265
993 544
993 292
993 512
993 31
993 453
993 635
993 826
993 651
993 563
993 777
993 434
993 638
993 782
993 82
993 818
993 759
993 658
993 598
993 687
993 737
541 570
541 988
788 952
788 989
788 951
788 831
788 668
914 962
914 952
914 989
914 976
914 925
914 968
914 2
914 873
914 805
914 971
914 218
914 857
914 869
914 646
914 825
914 656
914 35
914 77
12 538
538 954
538 960
285 973
285 944
285 878
712 530
81 892
81 916
81 628
121 175
121 923
121 946
121 949
175 946
175 962
923 949
923 962
923 945
923 696
923 853
923 729
923 973
923 919
923 825
923 670
923 730
946 949
946 945
946 853
946 384
946 439
946 816
946 627
946 897
946 922
946 893
946 919
946 294
946 847
946 730
946 415
946 463
946 637
946 723
946 98
949 962
949 853
949 459
949 816
949 615
949 897
949 922
949 919
949 820
949 978
949 847
949 412
949 730
949 415
949 775
949 637
949 679
122 229
122 407
122 560
122 998
229 407
229 998
229 790
407 998
407 774
560 998
560 906
560 971
560 706
560 869
998 962
998 350
998 868
998 790
998 829
998 2
998 920
998 192
998 289
998 960
998 211
998 856
998 566
998 387
998 794
998 334
998 585
998 752
998 744
998 619
998 596
998 774
998 666
998 68
123 319
123 633
123 974
319 974
633 974
633 703
633 690
633 425
633 494
633 754
911 815
911 158
911 912
911 612
911 611
911 485
911 811
911 821
911 947
911 697
911 490
974 475
974 522
974 915
974 291
974 244
974 703
974 264
974 690
974 978
974 953
974 864
974 314
974 798
974 776
974 660
974 425
974 468
974 494
974 434
974 754
974 548
974 525
306 825
306 833
542 988
542 602
962 853
962 963
962 992
962 729
962 868
962 829
962 816
962 2
962 873
962 566
962 364
962 919
962 991
962 978
962 825
962 723
125 750
125 860
750 860
750 499
860 866
860 979
860 393
860 876
860 932
860 742
860 511
860 370
936 898
936 999
936 959
936 921
936 756
936 915
936 920
936 766
936 922
936 408
936 706
936 710
936 785
936 855
936 664
936 480
936 581
936 683
936 543
127 634
127 952
127 989
634 952
634 989
634 963
634 831
634 35
634 705
898 939
898 807
898 684
898 921
898 890
898 189
898 778
898 543
952 989
952 945
952 842
952 963
952 529
952 728
952 772
952 988
952 908
952 451
952 831
952 235
952 900
952 25
952 747
952 603
952 419
952 656
952 308
952 621
952 733
952 676
952 623
989 945
989 954
989 963
989 999
989 728
989 165
989 772
989 988
989 908
989 944
989 805
989 222
989 831
989 235
989 610
989 900
989 25
989 603
989 419
989 656
989 35
989 621
989 733
989 676
989 667
989 639
989 694
989 705
989 77
128 784
128 895
128 945
751 873
751 944
751 878
751 624
784 895
784 945
784 965
784 928
784 931
784 941
784 483
784 795
784 489
895 945
895 973
895 361
895 45
895 643
895 670
895 692
895 545
895 732
895 567
895 99
895 779
945 897
945 795
945 831
945 24
945 919
945 820
945 900
945 25
945 828
945 978
945 419
945 643
945 733
945 455
945 506
764 842
764 979
764 887
764 908
764 331
871 195
871 907
871 961
871 991
871 947
871 284
871 603
871 348
871 695
871 797
871 677
871 447
871 457
13 717
717 864
717 891
937 906
937 951
937 166
937 236
937 739
937 794
937 769
976 925
976 395
976 894
976 906
976 968
976 990
976 830
976 811
976 880
976 977
976 505
976 971
976 554
976 484
976 947
976 743
976 857
976 869
976 646
976 721
976 619
976 500
976 631
976 734
130 892
130 916
130 987
474 531
474 753
474 844
892 916
892 987
892 901
892 980
892 792
892 580
892 781
892 922
892 628
892 29
892 400
892 423
892 645
892 675
916 987
916 901
916 792
916 240
916 628
916 520
916 400
916 434
916 645
916 535
987 901
987 980
987 992
987 866
987 932
987 735
987 883
987 884
987 859
987 893
987 240
987 899
987 672
987 978
987 702
987 416
987 533
987 645
987 486
987 818
987 535
987 718
987 689
475 978
475 798
475 754
475 548
696 973
696 670
696 692
901 979
901 90
901 941
901 584
901 781
901 991
901 363
901 535
132 842
132 929
132 938
748 925
748 790
748 143
748 768
748 968
748 990
748 971
748 818
842 929
842 908
842 524
842 587
842 694
929 938
929 963
929 992
929 594
929 908
929 944
929 620
929 991
929 978
929 855
929 801
929 338
929 812
929 667
938 963
938 728
938 875
938 908
938 805
938 273
938 801
938 812
938 793
938 746
938 534
938 686
938 723
938 665
938 681
938 737
980 616
980 915
980 698
980 580
980 922
980 228
980 520
980 317
980 36
980 891
980 910
980 325
980 742
980 702
980 508
980 708
980 675
980 535
522 915
522 978
792 999
792 922
792 767
792 843
792 535
815 912
815 611
815 347
815 804
853 968
853 816
853 615
853 24
853 919
853 820
853 463
853 819
853 804
406 960
406 805
954 874
954 800
954 917
954 928
954 981
954 890
954 632
954 960
954 905
954 568
954 831
954 266
954 558
954 295
954 318
954 585
954 648
954 445
954 5
435 807
435 921
796 957
796 951
817 890
817 899
817 30
817 402
817 741
817 481
817 608
918 981
918 915
918 960
918 252
918 899
918 778
918 814
918 387
918 334
918 697
918 849
918 713
918 5
918 818
918 718
137 963
137 992
609 617
963 787
963 875
963 873
963 988
963 181
963 908
963 364
963 831
963 235
963 900
963 833
963 769
963 801
963 838
963 469
963 417
963 733
963 723
963 665
992 594
992 255
992 735
992 701
992 226
992 859
992 893
992 240
992 620
992 899
992 264
992 27
992 672
992 276
992 278
992 311
992 323
992 798
992 812
992 345
992 692
992 70
992 500
992 761
992 556
992 639
992 723
913 979
913 757
913 991
913 896
913 857
913 891
913 581
913 551
540 931
540 941
729 364
729 825
350 883
350 884
529 988
868 177
868 988
868 752
868 744
874 800
874 917
874 928
874 185
874 824
874 600
874 318
874 608
874 550
874 705
925 968
925 883
925 971
925 554
925 715
925 947
925 869
925 302
925 337
925 721
925 835
925 438
925 819
925 598
925 699
925 734
459 922
850 965
850 951
850 973
850 513
850 224
850 668
850 4
162 384
162 816
395 505
790 920
790 744
790 596
790 774
790 642
790 818
790 532
790 68
999 832
999 959
999 170
999 756
999 873
999 922
999 214
999 408
999 861
999 680
999 246
999 767
999 716
999 885
999 269
999 628
999 843
999 664
999 910
999 333
999 793
999 621
999 840
999 691
999 562
999 476
999 52
999 569
999 624
143 768
143 823
768 823
768 779
823 156
823 827
823 846
823 210
823 605
823 779
823 573
823 669
482 567
661 932
661 511
894 957
894 951
894 830
894 880
894 824
894 89
894 639
145 906
906 939
906 968
906 971
906 715
906 673
906 706
906 710
906 605
906 683
906 573
906 669
829 939
829 990
829 846
829 905
829 953
829 674
866 172
866 876
866 932
866 814
866 290
866 486
866 689
979 887
979 932
979 915
979 357
979 735
979 584
979 836
979 900
979 673
979 55
979 843
979 346
979 441
979 47
979 852
979 588
979 678
939 990
939 807
939 921
939 766
939 706
939 710
939 268
939 785
939 953
939 864
939 618
939 546
939 826
939 479
939 674
832 977
832 767
832 757
832 663
15 800
15 917
15 957
800 917
800 185
800 632
800 600
800 608
800 550
822 825
822 799
917 957
917 951
917 731
917 824
917 680
917 833
917 589
917 550
957 951
957 513
957 928
957 166
957 762
957 824
957 680
957 583
957 32
957 322
957 89
957 668
957 422
150 848
150 959
848 959
848 553
848 756
848 214
848 223
848 861
848 716
848 840
848 624
959 553
959 170
959 756
959 698
959 922
959 214
959 861
959 233
959 680
959 767
959 716
959 628
959 891
959 910
959 793
959 813
959 840
959 423
959 476
959 516
959 624
151 965
765 990
765 880
765 512
765 777
765 782
765 759
965 973
965 762
965 811
965 451
965 213
965 224
965 592
965 847
965 799
965 405
965 649
965 563
965 460
965 761
965 51
965 631
965 779
965 613
153 531
153 753
393 932
531 22
531 844
531 465
531 675
753 844
753 791
753 424
753 465
753 667
834 807
834 928
834 921
834 766
834 885
834 785
834 864
834 577
392 663
392 826
594 893
594 345
951 725
951 297
951 928
951 731
951 680
951 249
951 630
951 668
951 886
951 826
951 4
951 422
156 827
827 932
827 355
973 944
973 900
973 885
973 828
973 738
973 643
973 776
973 668
973 670
973 770
973 692
973 660
973 443
973 675
973 732
973 567
973 506
973 613
519 887
519 915
519 856
519 849
968 988
968 883
968 971
968 218
968 221
968 554
968 315
968 947
968 655
968 628
968 281
968 869
968 572
968 721
968 746
968 835
968 438
968 819
968 537
968 699
968 734
158 912
912 552
912 612
912 920
912 811
912 821
912 272
912 288
912 442
912 697
912 744
912 691
912 427
912 687
725 876
725 731
725 899
990 208
990 448
990 856
990 971
990 270
990 743
990 953
990 292
990 316
990 546
990 826
990 840
990 777
990 444
990 782
990 479
990 674
160 297
160 928
297 928
513 668
807 921
807 920
807 766
807 785
807 864
807 480
807 543
928 527
928 921
928 931
928 941
928 960
928 805
928 854
928 295
928 886
928 456
279 690
279 953
614 981
614 890
614 30
684 981
684 890
684 781
684 991
684 953
684 797
787 873
787 833
384 816
384 919
439 463
816 919
816 820
816 847
816 730
875 908
875 805
875 327
875 801
875 793
875 835
875 723
875 665
875 681
875 737
887 915
887 488
887 856
887 673
887 274
887 331
887 441
887 849
887 660
887 47
981 179
981 890
981 183
981 905
981 781
981 568
981 802
981 899
981 655
981 778
981 953
981 387
981 433
981 638
981 645
981 445
981 741
981 481
981 5
165 772
352 893
772 944
772 610
166 762
762 213
762 460
167 830
552 612
830 880
830 236
830 794
830 619
830 639
616 910
616 467
169 527
169 931
527 931
527 941
527 854
527 564
921 606
921 920
921 189
921 766
921 268
921 785
921 739
921 864
921 480
921 683
921 543
931 186
931 941
931 726
931 198
931 483
931 271
931 854
931 328
931 363
931 365
931 46
931 677
931 400
931 676
931 456
931 564
931 658
931 537
255 620
172 876
172 932
876 932
876 900
876 899
876 290
876 910
876 335
932 357
932 735
932 900
932 899
932 290
932 910
932 742
932 397
932 335
932 511
932 418
932 499
756 476
756 516
756 52
756 624
176 283
283 896
283 593
612 920
611 835
873 947
179 890
381 893
890 905
890 568
890 899
890 30
890 402
890 445
890 741
890 481
18 570
18 988
570 988
570 341
606 785
988 944
988 805
988 222
988 831
988 602
988 825
988 833
988 769
988 776
988 341
988 799
988 417
988 733
988 423
988 589
988 623
988 639
988 699
181 908
908 944
908 685
908 733
908 694
908 77
915 228
915 644
915 703
915 855
915 441
915 508
915 849
915 886
915 754
915 443
915 548
485 811
920 189
920 785
920 849
920 744
920 596
920 427
920 642
920 480
920 68
920 543
920 687
183 811
811 500
846 905
846 953
846 664
846 399
357 346
185 632
632 648
632 497
186 941
941 726
941 198
941 483
941 271
941 854
941 328
941 363
941 365
941 46
941 677
941 400
941 676
941 456
941 564
941 658
941 537
735 960
735 849
735 666
726 198
726 271
726 854
726 365
726 564
189 766
766 268
766 785
766 739
766 298
766 480
190 430
192 289
192 960
289 960
289 387
960 805
960 685
960 856
960 252
960 583
960 266
960 334
960 636
960 585
960 376
960 666
451 799
451 623
701 859
701 893
701 991
701 323
195 907
195 961
907 961
907 212
907 991
907 947
907 647
907 309
907 791
907 394
907 695
907 797
907 677
907 457
907 804
907 679
961 212
961 343
961 991
961 647
961 558
961 284
961 603
961 309
961 791
961 348
961 394
961 695
961 797
961 651
961 447
961 457
961 493
961 51
961 804
961 679
196 629
629 905
629 781
629 862
629 722
629 575
698 922
698 861
698 953
698 445
845 883
845 884
845 814
845 650
845 478
845 416
845 533
845 486
845 713
845 818
845 551
845 671
198 483
483 854
472 562
472 732
488 274
880 824
880 755
880 847
944 878
944 919
944 828
944 978
944 495
944 417
944 675
944 667
944 64
977 760
977 883
977 652
977 836
977 247
977 885
977 366
977 342
977 663
977 708
977 623
977 852
977 699
204 905
586 391
586 577
905 778
905 843
905 793
905 862
905 635
905 774
905 741
905 5
580 781
781 433
781 722
805 733
207 682
682 833
682 440
682 840
208 448
208 505
448 505
448 743
448 886
505 743
505 608
565 420
740 896
740 891
740 910
740 424
740 76
897 919
897 294
897 455
731 630
210 795
795 602
795 833
795 819
211 685
211 856
685 856
685 681
856 334
856 782
922 861
922 919
922 820
922 716
922 978
922 29
922 520
922 423
922 708
922 675
212 343
343 558
343 284
353 836
353 991
214 408
215 883
215 971
760 652
760 836
760 248
760 991
760 857
760 852
883 971
883 884
883 814
883 281
883 646
883 852
971 221
971 554
971 715
971 315
971 947
971 655
971 269
971 628
971 281
971 869
971 302
971 646
971 572
971 337
971 721
971 746
971 438
971 537
971 598
971 669
971 699
884 899
884 263
884 814
884 416
884 533
884 713
884 493
884 532
802 778
802 575
22 844
844 791
844 465
844 662
361 670
221 554
221 715
554 715
715 302
715 646
715 438
223 374
223 861
374 739
374 794
861 383
861 767
861 716
861 910
861 333
861 838
861 813
861 840
824 583
824 550
226 859
773 878
773 429
859 238
859 893
859 264
859 797
859 662
262 896
878 495
878 577
878 429
878 454
315 572
831 25
831 747
831 656
831 705
383 767
383 838
233 680
254 510
254 706
254 710
235 610
610 656
236 821
821 794
821 619
821 427
291 864
238 893
893 278
893 797
893 414
893 761
893 723
893 662
24 919
919 820
919 789
919 978
919 819
919 804
919 637
919 679
836 590
836 588
836 699
241 592
592 799
592 405
592 613
820 412
820 463
820 819
820 679
900 738
900 308
900 397
900 677
900 665
244 644
244 703
644 703
644 953
644 754
703 864
703 798
703 494
246 767
270 743
767 843
247 757
716 843
716 621
248 620
248 991
620 991
991 885
991 947
991 672
991 857
991 284
991 791
991 394
991 695
991 797
991 651
991 51
991 516
991 852
991 588
252 583
885 910
885 590
885 826
885 623
885 732
885 476
885 852
885 678
510 710
510 683
706 710
710 618
710 683
899 263
899 647
899 814
899 741
899 689
947 869
947 646
947 695
947 651
947 457
947 679
421 896
62 512
259 655
259 778
655 778
655 60
778 741
778 60
828 643
828 770
828 567
828 506
896 266
896 593
896 891
896 322
896 777
896 470
896 581
896 556
896 734
263 647
263 814
814 746
814 713
814 557
814 537
814 689
264 690
690 978
690 953
690 314
690 494
690 548
266 558
558 454
602 833
268 785
785 864
269 628
559 891
27 672
27 978
672 470
978 953
978 864
978 330
978 798
978 776
978 838
978 691
978 660
978 468
978 443
978 525
978 535
978 637
743 316
743 886
743 608
857 774
857 424
857 678
271 854
854 365
854 677
854 676
854 456
854 564
854 658
272 288
461 528
274 331
524 587
275 630
275 739
630 739
739 298
739 794
359 722
953 864
953 546
953 826
953 452
953 425
953 468
953 754
953 638
953 479
953 674
281 869
869 646
869 572
869 337
869 721
869 746
869 438
869 819
302 646
593 709
593 373
603 656
387 585
29 520
650 713
864 838
864 530
292 512
512 818
738 862
646 337
825 833
825 72
825 776
825 799
833 840
833 589
656 676
72 799
843 575
843 588
843 678
440 840
310 366
366 663
855 812
855 401
855 886
855 683
794 769
794 619
495 429
664 621
317 36
317 388
317 891
317 910
36 742
388 910
891 910
891 368
891 777
910 467
910 335
910 691
910 499
755 862
643 670
643 545
322 89
325 742
742 511
742 862
397 677
327 801
801 403
801 665
801 681
453 782
453 82
330 798
798 556
776 494
776 754
776 732
334 636
636 666
335 511
511 499
337 721
721 835
721 819
338 812
585 666
812 665
812 681
342 663
401 514
401 577
418 499
346 441
347 752
697 671
752 82
752 687
590 588
590 678
847 514
847 730
356 528
356 793
356 862
528 862
528 635
793 835
793 840
862 722
862 774
862 518
862 534
862 85
508 683
722 487
722 534
849 596
849 666
670 660
746 533
746 681
744 782
640 420
770 575
587 694
886 443
692 556
692 779
838 469
838 637
546 674
813 516
813 624
826 674
394 695
394 797
695 457
797 679
799 423
416 533
840 674
774 818
774 549
417 733
412 730
730 637
414 691
500 761
533 713
420 562
562 444
562 605
563 598
660 47
424 465
465 675
425 468
425 494
494 754
777 734
434 754
754 548
645 481
445 741
741 481
775 637
708 535
456 564
732 506
479 674
567 779
486 713
713 689
487 605
605 573
581 543
608 550
683 617
759 687
532 68
852 588
639 723
575 669
1:
107 458
107 996
458 996
2:
119 541
119 914
541 914
3:
126 431
126 492
126 57
431 492
492 57
4:
974 135
974 243
135 243
5:
136 796
136 817
796 817
6:
146 287
146 866
287 866
287 846
866 846
7:
161 279
161 614
279 614
8:
293 173
293 882
796 882
796 654
173 349
173 473
173 882
349 882
349 806
473 882
473 466
473 496
473 426
882 219
882 803
882 806
882 237
882 652
882 446
882 507
882 33
882 426
882 654
882 759
882 662
466 496
219 802
219 803
219 806
802 806
803 806
803 237
803 653
803 507
803 33
803 409
803 654
803 775
803 759
806 237
806 653
806 446
806 507
806 409
806 426
806 662
237 652
653 775
33 409
409 426
496 426
496 654
426 654
654 759
654 662
775 759
9:
182 485
182 920
485 920
10:
712 193
712 451
193 451
11:
822 203
822 390
203 390
12:
827 988
827 207
988 207
13:
930 789
930 719
209 858
209 897
858 897
858 340
858 591
858 789
858 719
858 428
897 719
897 428
340 719
591 719
789 719
14:
981 6
981 250
6 250
15:
320 45
320 477
45 477
16:
712 717
712 39
717 39
17:
887 63
887 557
63 557
18:
858 242
858 900
242 900
19:
858 504
858 267
858 286
504 286
267 286
20:
388 325
388 547
325 547
21:
750 326
750 397
326 397
22:
977 586
977 338
586 338
23:
709 354
709 702
354 702
24:
980 510
980 706
980 367
510 367
706 367
25:
880 368
880 490
368 490
26:
872 375
872 523
812 375
812 523
375 523
27:
888 467
888 642
467 642
28:
981 824
981 449
824 449
29:
891 547
891 418
547 418
30:
960 743
960 410
743 410
31:
768 559
768 819
559 819
32:
609 498
609 536
498 536
498 581
536 581
33:
956 822
956 641
956 682
822 641
822 682
34:
992 947
992 618
947 618
35:
881 846
881 727
846 727
36:
930 901
930 692
901 692
