# The links inside the communities at k=7
# from G:\Dropbox\Raghda\CNA\Final Project\other methods\CFinder-2.0.6--1448\G:\Dropbox\Raghda\CNA\Final Project\Datasets\binary_networks\LFR2\networ_LFR2_Om4.dat
# at no lower link weight threshold,
# and at no upper link weight threshold.
# Links were treated as undirected.
# No time limit was set for the clique search.

0:
943 947
943 896
943 922
943 906
943 863
943 870
943 827
943 914
943 643
943 718
943 590
943 715
947 896
947 922
947 906
947 863
947 870
947 827
947 914
947 643
947 718
947 590
947 715
896 922
896 906
896 863
896 870
896 827
896 914
896 643
896 718
896 590
896 715
922 906
922 863
922 870
922 827
922 914
922 643
922 718
922 590
922 715
906 863
906 870
906 827
906 914
906 643
906 718
906 590
906 715
863 870
863 827
863 914
870 827
870 914
870 718
870 715
827 914
914 643
914 718
914 590
914 715
1:
845 991
845 997
845 945
845 873
845 865
845 678
991 997
991 945
991 873
991 865
991 678
997 945
997 873
997 865
997 678
945 873
945 865
945 678
873 865
873 678
865 678
2:
648 883
648 959
648 983
648 962
648 996
648 854
883 959
883 983
883 962
883 996
883 854
883 657
883 655
959 983
959 962
959 996
959 854
959 657
959 655
983 962
983 996
983 854
983 657
983 655
962 996
962 854
962 657
962 655
996 854
996 657
996 655
854 657
854 655
3:
923 940
923 960
923 637
923 805
923 664
923 833
923 652
940 960
940 637
940 805
940 664
940 833
940 652
960 637
960 805
960 664
960 833
960 652
637 805
637 664
637 833
805 664
805 833
805 652
664 833
664 652
833 652
4:
884 946
884 951
884 982
884 691
884 893
884 932
884 954
884 926
884 809
884 740
884 665
946 951
946 982
946 691
946 893
946 932
946 954
946 971
946 926
946 809
946 740
946 716
951 982
951 691
951 893
951 932
951 954
951 971
951 926
951 809
951 740
951 665
951 716
982 691
982 893
982 932
982 954
982 971
982 926
982 809
982 740
982 665
982 716
691 954
691 926
691 740
893 932
893 954
893 926
893 809
893 665
893 716
932 954
932 971
932 926
932 809
932 740
932 665
932 716
954 971
954 926
954 740
954 665
954 716
971 926
926 809
926 665
926 716
809 740
5:
989 975
989 985
989 898
989 916
989 844
989 897
989 790
989 651
975 985
975 898
975 916
975 844
975 897
975 790
975 651
985 898
985 916
985 844
985 897
985 790
985 651
898 916
898 844
898 897
898 790
898 651
916 844
916 897
916 790
916 651
844 897
844 790
897 790
897 651
6:
837 887
837 974
837 995
837 912
837 791
837 710
887 974
887 995
887 912
887 791
887 710
974 995
974 912
974 791
974 710
995 912
995 791
995 710
912 791
912 710
791 710
7:
757 977
757 934
757 970
757 900
757 939
757 955
977 881
977 934
977 998
977 970
977 952
977 929
977 900
977 939
977 955
881 934
881 998
881 970
881 952
881 929
881 939
881 955
881 761
934 998
934 970
934 929
934 900
934 939
934 955
934 761
998 970
998 952
998 929
998 900
998 939
998 955
998 761
970 929
970 900
970 939
970 955
970 761
952 929
952 900
952 939
952 955
952 761
929 900
929 939
929 955
929 761
900 939
900 955
939 955
939 761
955 761
8:
979 989
979 931
979 956
979 978
979 877
979 937
979 973
979 942
979 944
979 793
979 776
989 931
989 956
989 978
989 937
989 973
989 942
989 944
931 956
931 978
931 877
931 937
931 973
931 942
931 944
931 793
931 776
956 978
956 877
956 937
956 973
956 942
956 944
956 793
956 776
978 877
978 937
978 973
978 942
978 944
978 793
978 776
877 937
877 973
877 942
877 944
877 793
937 973
937 942
937 944
937 793
937 776
973 942
973 944
973 793
973 776
942 944
942 793
942 776
944 793
944 776
9:
824 992
824 950
824 925
824 806
824 828
824 843
992 950
992 925
992 806
992 828
992 843
950 925
950 806
950 828
950 843
925 806
925 828
925 843
806 828
806 843
828 843
