# The links inside the communities at k=4
# from G:\Dropbox\Raghda\CNA\Final Project\other methods\CFinder-2.0.6--1448\G:\Dropbox\Raghda\CNA\Final Project\Datasets\binary_networks\LFR4\network_LFR4_Om6.dat
# at no lower link weight threshold,
# and at no upper link weight threshold.
# Links were treated as undirected.
# No time limit was set for the clique search.

0:
989 929
989 688
989 200
929 688
929 200
688 200
1:
1000 142
1000 716
1000 826
1000 925
1000 977
1000 988
1000 989
1000 993
142 716
142 826
716 826
716 925
716 993
826 925
826 993
925 988
925 993
925 994
925 999
925 934
977 988
977 989
977 994
988 989
988 993
988 994
988 999
988 708
988 790
989 993
989 994
989 138
989 870
989 164
989 44
989 708
993 994
993 138
993 870
993 164
993 708
993 790
994 138
994 870
994 999
994 934
994 902
994 44
994 708
138 870
870 164
870 44
999 934
999 902
934 902
708 790
2:
1000 203
1000 684
1000 704
1000 872
1000 878
1000 899
1000 941
1000 957
1000 973
203 899
203 941
684 704
684 872
684 899
684 957
704 872
704 899
704 569
704 419
704 477
872 878
872 899
872 941
872 975
872 971
872 569
872 477
878 899
878 941
878 975
899 941
899 957
899 973
899 975
899 971
899 569
899 419
899 477
941 569
957 973
975 971
975 569
971 477
569 419
3:
1000 527
1000 616
1000 76
1000 930
1000 973
527 616
527 76
527 930
527 973
527 936
527 905
616 76
616 930
616 973
616 936
616 905
76 930
930 973
930 936
930 905
973 936
4:
102 394
102 406
102 881
394 406
394 881
406 881
5:
979 631
979 650
979 907
979 922
103 631
103 650
103 907
631 650
631 907
631 514
631 235
650 907
650 514
650 922
650 235
907 514
907 922
907 235
922 235
6:
941 860
941 933
941 948
941 769
941 479
995 107
995 860
995 933
995 948
995 990
995 769
107 860
107 933
107 948
860 933
860 948
860 769
860 887
860 897
860 479
933 948
933 908
933 990
933 769
933 887
933 897
933 479
948 908
948 990
948 769
948 887
948 479
908 990
908 887
990 769
990 897
769 897
769 479
7:
966 943
966 957
966 111
966 488
966 972
966 581
966 80
943 957
943 581
943 80
957 111
957 488
957 581
111 488
111 972
488 972
488 581
972 581
972 80
581 80
8:
957 836
957 947
957 964
957 990
957 829
996 836
996 947
996 964
996 990
996 829
996 633
113 836
113 947
113 964
836 947
836 964
836 866
836 990
836 829
947 964
947 866
947 990
947 829
947 633
964 866
964 990
964 829
964 633
990 829
9:
988 114
988 355
988 867
988 983
988 898
114 355
114 867
355 867
355 983
867 983
867 898
983 898
10:
988 686
988 792
988 975
988 386
988 790
118 686
118 792
118 975
686 792
686 975
686 386
686 904
686 790
792 975
792 386
792 904
792 790
975 386
975 904
11:
973 120
973 494
973 955
120 494
120 955
494 955
12:
988 122
988 976
988 984
988 639
988 333
122 976
122 984
976 984
976 639
976 333
984 333
639 333
13:
925 940
925 969
925 997
925 904
925 737
129 679
129 940
129 969
129 997
679 940
679 969
679 997
679 952
679 367
679 447
679 563
679 737
940 969
940 997
940 904
940 952
940 478
940 902
940 367
940 447
940 563
940 737
969 997
969 904
969 952
969 478
969 902
969 367
969 447
969 563
969 737
997 367
997 737
904 737
952 563
952 737
478 902
478 563
478 737
447 563
447 737
563 737
14:
995 892
995 130
995 709
995 810
995 146
995 257
892 709
892 810
130 709
130 810
130 958
709 810
709 958
709 146
709 257
810 958
810 146
810 257
958 257
15:
141 776
141 937
141 980
776 937
776 980
776 764
937 980
937 764
980 764
16:
961 999
961 145
961 589
961 963
961 949
961 854
961 915
961 752
961 219
961 905
999 145
999 589
999 963
999 219
999 905
145 589
145 963
589 963
589 915
589 219
963 949
963 854
963 915
963 752
963 219
963 905
949 752
949 905
854 915
17:
931 761
931 460
931 856
944 984
944 980
944 856
944 556
984 761
984 856
984 556
984 354
761 980
761 460
761 773
761 856
761 175
761 556
761 354
980 773
980 856
980 556
148 460
148 773
148 856
460 773
460 856
773 856
773 175
773 556
773 354
856 556
856 354
175 556
18:
861 172
861 272
861 604
861 971
172 272
172 604
172 971
272 604
272 971
19:
997 497
997 804
997 461
997 985
173 497
173 804
173 893
497 804
497 893
497 461
497 985
804 893
804 461
804 985
893 985
461 985
20:
179 306
179 387
179 518
179 808
306 387
306 808
387 518
387 808
518 808
21:
635 885
635 187
635 414
885 187
885 414
187 414
22:
929 190
929 310
929 990
190 310
190 990
310 990
23:
996 997
996 846
996 971
996 877
996 932
996 734
352 846
352 191
352 877
931 846
931 971
931 932
997 846
997 877
997 932
997 734
997 473
997 286
846 971
846 191
846 877
846 932
846 209
846 734
846 217
846 473
846 835
971 877
971 932
971 835
191 877
191 932
877 932
877 473
877 835
877 286
877 85
932 209
932 734
932 217
932 473
932 286
932 85
209 734
734 286
217 473
473 85
24:
827 193
827 462
827 481
827 298
193 462
193 481
462 481
462 298
481 298
25:
989 991
989 852
989 971
989 538
989 247
991 852
991 935
991 196
991 538
991 247
852 935
852 971
852 196
852 538
852 247
935 247
971 538
196 538
26:
859 974
859 823
859 204
974 823
974 204
823 204
27:
996 936
996 935
996 22
996 806
996 521
936 806
936 521
935 22
935 806
935 521
22 806
806 521
28:
988 982
988 991
988 953
982 991
982 990
982 953
982 645
982 992
982 544
982 482
991 875
991 953
991 985
991 645
991 992
991 482
875 953
875 482
990 953
990 645
990 992
990 544
990 482
953 985
953 29
953 645
953 992
953 842
953 544
953 482
985 29
985 645
985 992
985 842
29 645
645 842
645 544
992 544
29:
840 34
840 748
840 916
34 748
34 916
748 916
30:
751 733
751 408
751 871
751 992
751 362
733 952
733 408
733 871
733 992
733 362
733 41
952 408
952 871
408 871
871 992
871 362
871 41
362 41
31:
1000 714
1000 889
1000 896
1000 911
1000 918
1000 960
1000 995
1000 996
714 889
714 896
714 911
714 918
714 960
714 995
714 996
714 939
714 46
889 896
889 911
889 918
889 960
889 995
889 996
889 939
889 842
889 46
896 911
896 918
896 960
896 995
896 996
896 939
896 842
896 46
960 995
960 996
995 996
995 939
995 46
996 939
939 842
32:
943 993
943 778
943 894
943 47
993 778
993 894
993 47
778 894
778 47
894 47
33:
943 920
943 985
943 927
943 820
943 721
920 985
920 820
920 721
950 898
950 985
950 820
912 820
912 52
912 721
898 985
898 740
898 820
898 721
985 927
985 820
985 52
985 721
927 820
927 721
740 820
740 721
820 52
820 721
52 721
34:
950 863
950 985
950 592
950 61
863 985
863 842
863 592
863 61
985 842
985 592
842 592
592 61
35:
910 891
910 781
910 985
910 60
891 781
891 985
891 868
781 985
781 868
781 60
985 868
985 60
868 60
36:
892 986
892 849
892 612
986 999
986 873
986 880
986 774
986 849
986 446
986 489
986 612
986 506
986 540
986 75
986 97
999 880
999 774
999 849
999 446
999 506
999 540
999 97
873 849
873 446
880 849
774 849
849 446
849 489
849 612
849 506
849 540
849 75
849 97
446 489
446 612
489 612
489 506
489 540
612 506
612 540
612 75
506 540
37:
857 984
857 928
857 999
857 610
857 879
857 865
857 971
857 901
857 981
857 550
857 796
857 814
857 719
857 70
984 928
984 610
984 879
984 901
984 814
984 719
928 999
928 610
928 879
928 971
928 901
928 550
928 796
928 814
928 719
928 70
999 879
999 865
999 901
999 550
999 814
999 719
610 879
610 901
610 814
610 719
879 971
879 901
879 981
879 550
879 814
879 719
865 814
971 901
971 814
971 719
901 981
901 550
901 796
901 814
901 719
901 70
981 814
981 719
550 814
814 719
814 70
38:
998 975
998 828
998 884
998 983
998 935
998 848
998 981
998 858
998 938
998 902
998 349
998 766
998 890
998 391
998 702
998 79
975 983
975 858
975 902
975 766
975 890
975 702
828 890
828 702
884 349
884 766
884 890
983 349
983 766
983 890
983 79
935 938
935 890
935 391
935 702
848 766
848 890
981 902
981 766
981 890
981 391
981 702
858 702
938 766
938 890
902 890
349 766
349 890
766 890
766 702
890 391
890 702
890 79
702 79
39:
906 988
906 833
906 850
906 777
988 995
988 982
988 999
988 983
988 833
988 850
988 777
995 946
995 786
995 850
995 777
946 982
946 983
946 833
946 786
946 850
946 801
982 983
982 833
982 786
982 850
982 777
999 322
999 833
999 850
999 777
983 833
983 850
983 777
322 833
322 786
322 850
833 786
833 850
833 801
833 777
786 850
786 777
850 801
850 777
40:
972 982
972 991
972 757
972 924
972 241
972 430
982 991
982 757
982 924
982 430
991 534
991 757
991 924
991 241
534 757
534 924
534 285
757 924
757 285
757 430
924 241
924 285
924 430
41:
910 997
910 467
910 244
882 997
882 467
882 244
997 467
997 244
467 244
42:
984 949
984 249
984 847
949 249
949 847
249 847
43:
866 917
866 736
866 739
917 254
917 736
917 739
917 905
917 738
254 736
254 739
254 905
736 739
736 905
739 905
739 738
905 738
44:
991 256
991 454
991 952
256 454
256 952
454 952
45:
950 323
950 821
950 813
323 821
323 813
821 813
46:
825 268
825 342
825 425
268 342
268 425
342 425
47:
959 908
959 873
959 945
959 273
908 945
908 273
873 945
873 273
945 273
48:
959 943
959 957
959 875
959 671
959 275
959 880
943 957
943 671
943 275
943 880
957 875
957 671
957 275
875 671
275 880
49:
979 973
979 900
979 927
979 283
973 923
973 900
973 927
973 283
923 900
923 927
900 927
900 283
927 283
50:
353 786
353 850
353 366
786 850
786 366
850 366
51:
984 666
984 629
984 289
666 629
666 289
629 289
52:
972 975
972 983
972 874
972 395
975 936
975 913
975 983
975 874
975 395
975 694
936 913
936 874
936 297
913 983
913 874
913 297
913 395
913 694
983 874
983 395
874 297
874 395
874 694
53:
684 872
684 338
684 876
872 338
872 876
338 876
54:
762 854
762 909
762 316
762 471
762 888
762 992
762 876
762 483
854 888
854 992
854 876
909 888
909 992
316 471
316 888
471 888
471 992
888 992
888 876
888 483
992 483
55:
839 914
839 824
839 793
977 914
977 824
977 793
977 651
977 767
914 936
914 824
914 793
914 968
914 317
914 651
914 767
914 902
936 824
936 793
936 767
824 793
824 968
824 317
824 651
824 767
824 902
793 968
793 317
793 651
793 767
793 902
968 651
968 767
317 651
317 767
651 767
56:
759 981
759 968
759 330
759 710
759 811
981 968
981 710
981 811
981 844
968 330
968 710
968 811
330 710
330 811
710 811
710 844
811 844
57:
961 963
961 909
961 345
961 363
963 909
963 345
963 363
909 345
345 363
58:
943 802
943 350
943 809
802 350
802 809
350 809
59:
873 818
873 895
873 453
818 895
818 840
818 453
895 840
895 453
840 453
60:
918 881
918 873
918 675
394 881
394 873
394 675
881 873
881 675
873 675
61:
830 432
830 838
830 968
830 644
830 654
973 980
973 838
973 644
973 654
432 838
432 968
432 654
980 838
980 644
838 968
838 644
838 654
644 654
62:
464 853
464 915
464 712
853 915
853 712
915 712
63:
997 951
997 411
997 690
997 754
951 411
951 690
951 754
411 690
690 754
64:
951 825
951 582
951 425
825 582
825 425
582 425
65:
976 805
976 992
976 450
805 992
805 450
992 450
66:
906 939
906 490
906 456
939 490
939 456
490 456
67:
906 698
906 987
906 909
931 698
931 987
931 990
698 987
698 990
698 909
698 580
987 958
987 990
987 909
987 903
987 376
987 580
958 990
958 903
958 580
990 903
990 376
990 580
909 580
903 580
376 580
68:
603 673
603 920
603 378
673 920
673 378
920 378
69:
619 392
619 520
619 897
392 520
392 897
520 897
70:
834 884
834 770
834 397
884 770
884 397
770 397
71:
886 955
886 935
886 904
886 837
886 502
886 717
955 837
955 502
955 717
935 837
935 502
935 717
904 837
904 717
837 502
837 717
502 717
72:
839 976
839 985
839 451
976 884
976 985
976 451
884 985
884 451
985 451
73:
908 962
908 682
908 815
983 962
983 815
983 470
983 532
962 682
962 815
962 532
682 815
682 469
682 470
682 532
815 469
815 470
815 532
469 470
470 532
74:
979 976
979 927
979 537
976 927
976 472
976 537
927 472
927 537
472 537
75:
979 1000
979 551
979 695
979 977
1000 551
1000 695
1000 803
1000 906
1000 977
551 695
551 803
551 906
551 977
695 906
695 977
803 977
76:
861 971
861 539
861 835
971 539
971 835
539 835
77:
832 958
832 920
832 553
958 920
958 553
920 553
78:
892 949
892 788
892 962
892 981
949 962
949 981
949 619
788 962
788 981
962 981
962 619
962 520
962 557
981 619
981 520
981 557
619 520
520 557
79:
979 977
979 921
979 970
979 617
979 711
979 798
918 921
918 970
918 978
918 992
977 975
977 921
977 970
977 992
977 711
977 798
975 921
975 970
975 617
975 798
921 884
921 970
921 978
921 893
921 854
921 753
921 992
921 484
921 617
921 640
921 711
921 798
884 970
884 798
970 978
970 893
970 854
970 753
970 992
970 484
970 617
970 640
970 711
970 798
978 753
978 640
978 711
978 798
893 798
854 992
854 617
992 640
992 711
992 798
484 617
484 640
484 711
484 798
617 640
617 798
640 711
640 798
711 798
80:
991 974
991 935
991 916
991 508
974 748
974 916
974 508
935 916
935 508
748 916
748 508
916 508
81:
742 565
742 884
742 855
565 884
565 855
884 855
82:
906 606
906 652
906 755
875 652
875 755
875 626
606 652
606 755
606 626
652 755
652 626
755 626
83:
989 965
989 578
989 674
989 697
965 578
965 674
965 697
578 674
578 697
84:
982 853
982 978
982 927
982 968
982 841
982 787
982 595
853 841
853 787
978 968
978 555
978 841
978 787
978 595
927 841
927 787
968 555
968 841
968 595
555 787
555 595
841 787
841 595
787 595
85:
996 776
996 937
996 968
996 562
776 937
776 968
776 562
937 968
937 562
86:
989 923
989 926
989 785
989 902
989 883
923 926
923 785
926 865
926 785
926 902
926 746
926 883
926 576
865 785
865 576
785 902
785 883
785 576
785 735
902 746
902 576
746 576
883 576
883 735
576 735
87:
947 964
947 699
947 613
964 699
964 613
699 613
88:
944 999
944 927
944 685
944 844
999 927
999 685
999 844
927 685
685 844
89:
908 965
908 962
908 697
965 962
965 697
962 697
90:
959 875
959 994
959 945
875 994
875 718
875 945
994 718
994 893
994 945
718 893
718 945
893 945
91:
918 982
918 978
918 728
982 978
982 728
978 728
92:
882 834
882 770
882 783
834 770
834 783
770 783
93:
834 770
834 939
834 883
770 939
770 883
939 883
94:
979 780
979 960
979 976
979 929
979 797
979 938
780 929
780 797
780 938
960 869
960 976
960 929
960 938
869 929
869 938
976 938
929 797
929 938
797 938
95:
832 862
832 887
832 821
832 897
862 887
862 821
862 897
887 821
821 897
96:
851 956
851 893
851 915
956 893
956 915
893 915
97:
925 942
925 869
925 955
925 904
925 938
942 869
942 955
942 904
869 955
869 904
869 938
955 938
904 938
98:
960 942
960 869
960 915
942 869
942 915
869 915
99:
977 866
977 994
977 934
866 994
866 934
994 934
100:
988 995
988 984
988 868
995 984
995 868
984 868
101:
877 932
877 922
877 897
932 922
932 897
922 897
102:
911 993
911 976
911 967
960 993
960 976
960 967
993 972
993 976
993 967
972 976
972 967
976 967
