# The contained cliques in the communities at k=4
# from G:\Dropbox\Raghda\CNA\Final Project\other methods\CFinder-2.0.6--1448\G:\Dropbox\Raghda\CNA\Final Project\Datasets\binary_networks\LFR4\network_LFR4_Om6.dat
# at no lower link weight threshold,
# and at no upper link weight threshold.
# Links were treated as undirected.
# No time limit was set for the clique search.

0: 0 
1: 3 766 1234 1235 1303 815 1236 48 816 1294 63 142 1293 1239 1213 
2: 4 1157 551 686 1158 549 552 381 404 405 1159 687 1192 
3: 6 409 410 411 
4: 8 
5: 9 119 438 612 120 614 
6: 11 406 930 931 1109 932 933 1223 1180 
7: 14 15 417 418 156 155 580 
8: 17 578 579 689 675 
9: 18 178 1142 
10: 24 308 692 691 
11: 30 
12: 31 264 265 
13: 40 287 387 573 699 885 323 886 322 
14: 41 42 54 215 771 216 
15: 50 926 
16: 53 115 517 1202 1124 1203 859 
17: 56 301 280 300 528 279 527 525 526 67 
18: 64 65 
19: 66 428 317 
20: 74 75 
21: 79 
22: 82 
23: 83 84 310 1085 1086 113 147 238 857 239 101 1087 1088 
24: 87 247 
25: 91 430 203 431 204 
26: 98 
27: 116 508 507 
28: 129 643 644 642 1285 468 478 1283 1284 469 479 480 
29: 132 
30: 139 285 324 844 325 
31: 145 762 763 764 765 1105 
32: 146 
33: 150 151 811 812 813 814 1062 
34: 157 601 603 
35: 158 159 979 980 
36: 160 386 467 572 384 385 169 484 944 1107 
37: 165 442 519 826 827 828 1028 1063 
38: 166 167 273 940 819 820 821 822 272 818 941 942 1182 1183 357 358 1184 
39: 190 191 1001 992 993 990 1000 1026 1098 991 999 997 
40: 197 917 315 421 199 
41: 200 201 
42: 205 
43: 213 441 863 
44: 214 
45: 221 
46: 222 
47: 226 227 
48: 229 230 708 709 
49: 236 1197 
50: 241 
51: 242 
52: 246 1169 362 756 361 
53: 252 
54: 257 328 460 914 916 915 
55: 259 447 448 786 1014 1015 
56: 263 788 790 
57: 269 270 
58: 274 
59: 288 289 
60: 293 745 
61: 296 297 646 648 647 
62: 298 
63: 318 743 
64: 320 
65: 339 
66: 344 
67: 348 557 559 558 697 695 
68: 351 
69: 360 
70: 363 
71: 382 383 493 
72: 388 389 
73: 396 399 397 474 472 744 
74: 400 475 
75: 412 413 414 
76: 435 
77: 451 
78: 458 459 654 1171 971 
79: 482 483 669 670 671 672 673 802 803 1034 1035 1036 1126 1232 1231 866 
80: 498 499 501 
81: 511 
82: 513 516 641 
83: 532 533 
84: 540 541 595 596 994 995 
85: 546 964 
86: 581 582 583 584 985 984 986 585 
87: 680 
88: 731 732 
89: 752 
90: 773 774 1163 
91: 779 
92: 921 
93: 922 
94: 959 1249 1139 1264 
95: 1053 1054 
96: 1110 
97: 1133 1134 1135 1137 
98: 1138 
99: 1144 
100: 1151 
101: 1168 
102: 1217 1267 1290 
