# The communities at k=4
# from G:\Dropbox\Raghda\CNA\Final Project\other methods\CFinder-2.0.6--1448\G:\Dropbox\Raghda\CNA\Final Project\Datasets\binary_networks\LFR4\network_LFR4_Om6.dat
# at no lower link weight threshold,
# and at no upper link weight threshold.
# Links were treated as undirected.
# No time limit was set for the clique search.

0: 989 929 688 200 
1: 1000 142 716 826 925 977 988 989 993 994 138 870 999 934 164 902 44 708 790 
2: 1000 203 684 704 872 878 899 941 957 973 975 971 569 419 477 
3: 1000 527 616 76 930 973 936 905 
4: 102 394 406 881 
5: 979 103 631 650 907 514 922 235 
6: 941 995 107 860 933 948 908 990 769 887 897 479 
7: 966 943 957 111 488 972 581 80 
8: 957 996 113 836 947 964 866 990 829 633 
9: 988 114 355 867 983 898 
10: 988 118 686 792 975 386 904 790 
11: 973 120 494 955 
12: 988 122 976 984 639 333 
13: 925 129 679 940 969 997 904 952 478 902 367 447 563 737 
14: 995 892 130 709 810 958 146 257 
15: 141 776 937 980 764 
16: 961 999 145 589 963 949 854 915 752 219 905 
17: 931 944 984 761 980 148 460 773 856 175 556 354 
18: 861 172 272 604 971 
19: 997 173 497 804 893 461 985 
20: 179 306 387 518 808 
21: 635 885 187 414 
22: 929 190 310 990 
23: 996 352 931 997 846 971 191 877 932 209 734 217 473 835 286 85 
24: 827 193 462 481 298 
25: 989 991 852 935 971 196 538 247 
26: 859 974 823 204 
27: 996 936 935 22 806 521 
28: 988 982 991 875 990 953 985 29 645 992 842 544 482 
29: 840 34 748 916 
30: 751 733 952 408 871 992 362 41 
31: 1000 714 889 896 911 918 960 995 996 939 842 46 
32: 943 993 778 894 47 
33: 943 920 950 912 898 985 927 740 820 52 721 
34: 950 863 985 842 592 61 
35: 910 891 781 985 868 60 
36: 892 986 999 873 880 774 849 446 489 612 506 540 75 97 
37: 857 984 928 999 610 879 865 971 901 981 550 796 814 719 70 
38: 998 975 828 884 983 935 848 981 858 938 902 349 766 890 391 702 79 
39: 906 988 995 946 982 999 983 322 833 786 850 801 777 
40: 972 982 991 534 757 924 241 285 430 
41: 910 882 997 467 244 
42: 984 949 249 847 
43: 866 917 254 736 739 905 738 
44: 991 256 454 952 
45: 950 323 821 813 
46: 825 268 342 425 
47: 959 908 873 945 273 
48: 959 943 957 875 671 275 880 
49: 979 973 923 900 927 283 
50: 353 786 850 366 
51: 984 666 629 289 
52: 972 975 936 913 983 874 297 395 694 
53: 684 872 338 876 
54: 762 854 909 316 471 888 992 876 483 
55: 839 977 914 936 824 793 968 317 651 767 902 
56: 759 981 968 330 710 811 844 
57: 961 963 909 345 363 
58: 943 802 350 809 
59: 873 818 895 840 453 
60: 918 394 881 873 675 
61: 830 973 432 980 838 968 644 654 
62: 464 853 915 712 
63: 997 951 411 690 754 
64: 951 825 582 425 
65: 976 805 992 450 
66: 906 939 490 456 
67: 906 931 698 987 958 990 909 903 376 580 
68: 603 673 920 378 
69: 619 392 520 897 
70: 834 884 770 397 
71: 886 955 935 904 837 502 717 
72: 839 976 884 985 451 
73: 908 983 962 682 815 469 470 532 
74: 979 976 927 472 537 
75: 979 1000 551 695 803 906 977 
76: 861 971 539 835 
77: 832 958 920 553 
78: 892 949 788 962 981 619 520 557 
79: 979 918 977 975 921 884 970 978 893 854 753 992 484 617 640 711 798 
80: 991 974 935 748 916 508 
81: 742 565 884 855 
82: 906 875 606 652 755 626 
83: 989 965 578 674 697 
84: 982 853 978 927 968 555 841 787 595 
85: 996 776 937 968 562 
86: 989 923 926 865 785 902 746 883 576 735 
87: 947 964 699 613 
88: 944 999 927 685 844 
89: 908 965 962 697 
90: 959 875 994 718 893 945 
91: 918 982 978 728 
92: 882 834 770 783 
93: 834 770 939 883 
94: 979 780 960 869 976 929 797 938 
95: 832 862 887 821 897 
96: 851 956 893 915 
97: 925 942 869 955 904 938 
98: 960 942 869 915 
99: 977 866 994 934 
100: 988 995 984 868 
101: 877 932 922 897 
102: 911 960 993 972 976 967 
