# The graph of at k=4
# from G:\Dropbox\Raghda\CNA\Final Project\other methods\CFinder-2.0.6--1448\G:\Dropbox\Raghda\CNA\Final Project\Datasets\binary_networks\LFR4\network_LFR4_Om6.dat
# at no lower link weight threshold,
# and at no upper link weight threshold.
# Links were treated as undirected.
# No time limit was set for the clique search.

0 1 1
0 22 1
0 25 1
0 83 1
0 86 1
0 94 1
1 2 1
1 3 1
1 9 1
1 10 2
1 12 1
1 13 2
1 16 1
1 25 1
1 28 1
1 31 1
1 32 1
1 36 1
1 37 1
1 38 1
1 39 2
1 55 2
1 75 2
1 79 1
1 83 1
1 86 2
1 88 1
1 90 1
1 97 1
1 99 3
1 100 1
1 102 1
2 3 2
2 6 1
2 7 1
2 8 1
2 10 1
2 11 1
2 18 1
2 23 1
2 25 1
2 31 1
2 37 1
2 38 1
2 48 1
2 49 1
2 52 1
2 53 2
2 61 1
2 75 1
2 76 1
2 79 1
3 11 1
3 16 1
3 27 1
3 31 1
3 43 1
3 49 1
3 52 1
3 55 1
3 61 1
3 75 1
4 60 2
5 49 1
5 74 1
5 75 1
5 79 1
5 94 1
5 101 1
6 8 1
6 14 1
6 22 1
6 28 1
6 31 1
6 39 1
6 47 1
6 67 1
6 69 1
6 73 1
6 89 1
6 95 2
6 100 1
6 101 1
7 8 1
7 32 1
7 33 1
7 40 1
7 48 2
7 52 1
7 58 1
7 102 1
8 22 1
8 23 1
8 27 1
8 28 1
8 31 1
8 43 1
8 48 1
8 67 1
8 85 1
8 87 2
8 99 1
9 10 1
9 12 1
9 28 1
9 33 1
9 38 1
9 39 2
9 52 1
9 73 1
9 100 1
10 12 1
10 13 1
10 28 1
10 38 1
10 39 1
10 52 1
10 71 1
10 79 1
10 97 1
10 100 1
11 49 1
11 61 1
11 71 1
11 97 1
12 17 1
12 28 1
12 37 1
12 39 1
12 42 1
12 51 1
12 65 1
12 72 1
12 74 1
12 94 1
12 100 2
12 102 1
13 19 1
13 23 1
13 30 1
13 38 1
13 41 1
13 44 1
13 55 1
13 63 1
13 71 1
13 86 1
13 97 2
14 31 1
14 36 1
14 39 1
14 67 1
14 77 1
14 78 1
14 100 1
15 17 1
15 61 1
15 85 2
16 36 1
16 37 1
16 39 1
16 42 1
16 43 1
16 54 1
16 57 2
16 62 1
16 78 1
16 79 1
16 88 1
16 96 1
16 98 1
17 23 1
17 37 1
17 42 1
17 51 1
17 61 1
17 67 1
17 88 1
17 100 1
18 23 1
18 25 1
18 37 1
18 76 2
19 23 1
19 28 1
19 33 1
19 34 1
19 35 1
19 41 1
19 63 1
19 72 1
19 79 1
19 90 1
19 96 1
22 28 1
22 67 1
22 94 1
23 25 1
23 27 1
23 31 1
23 37 1
23 41 1
23 63 1
23 67 1
23 76 2
23 85 1
23 101 2
25 27 1
25 28 1
25 37 1
25 38 1
25 40 1
25 44 1
25 71 1
25 76 1
25 80 2
25 83 1
25 86 1
26 80 1
27 31 1
27 38 1
27 52 1
27 55 1
27 71 1
27 80 1
27 85 1
28 30 1
28 31 1
28 33 1
28 34 2
28 35 1
28 39 2
28 40 2
28 44 1
28 48 1
28 54 1
28 65 1
28 67 1
28 72 1
28 79 1
28 80 1
28 82 1
28 84 1
28 90 1
28 91 1
28 100 1
29 59 1
29 80 2
30 44 1
30 54 1
30 65 1
30 79 1
31 34 1
31 39 1
31 60 1
31 66 1
31 75 1
31 79 1
31 85 1
31 91 1
31 93 1
31 94 1
31 98 1
31 100 1
31 102 2
32 33 1
32 48 1
32 58 1
32 102 1
33 34 2
33 35 1
33 45 1
33 48 1
33 49 1
33 58 1
33 68 1
33 72 1
33 74 1
33 77 1
33 84 1
33 88 1
34 35 1
34 45 1
34 72 1
35 41 1
35 72 1
35 100 1
36 37 1
36 39 1
36 47 1
36 48 1
36 59 1
36 60 1
36 78 1
36 88 1
37 38 1
37 39 1
37 42 1
37 51 1
37 56 1
37 76 1
37 78 1
37 86 1
37 88 1
37 100 1
38 39 1
38 52 2
38 55 1
38 56 1
38 70 1
38 71 1
38 72 1
38 73 1
38 78 1
38 79 2
38 80 1
38 81 1
38 86 1
38 94 1
38 97 1
39 40 1
39 50 2
39 52 1
39 66 1
39 67 1
39 73 1
39 75 1
39 82 1
39 84 1
39 88 1
39 91 1
39 100 2
40 44 1
40 52 1
40 80 1
40 84 1
40 91 1
40 102 1
41 63 1
41 92 1
42 51 1
42 78 1
42 100 1
43 99 1
44 80 1
45 95 1
46 64 2
47 48 1
47 59 1
47 60 1
47 73 1
47 89 1
47 90 2
48 58 1
48 82 1
48 90 2
49 61 1
49 74 2
49 75 1
49 79 1
49 84 1
49 86 1
49 88 1
49 94 1
51 100 1
52 55 1
52 73 1
52 79 1
52 102 1
53 54 1
54 57 1
54 65 1
54 67 1
54 79 2
55 56 1
55 61 1
55 72 1
55 75 1
55 79 1
55 84 1
55 85 1
55 86 1
55 99 1
56 61 1
56 78 1
56 84 1
56 85 1
56 88 1
57 67 1
59 60 1
60 79 1
60 91 1
61 84 1
61 85 1
62 84 1
62 96 1
62 98 1
63 64 1
65 72 1
65 74 1
65 79 1
65 94 1
65 102 1
66 67 1
66 75 1
66 82 1
66 93 1
67 75 1
67 77 1
67 82 1
68 77 1
69 78 2
69 95 1
69 101 1
70 72 1
70 79 1
70 81 1
70 92 2
70 93 2
71 80 1
71 97 2
72 74 1
72 79 1
72 81 1
72 94 1
72 102 1
73 78 1
73 89 2
74 75 1
74 79 1
74 84 1
74 88 1
74 94 2
74 102 1
75 79 2
75 82 1
75 94 1
75 99 1
77 95 1
78 89 1
79 81 1
79 84 1
79 90 1
79 91 2
79 94 1
79 96 1
79 99 1
82 90 1
83 86 1
83 89 2
84 85 1
84 88 1
84 91 2
86 93 1
90 96 1
90 99 1
92 93 2
94 97 2
94 98 2
94 102 2
95 101 1
96 98 1
97 98 2
98 102 1
