# The links inside the communities at k=5
# from G:\Dropbox\Raghda\CNA\Final Project\other methods\CFinder-2.0.6--1448\G:\Dropbox\Raghda\CNA\Final Project\Datasets\binary_networks\LFR3\network_LFR3_Om3.dat
# at no lower link weight threshold,
# and at no upper link weight threshold.
# Links were treated as undirected.
# No time limit was set for the clique search.

0:
104 857
104 889
104 941
104 946
857 889
857 941
857 946
857 819
857 249
857 801
857 375
857 408
857 825
857 662
857 687
857 669
857 676
889 941
889 946
889 670
889 806
889 249
889 801
889 261
889 568
889 375
889 408
889 825
889 662
889 687
889 669
889 676
889 87
941 946
941 670
941 819
941 806
941 249
941 801
941 261
941 568
941 375
941 408
941 825
941 662
941 687
941 669
941 676
941 87
946 670
946 819
946 806
946 249
946 801
946 261
946 568
946 375
946 408
946 825
946 662
946 687
946 669
946 676
946 87
670 806
670 801
670 568
670 662
670 687
819 801
249 801
801 825
801 662
801 687
801 669
801 676
261 568
568 375
568 825
408 825
825 662
825 687
825 669
825 676
825 87
662 669
662 676
687 669
687 676
669 676
1:
993 120
993 936
993 957
993 985
993 977
993 792
993 796
993 850
993 190
993 851
993 906
993 864
993 910
993 264
993 3
993 585
993 856
993 321
993 373
993 681
993 395
993 400
993 867
993 601
993 430
993 498
993 53
993 544
993 556
993 571
993 613
120 936
120 957
120 985
936 957
936 985
936 977
936 792
936 796
936 850
936 851
936 906
936 864
936 910
936 264
936 3
936 585
936 856
936 681
936 395
936 400
936 867
936 571
936 613
957 985
957 977
957 792
957 796
957 190
957 851
957 906
957 864
957 910
957 585
957 856
957 373
957 681
957 395
957 601
957 430
957 498
957 53
957 571
957 613
985 977
985 792
985 796
985 850
985 190
985 851
985 906
985 864
985 910
985 264
985 3
985 585
985 308
985 856
985 321
985 373
985 681
985 395
985 400
985 867
985 601
985 430
985 498
985 53
985 544
985 571
985 613
977 796
977 851
977 906
977 864
977 910
977 308
977 856
977 498
977 556
792 850
792 910
792 856
792 498
792 544
792 613
796 851
796 308
796 856
796 321
796 395
796 556
850 851
850 864
850 910
850 856
850 867
850 601
850 430
850 544
850 571
850 613
190 851
851 864
851 264
851 856
851 321
851 601
851 53
851 571
906 910
906 400
906 613
864 910
864 585
864 856
864 681
864 867
864 556
910 264
910 585
910 856
910 681
910 400
910 601
910 430
910 498
910 544
910 556
910 571
3 585
308 856
856 681
856 601
856 544
856 556
373 681
681 400
2:
990 124
990 719
990 822
990 898
990 497
990 732
990 684
124 719
124 822
124 898
719 822
719 898
719 779
719 732
822 898
822 779
822 497
822 732
822 944
822 684
822 365
898 779
898 497
898 732
898 944
898 684
898 360
898 365
779 497
779 732
779 944
779 684
779 360
779 365
497 684
497 360
732 684
944 684
944 360
944 365
684 360
3:
133 713
133 789
133 903
133 922
713 789
713 903
713 922
713 947
713 277
713 682
789 903
789 922
789 947
789 782
789 694
789 386
789 534
903 922
903 947
903 782
903 277
903 682
903 694
903 386
903 534
922 947
922 782
922 277
922 682
922 386
922 534
947 782
947 682
947 694
947 386
782 694
277 682
386 534
4:
443 879
443 912
443 875
443 969
443 724
137 767
137 807
137 879
137 912
767 807
767 879
767 912
767 607
767 875
767 557
767 969
767 724
767 348
767 482
807 879
807 912
807 607
807 875
807 557
807 969
807 724
807 348
807 363
807 482
807 51
879 912
879 156
879 607
879 875
879 557
879 213
879 969
879 724
879 348
879 363
879 482
879 51
912 156
912 607
912 875
912 557
912 213
912 969
912 229
912 724
912 348
912 363
912 482
912 51
156 607
156 875
607 875
607 724
875 557
875 213
875 969
875 229
875 724
875 348
875 363
875 482
557 724
213 969
969 229
969 724
969 363
969 51
229 724
5:
1000 786
1000 939
1000 963
1000 263
1000 288
1000 326
1000 461
1000 463
1000 515
1000 542
1000 569
1000 605
1000 626
1000 643
1000 652
1000 664
1000 686
1000 714
1000 736
1000 748
1000 756
1000 772
1000 790
1000 840
1000 883
1000 888
1000 925
1000 927
1000 929
1000 937
1000 961
1000 966
1000 976
1000 999
786 963
786 883
786 888
786 927
786 929
786 937
786 961
786 966
786 976
786 999
939 963
939 643
939 686
939 714
939 756
939 772
939 790
939 840
939 883
939 888
939 925
939 927
939 937
939 961
939 976
939 999
939 897
939 285
939 635
963 326
963 463
963 515
963 542
963 605
963 626
963 643
963 664
963 686
963 748
963 772
963 840
963 883
963 888
963 925
963 927
963 929
963 937
963 966
963 976
963 999
963 897
263 966
263 976
263 999
288 883
288 925
288 976
288 999
326 966
326 976
326 999
461 925
461 927
461 929
461 999
463 840
463 966
515 790
515 966
515 976
515 999
542 888
542 929
542 961
542 976
542 999
569 664
569 883
569 927
569 961
569 966
605 888
605 937
605 976
626 748
626 888
626 929
626 937
626 961
643 736
643 840
643 927
643 937
643 999
652 756
652 888
652 925
652 929
652 966
652 976
664 883
664 888
664 927
664 961
664 966
664 999
686 756
686 937
686 961
686 976
686 999
686 897
714 927
714 929
714 937
714 961
714 976
714 999
736 883
736 927
736 961
736 966
736 976
736 999
736 897
748 925
748 929
748 937
748 961
748 966
748 976
748 999
756 925
756 961
756 976
756 999
756 897
772 999
790 840
790 925
790 927
790 929
790 937
790 966
790 976
790 999
790 897
840 888
840 925
840 937
840 961
840 966
840 976
840 897
840 635
883 925
883 927
883 937
883 961
883 966
883 976
883 999
883 285
888 927
888 929
888 937
888 961
888 966
888 976
888 999
888 611
888 897
925 927
925 929
925 937
925 961
925 966
925 976
925 999
925 141
925 897
925 635
927 929
927 937
927 961
927 966
927 999
927 897
927 285
929 937
929 961
929 966
929 999
929 141
929 611
929 358
929 897
937 961
937 966
937 976
937 999
937 611
937 897
937 635
961 966
961 976
961 999
961 611
961 897
961 285
961 635
966 976
966 999
966 141
966 358
966 897
966 635
976 999
976 635
999 141
999 358
999 897
999 285
999 635
611 897
358 897
6:
992 997
992 928
992 998
992 625
992 900
992 848
992 751
992 920
992 849
992 904
992 449
992 600
997 977
997 151
997 928
997 998
997 625
997 900
997 169
997 848
997 751
997 969
997 638
997 920
997 881
997 837
997 849
997 486
997 336
997 711
997 344
997 675
997 904
997 449
997 600
997 646
997 488
997 538
997 725
997 558
997 597
977 151
977 928
977 998
977 900
977 848
977 751
977 638
977 849
977 725
151 928
151 998
928 998
928 625
928 900
928 169
928 848
928 751
928 906
928 638
928 920
928 881
928 837
928 849
928 486
928 336
928 711
928 675
928 904
928 725
928 558
928 597
998 625
998 900
998 169
998 848
998 751
998 906
998 969
998 638
998 920
998 881
998 837
998 849
998 486
998 336
998 711
998 344
998 675
998 904
998 449
998 600
998 646
998 488
998 538
998 725
998 558
998 597
625 881
625 904
900 751
900 638
900 881
900 849
900 336
900 675
900 904
900 600
900 646
900 538
900 558
900 597
169 848
848 969
848 837
848 849
848 904
848 646
848 725
751 969
751 881
751 837
751 600
906 711
906 904
969 881
969 849
969 486
969 711
969 538
638 675
638 904
920 881
920 849
920 904
881 486
881 711
881 904
881 449
881 646
881 725
881 558
881 597
849 711
849 646
849 538
849 725
849 597
336 711
711 904
711 725
344 675
344 904
675 904
675 600
675 597
904 449
904 646
904 488
904 538
904 725
904 558
488 538
488 725
7:
964 952
964 911
964 683
964 591
964 630
964 174
964 580
964 612
964 969
964 536
964 278
964 659
964 432
964 467
964 502
964 678
964 754
964 441
964 453
964 455
964 614
952 911
952 591
952 630
952 580
952 969
952 536
952 278
952 659
952 432
952 467
952 502
952 678
952 754
952 441
952 453
952 455
952 614
911 683
911 591
911 174
911 580
911 612
911 969
911 536
911 659
911 467
911 502
911 754
911 441
911 455
911 614
683 580
683 969
683 754
683 614
591 969
591 467
591 678
591 754
630 969
630 278
630 659
630 678
630 754
174 580
174 612
580 612
580 455
580 614
612 455
969 502
969 754
969 453
969 614
536 614
278 659
659 678
659 455
432 678
432 754
502 453
678 754
754 441
8:
995 986
995 861
995 22
995 507
986 861
986 22
986 507
861 22
861 507
22 507
9:
705 924
705 932
705 541
705 774
705 710
924 932
924 974
924 541
924 606
924 553
924 222
924 774
924 384
924 415
924 396
924 520
924 710
932 974
932 541
932 553
932 222
932 774
932 384
932 415
932 396
932 520
932 710
974 606
974 553
974 222
974 774
974 384
974 520
974 710
541 774
606 774
606 710
553 710
222 774
774 384
774 415
774 520
774 710
384 415
415 710
396 520
396 710
520 710
10:
978 990
978 921
978 773
978 780
978 810
978 823
978 896
978 490
978 599
978 902
978 238
978 666
978 500
990 921
990 773
990 810
990 823
990 896
990 599
990 902
990 666
921 810
921 823
921 896
921 599
921 902
921 666
773 810
773 823
773 896
773 238
773 666
773 500
780 810
780 896
780 490
780 500
810 896
810 490
810 599
810 500
823 896
823 902
823 238
896 490
896 599
896 902
896 238
896 666
896 500
11:
772 953
772 979
772 970
772 677
953 866
953 923
953 967
953 617
953 901
953 979
953 970
953 844
953 891
953 260
953 491
953 266
953 894
953 337
953 351
953 354
953 36
953 677
953 480
953 42
953 474
953 526
866 923
866 979
866 970
866 525
923 617
923 901
923 979
923 970
923 844
923 891
923 260
923 894
923 269
923 302
923 337
923 480
923 525
967 901
967 979
967 970
967 894
967 337
967 354
967 42
967 474
617 901
617 970
617 844
617 894
617 526
901 979
901 970
901 844
901 891
901 260
901 894
901 269
901 351
901 677
901 474
901 525
901 526
979 970
979 891
979 491
979 266
979 894
979 269
979 302
979 337
979 351
979 354
979 677
979 480
979 42
979 474
979 525
979 526
970 844
970 891
970 260
970 491
970 266
970 894
970 269
970 302
970 354
970 36
970 677
970 480
970 42
970 474
970 525
970 526
844 266
844 894
844 677
844 480
891 894
491 894
266 894
894 302
894 337
894 351
894 36
894 677
894 525
894 526
36 677
12:
836 942
836 965
836 852
836 632
836 615
942 965
942 852
942 944
942 680
942 902
942 696
942 632
942 394
942 6
942 409
942 615
965 852
965 944
965 680
965 902
965 696
965 632
965 394
965 6
965 409
965 615
852 944
852 680
852 902
852 696
852 632
852 394
852 6
852 409
852 615
944 696
944 394
944 409
680 632
680 615
902 632
902 615
696 632
696 615
394 6
409 615
13:
992 988
992 989
992 917
992 943
992 962
992 968
992 885
992 882
992 760
992 735
992 845
992 726
992 85
988 797
988 989
988 917
988 262
988 943
988 962
988 968
988 293
988 300
988 885
988 870
988 371
988 689
988 621
988 433
988 882
988 477
988 760
988 5
988 504
988 735
988 518
988 845
988 531
988 584
988 619
988 726
988 633
988 812
988 697
988 76
988 85
797 989
797 943
797 968
797 885
989 917
989 262
989 943
989 962
989 968
989 293
989 300
989 885
989 870
989 371
989 689
989 621
989 433
989 882
989 477
989 760
989 5
989 504
989 735
989 518
989 845
989 531
989 584
989 619
989 726
989 633
989 812
989 697
989 76
989 85
917 943
917 962
917 968
917 885
917 870
917 689
917 621
917 433
917 882
917 760
917 504
917 735
917 518
917 845
917 584
917 726
917 633
917 812
917 697
262 943
262 962
262 968
943 962
943 968
943 885
943 870
943 371
943 621
943 882
943 760
943 5
943 504
943 735
943 518
943 845
943 531
943 584
943 619
943 726
943 633
943 812
943 697
943 76
962 968
962 293
962 300
962 885
962 870
962 371
962 689
962 621
962 882
962 477
962 760
962 5
962 504
962 735
962 518
962 845
962 531
962 584
962 619
962 726
962 633
962 812
962 697
962 85
968 293
968 300
968 885
968 870
968 371
968 689
968 621
968 433
968 882
968 760
968 504
968 735
968 518
968 845
968 531
968 584
968 619
968 726
968 633
968 812
968 697
968 76
300 885
885 870
885 689
885 433
885 735
885 845
885 584
885 619
885 812
885 697
870 689
870 882
870 760
870 735
870 845
870 619
870 726
870 633
870 812
689 882
689 812
621 845
621 726
433 882
882 477
882 760
882 735
882 845
882 531
882 619
882 633
882 812
477 760
760 845
760 812
504 735
518 845
845 697
726 812
812 697
14:
908 907
908 960
908 926
908 959
908 620
908 788
908 868
908 259
908 891
908 271
908 835
908 275
908 839
908 322
908 407
908 624
908 503
908 673
306 960
306 926
306 620
306 835
907 960
907 926
907 959
907 788
907 868
907 268
907 271
907 835
907 275
907 839
907 322
907 407
907 624
907 481
907 503
907 673
907 79
960 926
960 959
960 620
960 788
960 868
960 259
960 891
960 268
960 271
960 835
960 275
960 839
960 322
960 407
960 624
960 867
960 481
960 503
960 673
960 79
926 959
926 620
926 788
926 868
926 891
926 268
926 835
926 275
926 407
926 624
926 481
926 503
926 673
926 79
959 620
959 868
959 259
959 835
959 839
959 624
620 835
620 839
620 503
788 868
788 891
788 835
788 839
788 624
788 867
788 481
788 503
868 259
868 268
868 835
868 275
868 839
868 867
868 673
868 79
891 673
271 835
835 839
835 322
835 867
835 673
839 867
839 481
839 673
407 624
624 503
624 673
15:
948 947
948 862
948 251
948 920
947 862
947 251
947 920
862 251
862 920
251 920
16:
903 922
903 782
903 329
903 817
922 782
922 329
922 817
782 329
782 817
329 817
17:
990 776
990 921
990 940
990 984
990 977
990 874
990 893
990 602
990 842
990 791
990 663
990 570
776 984
776 977
776 874
776 893
776 824
776 454
776 570
921 940
921 984
921 893
921 824
921 842
940 984
940 977
940 893
940 627
940 824
940 602
940 842
940 332
940 791
940 663
940 545
940 570
984 977
984 661
984 874
984 893
984 627
984 824
984 602
984 842
984 332
984 791
984 454
984 663
984 545
984 570
977 874
977 893
977 627
977 824
977 791
977 663
661 874
661 893
661 824
661 842
661 791
874 893
874 627
874 824
874 791
874 454
893 824
893 842
893 332
893 791
893 454
893 663
893 570
627 824
627 791
627 663
824 842
824 545
602 842
842 332
842 791
842 545
842 570
791 663
545 570
18:
981 859
981 886
981 905
981 858
981 951
981 829
981 827
981 855
981 814
981 700
981 709
981 340
981 880
981 916
981 521
859 886
859 858
859 915
859 827
859 855
859 880
859 916
859 521
886 905
886 858
886 915
886 827
886 709
886 880
886 916
886 521
905 915
905 829
905 827
905 855
905 814
905 709
905 880
858 827
858 855
915 951
915 829
915 855
915 814
915 700
915 880
915 916
915 521
951 829
951 855
951 814
951 700
951 340
951 880
951 916
829 827
829 855
829 814
829 880
829 916
827 855
827 880
827 521
855 814
855 340
855 880
855 916
814 700
814 916
700 916
709 880
340 880
916 521
19:
836 942
836 965
836 749
836 414
836 656
942 965
942 749
942 680
942 902
942 431
942 414
942 656
965 749
965 680
965 902
965 431
965 414
965 656
749 680
749 902
749 431
749 414
749 656
680 431
680 656
902 656
20:
991 987
991 730
991 971
991 832
991 787
991 718
991 816
991 715
991 834
991 385
991 655
991 755
991 830
991 564
991 429
991 668
987 971
987 832
987 787
987 718
987 816
987 715
987 564
987 668
730 971
730 715
730 385
730 830
730 668
971 832
971 787
971 718
971 816
971 715
971 834
971 385
971 655
971 755
971 830
971 564
971 429
971 668
832 816
832 715
832 834
832 655
787 816
787 834
787 755
787 668
718 834
718 830
718 564
718 429
718 668
816 715
816 834
816 755
816 830
715 655
715 668
834 385
834 830
385 830
755 830
830 668
429 668
21:
948 862
948 459
948 629
948 741
862 459
862 629
862 741
459 629
459 741
629 741
22:
671 802
671 399
671 424
671 450
802 399
802 424
802 450
399 424
399 450
424 450
23:
991 971
991 755
991 564
991 452
971 755
971 564
971 452
755 564
755 452
564 452
24:
524 510
524 738
524 771
524 690
510 738
510 771
510 690
738 771
738 690
771 690
25:
944 802
944 492
944 804
944 658
944 561
802 804
802 658
802 561
492 804
492 658
492 561
804 658
804 561
658 561
26:
996 899
996 828
996 918
996 537
899 828
899 918
899 537
828 918
828 537
918 537
27:
762 972
762 983
762 933
762 685
762 980
762 950
762 579
972 954
972 983
972 933
972 685
972 980
972 737
972 854
972 764
972 934
972 950
972 770
972 579
972 559
954 983
954 980
954 934
954 871
954 950
954 559
983 933
983 980
983 737
983 854
983 930
983 764
983 740
983 871
983 950
983 770
983 815
983 559
983 785
933 685
933 980
933 967
933 930
933 950
933 815
933 559
933 785
685 980
685 950
980 737
980 854
980 967
980 930
980 764
980 934
980 871
980 950
980 770
980 579
980 559
980 785
737 770
854 930
854 740
854 871
854 770
967 930
967 950
930 740
930 871
930 950
930 815
930 785
764 950
934 559
740 871
871 950
871 770
950 770
950 579
950 815
950 559
28:
903 922
903 682
903 817
903 566
922 682
922 817
922 566
682 817
682 566
817 566
29:
991 598
991 755
991 830
991 657
598 755
598 830
598 657
755 830
755 657
830 657
30:
948 862
948 920
948 891
948 578
948 741
862 920
862 891
862 578
862 741
920 578
920 741
891 578
891 741
578 741
31:
944 671
944 802
944 804
944 567
671 802
671 804
671 567
802 804
802 567
804 567
32:
995 650
995 919
995 975
995 986
995 909
995 865
995 982
995 860
995 642
995 691
995 861
995 708
995 813
995 734
995 644
995 672
995 593
995 616
650 975
650 986
650 982
650 616
919 986
919 766
919 994
919 808
919 865
919 982
919 642
919 691
919 708
919 813
919 672
919 593
975 986
975 766
975 909
975 994
975 808
975 982
975 860
975 861
975 813
975 734
975 644
975 672
975 616
986 766
986 909
986 994
986 808
986 865
986 982
986 642
986 861
986 708
986 813
986 734
986 644
986 672
986 593
766 994
766 982
766 672
909 994
909 860
909 861
909 734
909 644
994 808
994 865
994 860
994 642
994 861
994 813
994 734
994 644
994 672
808 982
808 642
808 813
865 982
865 813
865 734
865 593
982 642
982 691
982 708
982 734
982 644
982 672
982 593
982 616
860 861
691 593
708 644
813 734
33:
974 956
974 890
974 803
974 887
974 576
956 890
956 887
956 576
890 803
890 887
890 576
803 887
803 576
887 576
34:
919 986
919 909
919 994
919 691
919 920
986 909
986 994
986 920
909 994
909 691
909 920
994 691
994 920
691 920
35:
913 956
913 945
913 892
913 768
913 679
913 745
913 803
956 761
956 945
956 784
956 892
956 805
956 768
956 781
956 679
956 745
956 890
956 795
761 945
761 784
761 892
761 781
761 745
761 890
761 795
945 892
945 679
945 745
945 890
945 803
945 795
784 805
784 781
784 795
892 768
892 679
892 745
892 890
892 803
805 781
805 795
768 745
781 890
781 795
679 803
890 795
36:
712 996
712 869
712 935
712 938
712 918
712 833
996 869
996 935
996 938
996 918
996 833
996 863
869 935
869 918
869 914
869 833
935 938
935 918
935 914
935 833
935 863
938 918
938 914
938 833
938 863
918 914
918 833
914 833
833 863
37:
895 973
895 949
895 955
895 878
895 853
895 707
931 958
931 973
931 955
931 878
931 853
931 699
931 873
931 706
931 707
958 973
958 777
958 949
958 955
958 853
958 876
958 699
958 873
958 847
958 826
958 706
958 821
958 721
973 777
973 949
973 967
973 878
973 853
973 759
973 876
973 873
973 847
973 826
973 706
973 707
973 721
777 949
777 955
777 878
777 876
949 955
949 878
949 853
949 759
949 876
949 699
949 873
949 826
949 706
955 878
955 853
955 759
955 876
955 699
955 873
955 847
955 707
955 721
967 853
967 847
967 826
967 707
878 853
878 759
878 876
878 707
853 759
853 699
853 873
853 847
853 826
853 707
759 699
759 707
876 699
876 847
876 821
876 721
873 706
847 826
847 821
847 721
826 707
826 721
821 721
38:
981 951
981 731
981 916
981 723
951 731
951 916
951 723
731 916
731 723
916 723
