# The contained cliques in the communities at k=6
# from G:\Dropbox\Raghda\CNA\Final Project\other methods\CFinder-2.0.6--1448\G:\Dropbox\Raghda\CNA\Final Project\Datasets\binary_networks\LFR1\networ_LFR1_Om6.dat
# at no lower link weight threshold,
# and at no upper link weight threshold.
# Links were treated as undirected.
# No time limit was set for the clique search.

0: 296 602 603 669 670 735 783 784 809 810 965 
1: 326 345 406 521 539 573 662 663 716 728 805 973 
2: 329 691 609 893 894 553 
3: 340 708 724 788 874 
4: 343 388 594 668 854 
5: 348 436 589 658 707 717 768 773 807 945 966 
6: 353 582 709 722 772 821 829 942 974 978 511 659 
7: 354 625 695 395 588 
8: 366 791 792 812 
9: 381 901 651 762 
10: 389 
11: 396 491 457 
12: 422 590 643 715 730 794 931 
13: 427 532 544 565 755 756 770 771 774 776 777 778 811 830 831 976 
14: 461 525 696 697 712 713 723 754 759 760 764 766 767 832 833 834 835 841 842 843 844 862 863 864 865 866 875 876 877 
15: 463 557 822 859 861 529 860 
16: 470 
17: 495 550 814 
18: 517 518 703 581 692 
19: 522 579 640 596 
20: 523 524 
21: 526 
22: 528 624 787 797 
23: 531 633 765 883 
24: 533 549 710 714 718 737 779 806 836 867 952 566 664 977 649 868 
25: 540 541 578 
26: 548 597 667 761 
27: 556 
28: 562 857 
29: 563 
30: 583 612 
31: 639 656 719 729 769 808 
32: 644 657 
33: 660 
34: 665 666 
35: 682 683 818 758 
36: 720 721 726 727 725 
