# The links inside the communities at k=6
# from G:\Dropbox\Raghda\CNA\Final Project\other methods\CFinder-2.0.6--1448\G:\Dropbox\Raghda\CNA\Final Project\Datasets\binary_networks\LFR1\networ_LFR1_Om6.dat
# at no lower link weight threshold,
# and at no upper link weight threshold.
# Links were treated as undirected.
# No time limit was set for the clique search.

0:
1000 334
1000 552
1000 553
1000 580
1000 624
1000 650
1000 698
1000 705
1000 736
1000 751
1000 820
1000 828
1000 879
1000 906
1000 918
1000 936
1000 979
1000 981
1000 991
1000 997
334 936
334 981
334 991
334 997
552 906
552 918
552 936
552 981
552 991
552 997
553 918
553 936
553 981
553 991
553 997
580 906
580 918
580 936
580 981
580 991
580 997
624 906
624 918
624 936
624 981
624 991
624 997
650 879
650 906
650 918
650 936
650 981
650 991
650 997
698 828
698 879
698 906
698 918
698 936
698 981
698 991
698 997
705 828
705 879
705 906
705 918
705 936
705 981
705 991
705 997
736 828
736 879
736 906
736 918
736 936
736 981
736 991
736 997
751 820
751 828
751 879
751 906
751 918
751 936
751 981
751 991
751 997
820 828
820 879
820 906
820 918
820 936
820 981
820 991
820 997
828 879
828 906
828 918
828 936
828 981
828 991
828 997
879 906
879 918
879 936
879 981
879 991
879 997
906 918
906 936
906 981
906 991
906 997
918 936
918 979
918 981
918 991
918 997
936 979
936 981
936 991
936 997
979 981
979 991
979 997
981 991
981 997
991 997
1:
947 961
947 966
947 970
947 968
947 246
947 933
947 265
947 320
947 406
947 426
947 782
947 464
947 932
947 549
947 560
947 581
947 758
947 626
947 689
947 745
961 966
961 970
961 968
961 246
961 933
961 265
961 320
961 406
961 426
961 782
961 464
961 932
961 549
961 560
961 581
961 758
961 626
961 689
961 745
966 970
966 968
966 246
966 933
966 265
966 320
966 406
966 426
966 782
966 464
966 932
966 549
966 560
966 581
966 758
966 626
966 689
966 745
970 968
970 246
970 933
970 265
970 320
970 406
970 426
970 782
970 464
970 932
970 549
970 560
970 581
970 758
970 626
970 689
970 745
968 933
246 933
933 265
933 320
933 406
933 426
933 782
933 464
933 932
933 549
933 560
933 581
933 758
933 626
933 689
933 745
782 932
782 560
782 581
782 758
782 626
782 689
782 745
464 932
932 549
932 560
932 581
932 758
932 626
932 689
932 745
581 758
758 626
758 689
758 745
689 745
2:
806 546
806 830
806 902
806 926
806 956
806 988
806 589
806 836
806 438
546 902
546 926
546 589
546 836
830 902
830 926
830 956
830 988
830 248
830 589
830 836
902 926
902 956
902 988
902 248
902 589
902 836
902 438
926 956
926 988
926 248
926 589
926 836
926 438
956 836
988 836
988 438
248 589
248 836
589 836
836 438
3:
952 929
952 875
952 917
952 900
952 911
983 929
983 875
983 917
983 900
983 911
983 795
929 875
929 917
929 260
929 900
929 911
929 795
929 636
929 612
929 711
875 917
875 260
875 900
875 911
875 795
875 636
875 612
875 711
917 260
917 900
917 911
917 795
917 636
917 612
917 711
260 900
260 911
900 911
900 795
900 636
900 612
900 711
911 795
911 636
911 612
911 711
795 636
795 612
795 711
636 711
612 711
4:
909 914
909 916
909 878
909 968
909 262
909 852
909 306
909 491
909 845
909 762
914 916
914 878
914 968
914 262
914 852
914 306
914 491
914 845
914 762
916 878
916 968
916 262
916 852
916 306
916 491
916 845
916 762
878 968
878 262
878 852
878 306
878 491
878 845
878 762
968 852
262 852
852 306
852 491
852 845
852 762
491 845
845 762
5:
977 964
977 992
977 952
977 959
977 971
977 825
977 859
977 270
977 928
977 361
977 480
977 628
977 537
977 587
977 863
977 648
977 678
977 722
977 776
964 992
964 952
964 959
964 971
964 825
964 859
964 270
964 928
964 361
964 480
964 628
964 537
964 587
964 863
964 648
964 678
964 722
964 776
992 952
992 959
992 971
992 825
992 859
992 270
992 928
992 361
992 480
992 628
992 537
992 587
992 863
992 648
992 678
992 722
992 776
952 959
952 928
959 971
959 825
959 859
959 270
959 928
959 361
959 480
959 628
959 537
959 587
959 863
959 648
959 678
959 722
959 776
971 928
971 863
825 859
825 928
825 587
825 863
825 648
825 678
825 722
825 776
859 928
859 480
859 628
859 537
859 587
859 863
859 648
859 678
859 722
859 776
270 928
928 361
928 480
928 628
928 537
928 587
928 863
928 648
928 678
928 722
928 776
628 863
587 863
863 648
863 678
863 722
863 776
722 776
6:
999 995
999 942
999 957
999 969
999 956
999 927
999 938
999 811
999 774
999 994
999 275
999 794
999 729
999 400
999 470
999 617
999 543
999 601
999 816
999 833
999 674
995 942
995 957
995 969
995 927
995 938
995 833
942 957
942 969
942 956
942 927
942 938
942 811
942 774
942 994
942 275
942 794
942 729
942 400
942 470
942 617
942 543
942 601
942 816
942 833
942 674
957 969
957 956
957 927
957 938
957 811
957 774
957 994
957 275
957 794
957 729
957 400
957 470
957 617
957 543
957 601
957 816
957 833
957 674
969 956
969 927
969 938
969 811
969 774
969 994
969 275
969 794
969 729
969 400
969 470
969 617
969 543
969 601
969 816
969 833
969 674
956 938
927 938
927 811
927 774
927 994
927 794
927 729
927 400
927 470
927 617
927 543
927 601
927 816
927 833
927 674
938 811
938 774
938 994
938 275
938 794
938 729
938 470
938 617
938 601
938 816
938 833
938 674
811 774
811 794
811 729
811 543
811 816
811 833
774 794
774 816
774 833
794 729
794 816
794 833
729 816
729 833
617 833
601 816
816 833
816 674
833 674
7:
880 937
880 511
880 923
880 823
880 276
880 594
880 563
880 311
880 639
880 477
937 511
937 923
937 823
937 276
937 594
937 563
937 311
937 639
937 477
511 923
511 823
511 639
511 477
923 823
923 276
923 594
923 563
923 311
923 639
923 477
823 276
823 594
823 563
823 311
823 639
823 477
276 594
594 563
594 639
311 639
639 477
8:
798 864
798 965
798 978
798 748
798 971
798 701
798 288
798 974
864 965
864 978
864 748
864 971
864 701
864 288
864 974
965 978
965 748
965 971
965 701
965 288
965 974
978 748
978 971
978 701
978 288
978 974
748 701
748 974
971 701
701 288
9:
922 807
922 907
922 919
922 810
922 299
922 817
922 522
922 651
807 907
807 919
807 810
807 299
807 817
807 651
907 919
907 810
907 299
907 817
907 522
907 651
919 810
919 299
919 817
919 522
810 299
810 817
810 522
810 651
817 522
817 651
10:
814 429
814 649
814 672
814 307
814 505
429 649
429 672
429 307
429 505
649 672
649 307
649 505
672 307
672 505
307 505
11:
721 769
721 831
721 695
721 312
721 492
721 386
721 510
769 831
769 695
769 312
769 492
769 386
769 510
831 695
831 312
831 492
831 386
831 510
695 312
695 492
695 386
695 510
312 492
492 510
386 510
12:
996 882
996 895
996 908
996 924
996 832
996 712
996 840
882 895
882 908
882 924
882 832
882 712
882 840
882 333
882 954
882 484
882 502
882 578
882 666
895 908
895 924
895 832
895 712
895 840
895 954
895 484
895 502
895 578
895 666
908 924
908 832
908 712
908 840
908 333
908 954
908 484
908 502
908 578
908 666
924 832
924 712
924 840
924 333
924 954
924 484
924 502
924 578
924 666
832 712
832 840
832 333
832 484
832 502
832 578
832 666
712 840
712 578
712 666
840 333
840 954
840 484
840 502
840 578
840 666
13:
980 985
980 993
980 975
980 717
980 971
980 341
980 963
980 660
980 417
980 432
980 453
980 741
980 819
980 743
980 818
980 669
980 679
980 737
980 680
985 993
985 975
985 717
985 971
985 341
985 963
985 660
985 417
985 432
985 453
985 741
985 819
985 743
985 818
985 669
985 679
985 737
985 680
993 975
993 717
993 971
993 341
993 963
993 660
993 417
993 432
993 453
993 741
993 819
993 743
993 818
993 669
993 679
993 737
993 680
975 717
975 971
975 341
975 963
975 660
975 417
975 432
975 453
975 741
975 819
975 743
975 818
975 669
975 679
975 737
975 680
717 963
717 741
717 819
717 669
717 737
717 680
971 963
341 963
963 660
963 417
963 432
963 453
963 741
963 819
963 743
963 818
963 669
963 679
963 737
963 680
660 819
660 743
660 818
741 819
741 743
741 818
741 737
819 743
819 818
819 669
819 679
819 737
743 737
743 680
818 669
818 679
818 737
818 680
679 737
14:
982 987
982 989
982 998
982 602
982 783
982 656
982 809
982 781
982 409
982 827
982 962
982 855
982 653
982 487
982 573
982 777
982 604
982 638
982 643
982 779
982 744
982 752
982 742
987 989
987 998
987 602
987 783
987 656
987 809
987 781
987 409
987 827
987 962
987 855
987 653
987 487
987 573
987 777
987 604
987 638
987 643
987 779
987 744
987 752
987 742
989 998
989 602
989 783
989 656
989 809
989 781
989 409
989 827
989 962
989 855
989 653
989 487
989 573
989 777
989 604
989 638
989 643
989 779
989 744
989 752
989 742
998 602
998 783
998 656
998 809
998 781
998 409
998 827
998 962
998 855
998 653
998 487
998 573
998 777
998 604
998 638
998 643
998 779
998 744
998 752
998 742
602 656
602 962
602 855
783 809
783 827
783 962
783 855
783 573
783 744
783 752
656 809
656 781
656 962
809 781
809 962
809 855
809 777
809 643
809 779
809 742
781 962
781 855
781 653
781 777
781 643
781 742
409 827
409 962
827 962
827 855
827 777
827 604
827 638
827 779
827 744
827 742
962 855
962 653
962 487
962 573
962 777
962 604
962 638
962 643
962 779
962 744
962 752
962 742
855 653
855 573
855 638
855 779
855 752
653 744
573 777
777 744
777 752
604 638
643 779
779 752
779 742
744 752
752 742
15:
953 430
953 996
953 899
953 920
953 968
953 739
953 994
953 843
953 945
953 412
953 765
953 445
430 899
430 920
430 843
430 765
996 899
996 920
996 843
996 945
996 765
899 920
899 968
899 739
899 994
899 843
899 945
899 412
899 765
899 445
920 968
920 739
920 994
920 843
920 945
920 412
920 765
920 445
968 843
968 765
739 994
739 843
739 412
739 765
739 445
994 843
994 412
994 765
843 765
843 445
945 765
765 445
16:
838 459
838 912
838 974
838 540
838 659
459 912
459 974
459 540
459 659
912 974
912 540
912 659
974 540
974 659
540 659
17:
714 750
714 788
714 822
714 988
714 862
714 431
714 436
750 788
750 822
750 988
750 862
750 431
750 436
788 822
788 988
788 862
788 431
788 436
822 988
822 862
822 431
822 436
988 862
862 431
862 436
18:
684 808
684 870
684 874
684 404
684 630
684 734
684 583
808 870
808 874
808 615
808 404
808 630
808 734
808 469
808 583
870 874
870 615
870 404
870 630
870 734
870 469
870 583
874 615
874 404
874 630
874 734
874 469
874 583
615 734
615 583
404 630
404 734
734 469
734 583
469 583
19:
760 850
760 860
760 763
760 994
760 713
760 407
760 530
760 468
760 568
760 494
850 860
850 763
850 994
850 713
850 407
850 530
850 468
850 568
850 494
860 763
860 994
860 713
860 407
860 530
860 468
860 568
860 494
763 994
763 713
763 407
763 530
763 468
763 568
763 494
994 713
994 530
713 407
713 530
713 468
713 568
468 568
568 494
20:
764 866
764 408
764 473
764 500
764 541
764 954
866 408
866 473
866 500
866 541
866 954
408 473
408 500
408 541
408 954
473 500
473 541
473 954
500 541
541 954
21:
644 699
644 738
644 609
644 410
644 533
699 738
699 609
699 410
699 533
738 609
738 410
738 533
609 410
609 533
410 533
22:
949 696
949 893
949 971
949 856
949 861
949 547
949 846
949 702
949 411
696 893
696 856
696 861
696 547
696 846
696 702
696 411
893 971
893 856
893 861
893 547
893 846
893 702
893 411
971 856
971 846
971 702
856 861
856 547
856 846
856 702
861 547
861 846
861 702
861 411
547 846
846 702
846 411
23:
867 934
867 931
867 950
867 901
867 872
867 887
867 851
867 673
934 931
934 950
934 901
934 968
934 562
934 413
934 872
934 887
934 851
934 673
931 950
931 901
931 968
931 562
931 413
931 872
931 887
931 851
931 673
950 901
950 968
950 562
950 413
950 872
950 887
950 851
950 673
901 968
901 562
901 413
901 872
901 887
901 851
901 673
968 887
562 872
562 887
413 872
413 887
872 887
872 851
872 673
887 851
887 673
851 673
24:
995 972
995 990
995 986
995 939
995 876
995 935
995 941
944 972
944 990
944 634
944 986
944 787
944 913
944 939
944 876
944 418
944 935
944 941
944 435
944 457
944 569
944 574
944 681
944 693
944 726
944 790
972 990
972 634
972 986
972 787
972 913
972 939
972 971
972 876
972 418
972 935
972 941
972 435
972 457
972 515
972 569
972 574
972 590
972 681
972 693
972 726
972 790
990 634
990 986
990 787
990 913
990 939
990 971
990 974
990 876
990 418
990 935
990 941
990 435
990 457
990 564
990 569
990 574
990 590
990 681
990 693
990 726
990 790
634 986
634 913
634 939
634 876
634 935
986 787
986 913
986 939
986 971
986 974
986 876
986 418
986 935
986 941
986 435
986 457
986 515
986 564
986 569
986 574
986 590
986 681
986 693
986 726
986 790
787 913
787 939
787 876
787 935
787 941
787 590
787 726
787 790
913 939
913 974
913 876
913 935
913 941
913 515
913 564
913 574
913 681
913 693
913 726
913 790
939 971
939 974
939 876
939 935
939 941
939 457
939 564
939 569
939 574
939 590
939 693
939 726
939 790
971 941
974 790
876 935
876 941
876 457
876 681
876 693
876 726
876 790
418 935
418 941
935 941
935 435
935 515
935 564
935 569
935 590
935 681
935 693
935 726
935 790
941 515
941 564
941 569
941 574
941 590
941 681
941 693
941 726
941 790
25:
869 767
869 551
869 723
869 591
869 974
869 427
869 466
767 551
767 723
767 591
767 974
767 427
767 466
551 723
551 591
551 427
551 466
723 591
723 974
723 427
723 466
591 974
591 427
591 466
974 427
26:
904 988
904 925
904 891
904 812
904 434
904 780
904 759
904 496
904 662
988 925
988 891
988 812
988 780
988 759
925 891
925 812
925 434
925 780
925 759
925 496
925 662
891 812
891 434
891 780
891 759
891 496
891 662
812 434
812 780
812 759
812 496
812 662
434 780
780 759
780 496
780 662
759 496
759 662
27:
608 930
608 951
608 847
608 821
608 479
930 951
930 847
930 821
930 479
951 847
951 821
951 479
847 821
847 479
821 479
28:
995 792
995 835
995 897
995 796
995 753
995 448
792 835
792 897
792 796
792 753
792 448
835 897
835 796
835 753
897 796
897 753
897 448
796 753
796 448
753 448
29:
996 877
996 871
996 804
996 451
996 654
877 871
877 804
877 451
877 654
871 804
871 451
871 654
804 451
804 654
451 654
30:
534 785
534 805
534 868
534 668
534 616
534 509
785 805
785 868
785 668
785 471
785 616
785 509
805 868
805 668
805 471
805 616
805 509
868 668
868 471
868 616
868 509
668 471
668 616
668 509
471 616
616 509
31:
976 967
976 955
976 960
976 519
976 948
976 946
976 531
976 632
976 629
976 858
976 661
976 834
976 732
976 797
967 955
967 960
967 519
967 948
967 946
967 531
967 632
967 629
967 858
967 661
967 834
967 732
967 797
955 960
955 519
955 948
955 946
955 531
955 632
955 629
955 858
955 661
955 834
955 732
955 797
960 519
960 948
960 946
960 531
960 632
960 629
960 858
960 661
960 834
960 732
960 797
519 948
519 946
948 946
948 531
948 632
948 629
948 858
948 661
948 834
948 732
948 797
946 531
946 632
946 629
946 858
946 661
946 834
946 732
946 797
632 858
629 858
858 661
858 834
858 732
858 797
661 834
834 732
834 797
732 797
32:
888 896
888 903
888 667
888 703
888 544
888 545
896 903
896 667
896 703
896 544
896 545
903 667
903 703
903 544
903 545
667 703
667 545
703 544
703 545
544 545
33:
996 800
996 921
996 857
996 890
996 709
996 548
800 921
800 857
800 890
800 709
800 548
921 857
921 890
921 709
921 548
857 890
857 709
857 548
890 709
890 548
709 548
34:
724 894
724 881
724 839
724 582
724 837
724 565
894 881
894 839
894 582
894 837
894 565
881 839
881 582
881 837
881 565
839 582
839 837
839 565
582 565
837 565
35:
930 951
930 778
930 983
930 715
930 847
930 586
930 821
930 635
951 778
951 983
951 715
951 847
951 586
951 821
951 635
778 983
778 715
778 847
778 586
778 821
778 635
983 586
983 821
715 847
715 821
715 635
847 586
847 821
586 821
821 635
36:
979 728
979 849
979 706
979 842
979 618
728 849
728 599
728 622
728 692
728 706
728 770
728 842
728 618
849 599
849 622
849 692
849 706
849 770
849 842
849 618
599 622
599 692
599 706
599 770
599 842
622 692
622 706
622 770
622 842
692 706
692 770
692 842
692 618
706 842
706 618
770 842
770 618
842 618
