# The communities at k=6
# from G:\Dropbox\Raghda\CNA\Final Project\other methods\CFinder-2.0.6--1448\G:\Dropbox\Raghda\CNA\Final Project\Datasets\binary_networks\LFR1\networ_LFR1_Om6.dat
# at no lower link weight threshold,
# and at no upper link weight threshold.
# Links were treated as undirected.
# No time limit was set for the clique search.

0: 1000 334 552 553 580 624 650 698 705 736 751 820 828 879 906 918 936 979 981 991 997 
1: 947 961 966 970 968 246 933 265 320 406 426 782 464 932 549 560 581 758 626 689 745 
2: 806 546 830 902 926 956 988 248 589 836 438 
3: 952 983 929 875 917 260 900 911 795 636 612 711 
4: 909 914 916 878 968 262 852 306 491 845 762 
5: 977 964 992 952 959 971 825 859 270 928 361 480 628 537 587 863 648 678 722 776 
6: 999 995 942 957 969 956 927 938 811 774 994 275 794 729 400 470 617 543 601 816 833 674 
7: 880 937 511 923 823 276 594 563 311 639 477 
8: 798 864 965 978 748 971 701 288 974 
9: 922 807 907 919 810 299 817 522 651 
10: 814 429 649 672 307 505 
11: 721 769 831 695 312 492 386 510 
12: 996 882 895 908 924 832 712 840 333 954 484 502 578 666 
13: 980 985 993 975 717 971 341 963 660 417 432 453 741 819 743 818 669 679 737 680 
14: 982 987 989 998 602 783 656 809 781 409 827 962 855 653 487 573 777 604 638 643 779 744 752 742 
15: 953 430 996 899 920 968 739 994 843 945 412 765 445 
16: 838 459 912 974 540 659 
17: 714 750 788 822 988 862 431 436 
18: 684 808 870 874 615 404 630 734 469 583 
19: 760 850 860 763 994 713 407 530 468 568 494 
20: 764 866 408 473 500 541 954 
21: 644 699 738 609 410 533 
22: 949 696 893 971 856 861 547 846 702 411 
23: 867 934 931 950 901 968 562 413 872 887 851 673 
24: 995 944 972 990 634 986 787 913 939 971 974 876 418 935 941 435 457 515 564 569 574 590 681 693 726 790 
25: 869 767 551 723 591 974 427 466 
26: 904 988 925 891 812 434 780 759 496 662 
27: 608 930 951 847 821 479 
28: 995 792 835 897 796 753 448 
29: 996 877 871 804 451 654 
30: 534 785 805 868 668 471 616 509 
31: 976 967 955 960 519 948 946 531 632 629 858 661 834 732 797 
32: 888 896 903 667 703 544 545 
33: 996 800 921 857 890 709 548 
34: 724 894 881 839 582 837 565 
35: 930 951 778 983 715 847 586 821 635 
36: 979 728 849 599 622 692 706 770 842 618 
