# The links from G:\Dropbox\Raghda\CNA\Final Project\other methods\CFinder-2.0.6--1448\G:\Dropbox\Raghda\CNA\Final Project\Datasets\binary_networks\LFR5\network_LFR5_Om6.dat
# at no lower link weight threshold,
# and at no upper link weight threshold.
# Links were treated as undirected.
# No time limit was set for the clique search.
# (mutual links and self-links were removed)

1 569
1 677
1 753
1 977
10 469
10 52
10 575
10 877
100 463
100 833
100 904
100 936
1000 125
1000 126
1000 147
1000 161
1000 210
1000 214
1000 273
1000 304
1000 336
1000 353
1000 373
1000 374
1000 437
1000 484
1000 486
1000 488
1000 491
1000 537
1000 551
1000 555
1000 588
1000 595
1000 630
1000 637
1000 647
1000 680
1000 744
1000 761
1000 770
1000 786
1000 793
1000 828
1000 847
1000 851
1000 853
1000 870
1000 891
1000 900
1000 917
1000 927
1000 929
1000 930
1000 931
1000 938
1000 949
1000 950
1000 952
1000 954
1000 988
101 566
101 734
101 808
101 982
101 986
102 623
102 805
102 868
102 959
103 132
103 257
103 260
103 695
104 306
104 715
104 839
104 969
105 151
105 930
105 942
105 973
106 751
106 872
106 886
106 976
107 130
107 468
107 866
107 893
108 874
108 909
108 920
108 962
109 763
109 901
109 935
109 995
11 651
11 861
11 882
11 978
11 988
110 381
110 679
110 693
110 768
111 127
111 66
111 774
111 839
112 745
112 760
112 898
112 900
113 216
113 889
113 951
113 967
114 650
114 813
114 947
114 994
115 528
115 687
115 76
115 806
116 621
116 967
116 985
116 990
117 643
117 808
117 990
117 999
118 761
118 886
118 951
118 971
119 414
119 552
119 639
119 799
119 988
12 465
12 579
12 813
12 841
120 843
120 865
120 901
120 940
120 997
121 30
121 812
121 848
121 888
121 939
122 929
122 969
122 971
122 972
123 233
123 437
123 702
123 871
124 154
124 407
124 699
124 701
124 993
125 1000
125 162
125 853
125 972
126 1000
126 176
126 677
126 725
127 111
127 857
127 883
127 908
128 618
128 704
128 885
128 907
129 896
129 911
129 921
129 992
13 353
13 896
13 932
13 938
13 982
130 107
130 641
130 715
130 938
130 977
131 666
131 764
131 936
131 962
132 103
132 473
132 834
132 855
132 888
133 360
133 811
133 932
133 945
133 967
133 982
134 300
134 508
134 602
134 668
135 241
135 885
135 944
135 986
136 584
136 673
136 808
136 860
136 987
137 401
137 522
137 722
137 903
138 56
138 902
138 987
138 989
138 997
139 513
139 725
139 883
139 933
14 724
14 794
14 980
14 999
140 37
140 514
140 946
140 947
141 280
141 450
141 623
141 959
142 50
142 788
142 942
142 973
143 651
143 891
143 928
143 934
143 977
144 555
144 619
144 883
144 906
145 620
145 697
145 813
145 945
146 658
146 832
146 992
146 999
147 1000
147 197
147 559
147 773
148 364
148 806
148 892
148 940
148 997
149 553
149 897
149 906
149 990
15 347
15 407
15 642
15 860
15 933
150 152
150 706
150 882
150 939
151 105
151 436
151 944
151 961
152 150
152 244
152 419
152 729
153 167
153 596
153 732
153 965
154 124
154 536
154 731
154 786
154 898
155 695
155 779
155 917
155 935
155 954
156 215
156 736
156 750
156 988
157 250
157 810
157 815
157 985
158 489
158 700
158 992
158 995
159 631
159 712
159 780
159 921
16 885
16 967
16 980
16 983
160 701
160 870
160 920
160 967
161 1000
161 537
161 661
161 972
161 987
162 125
162 419
162 767
162 936
163 282
163 665
163 837
163 865
163 97
164 374
164 399
164 454
164 990
165 203
165 628
165 925
165 938
165 956
166 903
166 922
166 924
166 995
167 153
167 365
167 761
167 995
168 808
168 865
168 912
168 958
169 474
169 651
169 908
169 939
169 998
17 493
17 645
17 674
17 984
170 948
170 952
170 984
170 987
171 306
171 602
171 782
171 958
172 345
172 496
172 562
172 958
173 450
173 691
173 820
173 970
174 262
174 740
174 89
174 966
175 488
175 551
175 728
175 873
176 126
176 230
176 671
176 965
177 385
177 529
177 644
177 716
178 671
178 864
178 883
178 914
179 638
179 918
179 963
179 979
18 470
18 595
18 665
18 740
180 551
180 793
180 80
180 841
180 940
181 519
181 812
181 846
181 947
182 581
182 769
182 874
183 409
183 495
183 871
183 918
183 977
183 998
184 490
184 773
184 81
184 912
184 938
185 544
185 882
185 955
185 976
186 345
186 683
186 778
186 974
187 449
187 759
187 795
187 958
188 41
188 419
188 621
188 675
189 475
189 553
189 936
189 995
19 431
19 671
19 817
19 982
19 994
190 326
190 801
190 871
190 879
191 254
191 464
191 762
191 990
192 647
192 781
192 877
192 951
193 281
193 681
193 860
193 966
193 994
194 401
194 976
194 988
194 990
195 323
195 584
195 698
195 731
195 865
196 643
196 784
196 806
196 809
197 147
197 319
197 584
197 888
197 917
198 498
198 817
198 872
198 976
199 216
199 385
199 704
199 729
2 532
2 785
2 843
2 925
20 434
20 882
20 901
20 996
200 797
200 975
200 989
200 998
201 374
201 533
201 701
201 992
202 540
202 766
202 819
202 930
202 935
202 967
203 165
203 936
203 986
203 999
204 353
204 831
204 978
204 997
205 266
205 542
205 869
205 938
205 946
206 297
206 620
206 817
206 820
206 982
207 784
207 785
207 874
207 905
208 37
208 698
208 908
208 963
209 321
209 586
209 712
209 815
21 237
21 91
21 943
21 997
210 1000
210 227
210 386
210 915
211 265
211 470
211 867
211 944
212 22
212 579
212 911
212 997
213 455
213 834
213 851
213 913
214 1000
214 815
214 913
214 989
215 156
215 622
215 664
215 731
215 938
216 113
216 199
216 644
216 749
216 958
216 981
217 348
217 66
217 785
217 992
218 379
218 657
218 760
218 907
219 869
219 877
219 887
219 918
219 982
22 212
22 553
22 722
22 758
220 502
220 585
220 689
220 779
220 938
221 582
221 703
221 802
221 871
221 960
222 384
222 636
222 951
222 954
223 616
223 830
223 834
223 983
224 662
224 777
224 79
224 811
225 299
225 376
225 561
225 993
226 579
226 714
226 744
226 839
227 210
227 289
227 558
227 747
228 514
228 749
228 764
228 895
228 992
229 268
229 490
229 842
229 892
229 940
23 311
23 879
23 977
23 978
23 982
230 176
230 335
230 671
230 944
231 271
231 278
231 722
231 909
232 301
232 785
232 923
232 997
233 123
233 846
233 877
233 989
233 992
234 498
234 514
234 691
234 929
234 992
235 605
235 783
235 895
235 9
236 268
236 794
236 886
236 892
237 21
237 631
237 767
237 860
237 888
237 919
237 981
238 359
238 869
238 897
238 961
238 990
239 28
239 347
239 521
239 939
239 97
24 582
24 968
24 986
24 993
240 534
240 565
240 583
240 886
240 971
241 135
241 755
241 883
241 924
241 933
242 457
242 567
242 742
242 782
242 875
243 271
243 307
243 391
243 664
243 919
244 152
244 776
244 977
244 983
244 997
245 293
245 853
245 922
245 946
245 977
245 982
246 511
246 837
246 845
246 873
246 883
246 921
247 442
247 515
247 632
247 749
247 842
248 609
248 681
248 746
248 915
248 965
249 351
249 808
249 904
249 92
249 944
25 310
25 550
25 825
25 995
250 157
250 576
250 627
250 851
250 908
250 975
251 314
251 367
251 666
251 669
251 967
252 256
252 309
252 799
252 871
252 985
253 432
253 55
253 575
253 913
253 997
254 191
254 495
254 764
254 931
254 999
255 285
255 535
255 839
255 962
255 989
256 252
256 59
256 697
256 774
256 948
257 103
257 299
257 729
257 789
257 843
258 341
258 696
258 843
258 964
258 968
259 331
259 796
259 936
259 947
259 955
26 703
26 955
26 967
26 971
260 103
260 604
260 729
260 825
260 902
261 448
261 814
261 899
261 926
261 939
262 174
262 740
262 883
262 903
262 995
263 370
263 691
263 704
263 740
263 868
264 805
264 889
264 891
264 951
264 967
265 211
265 404
265 50
265 670
265 860
265 958
266 205
266 490
266 866
266 878
266 895
267 709
267 752
267 921
267 957
267 972
268 229
268 236
268 341
268 599
268 993
269 391
269 607
269 608
269 730
269 907
27 482
27 701
27 916
27 954
270 651
270 692
270 806
270 902
270 943
270 999
271 231
271 243
271 651
271 9
272 509
272 799
272 856
272 897
272 951
273 1000
273 391
273 731
273 733
273 973
273 975
274 742
274 836
274 927
274 983
274 996
275 459
275 746
275 932
275 993
275 996
276 288
276 610
276 705
276 810
276 925
277 489
277 617
277 834
277 943
277 983
278 231
278 628
278 639
278 722
278 974
279 577
279 765
279 876
279 912
279 931
279 940
28 239
28 645
28 921
28 976
280 141
280 661
280 697
280 726
280 835
280 982
281 193
281 368
281 750
281 808
281 924
282 163
282 761
282 790
282 980
282 983
283 435
283 487
283 778
283 929
283 934
283 978
284 620
284 732
284 796
284 929
284 953
285 255
285 356
285 561
285 774
285 837
286 677
286 801
286 835
286 837
286 931
286 971
286 977
287 459
287 746
287 877
287 900
287 908
288 276
288 616
288 715
288 891
288 956
288 969
288 987
288 998
289 227
289 360
289 562
289 804
289 958
29 531
29 54
29 568
29 863
290 491
290 676
290 883
290 969
290 973
290 996
291 480
291 696
291 797
291 846
291 952
292 317
292 746
292 806
292 899
292 981
293 245
293 797
293 938
293 961
293 980
294 604
294 840
294 849
294 898
294 995
295 687
295 795
295 891
295 894
295 928
296 504
296 809
296 899
296 943
296 980
297 206
297 656
297 709
297 80
297 977
298 553
298 788
298 904
298 917
298 995
299 225
299 257
299 663
299 749
299 830
299 851
3 642
3 797
3 917
3 930
30 121
30 838
30 866
30 925
300 134
300 604
300 756
300 791
300 936
301 232
301 302
301 859
301 968
301 979
302 301
302 478
302 773
302 968
302 979
303 390
303 597
303 956
303 981
303 995
304 1000
304 344
304 449
304 915
304 972
305 642
305 800
305 928
305 937
305 993
306 104
306 171
306 481
306 829
306 988
307 243
307 317
307 471
307 644
307 968
308 392
308 719
308 929
308 972
308 990
309 252
309 556
309 750
309 872
309 918
309 968
31 460
31 692
31 960
31 985
31 990
310 25
310 660
310 768
310 862
310 966
311 23
311 736
311 838
311 898
311 957
312 703
312 757
312 781
312 847
312 955
313 565
313 887
313 927
313 958
313 993
314 251
314 530
314 710
314 908
314 985
315 472
315 772
315 775
315 892
315 985
316 384
316 892
316 949
316 985
316 990
317 292
317 307
317 588
317 612
317 916
318 782
318 872
318 891
318 896
318 963
319 197
319 831
319 889
319 951
319 967
32 813
32 891
32 926
32 940
32 977
32 985
320 380
320 598
320 796
320 865
320 986
321 209
321 712
321 815
321 872
321 903
322 345
322 714
322 732
322 826
322 913
323 195
323 590
323 787
323 798
323 855
324 625
324 648
324 704
324 745
324 973
325 403
325 803
325 939
325 989
325 991
325 995
326 190
326 436
326 739
326 774
326 840
327 66
327 664
327 856
327 902
327 994
328 566
328 586
328 817
328 83
328 913
329 719
329 917
329 953
329 960
329 985
33 635
33 709
33 778
33 990
330 381
330 39
330 397
330 500
330 644
331 259
331 408
331 523
331 953
331 970
332 412
332 702
332 794
332 837
332 942
332 977
332 999
333 710
333 744
333 864
333 906
333 986
333 998
334 583
334 744
334 762
334 778
334 909
335 230
335 462
335 755
335 809
335 902
335 942
336 1000
336 648
336 770
336 828
336 951
337 716
337 960
337 984
337 986
337 988
338 948
338 981
338 984
338 987
338 991
339 52
339 556
339 71
339 877
339 948
34 535
34 832
34 885
34 992
340 624
340 699
340 736
340 927
340 988
341 258
341 268
341 659
341 884
341 915
341 940
341 982
342 469
342 656
342 804
342 863
342 954
343 626
343 820
343 94
343 965
343 970
344 304
344 567
344 632
344 736
344 913
345 172
345 186
345 322
345 582
345 804
346 560
346 668
346 737
346 751
346 907
347 15
347 239
347 618
347 633
347 907
348 217
348 688
348 922
348 925
348 960
348 988
349 810
349 835
349 890
349 931
349 955
35 811
35 933
35 981
35 998
35 999
350 684
350 696
350 908
350 973
350 987
351 249
351 604
351 798
351 888
351 950
352 768
352 788
352 942
352 973
352 996
353 1000
353 13
353 204
353 806
353 929
353 974
354 584
354 766
354 786
354 801
354 908
354 998
355 685
355 700
355 835
355 932
355 992
356 285
356 681
356 797
356 962
356 966
357 382
357 669
357 836
357 887
357 888
357 980
358 639
358 766
358 851
358 974
358 997
359 238
359 394
359 865
359 876
359 989
359 990
36 524
36 915
36 953
36 995
360 133
360 289
360 374
360 6
360 964
361 436
361 730
361 771
361 878
361 923
362 40
362 705
362 812
362 942
362 963
362 997
362 998
363 895
363 920
363 932
363 969
363 996
364 148
364 486
364 630
364 683
364 990
365 167
365 437
365 926
365 965
365 995
366 734
366 758
366 848
366 893
366 911
367 251
367 551
367 737
367 807
367 857
368 281
368 49
368 576
368 604
368 863
369 382
369 581
369 6
369 651
369 877
369 927
369 982
37 140
37 208
37 730
37 905
370 263
370 525
370 855
370 868
370 928
371 651
371 880
371 882
371 894
371 905
372 721
372 891
372 963
372 965
372 978
372 987
373 1000
373 509
373 716
373 812
373 869
373 918
373 972
374 1000
374 164
374 201
374 360
374 709
374 857
374 981
374 993
375 494
375 499
375 683
375 908
375 947
375 957
375 977
376 225
376 661
376 751
376 757
376 940
376 993
377 395
377 610
377 745
377 792
377 920
377 981
377 988
378 395
378 453
378 739
378 816
378 864
378 986
379 218
379 634
379 672
379 959
379 980
379 995
38 429
38 686
38 839
38 955
380 320
380 473
380 476
380 716
380 791
380 962
381 110
381 330
381 420
381 623
381 962
381 967
381 972
382 357
382 369
382 422
382 674
382 935
382 963
383 566
383 782
383 83
383 914
383 919
383 974
384 222
384 316
384 506
384 856
384 897
384 906
385 177
385 199
385 413
385 605
385 929
385 944
385 960
385 984
386 210
386 633
386 717
386 811
386 915
386 978
387 745
387 768
387 905
387 923
387 933
387 993
388 510
388 543
388 600
388 946
388 954
388 971
389 652
389 681
389 683
389 706
389 913
389 919
39 330
39 586
39 978
39 994
390 303
390 876
390 912
390 934
390 956
390 981
391 243
391 269
391 273
391 546
391 776
391 938
392 308
392 501
392 733
392 835
392 875
392 915
392 986
393 600
393 656
393 896
393 939
393 969
393 999
394 359
394 623
394 805
394 959
394 982
394 987
395 377
395 378
395 405
395 800
395 996
395 997
396 496
396 794
396 864
396 900
396 927
396 968
397 330
397 792
397 838
397 845
397 993
397 996
398 507
398 618
398 676
398 898
398 918
398 969
399 164
399 677
399 731
399 799
399 854
399 888
399 959
4 474
4 552
4 940
4 966
40 362
40 811
40 848
40 908
40 944
400 659
400 832
400 886
400 892
400 937
400 985
401 137
401 194
401 560
401 781
401 810
401 976
402 655
402 801
402 894
402 953
402 957
402 964
403 325
403 664
403 699
403 882
403 897
403 937
404 265
404 619
404 722
404 729
404 793
404 795
405 395
405 408
405 458
405 637
405 828
405 916
406 407
406 743
406 885
406 944
406 954
406 986
407 124
407 15
407 406
407 589
407 801
407 977
407 987
408 331
408 405
408 471
408 578
408 935
408 986
408 990
409 183
409 54
409 669
409 852
409 895
409 991
41 188
41 957
41 971
41 972
41 984
410 748
410 763
410 886
410 891
410 930
410 985
411 572
411 811
411 815
411 819
411 936
411 974
411 977
411 995
412 332
412 46
412 587
412 694
412 858
412 888
412 943
412 994
413 385
413 791
413 894
413 920
413 957
413 964
414 119
414 594
414 696
414 812
414 938
414 952
414 981
415 430
415 948
415 965
415 984
415 987
415 993
416 511
416 693
416 902
416 906
416 964
416 969
417 440
417 477
417 485
417 739
417 888
418 44
418 630
418 929
418 955
418 972
418 999
419 152
419 162
419 188
419 469
419 862
419 941
42 424
42 654
42 69
42 884
420 381
420 617
420 618
420 658
420 88
420 983
421 628
421 766
421 782
421 792
421 828
421 938
422 382
422 820
422 830
422 956
422 979
422 992
423 454
423 457
423 513
423 620
423 623
423 990
424 42
424 447
424 654
424 832
424 872
424 884
425 842
425 899
425 940
425 945
425 947
425 973
426 691
426 721
426 845
426 980
426 981
426 994
427 443
427 607
427 865
427 906
427 925
427 956
427 977
428 468
428 69
428 905
428 922
428 937
428 961
429 38
429 572
429 579
429 790
429 858
429 958
43 472
43 669
43 828
43 961
430 415
430 516
430 948
430 984
430 987
430 991
431 19
431 568
431 649
431 768
431 832
431 944
431 983
431 989
432 253
432 475
432 559
432 890
432 903
432 987
433 820
433 859
433 909
433 914
433 956
433 997
434 20
434 800
434 841
434 878
434 882
434 991
435 283
435 46
435 871
435 877
435 899
435 950
435 982
436 151
436 326
436 361
436 686
436 696
436 915
437 1000
437 123
437 365
437 501
437 598
437 887
438 717
438 768
438 884
438 888
438 909
438 956
438 985
439 690
439 721
439 797
439 799
44 418
44 594
44 913
44 996
440 417
440 5
440 571
440 713
440 739
440 779
441 531
441 724
441 824
441 966
441 980
441 999
442 247
442 515
442 749
442 813
442 842
442 970
443 427
443 618
443 727
443 809
443 876
443 956
444 518
444 567
444 832
444 868
444 89
444 93
444 986
445 461
445 464
445 661
445 900
445 954
445 980
446 812
446 814
446 923
446 950
446 99
446 995
447 424
447 521
447 625
447 741
447 863
447 932
447 989
448 261
448 500
448 61
448 861
448 870
448 942
448 961
449 187
449 304
449 508
449 615
449 759
449 958
45 710
45 778
45 818
45 915
450 141
450 173
450 607
450 726
450 908
450 968
450 973
451 870
451 901
451 939
451 975
451 996
451 999
452 657
452 725
452 764
452 874
452 883
452 933
453 378
453 460
453 603
453 719
453 904
453 996
454 164
454 423
454 728
454 759
454 800
454 990
455 213
455 787
455 836
455 922
455 943
455 992
455 999
456 510
456 758
456 808
456 840
456 937
456 971
457 242
457 423
457 690
457 979
457 989
457 990
458 405
458 856
458 860
458 884
458 898
458 921
458 966
459 275
459 287
459 746
459 853
459 877
459 908
46 412
46 435
46 694
46 964
460 31
460 453
460 609
460 904
460 937
460 996
461 445
461 540
461 556
461 739
461 885
461 937
461 998
462 335
462 714
462 759
462 819
462 856
462 865
462 989
463 100
463 474
463 641
463 878
463 916
463 990
464 191
464 445
464 490
464 593
464 816
464 963
465 12
465 526
465 765
465 916
465 962
465 985
466 689
466 835
466 847
466 871
466 941
466 958
467 578
467 799
467 857
467 961
467 977
467 984
467 988
467 999
468 107
468 428
468 504
468 590
468 673
468 855
468 917
469 10
469 342
469 419
469 568
469 761
469 912
469 993
47 482
47 489
47 576
47 983
470 18
470 211
470 536
470 609
470 85
470 976
471 307
471 408
471 864
471 867
471 892
471 955
471 973
471 982
472 315
472 43
472 530
472 821
472 892
472 962
472 985
473 132
473 380
473 494
473 599
473 741
473 811
473 912
473 973
474 169
474 4
474 463
474 635
474 834
474 950
474 983
475 189
475 432
475 783
475 806
475 825
475 896
475 961
476 380
476 537
476 762
476 831
476 888
476 916
476 928
476 936
477 417
477 508
477 559
477 580
477 805
477 932
477 980
477 981
478 302
478 526
478 605
478 643
478 828
478 874
478 923
479 731
479 734
479 743
479 747
479 811
479 878
479 955
479 992
48 783
48 787
48 983
48 995
480 291
480 487
480 581
480 633
480 846
480 894
480 947
481 306
481 490
481 644
481 719
481 874
481 914
481 987
482 27
482 47
482 700
482 763
482 862
482 885
482 970
482 981
483 525
483 576
483 858
483 935
483 956
483 996
483 999
484 1000
484 490
484 816
484 843
484 867
484 905
484 945
485 417
485 739
485 752
485 831
486 1000
486 364
486 519
486 828
486 982
486 986
486 987
486 988
487 283
487 480
487 500
487 799
487 836
487 938
487 957
488 1000
488 175
488 588
488 595
488 853
488 909
488 954
489 158
489 277
489 47
489 741
489 983
489 991
489 997
49 368
49 702
49 920
49 967
49 977
490 184
490 229
490 266
490 464
490 481
490 484
490 549
490 981
491 1000
491 290
491 637
491 763
491 874
491 931
491 936
491 946
492 653
492 726
492 891
492 93
492 931
492 948
492 980
493 17
493 515
493 871
493 920
493 960
493 979
493 982
493 998
494 375
494 473
494 578
494 617
494 710
494 907
494 915
495 183
495 254
495 682
495 785
495 9
495 953
495 990
496 172
496 396
496 696
496 812
496 933
496 945
496 993
496 998
497 502
497 638
497 697
497 716
497 830
497 872
497 926
498 198
498 234
498 510
498 708
498 803
498 915
498 935
499 375
499 617
499 702
499 771
499 789
499 937
499 970
5 440
5 799
5 856
5 999
50 142
50 265
50 969
50 985
500 330
500 448
500 487
500 591
500 720
500 826
500 875
501 392
501 437
501 699
501 707
501 752
501 905
501 916
502 220
502 497
502 672
502 817
502 833
502 912
502 967
503 830
503 845
503 852
503 915
503 960
503 966
503 994
504 296
504 468
504 739
504 858
504 952
504 982
504 986
504 993
505 574
505 715
505 835
505 949
505 952
505 975
505 985
506 384
506 586
506 708
506 747
506 843
506 931
506 970
507 398
507 544
507 75
507 815
507 860
507 87
507 940
507 973
507 988
508 134
508 449
508 477
508 657
508 669
508 837
508 885
508 973
509 272
509 373
509 540
509 779
509 826
509 930
509 981
51 529
51 540
51 598
51 876
510 388
510 456
510 498
510 887
510 937
510 95
510 954
511 246
511 416
511 638
511 745
511 808
511 938
511 940
511 997
512 539
512 791
512 847
512 872
512 894
512 957
512 964
513 139
513 423
513 720
513 796
513 862
513 928
513 934
513 947
514 140
514 228
514 234
514 773
514 800
514 870
514 882
515 247
515 442
515 493
515 749
515 821
515 842
515 970
516 430
516 629
516 688
516 773
516 788
516 942
516 973
517 769
517 810
517 871
517 878
517 934
517 944
517 978
518 444
518 649
518 734
518 776
518 842
518 940
518 987
519 181
519 486
519 806
519 847
519 858
519 929
519 933
519 989
52 10
52 339
52 816
52 877
520 608
520 738
520 792
520 881
520 895
520 923
520 970
521 239
521 447
521 591
521 606
521 707
521 921
521 971
522 137
522 697
522 75
522 812
522 820
522 874
522 923
523 331
523 546
523 574
523 67
523 84
523 860
523 927
523 985
524 36
524 762
524 862
524 888
524 890
524 909
524 953
524 994
525 370
525 483
525 567
525 689
525 890
525 931
525 937
526 465
526 478
526 603
526 710
526 763
526 877
526 922
526 985
527 637
527 808
527 813
527 957
527 980
527 989
527 992
527 995
528 115
528 723
528 756
528 792
528 849
528 907
528 935
529 177
529 51
529 575
529 598
529 838
529 862
529 876
53 823
53 837
53 965
530 314
530 472
530 873
530 874
530 902
530 936
530 989
531 29
531 441
531 799
531 855
531 878
531 908
531 960
532 2
532 6
532 931
532 962
532 977
532 982
532 988
532 998
533 201
533 538
533 54
533 685
533 701
533 766
533 990
534 240
534 566
534 583
534 599
534 766
534 855
534 971
535 255
535 34
535 730
535 832
535 858
535 914
535 992
536 154
536 470
536 604
536 609
536 660
536 85
536 956
536 976
537 1000
537 161
537 476
537 57
537 657
537 859
537 941
537 953
538 533
538 648
538 674
538 839
538 916
538 922
538 939
538 994
538 997
539 512
539 655
539 749
539 791
539 894
539 957
539 964
539 999
54 29
54 409
54 533
54 852
540 202
540 461
540 509
540 51
540 721
540 874
540 959
540 987
540 989
541 586
541 643
541 790
541 795
541 897
541 904
541 949
541 952
542 205
542 574
542 580
542 71
542 715
542 835
542 949
542 952
543 388
543 646
543 842
543 87
543 934
543 935
543 954
543 990
544 185
544 507
544 601
544 62
544 727
544 836
544 923
544 934
545 573
545 683
545 691
545 777
545 801
545 822
545 827
545 988
546 391
546 523
546 607
546 633
546 730
546 773
546 895
546 907
547 636
547 705
547 832
547 867
547 932
547 952
547 957
547 961
547 992
548 550
548 606
548 807
548 860
548 886
548 909
548 91
548 950
549 490
549 555
549 607
549 614
549 661
549 728
549 953
549 978
55 253
55 722
55 895
55 932
550 25
550 548
550 606
550 628
550 653
550 673
550 959
550 995
551 1000
551 175
551 180
551 367
551 733
551 963
551 976
551 999
552 119
552 4
552 634
552 855
552 909
552 940
552 966
552 999
553 149
553 189
553 22
553 298
553 705
553 880
553 891
553 925
554 625
554 637
554 710
554 716
554 880
554 894
554 938
554 963
555 1000
555 144
555 549
555 838
555 899
555 907
555 950
555 987
556 309
556 339
556 461
556 877
556 900
556 915
556 928
556 942
557 577
557 757
557 80
557 803
557 866
557 978
557 983
557 986
558 227
558 580
558 681
558 819
558 911
558 986
558 990
558 991
559 147
559 432
559 477
559 644
559 656
559 662
559 803
559 904
56 138
56 825
56 926
56 978
560 346
560 401
560 728
560 870
560 871
560 937
560 943
560 961
561 225
561 285
561 667
561 811
561 924
561 970
561 987
561 996
562 172
562 289
562 861
562 887
562 900
562 913
562 958
562 979
563 694
563 8
563 807
563 818
563 917
563 944
563 945
563 955
564 728
564 933
564 943
564 974
564 980
564 982
564 991
564 997
565 240
565 313
565 723
565 796
565 866
565 946
565 972
565 992
566 101
566 328
566 383
566 534
566 590
566 826
566 914
566 997
567 242
567 344
567 444
567 525
567 745
567 793
567 902
567 938
568 29
568 431
568 469
568 61
568 795
568 808
568 921
568 992
569 1
569 753
569 769
569 840
569 919
569 976
569 977
57 537
57 668
57 854
57 945
570 664
570 713
570 767
570 839
570 856
570 974
570 994
570 997
571 440
571 629
571 640
571 649
571 688
571 788
571 942
571 973
572 411
572 429
572 601
572 620
572 660
572 80
572 871
572 996
573 545
573 6
573 674
573 79
573 797
573 935
573 96
573 965
574 505
574 523
574 542
574 715
574 762
574 835
574 881
574 946
575 10
575 253
575 529
575 721
575 897
575 907
575 963
575 992
576 250
576 368
576 47
576 483
576 594
576 759
576 819
576 878
577 279
577 557
577 774
577 784
577 812
577 870
577 890
577 921
578 408
578 467
578 494
578 605
578 923
578 930
578 938
578 948
579 12
579 212
579 226
579 429
579 638
579 779
579 964
579 988
58 665
58 727
58 786
58 901
580 477
580 542
580 558
580 643
580 802
580 936
580 938
580 940
581 182
581 369
581 480
581 685
581 799
581 875
581 942
581 959
582 221
582 24
582 345
582 627
582 636
582 801
582 980
582 996
583 240
583 334
583 534
583 626
583 722
583 751
583 788
583 886
584 136
584 195
584 197
584 354
584 609
584 946
584 971
584 998
585 220
585 600
585 769
585 785
585 812
585 815
585 842
585 910
585 952
586 209
586 328
586 39
586 506
586 541
586 71
586 725
586 884
587 412
587 616
587 695
587 698
587 870
587 884
587 922
587 964
587 974
588 1000
588 317
588 488
588 647
588 770
588 853
588 940
588 950
589 407
589 653
589 700
589 741
589 838
589 845
589 903
589 925
59 256
59 667
59 867
59 882
590 323
590 468
590 566
590 73
590 822
590 866
590 893
590 996
591 500
591 521
591 786
591 833
591 836
591 889
591 916
591 947
591 981
592 657
592 833
592 834
592 875
592 952
592 977
592 978
592 993
593 464
593 651
593 743
593 795
593 872
593 886
593 899
593 961
594 414
594 44
594 576
594 746
594 832
594 849
594 946
594 949
594 957
595 1000
595 18
595 488
595 682
595 770
595 853
595 911
595 954
595 960
596 153
596 755
596 802
596 827
596 944
596 955
596 963
596 965
596 995
597 303
597 613
597 820
597 927
597 937
597 945
597 956
597 981
597 983
598 320
598 437
598 51
598 529
598 748
598 767
598 876
598 920
598 982
599 268
599 473
599 534
599 609
599 650
599 703
599 841
599 972
599 996
6 360
6 369
6 532
6 573
60 676
60 693
60 869
60 873
600 388
600 393
600 585
600 675
600 691
600 79
600 922
600 935
600 981
601 544
601 572
601 650
601 665
601 690
601 794
601 941
601 960
601 964
602 134
602 171
602 886
602 90
602 925
602 939
602 985
602 988
602 994
603 453
603 526
603 720
603 727
603 759
603 848
603 856
603 970
603 988
604 260
604 294
604 300
604 351
604 368
604 536
604 693
604 967
604 977
605 235
605 385
605 478
605 578
605 652
605 824
605 930
605 938
605 978
606 521
606 548
606 550
606 640
606 719
606 767
606 782
606 909
606 995
607 269
607 427
607 450
607 546
607 549
607 817
607 898
607 907
607 998
608 269
608 520
608 726
608 905
608 922
608 932
608 957
608 964
608 995
609 248
609 460
609 470
609 536
609 584
609 599
609 75
609 947
609 976
61 448
61 568
61 836
61 953
610 276
610 377
610 765
610 884
610 934
610 966
610 974
610 982
610 991
611 700
611 720
611 744
611 771
611 863
611 878
611 914
611 923
611 988
612 317
612 671
612 708
612 750
612 865
612 959
612 968
612 987
612 988
613 597
613 759
613 801
613 832
613 874
613 914
613 960
613 982
613 992
614 549
614 767
614 769
614 779
614 858
614 874
614 949
614 960
614 981
615 449
615 771
615 787
615 868
615 873
615 888
616 223
616 288
616 587
616 721
616 898
616 972
616 984
616 985
616 987
617 277
617 420
617 494
617 499
617 836
617 843
617 907
617 963
617 995
618 128
618 347
618 398
618 420
618 443
618 641
618 763
618 898
618 999
619 144
619 404
619 809
619 81
619 843
619 862
619 898
619 934
619 970
62 544
62 836
62 906
62 991
620 145
620 206
620 284
620 423
620 572
620 796
620 890
620 928
620 99
621 116
621 188
621 702
621 872
621 903
621 905
621 947
621 976
621 991
622 215
622 699
622 746
622 748
622 759
622 859
622 883
622 900
622 917
623 102
623 141
623 381
623 394
623 423
623 805
623 945
623 959
623 979
624 340
624 733
624 802
624 905
624 916
624 949
624 956
624 982
624 988
625 324
625 447
625 554
625 626
625 672
625 821
625 941
625 978
625 986
626 343
626 583
626 625
626 749
626 837
626 874
626 881
626 895
626 977
627 250
627 582
627 698
627 893
627 914
627 959
627 962
627 974
627 997
628 165
628 278
628 421
628 550
628 668
628 770
628 931
628 964
628 973
629 516
629 571
629 640
629 688
629 788
629 942
629 949
629 973
629 992
63 866
63 908
63 922
63 924
630 1000
630 364
630 418
630 695
630 720
630 821
630 858
630 988
630 994
631 159
631 237
631 675
631 753
631 861
631 868
631 877
631 959
631 993
632 247
632 344
632 695
632 737
632 868
632 920
632 970
632 983
632 995
633 347
633 386
633 480
633 546
633 763
633 82
633 820
633 921
633 972
634 379
634 552
634 864
634 900
634 903
634 909
634 940
634 966
634 984
635 33
635 474
635 830
635 834
635 875
635 893
635 901
635 904
635 983
636 222
636 547
636 582
636 900
636 915
636 933
636 972
636 981
636 987
637 1000
637 405
637 491
637 527
637 554
637 729
637 845
637 884
637 994
638 179
638 497
638 511
638 579
638 671
638 718
638 752
638 918
638 979
639 119
639 278
639 358
639 667
639 716
639 780
639 984
639 985
639 989
64 652
64 856
64 920
64 932
640 571
640 606
640 629
640 688
640 788
640 853
640 942
640 956
640 973
641 130
641 463
641 618
641 773
641 780
641 898
641 907
641 918
641 991
642 15
642 3
642 305
642 646
642 682
642 728
642 796
642 901
642 996
643 117
643 196
643 478
643 541
643 580
643 790
643 860
643 897
643 971
644 177
644 216
644 307
644 330
644 481
644 559
644 843
644 9
644 997
645 17
645 28
645 703
645 715
645 743
645 797
645 884
645 950
645 993
646 543
646 642
646 864
646 933
646 972
646 980
646 982
646 988
646 989
647 1000
647 192
647 588
647 770
647 809
647 829
647 853
647 911
647 950
648 324
648 336
648 538
648 660
648 672
648 745
648 751
648 821
648 910
648 95
649 431
649 518
649 571
649 705
649 826
649 909
649 936
649 958
649 973
649 986
65 929
65 972
65 991
650 114
650 599
650 601
650 686
650 797
650 852
650 946
650 947
650 976
650 994
651 11
651 143
651 169
651 270
651 271
651 369
651 371
651 593
651 766
651 989
652 389
652 605
652 64
652 740
652 842
652 854
652 899
652 921
652 937
652 999
653 492
653 550
653 589
653 672
653 723
653 752
653 817
653 907
653 967
653 992
654 42
654 424
654 718
654 789
654 798
654 884
654 976
654 979
654 98
654 999
655 402
655 539
655 791
655 829
655 894
655 942
655 952
655 957
655 964
655 974
656 297
656 342
656 393
656 559
656 658
656 676
656 804
656 84
656 931
656 954
657 218
657 452
657 508
657 537
657 592
657 674
657 706
657 725
657 765
657 933
658 146
658 420
658 656
658 687
658 708
658 798
658 813
658 886
658 921
658 993
659 341
659 400
659 662
659 669
659 86
659 892
659 935
659 947
659 966
659 985
66 111
66 217
66 327
66 682
660 310
660 536
660 572
660 648
660 662
660 768
660 817
660 862
660 926
660 975
661 161
661 280
661 376
661 445
661 549
661 735
661 821
661 945
661 954
661 995
662 224
662 559
662 659
662 660
662 69
662 740
662 746
662 864
662 920
662 932
663 299
663 788
663 821
663 910
663 975
663 989
663 996
663 998
664 215
664 243
664 327
664 403
664 570
664 914
664 926
664 957
664 979
664 997
665 163
665 18
665 58
665 601
665 724
665 727
665 779
665 930
665 962
665 976
666 131
666 251
666 669
666 882
666 911
666 913
666 928
666 929
666 959
666 980
667 561
667 59
667 639
667 776
667 841
667 856
667 867
667 882
667 919
667 924
668 134
668 346
668 57
668 628
668 680
668 827
668 937
668 942
668 947
668 995
669 251
669 357
669 409
669 43
669 508
669 659
669 666
669 737
669 992
669 998
67 523
67 899
67 908
67 982
67 986
670 265
670 701
670 740
670 772
670 782
670 785
670 823
670 882
670 890
670 965
671 176
671 178
671 19
671 230
671 612
671 638
671 793
671 821
671 844
671 949
672 379
672 502
672 625
672 648
672 653
672 745
672 800
672 861
672 869
672 902
673 136
673 468
673 550
673 675
673 676
673 827
673 865
673 945
673 959
673 962
674 17
674 382
674 538
674 573
674 657
674 832
674 852
674 879
674 906
674 931
675 188
675 600
675 631
675 673
675 714
675 802
675 846
675 876
675 902
675 952
676 290
676 398
676 60
676 656
676 673
676 684
676 719
676 722
676 768
676 998
677 1
677 126
677 286
677 399
677 699
677 7
677 782
677 855
677 930
677 976
678 712
678 826
678 901
678 914
678 934
678 955
678 957
678 964
678 966
678 994
679 110
679 726
679 811
679 852
679 906
679 944
679 955
679 970
679 973
679 992
68 770
68 888
68 913
68 996
680 1000
680 668
680 751
680 759
680 857
680 883
680 913
680 933
680 981
680 998
681 193
681 248
681 356
681 389
681 558
681 728
681 739
681 773
681 970
681 992
682 495
682 595
682 642
682 66
682 768
682 778
682 788
682 972
682 983
682 995
683 186
683 364
683 375
683 389
683 545
683 767
683 775
683 800
683 804
683 820
684 350
684 676
684 692
684 718
684 724
684 829
684 890
684 946
684 980
684 997
685 355
685 533
685 581
685 774
685 880
685 904
685 919
685 926
685 968
685 998
686 38
686 436
686 650
686 693
686 869
686 880
686 912
686 965
686 973
686 975
686 977
687 115
687 295
687 658
687 852
687 880
687 881
687 906
687 909
687 965
687 968
687 979
688 348
688 516
688 571
688 629
688 640
688 70
688 788
688 916
688 942
688 947
688 973
689 220
689 466
689 525
689 76
689 818
689 819
689 839
689 894
689 964
689 965
689 969
69 42
69 428
69 662
69 914
690 439
690 457
690 601
690 785
690 811
690 856
690 899
690 934
690 940
690 98
690 996
691 173
691 234
691 263
691 426
691 545
691 600
691 750
691 839
691 857
691 886
691 988
692 270
692 31
692 684
692 699
692 717
692 765
692 846
692 865
692 947
692 959
692 975
693 110
693 416
693 60
693 604
693 686
693 824
693 869
693 870
693 918
693 928
693 961
694 412
694 46
694 563
694 695
694 827
694 853
694 877
694 919
694 951
694 991
694 998
695 103
695 155
695 587
695 630
695 632
695 694
695 732
695 733
695 816
695 859
695 934
696 258
696 291
696 350
696 414
696 436
696 496
696 706
696 869
696 916
696 970
696 986
697 145
697 256
697 280
697 497
697 522
697 775
697 806
697 880
697 918
697 963
697 986
698 195
698 208
698 587
698 627
698 742
698 803
698 872
698 887
698 893
698 962
698 997
699 124
699 340
699 403
699 501
699 622
699 677
699 692
699 782
699 930
699 976
699 982
7 677
7 778
7 839
7 957
7 960
70 688
70 940
70 949
70 958
70 983
70 989
700 158
700 355
700 482
700 589
700 611
700 869
700 892
700 928
700 959
700 994
700 995
701 124
701 160
701 201
701 27
701 533
701 670
701 747
701 766
701 822
701 92
701 926
702 123
702 332
702 49
702 499
702 621
702 811
702 833
702 869
702 921
702 936
702 956
703 221
703 26
703 312
703 599
703 645
703 757
703 781
703 838
703 917
703 947
703 955
704 128
704 199
704 263
704 324
704 785
704 805
704 903
704 921
704 931
704 982
704 987
705 276
705 362
705 547
705 553
705 649
705 794
705 810
705 931
705 950
705 955
705 970
706 150
706 389
706 657
706 696
706 725
706 764
706 769
706 822
706 883
706 933
706 971
707 501
707 521
707 726
707 796
707 815
707 845
707 879
707 905
707 936
707 949
707 983
708 498
708 506
708 612
708 658
708 719
708 754
708 789
708 798
708 813
708 873
708 97
709 267
709 297
709 33
709 374
709 728
709 881
709 921
709 936
709 961
709 963
709 988
71 339
71 542
71 586
71 877
710 314
710 333
710 45
710 494
710 526
710 554
710 716
710 732
710 776
710 915
710 993
711 718
711 748
711 783
711 854
711 885
711 894
711 944
711 986
711 994
711 996
711 998
712 159
712 209
712 321
712 678
712 815
712 821
712 823
712 825
712 866
712 903
712 939
713 440
713 570
713 738
713 860
713 930
713 974
713 981
713 984
713 987
713 992
713 993
714 226
714 322
714 462
714 675
714 819
714 822
714 931
714 938
714 954
714 963
714 978
715 104
715 130
715 288
715 505
715 542
715 574
715 645
715 835
715 946
715 962
715 989
716 177
716 337
716 373
716 380
716 497
716 554
716 639
716 710
716 754
716 840
716 875
717 386
717 438
717 692
717 774
717 846
717 905
717 914
717 936
717 980
717 988
717 997
718 638
718 654
718 684
718 711
718 768
718 822
718 845
718 846
718 862
718 956
718 980
718 986
719 308
719 329
719 453
719 481
719 606
719 676
719 708
719 754
719 794
719 837
719 840
719 923
72 854
72 895
72 949
72 953
720 500
720 513
720 603
720 611
720 630
720 755
720 876
720 878
720 909
720 914
720 946
720 970
721 372
721 426
721 439
721 540
721 575
721 616
721 778
721 799
721 822
721 961
721 980
721 998
722 137
722 22
722 231
722 278
722 404
722 55
722 583
722 676
722 800
722 817
722 889
722 997
723 528
723 565
723 653
723 736
723 756
723 877
723 894
723 907
723 912
723 935
723 941
723 961
724 14
724 441
724 665
724 684
724 771
724 81
724 825
724 829
724 946
724 969
724 980
724 999
725 126
725 139
725 452
725 586
725 657
725 706
725 764
725 765
725 804
725 857
725 933
725 976
726 280
726 450
726 492
726 608
726 679
726 707
726 733
726 761
726 901
726 946
726 964
726 990
727 443
727 544
727 58
727 603
727 665
727 809
727 813
727 889
727 921
727 956
727 989
727 990
728 175
728 454
728 549
728 560
728 564
728 642
728 681
728 709
728 772
728 862
728 988
728 995
729 152
729 199
729 257
729 260
729 404
729 637
729 810
729 853
729 930
729 959
729 974
729 991
73 590
73 886
73 934
73 971
730 269
730 361
730 37
730 535
730 546
730 878
730 897
730 899
730 942
730 967
730 977
730 979
731 154
731 195
731 215
731 273
731 399
731 479
731 738
731 739
731 783
731 849
731 994
731 997
732 153
732 284
732 322
732 695
732 710
732 796
732 798
732 818
732 849
732 882
732 915
732 983
733 273
733 392
733 551
733 624
733 695
733 726
733 736
733 835
733 859
733 861
733 884
733 955
734 101
734 366
734 479
734 518
734 757
734 781
734 791
734 870
734 901
734 974
734 992
734 999
735 661
735 818
735 820
735 841
735 869
735 878
735 880
735 922
735 989
735 996
735 998
735 999
736 156
736 311
736 340
736 344
736 723
736 733
736 750
736 827
736 864
736 911
736 958
736 988
737 346
737 367
737 632
737 669
737 763
737 777
737 790
737 902
737 913
737 988
737 992
737 994
738 520
738 713
738 731
738 758
738 785
738 799
738 887
738 904
738 907
738 918
738 959
738 994
739 326
739 378
739 417
739 440
739 461
739 485
739 504
739 681
739 731
739 819
739 897
739 946
74 872
74 887
74 909
74 911
740 174
740 18
740 262
740 263
740 652
740 662
740 670
740 754
740 777
740 880
740 987
740 995
741 447
741 473
741 489
741 589
741 771
741 838
741 845
741 857
741 876
741 895
741 925
741 949
742 242
742 274
742 698
742 772
742 831
742 960
742 974
743 406
743 479
743 593
743 645
743 757
743 790
743 844
743 848
743 880
743 903
743 938
743 979
744 1000
744 226
744 333
744 334
744 611
744 750
744 778
744 813
744 884
744 922
744 983
744 988
745 112
745 324
745 377
745 387
745 511
745 567
745 648
745 672
745 869
745 911
745 930
745 978
746 248
746 275
746 287
746 292
746 459
746 594
746 622
746 662
746 810
746 908
746 986
746 996
747 227
747 479
747 506
747 701
747 833
747 863
747 866
747 899
747 905
747 971
747 978
747 979
748 410
748 598
748 622
748 711
748 854
748 855
748 856
748 885
748 944
748 969
748 986
748 994
749 216
749 228
749 247
749 299
749 442
749 515
749 539
749 626
749 833
749 842
749 896
749 970
75 507
75 522
75 609
75 856
75 894
75 967
750 156
750 281
750 309
750 612
750 691
750 736
750 744
750 754
750 784
750 958
750 970
750 988
751 106
751 346
751 376
751 583
751 648
751 680
751 872
751 883
751 901
751 954
751 995
751 998
752 267
752 485
752 501
752 638
752 653
752 825
752 921
752 941
752 946
752 983
752 992
752 995
753 1
753 569
753 631
753 857
753 879
753 919
753 957
753 976
753 977
753 982
754 708
754 716
754 719
754 740
754 750
754 793
754 813
754 882
754 907
754 926
754 988
754 992
755 241
755 335
755 596
755 720
755 821
755 878
755 884
755 890
755 917
755 922
755 977
755 98
756 300
756 528
756 723
756 786
756 817
756 879
756 893
756 912
756 923
756 935
756 941
756 959
757 312
757 376
757 557
757 703
757 734
757 743
757 841
757 848
757 927
757 956
757 960
757 989
757 997
758 22
758 366
758 456
758 738
758 762
758 804
758 845
758 888
758 950
758 968
758 978
758 991
758 994
759 187
759 449
759 454
759 462
759 576
759 603
759 613
759 622
759 680
759 787
759 952
759 958
76 115
76 689
76 899
76 977
760 112
760 218
760 818
760 830
760 834
760 835
760 854
760 881
760 883
760 911
760 933
760 968
761 1000
761 118
761 167
761 282
761 469
761 726
761 775
761 828
761 934
761 947
761 994
761 995
762 191
762 334
762 476
762 524
762 574
762 758
762 778
762 859
762 909
762 939
762 959
762 963
762 981
763 109
763 410
763 482
763 491
763 526
763 618
763 633
763 737
763 891
763 918
763 930
763 954
763 984
764 131
764 228
764 254
764 452
764 706
764 725
764 765
764 781
764 849
764 873
764 883
764 933
764 969
765 279
765 465
765 610
765 657
765 692
765 725
765 764
765 792
765 822
765 823
765 873
765 924
765 945
766 202
766 354
766 358
766 421
766 533
766 534
766 651
766 701
766 832
766 890
766 944
766 974
766 990
767 162
767 237
767 570
767 598
767 606
767 614
767 683
767 787
767 914
767 941
767 949
767 979
767 983
768 110
768 310
768 352
768 387
768 431
768 438
768 660
768 676
768 682
768 718
768 817
768 862
768 926
769 182
769 517
769 569
769 585
769 614
769 706
769 874
769 913
769 976
77 841
77 867
77 879
77 882
770 1000
770 336
770 588
770 595
770 628
770 647
770 68
770 853
770 905
770 949
770 952
770 954
770 979
771 361
771 499
771 611
771 615
771 724
771 741
771 820
771 869
771 888
771 918
771 926
771 940
771 998
772 315
772 670
772 728
772 742
772 831
772 923
772 946
772 960
773 147
773 184
773 302
773 514
773 516
773 546
773 641
773 681
773 806
773 865
773 920
773 961
773 990
774 111
774 256
774 285
774 326
774 577
774 685
774 717
774 876
774 887
774 896
774 927
774 955
774 96
775 315
775 683
775 697
775 761
775 782
775 790
775 800
775 837
775 904
775 951
775 963
775 967
775 976
776 244
776 391
776 518
776 667
776 710
776 810
776 867
776 915
776 932
776 955
776 959
776 962
776 998
777 224
777 545
777 737
777 740
777 780
777 884
777 903
777 932
777 966
777 968
777 983
777 988
777 990
778 186
778 283
778 33
778 334
778 45
778 682
778 7
778 721
778 744
778 762
778 819
778 909
778 985
779 155
779 220
779 440
779 509
779 579
779 614
779 665
779 82
779 827
779 930
779 970
779 976
779 993
78 921
78 948
78 989
78 996
780 159
780 639
780 641
780 777
780 787
780 824
780 828
780 868
780 874
780 88
780 928
780 950
780 974
781 192
781 312
781 401
781 703
781 734
781 764
781 829
781 872
781 926
781 933
781 947
781 965
781 998
782 171
782 242
782 318
782 383
782 421
782 606
782 670
782 677
782 699
782 775
782 789
782 862
782 872
783 235
783 475
783 48
783 711
783 731
783 790
783 860
783 913
783 919
783 934
783 946
783 969
783 991
784 196
784 207
784 577
784 750
784 812
784 831
784 843
784 898
784 902
784 922
784 940
784 949
784 994
785 2
785 207
785 217
785 232
785 495
785 585
785 670
785 690
785 704
785 738
785 887
785 925
785 965
786 1000
786 154
786 354
786 58
786 591
786 756
786 842
786 920
786 935
786 949
786 984
786 987
786 993
787 323
787 455
787 48
787 615
787 759
787 767
787 780
787 817
787 868
787 910
787 915
787 977
787 991
788 142
788 298
788 352
788 516
788 571
788 583
788 629
788 640
788 663
788 682
788 688
788 942
788 973
789 257
789 499
789 654
789 708
789 782
789 858
789 889
789 902
789 937
789 957
789 959
789 964
789 966
79 224
79 573
79 600
79 893
790 282
790 429
790 541
790 643
790 737
790 743
790 775
790 783
790 837
790 844
790 892
790 927
790 991
791 300
791 380
791 413
791 512
791 539
791 655
791 734
791 807
791 894
791 945
791 957
791 964
791 974
792 377
792 397
792 421
792 520
792 528
792 765
792 858
792 925
792 933
792 950
792 964
792 973
792 983
793 1000
793 180
793 404
793 567
793 671
793 754
793 844
793 853
793 906
793 908
793 910
793 954
793 961
793 996
794 14
794 236
794 332
794 396
794 601
794 705
794 719
794 818
794 864
794 887
794 927
794 950
794 980
794 993
795 187
795 295
795 404
795 541
795 568
795 593
795 857
795 871
795 885
795 891
795 912
795 944
795 972
795 985
796 259
796 284
796 320
796 513
796 565
796 620
796 642
796 707
796 732
796 822
796 928
796 953
796 956
796 991
797 200
797 291
797 293
797 3
797 356
797 439
797 573
797 645
797 650
797 836
797 870
797 882
797 976
797 994
798 323
798 351
798 654
798 658
798 708
798 732
798 846
798 884
798 890
798 892
798 930
798 968
798 985
798 987
799 119
799 252
799 272
799 399
799 439
799 467
799 487
799 5
799 531
799 581
799 721
799 738
799 859
799 982
8 563
8 801
8 848
8 932
80 180
80 297
80 557
80 572
800 305
800 395
800 434
800 454
800 514
800 672
800 683
800 722
800 775
800 841
800 854
800 904
800 957
800 986
801 190
801 286
801 354
801 402
801 407
801 545
801 582
801 613
801 8
801 843
801 862
801 919
801 926
801 992
802 221
802 580
802 596
802 624
802 675
802 824
802 908
802 913
802 956
802 973
802 975
802 978
802 984
802 987
803 325
803 498
803 557
803 559
803 698
803 804
803 833
803 840
803 842
803 859
803 865
803 920
803 936
803 979
804 289
804 342
804 345
804 656
804 683
804 725
804 758
804 803
804 808
804 851
804 926
804 934
804 959
804 993
805 102
805 264
805 394
805 477
805 623
805 704
805 822
805 838
805 861
805 895
805 942
805 954
805 959
805 979
806 115
806 148
806 196
806 270
806 292
806 353
806 475
806 519
806 697
806 773
806 824
806 825
806 961
806 971
807 367
807 548
807 563
807 791
807 822
807 831
807 837
807 920
807 931
807 932
807 960
807 971
807 974
807 992
807 994
808 101
808 117
808 136
808 168
808 249
808 281
808 456
808 511
808 527
808 568
808 804
808 916
808 958
808 989
808 993
809 196
809 296
809 335
809 443
809 619
809 647
809 727
809 846
809 868
809 90
809 930
809 947
809 961
809 970
809 978
81 184
81 619
81 724
81 980
810 157
810 276
810 349
810 401
810 517
810 705
810 729
810 746
810 776
810 849
810 891
810 896
810 897
810 924
810 939
811 133
811 224
811 35
811 386
811 40
811 411
811 473
811 479
811 561
811 679
811 690
811 702
811 941
811 948
811 988
812 121
812 181
812 362
812 373
812 414
812 446
812 496
812 522
812 577
812 585
812 784
812 923
812 950
812 99
812 995
813 114
813 12
813 145
813 32
813 442
813 527
813 658
813 708
813 727
813 744
813 754
813 840
813 886
813 921
813 983
814 261
814 446
814 848
814 850
814 889
814 951
814 953
814 967
815 157
815 209
815 214
815 321
815 411
815 507
815 585
815 707
815 712
815 821
815 823
815 825
815 866
815 877
815 903
816 378
816 464
816 484
816 52
816 695
816 834
816 847
816 868
816 875
816 880
816 906
816 919
816 941
816 944
816 986
817 19
817 198
817 206
817 328
817 502
817 607
817 653
817 660
817 722
817 756
817 768
817 787
817 828
817 83
817 991
818 45
818 563
818 689
818 732
818 735
818 760
818 794
818 897
818 945
818 951
818 966
818 967
818 980
818 985
818 996
819 202
819 411
819 462
819 558
819 576
819 689
819 714
819 739
819 778
819 863
819 900
819 916
819 931
819 941
819 966
82 633
82 779
82 905
82 967
820 173
820 206
820 343
820 422
820 433
820 522
820 597
820 633
820 683
820 735
820 771
820 849
820 937
820 94
820 970
821 472
821 515
821 625
821 630
821 648
821 661
821 663
821 671
821 712
821 755
821 815
821 929
821 937
821 957
821 972
822 545
822 590
822 701
822 706
822 714
822 718
822 721
822 765
822 796
822 805
822 807
822 922
822 943
822 982
822 988
823 53
823 670
823 712
823 765
823 815
823 880
823 883
823 894
823 914
823 934
823 956
823 962
823 964
823 968
823 997
824 441
824 605
824 693
824 780
824 802
824 806
824 831
824 892
824 938
824 942
824 950
824 955
824 960
824 973
824 980
824 985
825 25
825 260
825 475
825 56
825 712
825 724
825 752
825 806
825 815
825 873
825 875
825 879
825 945
825 970
825 971
825 980
826 322
826 500
826 509
826 566
826 649
826 678
826 830
826 859
826 914
826 940
826 951
826 955
826 971
826 979
826 983
826 999
827 545
827 596
827 668
827 673
827 694
827 736
827 779
827 852
827 888
827 903
827 906
827 937
827 963
827 973
827 979
827 998
828 1000
828 336
828 405
828 421
828 43
828 478
828 486
828 761
828 780
828 817
828 844
828 920
828 961
828 993
828 994
828 998
829 306
829 647
829 655
829 684
829 724
829 781
829 871
829 896
829 90
829 932
829 942
829 955
829 968
829 973
829 978
829 993
83 328
83 383
83 817
83 959
830 223
830 299
830 422
830 497
830 503
830 635
830 760
830 826
830 834
830 890
830 923
830 940
830 951
830 983
830 985
830 991
831 204
831 319
831 476
831 485
831 742
831 772
831 784
831 807
831 824
831 847
831 896
831 903
831 921
831 923
831 960
832 146
832 34
832 400
832 424
832 431
832 444
832 535
832 547
832 594
832 613
832 674
832 766
832 855
832 858
832 904
832 992
833 100
833 502
833 591
833 592
833 702
833 747
833 749
833 803
833 900
833 905
833 919
833 922
833 936
833 945
833 953
833 999
834 132
834 213
834 223
834 277
834 474
834 592
834 635
834 760
834 816
834 830
834 875
834 890
834 904
834 950
834 972
834 983
835 280
835 286
835 349
835 355
835 392
835 466
835 505
835 542
835 574
835 715
835 733
835 760
835 852
835 952
835 962
835 963
836 274
836 357
836 455
836 487
836 544
836 591
836 61
836 617
836 62
836 797
836 894
836 902
836 923
836 963
836 968
836 994
837 163
837 246
837 285
837 286
837 332
837 508
837 53
837 626
837 719
837 775
837 790
837 807
837 872
837 890
837 965
837 981
838 30
838 311
838 397
838 529
838 555
838 589
838 703
838 741
838 805
838 845
838 895
838 896
838 903
838 925
838 991
838 993
839 104
839 111
839 226
839 255
839 38
839 538
839 570
839 689
839 691
839 7
839 860
839 907
839 929
839 950
839 952
839 983
84 523
84 656
84 863
84 942
840 294
840 326
840 456
840 569
840 716
840 719
840 803
840 813
840 864
840 885
840 912
840 927
840 944
840 967
840 979
840 989
841 12
841 180
841 434
841 599
841 667
841 735
841 757
841 77
841 800
841 867
841 882
841 941
841 959
841 960
841 980
841 982
842 229
842 247
842 425
842 442
842 515
842 518
842 543
842 585
842 652
842 749
842 786
842 803
842 896
842 919
842 962
842 970
842 989
843 120
843 2
843 257
843 258
843 484
843 506
843 617
843 619
843 644
843 784
843 801
843 863
843 891
843 946
843 970
843 986
843 988
844 671
844 743
844 790
844 793
844 828
844 86
844 860
844 862
844 898
844 899
844 929
844 93
844 957
844 963
844 964
844 968
844 972
845 246
845 397
845 426
845 503
845 589
845 637
845 707
845 718
845 741
845 758
845 838
845 851
845 879
845 925
845 954
845 991
845 993
846 181
846 233
846 291
846 480
846 675
846 692
846 717
846 718
846 798
846 809
846 852
846 867
846 907
846 947
846 952
846 958
846 991
847 1000
847 312
847 466
847 512
847 519
847 816
847 831
847 848
847 853
847 922
847 924
847 932
847 947
847 960
847 969
847 971
847 973
848 121
848 366
848 40
848 603
848 743
848 757
848 8
848 814
848 847
848 87
848 881
848 911
848 918
848 927
848 939
848 962
848 974
849 294
849 528
849 594
849 731
849 732
849 764
849 810
849 820
849 851
849 864
849 875
849 896
849 922
849 935
849 937
849 958
849 979
849 984
85 470
85 536
85 872
85 893
850 814
850 889
850 901
850 928
850 940
850 951
850 957
850 967
850 978
851 1000
851 213
851 250
851 299
851 358
851 804
851 845
851 849
851 868
851 914
851 915
851 927
851 928
851 938
851 943
851 953
851 982
851 993
852 409
852 503
852 54
852 650
852 674
852 679
852 687
852 827
852 835
852 846
852 870
852 880
852 881
852 895
852 906
852 935
852 965
852 971
853 1000
853 125
853 245
853 459
853 488
853 588
853 595
853 640
853 647
853 694
853 729
853 770
853 793
853 847
853 870
853 911
853 949
853 968
854 399
854 57
854 652
854 711
854 72
854 748
854 760
854 800
854 861
854 885
854 924
854 932
854 944
854 954
854 984
854 986
854 987
854 996
855 132
855 323
855 370
855 468
855 531
855 534
855 552
855 677
855 748
855 832
855 858
855 868
855 88
855 905
855 908
855 918
855 934
855 936
856 272
856 327
856 384
856 458
856 462
856 5
856 570
856 603
856 64
856 667
856 690
856 748
856 75
856 912
856 948
856 960
856 979
856 994
857 127
857 367
857 374
857 467
857 680
857 691
857 725
857 741
857 753
857 795
857 871
857 881
857 897
857 906
857 925
857 937
857 977
857 985
858 412
858 429
858 483
858 504
858 519
858 535
858 614
858 630
858 789
858 792
858 832
858 855
858 881
858 914
858 936
858 940
858 970
858 992
859 301
859 433
859 537
859 622
859 695
859 733
859 762
859 799
859 803
859 826
859 892
859 928
859 933
859 945
859 969
859 979
859 985
859 987
86 659
86 844
86 901
86 985
860 136
860 15
860 193
860 237
860 265
860 458
860 507
860 523
860 548
860 643
860 713
860 783
860 839
860 844
860 89
860 950
860 956
860 968
861 11
861 448
861 562
861 631
861 672
861 733
861 805
861 854
861 864
861 878
861 899
861 913
861 959
861 981
861 983
861 986
861 991
861 993
862 310
862 419
862 482
862 513
862 524
862 529
862 619
862 660
862 718
862 728
862 768
862 782
862 801
862 844
862 863
862 890
862 926
862 965
863 29
863 342
863 368
863 447
863 611
863 747
863 819
863 84
863 843
863 862
863 902
863 929
863 931
863 941
863 946
863 966
863 972
863 999
864 178
864 333
864 378
864 396
864 471
864 634
864 646
864 662
864 736
864 794
864 840
864 849
864 861
864 907
864 924
864 940
864 988
864 995
865 120
865 163
865 168
865 195
865 320
865 359
865 427
865 462
865 612
865 673
865 692
865 773
865 803
865 879
865 915
865 926
865 969
865 981
866 107
866 266
866 30
866 557
866 565
866 590
866 63
866 712
866 747
866 815
866 876
866 887
866 894
866 922
866 931
866 964
866 994
866 999
867 211
867 471
867 484
867 547
867 59
867 667
867 77
867 776
867 841
867 846
867 882
867 885
867 90
867 919
867 924
867 927
867 941
867 977
868 102
868 263
868 370
868 444
868 615
868 631
868 632
868 780
868 787
868 809
868 816
868 851
868 855
868 88
868 928
868 966
868 985
868 990
869 205
869 219
869 238
869 373
869 60
869 672
869 686
869 693
869 696
869 700
869 702
869 735
869 745
869 771
869 903
869 918
869 961
869 990
869 993
87 507
87 543
87 848
87 918
870 1000
870 160
870 448
870 451
870 514
870 560
870 577
870 587
870 693
870 734
870 797
870 852
870 853
870 885
870 906
870 953
870 958
870 965
870 999
871 123
871 183
871 190
871 221
871 252
871 435
871 466
871 493
871 517
871 560
871 572
871 795
871 829
871 857
871 904
871 933
871 949
871 963
871 978
872 106
872 198
872 309
872 318
872 321
872 424
872 497
872 512
872 593
872 621
872 698
872 74
872 751
872 781
872 782
872 837
872 85
872 963
872 968
873 175
873 246
873 530
873 60
873 615
873 708
873 764
873 765
873 825
873 874
873 876
873 886
873 888
873 908
873 926
873 944
873 958
873 986
873 996
874 108
874 182
874 207
874 452
874 478
874 481
874 491
874 522
874 530
874 540
874 613
874 614
874 626
874 769
874 780
874 873
874 923
874 938
874 963
875 242
875 392
875 500
875 581
875 592
875 635
875 716
875 816
875 825
875 834
875 849
875 889
875 916
875 951
875 967
875 970
875 976
875 979
875 990
876 279
876 359
876 390
876 443
876 51
876 529
876 598
876 675
876 720
876 741
876 774
876 866
876 873
876 880
876 891
876 9
876 934
876 95
876 963
876 991
877 10
877 192
877 219
877 233
877 287
877 339
877 369
877 435
877 459
877 52
877 526
877 556
877 631
877 694
877 71
877 723
877 815
877 900
877 928
877 999
878 266
878 361
878 434
878 463
878 479
878 517
878 531
878 576
878 611
878 720
878 730
878 735
878 755
878 861
878 889
878 909
878 914
878 921
878 923
878 998
879 190
879 23
879 674
879 707
879 753
879 756
879 77
879 825
879 845
879 865
879 881
879 891
879 911
879 924
879 925
879 935
879 939
879 957
879 989
879 998
88 420
88 780
88 855
88 868
880 371
880 553
880 554
880 685
880 686
880 687
880 697
880 735
880 740
880 743
880 816
880 823
880 852
880 876
880 890
880 896
880 956
880 980
880 981
880 997
881 520
881 574
881 626
881 687
881 709
881 760
881 848
881 852
881 857
881 858
881 879
881 936
881 949
881 951
881 956
881 961
881 967
881 969
881 970
881 981
882 11
882 150
882 185
882 20
882 371
882 403
882 434
882 514
882 59
882 666
882 667
882 670
882 732
882 754
882 77
882 797
882 841
882 867
882 901
882 927
883 127
883 139
883 144
883 178
883 241
883 246
883 262
883 290
883 452
883 622
883 680
883 706
883 751
883 760
883 764
883 823
883 924
883 930
883 933
883 969
884 341
884 42
884 424
884 438
884 458
884 586
884 587
884 610
884 637
884 645
884 654
884 733
884 744
884 755
884 777
884 798
884 912
884 972
884 976
884 988
885 128
885 135
885 16
885 34
885 406
885 461
885 482
885 508
885 711
885 748
885 795
885 840
885 854
885 867
885 870
885 944
885 969
885 973
885 986
885 994
885 996
886 106
886 118
886 236
886 240
886 400
886 410
886 548
886 583
886 593
886 602
886 658
886 691
886 73
886 813
886 873
886 930
886 934
886 971
886 989
886 992
886 998
887 219
887 313
887 357
887 437
887 510
887 562
887 698
887 738
887 74
887 774
887 785
887 794
887 866
887 934
887 939
887 948
887 955
887 978
887 984
887 987
887 994
888 121
888 132
888 197
888 237
888 351
888 357
888 399
888 412
888 417
888 438
888 476
888 524
888 615
888 68
888 758
888 771
888 827
888 873
888 977
888 996
888 999
889 113
889 264
889 319
889 591
889 722
889 727
889 789
889 814
889 850
889 875
889 878
889 893
889 924
889 951
889 967
889 971
89 174
89 444
89 860
89 995
890 349
890 432
890 524
890 525
890 577
890 620
890 670
890 684
890 755
890 766
890 798
890 830
890 834
890 837
890 862
890 880
890 930
890 965
890 980
890 983
890 989
891 1000
891 143
891 264
891 288
891 295
891 318
891 32
891 372
891 410
891 492
891 553
891 763
891 795
891 810
891 843
891 876
891 879
891 934
891 952
891 964
891 993
892 148
892 229
892 236
892 315
892 316
892 400
892 471
892 472
892 659
892 700
892 790
892 798
892 824
892 859
892 901
892 919
892 961
892 962
892 978
892 985
892 987
893 107
893 366
893 590
893 627
893 635
893 698
893 756
893 79
893 85
893 889
893 894
893 911
893 942
893 951
893 957
893 964
893 967
893 973
893 976
893 991
893 997
894 295
894 371
894 402
894 413
894 480
894 512
894 539
894 554
894 655
894 689
894 711
894 723
894 75
894 791
894 823
894 836
894 866
894 893
894 945
894 957
894 964
894 974
895 228
895 235
895 266
895 363
895 409
895 520
895 546
895 55
895 626
895 72
895 741
895 805
895 838
895 852
895 899
895 906
895 919
895 925
895 942
895 959
895 996
895 997
896 129
896 13
896 318
896 393
896 475
896 749
896 774
896 810
896 829
896 831
896 838
896 842
896 849
896 880
896 897
896 899
896 925
896 941
896 953
896 958
896 960
896 979
897 149
897 238
897 272
897 384
897 403
897 541
897 575
897 643
897 730
897 739
897 810
897 818
897 857
897 896
897 898
897 904
897 913
897 944
897 96
897 980
897 993
897 999
898 112
898 154
898 294
898 311
898 398
898 458
898 607
898 616
898 618
898 619
898 641
898 784
898 844
898 897
898 922
898 934
898 935
898 941
898 947
898 989
898 992
898 998
899 261
899 292
899 296
899 425
899 435
899 555
899 593
899 652
899 67
899 690
899 730
899 747
899 76
899 844
899 861
899 895
899 896
899 936
899 95
899 952
899 971
899 981
9 235
9 271
9 495
9 644
9 876
90 602
90 809
90 829
90 867
90 998
900 1000
900 112
900 287
900 396
900 445
900 556
900 562
900 622
900 634
900 636
900 819
900 833
900 877
900 903
900 920
900 932
900 940
900 942
900 945
900 956
900 973
900 996
901 109
901 120
901 20
901 451
901 58
901 635
901 642
901 678
901 726
901 734
901 751
901 850
901 86
901 882
901 892
901 939
901 947
901 965
901 983
901 985
901 990
901 999
902 138
902 260
902 270
902 327
902 335
902 416
902 530
902 567
902 672
902 675
902 737
902 784
902 789
902 836
902 863
902 912
902 952
902 966
902 967
902 989
902 995
902 998
902 999
903 137
903 166
903 262
903 321
903 432
903 589
903 621
903 634
903 704
903 712
903 743
903 777
903 815
903 827
903 831
903 838
903 869
903 900
903 922
903 925
903 960
903 990
903 996
904 100
904 249
904 298
904 453
904 460
904 541
904 559
904 635
904 685
904 738
904 775
904 800
904 832
904 834
904 871
904 897
904 910
904 917
904 963
904 965
904 978
904 995
904 996
905 207
905 37
905 371
905 387
905 428
905 484
905 501
905 608
905 621
905 624
905 707
905 717
905 747
905 770
905 82
905 833
905 855
905 935
905 936
905 945
905 976
905 982
905 999
906 144
906 149
906 333
906 384
906 416
906 427
906 62
906 674
906 679
906 687
906 793
906 816
906 827
906 852
906 857
906 870
906 895
906 910
906 941
906 952
906 965
906 973
906 992
907 128
907 218
907 269
907 346
907 347
907 494
907 528
907 546
907 555
907 575
907 607
907 617
907 641
907 653
907 723
907 738
907 754
907 839
907 846
907 864
907 909
907 935
907 953
908 127
908 169
908 208
908 250
908 287
908 314
908 350
908 354
908 375
908 40
908 450
908 459
908 531
908 63
908 67
908 746
908 793
908 802
908 855
908 873
908 914
908 952
908 996
909 108
909 231
909 334
909 433
909 438
909 488
909 524
909 548
909 552
909 606
909 634
909 649
909 687
909 720
909 74
909 762
909 778
909 878
909 907
909 911
909 940
909 950
909 968
909 992
91 21
91 548
91 979
91 994
910 585
910 648
910 663
910 787
910 793
910 904
910 906
910 912
910 975
910 978
910 989
910 996
910 998
911 129
911 212
911 366
911 558
911 595
911 647
911 666
911 736
911 74
911 745
911 760
911 848
911 853
911 879
911 893
911 909
911 916
911 930
911 934
911 947
911 959
911 968
911 971
911 991
912 168
912 184
912 279
912 390
912 469
912 473
912 502
912 686
912 723
912 756
912 795
912 840
912 856
912 884
912 902
912 910
912 922
912 930
912 935
912 951
912 974
912 979
912 981
912 994
913 213
913 214
913 253
913 322
913 328
913 344
913 389
913 44
913 562
913 666
913 68
913 680
913 737
913 769
913 783
913 802
913 861
913 897
913 914
913 918
913 939
913 943
913 954
913 969
914 178
914 383
914 433
914 481
914 535
914 566
914 611
914 613
914 627
914 664
914 678
914 69
914 717
914 720
914 767
914 823
914 826
914 851
914 858
914 878
914 908
914 913
914 961
914 978
915 210
915 248
915 304
915 341
915 36
915 386
915 392
915 436
915 45
915 494
915 498
915 503
915 556
915 636
915 710
915 732
915 776
915 787
915 851
915 865
915 923
915 928
915 939
915 970
916 27
916 317
916 405
916 463
916 465
916 476
916 501
916 538
916 591
916 624
916 688
916 696
916 808
916 819
916 875
916 911
916 924
916 931
916 961
916 963
916 968
916 969
916 991
916 993
917 1000
917 155
917 197
917 298
917 3
917 329
917 468
917 563
917 622
917 703
917 755
917 904
917 920
917 930
917 932
917 949
917 950
917 955
917 958
917 979
917 983
917 985
917 995
917 997
917 999
918 179
918 183
918 219
918 309
918 373
918 398
918 638
918 641
918 693
918 697
918 738
918 763
918 771
918 848
918 855
918 869
918 87
918 913
918 946
918 952
918 962
918 981
918 983
918 998
918 999
919 237
919 243
919 383
919 389
919 569
919 667
919 685
919 694
919 753
919 783
919 801
919 816
919 833
919 842
919 867
919 892
919 895
919 926
919 931
919 939
919 945
919 953
919 977
919 992
919 999
92 249
92 701
92 935
92 993
920 108
920 160
920 363
920 377
920 413
920 49
920 493
920 598
920 632
920 64
920 662
920 773
920 786
920 803
920 807
920 828
920 900
920 917
920 932
920 949
920 968
920 969
920 976
920 994
920 996
921 129
921 159
921 246
921 267
921 28
921 458
921 521
921 568
921 577
921 633
921 652
921 658
921 702
921 704
921 709
921 727
921 752
921 78
921 813
921 831
921 878
921 971
921 973
921 990
921 992
922 166
922 245
922 348
922 428
922 455
922 526
922 538
922 587
922 600
922 608
922 63
922 735
922 744
922 755
922 784
922 822
922 833
922 847
922 849
922 866
922 898
922 903
922 912
922 927
922 995
923 232
923 361
923 387
923 446
923 478
923 520
923 522
923 544
923 578
923 611
923 719
923 756
923 772
923 812
923 830
923 831
923 836
923 874
923 878
923 915
923 960
923 979
923 989
923 995
923 998
924 166
924 241
924 281
924 561
924 63
924 667
924 765
924 810
924 847
924 854
924 864
924 867
924 879
924 883
924 889
924 916
924 941
924 944
924 945
924 951
924 967
924 971
924 977
924 986
924 993
925 165
925 2
925 276
925 30
925 348
925 427
925 553
925 589
925 602
925 741
925 785
925 792
925 838
925 845
925 857
925 879
925 895
925 896
925 903
925 938
925 956
925 968
925 986
925 991
925 993
925 998
926 261
926 32
926 365
926 497
926 56
926 660
926 664
926 685
926 701
926 754
926 768
926 771
926 781
926 801
926 804
926 862
926 865
926 873
926 919
926 928
926 939
926 961
926 963
926 967
926 979
926 992
927 1000
927 274
927 313
927 340
927 369
927 396
927 523
927 597
927 757
927 774
927 790
927 794
927 840
927 848
927 851
927 867
927 882
927 922
927 935
927 946
927 956
927 958
927 962
927 968
927 978
927 981
928 143
928 295
928 305
928 370
928 476
928 513
928 556
928 620
928 666
928 693
928 700
928 780
928 796
928 850
928 851
928 859
928 868
928 877
928 915
928 926
928 931
928 939
928 953
928 955
928 963
928 965
929 1000
929 122
929 234
929 283
929 284
929 308
929 353
929 385
929 418
929 519
929 65
929 666
929 821
929 839
929 844
929 863
929 946
929 949
929 953
929 955
929 969
929 972
929 980
929 990
929 996
929 999
93 444
93 492
93 844
93 985
930 1000
930 105
930 202
930 3
930 410
930 509
930 578
930 605
930 665
930 677
930 699
930 713
930 729
930 745
930 763
930 779
930 798
930 809
930 883
930 886
930 890
930 911
930 912
930 917
930 938
930 976
930 983
931 1000
931 254
931 279
931 286
931 349
931 491
931 492
931 506
931 525
931 532
931 628
931 656
931 674
931 704
931 705
931 714
931 807
931 819
931 863
931 866
931 916
931 919
931 928
931 941
931 966
931 983
931 990
932 13
932 133
932 275
932 355
932 363
932 447
932 477
932 547
932 55
932 608
932 64
932 662
932 776
932 777
932 8
932 807
932 829
932 847
932 854
932 900
932 917
932 920
932 933
932 949
932 953
932 996
932 998
933 139
933 15
933 241
933 35
933 387
933 452
933 496
933 519
933 564
933 636
933 646
933 657
933 680
933 706
933 725
933 760
933 764
933 781
933 792
933 859
933 871
933 883
933 932
933 960
933 961
933 969
933 972
933 978
934 143
934 283
934 390
934 513
934 517
934 543
934 544
934 610
934 619
934 678
934 690
934 695
934 73
934 761
934 783
934 804
934 823
934 855
934 876
934 886
934 887
934 891
934 898
934 911
934 953
934 971
934 986
934 994
935 109
935 155
935 202
935 382
935 408
935 483
935 498
935 528
935 543
935 573
935 600
935 659
935 723
935 756
935 786
935 849
935 852
935 879
935 898
935 905
935 907
935 912
935 92
935 927
935 941
935 961
935 969
935 971
936 100
936 131
936 162
936 189
936 203
936 259
936 300
936 411
936 476
936 491
936 530
936 580
936 649
936 702
936 707
936 709
936 717
936 803
936 833
936 855
936 858
936 881
936 899
936 905
936 960
936 987
936 992
936 993
936 999
937 305
937 400
937 403
937 428
937 456
937 460
937 461
937 499
937 510
937 525
937 560
937 597
937 652
937 668
937 789
937 820
937 821
937 827
937 849
937 857
937 951
937 956
937 961
937 965
937 970
937 981
937 984
937 985
937 999
938 1000
938 13
938 130
938 165
938 184
938 205
938 215
938 220
938 293
938 391
938 414
938 421
938 487
938 511
938 554
938 567
938 578
938 580
938 605
938 714
938 743
938 824
938 851
938 874
938 925
938 930
938 954
938 967
938 985
939 121
939 150
939 169
939 239
939 261
939 325
939 393
939 451
939 538
939 602
939 712
939 762
939 810
939 848
939 879
939 887
939 901
939 913
939 915
939 919
939 926
939 928
939 955
939 957
939 971
939 987
939 990
939 994
939 996
94 343
94 820
94 965
94 980
940 120
940 148
940 180
940 229
940 279
940 32
940 341
940 376
940 4
940 425
940 507
940 511
940 518
940 552
940 580
940 588
940 634
940 690
940 70
940 771
940 784
940 826
940 830
940 850
940 858
940 864
940 900
940 909
940 966
941 419
941 466
941 537
941 601
941 625
941 723
941 752
941 756
941 767
941 811
941 816
941 819
941 841
941 863
941 867
941 896
941 898
941 906
941 924
941 931
941 935
941 953
941 964
941 966
941 976
941 978
941 987
942 105
942 142
942 332
942 335
942 352
942 362
942 448
942 516
942 556
942 571
942 581
942 629
942 640
942 655
942 668
942 688
942 730
942 788
942 805
942 824
942 829
942 84
942 893
942 895
942 900
942 973
942 976
942 979
942 994
943 21
943 270
943 277
943 296
943 412
943 455
943 560
943 564
943 822
943 851
943 913
943 947
943 955
943 966
943 974
943 977
943 982
943 991
943 997
944 135
944 151
944 211
944 230
944 249
944 385
944 40
944 406
944 431
944 517
944 563
944 596
944 679
944 711
944 748
944 766
944 795
944 816
944 840
944 854
944 873
944 885
944 897
944 924
944 954
944 969
944 984
944 986
944 994
944 996
945 133
945 145
945 425
945 484
945 496
945 563
945 57
945 597
945 623
945 661
945 673
945 765
945 791
945 818
945 825
945 833
945 859
945 894
945 900
945 905
945 919
945 924
945 954
945 956
945 957
945 958
945 964
945 967
945 981
945 999
946 140
946 205
946 245
946 388
946 491
946 565
946 574
946 584
946 594
946 650
946 684
946 715
946 720
946 724
946 726
946 739
946 752
946 772
946 783
946 843
946 863
946 918
946 927
946 929
946 949
946 962
946 979
946 980
946 994
946 997
947 114
947 140
947 181
947 259
947 375
947 425
947 480
947 513
947 591
947 609
947 621
947 650
947 659
947 668
947 688
947 692
947 703
947 761
947 781
947 809
947 846
947 847
947 898
947 901
947 911
947 943
947 982
947 983
947 995
947 997
948 170
948 256
948 338
948 339
948 415
948 430
948 492
948 578
948 78
948 811
948 856
948 887
948 961
948 965
948 966
948 984
948 987
948 989
948 991
949 1000
949 316
949 505
949 541
949 542
949 594
949 614
949 624
949 629
949 671
949 70
949 707
949 72
949 741
949 767
949 770
949 784
949 786
949 853
949 871
949 881
949 917
949 920
949 929
949 932
949 946
949 961
949 966
949 972
949 999
95 510
95 648
95 876
95 899
950 1000
950 351
950 435
950 446
950 474
950 548
950 555
950 588
950 645
950 647
950 705
950 758
950 780
950 792
950 794
950 812
950 824
950 834
950 839
950 860
950 909
950 917
950 952
950 958
950 963
950 968
950 971
950 99
950 993
950 995
951 113
951 118
951 192
951 222
951 264
951 272
951 319
951 336
951 694
951 775
951 814
951 818
951 826
951 830
951 850
951 875
951 881
951 889
951 893
951 912
951 924
951 937
951 966
951 967
952 1000
952 170
952 291
952 414
952 504
952 505
952 541
952 542
952 547
952 585
952 592
952 655
952 675
952 759
952 770
952 835
952 839
952 846
952 891
952 899
952 902
952 906
952 908
952 918
952 950
952 953
952 956
952 961
952 962
952 971
952 981
953 284
953 329
953 331
953 36
953 402
953 495
953 524
953 537
953 549
953 61
953 72
953 796
953 814
953 833
953 851
953 870
953 896
953 907
953 919
953 928
953 929
953 932
953 934
953 941
953 952
953 956
953 966
953 969
953 972
953 981
953 988
954 1000
954 155
954 222
954 27
954 342
954 388
954 406
954 445
954 488
954 510
954 543
954 595
954 656
954 661
954 714
954 751
954 763
954 770
954 793
954 805
954 845
954 854
954 913
954 938
954 944
954 945
954 959
954 960
954 971
954 979
954 986
955 185
955 259
955 26
955 312
955 349
955 38
955 418
955 471
955 479
955 563
955 596
955 678
955 679
955 703
955 705
955 733
955 774
955 776
955 824
955 826
955 829
955 887
955 917
955 928
955 929
955 939
955 943
955 972
955 980
955 990
955 994
955 995
956 165
956 288
956 303
956 390
956 422
956 427
956 433
956 438
956 443
956 483
956 536
956 597
956 624
956 640
956 702
956 718
956 727
956 757
956 796
956 802
956 823
956 860
956 880
956 881
956 900
956 925
956 927
956 937
956 945
956 952
956 953
956 981
957 267
957 311
957 375
957 402
957 41
957 413
957 487
957 512
957 527
957 539
957 547
957 594
957 608
957 655
957 664
957 678
957 7
957 753
957 789
957 791
957 800
957 821
957 844
957 850
957 879
957 893
957 894
957 939
957 945
957 964
957 974
957 975
958 168
958 171
958 172
958 187
958 216
958 265
958 289
958 313
958 429
958 449
958 466
958 562
958 649
958 70
958 736
958 750
958 759
958 808
958 846
958 849
958 870
958 873
958 896
958 917
958 927
958 945
958 950
958 96
958 962
958 969
958 988
958 993
959 102
959 141
959 379
959 394
959 399
959 540
959 550
959 581
959 612
959 623
959 627
959 631
959 666
959 673
959 692
959 700
959 729
959 738
959 756
959 762
959 776
959 789
959 804
959 805
959 83
959 841
959 861
959 895
959 911
959 954
959 974
959 979
96 573
96 774
96 897
96 958
960 221
960 31
960 329
960 337
960 348
960 385
960 493
960 503
960 531
960 595
960 601
960 613
960 614
960 7
960 742
960 757
960 772
960 807
960 824
960 831
960 841
960 847
960 856
960 896
960 903
960 923
960 933
960 936
960 954
960 975
960 986
960 988
961 151
961 238
961 293
961 428
961 43
961 448
961 467
961 475
961 547
961 560
961 593
961 693
961 709
961 721
961 723
961 773
961 793
961 806
961 809
961 828
961 869
961 881
961 892
961 914
961 916
961 926
961 933
961 935
961 937
961 948
961 949
961 952
962 108
962 131
962 255
962 356
962 380
962 381
962 465
962 472
962 532
962 627
962 665
962 673
962 698
962 715
962 776
962 823
962 835
962 842
962 848
962 892
962 918
962 927
962 946
962 952
962 958
962 963
962 966
962 974
962 983
962 985
962 987
962 997
963 179
963 208
963 318
963 362
963 372
963 382
963 464
963 551
963 554
963 575
963 596
963 617
963 697
963 709
963 714
963 762
963 775
963 827
963 835
963 836
963 844
963 871
963 872
963 874
963 876
963 904
963 916
963 926
963 928
963 950
963 962
963 978
963 979
964 258
964 360
964 402
964 413
964 416
964 46
964 512
964 539
964 579
964 587
964 601
964 608
964 628
964 655
964 678
964 689
964 726
964 789
964 791
964 792
964 823
964 844
964 866
964 891
964 893
964 894
964 941
964 945
964 957
964 967
964 972
964 974
964 997
964 999
965 153
965 176
965 248
965 343
965 365
965 372
965 415
965 53
965 573
965 596
965 670
965 686
965 687
965 689
965 781
965 785
965 837
965 852
965 862
965 870
965 890
965 901
965 904
965 906
965 928
965 937
965 94
965 948
965 968
965 970
965 978
965 984
965 987
965 995
966 174
966 193
966 310
966 356
966 4
966 441
966 458
966 503
966 552
966 610
966 634
966 659
966 678
966 777
966 789
966 818
966 819
966 863
966 868
966 902
966 931
966 940
966 941
966 943
966 948
966 949
966 951
966 953
966 962
966 974
966 984
966 985
966 987
967 113
967 116
967 133
967 16
967 160
967 202
967 251
967 26
967 264
967 319
967 381
967 49
967 502
967 604
967 653
967 730
967 75
967 775
967 814
967 818
967 82
967 840
967 850
967 875
967 881
967 889
967 893
967 902
967 924
967 926
967 938
967 945
967 951
967 964
967 97
968 24
968 258
968 301
968 302
968 307
968 309
968 396
968 450
968 612
968 685
968 687
968 758
968 760
968 777
968 798
968 823
968 829
968 836
968 844
968 853
968 860
968 872
968 909
968 911
968 916
968 920
968 925
968 927
968 950
968 965
968 978
968 989
968 991
968 993
969 104
969 122
969 288
969 290
969 363
969 393
969 398
969 416
969 50
969 689
969 724
969 748
969 764
969 783
969 847
969 859
969 865
969 881
969 883
969 885
969 913
969 916
969 920
969 929
969 933
969 935
969 944
969 953
969 958
969 972
969 978
969 985
969 986
969 995
969 996
97 163
97 239
97 708
97 967
970 173
970 331
970 343
970 442
970 482
970 499
970 506
970 515
970 520
970 561
970 603
970 619
970 632
970 679
970 681
970 696
970 705
970 720
970 749
970 750
970 779
970 809
970 820
970 825
970 842
970 843
970 858
970 875
970 881
970 915
970 937
970 965
970 988
970 995
970 998
971 118
971 122
971 240
971 26
971 286
971 388
971 41
971 456
971 521
971 534
971 584
971 643
971 706
971 73
971 747
971 806
971 807
971 825
971 826
971 847
971 852
971 886
971 889
971 899
971 911
971 921
971 924
971 934
971 935
971 939
971 950
971 952
971 954
971 981
971 990
972 122
972 125
972 161
972 267
972 304
972 308
972 373
972 381
972 41
972 418
972 565
972 599
972 616
972 633
972 636
972 646
972 65
972 682
972 795
972 821
972 834
972 844
972 863
972 884
972 929
972 933
972 949
972 953
972 955
972 964
972 969
972 977
972 980
972 990
972 999
973 105
973 142
973 273
973 290
973 324
973 350
973 352
973 425
973 450
973 471
973 473
973 507
973 508
973 516
973 571
973 628
973 629
973 640
973 649
973 679
973 686
973 688
973 788
973 792
973 802
973 824
973 827
973 829
973 847
973 885
973 893
973 900
973 906
973 921
973 942
973 998
974 186
974 278
974 353
974 358
974 383
974 411
974 564
974 570
974 587
974 610
974 627
974 655
974 713
974 729
974 734
974 742
974 766
974 780
974 791
974 807
974 848
974 894
974 912
974 943
974 957
974 959
974 962
974 964
974 966
974 975
974 982
974 992
974 993
974 994
974 997
974 999
975 200
975 250
975 273
975 451
975 505
975 660
975 663
975 686
975 692
975 802
975 910
975 957
975 960
975 974
975 978
975 989
975 996
975 998
976 106
976 185
976 194
976 198
976 28
976 401
976 470
976 536
976 551
976 569
976 609
976 621
976 650
976 654
976 665
976 677
976 699
976 725
976 753
976 769
976 775
976 779
976 797
976 875
976 884
976 893
976 905
976 920
976 930
976 941
976 942
976 977
976 98
976 997
977 1
977 130
977 143
977 183
977 23
977 244
977 245
977 286
977 297
977 32
977 332
977 375
977 407
977 411
977 427
977 467
977 49
977 532
977 569
977 592
977 604
977 626
977 686
977 730
977 753
977 755
977 76
977 787
977 857
977 867
977 888
977 919
977 924
977 943
977 972
977 976
977 990
978 11
978 204
978 23
978 283
978 372
978 386
978 39
978 517
978 549
978 557
978 56
978 592
978 605
978 625
978 714
978 745
978 747
978 758
978 802
978 809
978 829
978 850
978 871
978 887
978 892
978 904
978 910
978 914
978 927
978 933
978 941
978 963
978 965
978 968
978 969
978 975
978 989
978 998
979 179
979 301
979 302
979 422
979 457
979 493
979 562
979 623
979 638
979 654
979 664
979 687
979 730
979 743
979 747
979 767
979 770
979 803
979 805
979 826
979 827
979 840
979 849
979 856
979 859
979 875
979 896
979 91
979 912
979 917
979 923
979 926
979 942
979 946
979 954
979 959
979 963
979 991
98 654
98 690
98 755
98 976
980 14
980 16
980 282
980 293
980 296
980 357
980 379
980 426
980 441
980 445
980 477
980 492
980 527
980 564
980 582
980 646
980 666
980 684
980 717
980 718
980 721
980 724
980 794
980 81
980 818
980 824
980 825
980 841
980 880
980 890
980 897
980 929
980 94
980 946
980 955
980 972
980 998
980 999
981 216
981 237
981 292
981 303
981 338
981 35
981 374
981 377
981 390
981 414
981 426
981 477
981 482
981 490
981 509
981 591
981 597
981 600
981 614
981 636
981 680
981 713
981 762
981 837
981 861
981 865
981 880
981 881
981 899
981 912
981 918
981 927
981 937
981 945
981 952
981 953
981 956
981 971
981 992
982 101
982 13
982 133
982 19
982 206
982 219
982 23
982 245
982 280
982 341
982 369
982 394
982 435
982 471
982 486
982 493
982 504
982 532
982 564
982 598
982 610
982 613
982 624
982 646
982 67
982 699
982 704
982 753
982 799
982 822
982 841
982 851
982 905
982 943
982 947
982 974
982 991
982 997
982 998
983 16
983 223
983 244
983 274
983 277
983 282
983 420
983 431
983 47
983 474
983 48
983 489
983 557
983 597
983 632
983 635
983 682
983 70
983 707
983 732
983 744
983 752
983 767
983 777
983 792
983 813
983 826
983 830
983 834
983 839
983 861
983 890
983 901
983 917
983 918
983 930
983 931
983 947
983 962
983 991
984 17
984 170
984 337
984 338
984 385
984 41
984 415
984 430
984 467
984 616
984 634
984 639
984 713
984 763
984 786
984 802
984 849
984 854
984 887
984 937
984 944
984 948
984 965
984 966
984 987
984 989
984 991
984 995
985 116
985 157
985 252
985 31
985 314
985 315
985 316
985 32
985 329
985 400
985 410
985 438
985 465
985 472
985 50
985 505
985 523
985 526
985 602
985 616
985 639
985 659
985 778
985 795
985 798
985 818
985 824
985 830
985 857
985 859
985 86
985 868
985 892
985 901
985 917
985 93
985 937
985 938
985 962
985 966
985 969
986 101
986 135
986 203
986 24
986 320
986 333
986 337
986 378
986 392
986 406
986 408
986 444
986 486
986 504
986 557
986 558
986 625
986 649
986 67
986 696
986 697
986 711
986 718
986 746
986 748
986 800
986 816
986 843
986 854
986 861
986 873
986 885
986 924
986 925
986 934
986 944
986 954
986 960
986 969
986 994
986 996
987 136
987 138
987 161
987 170
987 288
987 338
987 350
987 372
987 394
987 407
987 415
987 430
987 432
987 481
987 486
987 518
987 540
987 555
987 561
987 612
987 616
987 636
987 704
987 713
987 740
987 786
987 798
987 802
987 854
987 859
987 887
987 892
987 936
987 939
987 941
987 948
987 962
987 965
987 966
987 984
987 991
987 993
988 1000
988 11
988 119
988 156
988 194
988 306
988 337
988 340
988 348
988 377
988 467
988 486
988 507
988 532
988 545
988 579
988 602
988 603
988 611
988 612
988 624
988 630
988 646
988 691
988 709
988 717
988 728
988 736
988 737
988 744
988 750
988 754
988 777
988 811
988 822
988 843
988 864
988 884
988 953
988 958
988 960
988 970
989 138
989 200
989 214
989 233
989 255
989 325
989 359
989 431
989 447
989 457
989 462
989 519
989 527
989 530
989 540
989 639
989 646
989 651
989 663
989 70
989 715
989 727
989 735
989 757
989 78
989 808
989 840
989 842
989 879
989 886
989 890
989 898
989 902
989 910
989 923
989 948
989 968
989 975
989 978
989 984
989 996
989 998
99 446
99 620
99 812
99 950
990 116
990 117
990 149
990 164
990 191
990 194
990 238
990 308
990 31
990 316
990 33
990 359
990 364
990 408
990 423
990 454
990 457
990 463
990 495
990 533
990 543
990 558
990 726
990 727
990 766
990 773
990 777
990 868
990 869
990 875
990 901
990 903
990 921
990 929
990 931
990 939
990 955
990 971
990 972
990 977
990 991
990 992
990 999
991 325
991 338
991 409
991 430
991 434
991 489
991 558
991 564
991 610
991 62
991 621
991 641
991 65
991 694
991 729
991 758
991 783
991 787
991 790
991 796
991 817
991 830
991 838
991 845
991 846
991 861
991 876
991 893
991 911
991 916
991 925
991 943
991 948
991 968
991 979
991 982
991 983
991 984
991 987
991 990
991 993
991 997
992 129
992 146
992 158
992 201
992 217
992 228
992 233
992 234
992 34
992 355
992 422
992 455
992 479
992 527
992 535
992 547
992 565
992 568
992 575
992 613
992 629
992 653
992 669
992 679
992 681
992 713
992 734
992 737
992 752
992 754
992 801
992 807
992 832
992 858
992 886
992 898
992 906
992 909
992 919
992 921
992 926
992 936
992 974
992 981
992 990
993 124
993 225
993 24
993 268
993 275
993 305
993 313
993 374
993 376
993 387
993 397
993 415
993 469
993 496
993 504
993 592
993 631
993 645
993 658
993 710
993 713
993 779
993 786
993 794
993 804
993 808
993 828
993 829
993 838
993 845
993 851
993 861
993 869
993 891
993 897
993 916
993 92
993 924
993 925
993 936
993 950
993 958
993 968
993 974
993 987
993 991
994 114
994 19
994 193
994 327
994 39
994 412
994 426
994 503
994 524
994 538
994 570
994 602
994 630
994 637
994 650
994 678
994 700
994 711
994 731
994 737
994 738
994 748
994 758
994 761
994 784
994 797
994 807
994 828
994 836
994 856
994 866
994 885
994 887
994 91
994 912
994 920
994 934
994 939
994 942
994 944
994 946
994 955
994 974
994 986
994 997
995 109
995 158
995 166
995 167
995 189
995 25
995 262
995 294
995 298
995 303
995 325
995 36
995 365
995 379
995 411
995 446
995 48
995 527
995 550
995 596
995 606
995 608
995 617
995 632
995 661
995 668
995 682
995 700
995 728
995 740
995 751
995 752
995 761
995 812
995 864
995 89
995 902
995 904
995 917
995 922
995 923
995 947
995 950
995 955
995 965
995 969
995 970
995 984
996 20
996 274
996 275
996 290
996 352
996 363
996 395
996 397
996 44
996 451
996 453
996 460
996 483
996 561
996 572
996 582
996 590
996 599
996 642
996 663
996 68
996 690
996 711
996 735
996 746
996 78
996 793
996 818
996 854
996 873
996 885
996 888
996 895
996 900
996 903
996 904
996 908
996 910
996 920
996 929
996 932
996 939
996 944
996 969
996 975
996 986
996 989
996 998
997 120
997 138
997 148
997 204
997 21
997 212
997 232
997 244
997 253
997 358
997 362
997 395
997 433
997 489
997 511
997 538
997 564
997 566
997 570
997 627
997 644
997 664
997 684
997 698
997 717
997 722
997 731
997 757
997 823
997 880
997 893
997 895
997 917
997 943
997 946
997 947
997 962
997 964
997 974
997 976
997 982
997 991
997 994
998 169
998 183
998 200
998 288
998 333
998 35
998 354
998 362
998 461
998 493
998 496
998 532
998 584
998 607
998 663
998 669
998 676
998 680
998 685
998 694
998 711
998 721
998 735
998 751
998 771
998 776
998 781
998 827
998 828
998 878
998 879
998 886
998 898
998 90
998 902
998 910
998 918
998 923
998 925
998 932
998 970
998 973
998 975
998 978
998 980
998 982
998 989
998 996
999 117
999 14
999 146
999 203
999 254
999 270
999 332
999 35
999 393
999 418
999 441
999 451
999 455
999 467
999 483
999 5
999 539
999 551
999 552
999 618
999 652
999 654
999 724
999 734
999 735
999 826
999 833
999 863
999 866
999 870
999 877
999 888
999 897
999 901
999 902
999 905
999 917
999 918
999 919
999 929
999 936
999 937
999 945
999 949
999 964
999 972
999 974
999 980
999 990
