# The contained cliques in the communities at k=4
# from G:\Dropbox\Raghda\CNA\Final Project\other methods\CFinder-2.0.6--1448\G:\Dropbox\Raghda\CNA\Final Project\Datasets\binary_networks\LFR3\network_LFR3_Om3.dat
# at no lower link weight threshold,
# and at no upper link weight threshold.
# Links were treated as undirected.
# No time limit was set for the clique search.

0: 6 7 321 208 682 812 1358 209 192 264 561 823 887 562 663 1005 681 680 265 813 83 82 
1: 8 9 1638 1639 1640 1641 1106 1107 1260 1560 1760 1761 1849 1850 1859 1860 575 989 1102 1103 1252 1262 1263 1359 1360 1475 1476 1646 1647 1648 1649 1652 1762 1763 1764 1765 1766 1767 1768 1769 1770 1771 1772 1773 1851 1852 1853 1854 1861 1862 1863 1875 1887 326 574 799 1256 1257 12 322 324 325 327 800 801 802 804 1112 1114 1255 1258 1259 1261 1472 1473 1477 1478 1479 1642 1643 1644 1645 1650 1651 1855 1856 1865 1877 1888 573 1109 1253 84 370 803 1108 1113 1361 1653 1655 1866 1876 1878 360 274 1474 273 1264 1265 1480 1864 164 421 348 988 349 312 329 987 330 1111 1105 1029 1104 1774 1028 1775 697 1254 1654 698 369 138 328 990 1558 212 
2: 21 27 102 313 364 389 547 548 704 1039 1040 1266 1267 1268 1350 1352 1550 1686 28 
3: 26 216 260 279 653 1217 1229 1239 217 654 1220 1232 1305 254 678 707 708 1218 1219 1221 1230 1231 371 1481 646 1240 1241 261 280 709 1037 111 
4: 36 1722 1795 149 437 487 670 762 960 961 1041 1080 1139 1141 1142 1167 1351 1570 1688 1723 148 669 761 1079 1569 849 1140 1689 505 506 504 1170 1168 297 429 962 1169 298 430 282 156 68 840 1022 1020 603 814 851 852 1021 1304 1306 1307 1571 1572 1720 72 85 604 1310 1573 71 86 214 221 647 1309 1308 1373 815 448 449 358 1623 
5: 37 137 458 735 749 763 764 843 903 999 1010 1242 459 844 201 200 410 1145 1146 1147 759 758 733 732 734 1000 1224 1243 1269 187 1011 1012 1244 131 765 
6: 47 
7: 48 152 177 236 281 391 392 544 679 695 696 730 922 923 1050 1062 1063 1081 1082 1083 1084 1099 1100 1101 1302 1341 1626 1665 1666 1667 1820 1821 1822 1823 1836 1881 469 1064 206 207 545 731 965 1065 1627 451 971 450 970 213 112 1389 
8: 53 
9: 54 1364 1362 467 507 1284 1363 1782 1784 1785 1838 468 508 1293 1616 1832 1294 1295 1296 1732 1172 1171 1173 1872 1873 881 1617 1613 1494 1614 1618 1047 1189 1049 1048 1188 1035 1034 376 700 857 1783 1786 1271 1839 1270 1273 
10: 56 518 552 810 1328 1366 1367 519 520 521 526 527 811 1329 1330 534 59 178 89 1374 
11: 70 409 482 664 665 928 985 1311 1372 1585 230 929 986 231 483 885 286 668 931 1327 1586 285 1326 447 883 1312 446 886 1313 927 930 932 984 120 884 
12: 76 277 510 530 793 824 1009 1386 182 581 107 147 202 
13: 93 94 
14: 97 1556 825 837 943 974 976 1066 1072 1179 1275 1482 1535 1557 1605 1628 1629 1632 1698 1749 1842 1844 1889 1890 826 827 1634 1633 1631 1751 1528 1812 1813 1527 1531 1485 1811 1843 942 975 1483 1606 1668 1611 1697 1610 1612 1841 1538 1608 1701 1848 1006 1699 1695 165 828 874 1696 873 1368 1845 1278 1700 1281 1280 1750 1276 1630 944 1512 1513 488 1514 299 1176 1536 1537 842 1678 
15: 101 121 491 492 643 973 1096 1097 1098 1159 1160 1174 1175 1400 1435 1436 1460 1461 1486 1487 1488 1489 1776 1777 1778 1833 1834 1835 1858 1874 1882 1884 174 1235 1236 1779 499 712 919 921 1233 1234 1438 500 693 694 796 797 920 1061 1401 188 1060 1404 189 124 711 1490 710 393 536 644 1437 1471 1559 1158 1439 
16: 103 104 1433 1578 1734 1828 939 1381 1382 1579 1829 937 940 941 938 1150 1379 1501 1575 1827 1443 1577 1440 1441 1442 1445 1446 1447 1595 1825 1444 1448 1594 1824 1735 1737 457 1462 1463 1738 1792 1826 456 455 1464 1790 1452 1450 1453 1455 1451 1454 1574 1432 771 1151 1434 1500 1753 1798 773 1152 1154 1155 1502 1153 1465 1148 1149 1431 1430 1115 1534 1116 1119 1117 1736 1800 868 1118 1503 869 1505 1755 1504 1380 1799 1384 1383 1801 879 877 880 878 305 1498 1511 1756 1507 1509 1510 1506 1508 1576 1580 184 528 993 1581 1449 1791 1793 303 1385 
17: 106 1209 1544 1591 1831 1880 542 725 1136 1202 1206 1207 1210 1290 1339 1539 1545 1672 1818 1830 543 1288 1285 1289 1075 1286 1879 966 1074 1162 1287 1335 1405 967 195 1134 1135 1336 1540 1816 194 1815 215 1120 1121 1122 1123 1541 205 354 895 1542 1543 1546 1740 894 897 896 1164 1165 1671 1337 1407 1592 1741 539 1199 1338 1340 538 1200 1201 1886 1583 1673 129 1582 1584 130 1593 1589 159 838 1182 1208 1588 190 1181 789 1817 1406 511 118 726 119 1137 1138 1163 632 631 638 
18: 132 133 1161 150 398 954 1870 151 249 387 443 608 705 784 953 956 1211 1333 1840 1871 388 706 955 1334 620 248 259 395 396 438 493 494 516 522 1332 610 193 439 378 1300 379 1213 1214 1212 609 
19: 139 1674 1675 1677 257 310 331 385 397 401 408 453 470 702 791 792 924 925 1068 1156 1157 1227 1228 1353 1354 1355 1402 1676 1788 1789 258 386 454 1403 
20: 140 
21: 143 
22: 155 594 593 595 1365 915 
23: 181 293 318 566 1215 1418 1662 1724 267 266 747 748 830 1344 1492 1548 1684 1685 1070 1069 1071 1246 1247 649 745 1052 1245 1395 1725 524 567 648 1216 1348 1349 1549 523 525 898 1345 1346 365 568 727 756 366 237 291 728 1347 1419 755 380 831 744 1051 287 444 
24: 232 1600 1522 1601 1602 1679 1390 1520 1521 1524 1317 1391 1392 1316 1318 1319 1523 1562 1802 1867 1599 1687 276 1869 474 1692 475 1563 1564 1565 1566 1691 1567 1603 512 1076 1596 1077 1078 1376 1393 1054 958 957 1314 1377 1663 1598 1803 
25: 271 1706 1717 1718 495 949 1426 1456 1707 1708 1709 1710 1711 1713 1716 1719 1324 1457 1321 1322 1323 1320 1715 947 948 1413 951 952 1416 1807 1809 950 1712 867 914 1415 1417 1814 865 913 628 683 688 1412 1414 685 686 1806 356 1409 1410 1411 1459 1658 308 1027 1429 1660 1428 1427 1131 1133 1132 1808 1857 671 
26: 275 307 319 390 436 440 541 785 926 946 959 1095 1237 1238 1248 1249 1251 1342 1343 1356 1357 1466 1467 1552 1553 1554 1555 1635 1636 1637 1661 1759 1804 1805 301 737 738 1301 
27: 341 
28: 367 605 1057 1222 606 651 1058 650 980 977 979 1204 558 718 559 717 549 
29: 399 841 1515 
30: 422 
31: 515 
32: 640 
33: 689 690 691 1059 692 891 862 863 
34: 806 807 
35: 1143 
36: 1191 
