# The communities at k=8
# from G:\Dropbox\Raghda\CNA\Final Project\other methods\CFinder-2.0.6--1448\G:\Dropbox\Raghda\CNA\Final Project\Datasets\binary_networks\LFR1\networ_LFR1_Om2.dat
# at no lower link weight threshold,
# and at no upper link weight threshold.
# Links were treated as undirected.
# No time limit was set for the clique search.

0: 843 946 993 995 996 975 980 950 923 865 719 847 494 892 878 580 803 826 659 664 689 870 
1: 955 981 983 999 953 863 956 883 927 793 839 727 634 824 540 784 699 683 718 684 
2: 922 670 974 979 991 997 947 962 964 969 982 944 860 934 553 875 734 882 759 778 814 832 
3: 978 952 798 938 941 899 895 898 662 629 914 563 571 779 649 764 
4: 1000 594 616 776 830 848 858 876 886 897 902 903 922 930 932 968 970 
5: 842 958 961 965 900 881 976 572 608 627 806 736 754 
6: 913 986 984 888 987 990 937 867 917 904 954 959 943 893 871 948 836 665 786 585 628 810 859 651 713 749 741 
7: 951 957 940 963 849 861 657 831 
8: 911 929 971 994 966 818 767 819 916 915 926 777 635 914 626 817 647 712 
9: 985 884 935 998 794 853 880 893 869 669 787 707 646 730 
10: 949 967 789 925 994 933 792 890 710 879 745 774 654 715 
11: 877 799 844 921 988 919 945 811 827 660 686 
12: 815 906 942 960 802 972 772 891 771 838 852 666 
