# The communities at k=3
# from G:\Dropbox\Raghda\CNA\Final Project\other methods\CFinder-2.0.6--1448\G:\Dropbox\Raghda\CNA\Final Project\Datasets\binary_networks\LFR4\network_LFR4_Om3.dat
# at no lower link weight threshold,
# and at no upper link weight threshold.
# Links were treated as undirected.
# No time limit was set for the clique search.

0: 1 766 815 817 913 10 1000 331 731 873 100 788 849 965 991 135 155 165 182 20 243 250 322 377 468 471 531 559 595 606 609 662 7 704 717 734 738 742 750 758 772 774 832 852 866 870 876 887 897 908 912 959 960 967 975 979 997 999 101 521 695 954 989 102 783 936 977 998 974 905 910 915 984 107 824 957 895 924 458 896 953 11 623 769 971 980 110 459 654 892 976 277 761 955 987 557 661 113 346 803 114 189 115 405 721 801 996 847 387 730 926 118 570 768 937 972 702 767 962 12 429 562 779 120 888 894 778 831 836 885 122 546 970 123 857 929 626 790 931 656 703 312 127 927 982 992 819 859 966 692 871 13 593 601 943 886 990 131 508 853 946 969 868 882 994 133 820 134 659 846 136 636 920 934 981 137 818 902 988 139 404 650 948 14 632 843 686 141 698 935 142 884 589 736 484 146 401 675 986 147 808 825 148 780 933 726 978 445 151 33 983 152 690 798 964 396 781 154 633 676 842 771 156 851 878 995 157 696 743 804 158 858 879 949 159 705 889 16 561 850 950 160 840 588 968 945 163 450 578 629 164 393 663 706 907 973 993 528 814 735 901 952 169 875 923 17 170 472 794 172 753 173 449 881 919 928 344 985 463 867 918 178 244 710 940 345 476 264 813 642 786 181 679 916 909 183 36 415 727 248 925 638 805 187 273 860 188 426 603 19 192 911 956 467 191 231 502 657 839 863 389 701 939 195 437 830 869 511 693 220 41 524 944 655 917 200 877 890 942 828 203 732 204 465 486 961 205 548 874 958 206 722 207 775 209 591 210 335 213 697 777 823 826 216 238 555 218 637 728 837 219 630 883 947 729 222 584 811 224 641 660 930 225 380 644 226 454 526 229 752 23 829 232 311 872 782 951 631 792 236 237 239 669 715 751 827 241 318 58 789 242 765 490 770 582 747 246 424 453 247 517 891 304 324 741 720 251 303 749 900 938 809 253 816 254 255 893 941 256 279 647 861 59 713 708 560 79 26 281 260 483 671 724 261 301 492 262 806 921 263 628 737 266 550 700 268 802 269 309 47 270 668 271 793 272 614 640 274 413 464 275 276 678 278 833 28 284 585 280 504 356 573 398 694 932 283 480 553 288 289 608 498 577 291 292 482 407 501 294 295 297 298 456 299 683 3 653 418 378 302 670 519 306 844 554 308 31 564 566 856 313 745 314 673 799 315 49 525 317 56 848 97 319 32 320 914 323 370 621 420 963 906 326 327 473 328 329 549 723 807 330 332 619 862 333 563 529 337 646 365 339 362 543 340 341 342 604 652 347 904 447 740 349 503 922 35 691 350 744 667 796 352 353 354 672 845 787 612 423 358 880 760 360 834 361 363 685 755 364 479 763 366 442 367 368 369 496 371 567 372 375 376 865 379 63 800 38 748 381 776 383 516 384 386 616 390 664 391 681 791 841 864 392 639 394 397 580 399 899 4 408 835 838 402 565 403 658 406 446 9 409 689 716 855 410 684 411 412 414 784 416 718 597 419 42 579 762 421 422 709 785 425 522 622 427 70 428 764 85 89 432 822 433 434 435 436 439 592 44 440 707 903 443 795 448 45 451 455 569 649 460 475 466 469 470 599 810 72 505 477 478 538 719 481 494 489 699 541 493 532 499 615 682 648 506 510 507 725 509 51 512 714 514 515 812 754 518 52 520 523 527 674 607 533 534 535 536 537 759 544 552 600 55 733 618 551 556 739 558 568 82 57 572 574 583 581 586 587 688 590 69 598 746 65 602 651 61 610 625 711 96 71 617 624 635 643 75 821 665 666 94 78 76 83 92 
1: 977 103 171 487 106 199 655 
2: 104 149 457 974 726 588 540 479 569 
3: 109 190 896 
4: 595 896 112 557 
5: 184 988 650 611 773 29 382 
6: 126 307 81 
7: 870 128 819 
8: 886 15 978 
9: 817 546 153 571 620 781 753 855 90 80 
10: 819 162 305 
11: 920 781 385 166 395 814 854 596 39 828 233 438 782 951 374 87 
12: 677 201 400 890 942 848 
13: 703 901 174 500 91 
14: 898 176 285 343 
15: 385 186 576 638 805 797 287 430 553 316 
16: 756 198 680 944 212 498 539 494 507 74 617 
17: 702 634 952 215 594 98 685 
18: 240 751 827 
19: 629 25 540 
20: 25 495 50 
21: 307 554 66 
22: 805 789 6 746 
23: 876 721 605 724 348 740 86 
24: 849 869 88 
25: 898 410 88 
26: 712 892 613 355 444 
27: 896 968 575 693 530 829 542 53 607 8 
28: 870 677 545 765 249 68 
29: 1000 388 462 
30: 325 645 968 932 485 519 310 
31: 513 807 337 
32: 999 392 639 
33: 441 397 580 
34: 606 437 439 
35: 846 452 441 
36: 495 809 466 
37: 704 968 837 479 
38: 793 745 434 
39: 767 898 510 
40: 892 757 607 602 
41: 815 656 901 
42: 898 813 666 
43: 757 747 740 
