# The links inside the communities at k=3
# from G:\Dropbox\Raghda\CNA\Final Project\other methods\CFinder-2.0.6--1448\G:\Dropbox\Raghda\CNA\Final Project\Datasets\binary_networks\LFR4\network_LFR4_Om3.dat
# at no lower link weight threshold,
# and at no upper link weight threshold.
# Links were treated as undirected.
# No time limit was set for the clique search.

0:
1 766
1 815
1 913
766 815
766 913
766 959
766 966
766 653
766 906
766 365
766 349
766 503
766 922
815 969
815 686
815 823
815 906
815 568
817 873
817 887
817 819
817 881
817 467
817 883
817 914
817 522
913 959
913 953
913 966
913 969
913 988
913 986
913 985
913 603
913 890
913 802
913 314
913 673
913 906
913 423
913 760
913 364
10 1000
10 731
10 873
1000 873
1000 849
1000 135
1000 155
1000 182
1000 20
1000 243
1000 322
1000 377
1000 468
1000 471
1000 531
1000 559
1000 609
1000 662
1000 7
1000 717
1000 734
1000 738
1000 742
1000 750
1000 758
1000 772
1000 774
1000 832
1000 852
1000 866
1000 870
1000 876
1000 887
1000 897
1000 908
1000 912
1000 959
1000 960
1000 967
1000 975
1000 979
1000 997
1000 999
331 997
331 690
331 964
331 848
731 873
731 832
731 852
731 887
731 912
731 819
731 592
731 590
873 7
873 750
873 852
873 870
873 887
873 912
873 881
873 414
873 439
873 592
100 788
100 849
100 965
100 991
788 849
788 965
788 991
788 959
788 997
788 943
788 566
788 759
788 552
849 965
849 897
849 908
849 960
849 997
849 142
849 32
849 845
965 991
965 959
965 997
965 13
965 943
965 311
965 741
965 560
965 480
965 566
965 473
965 845
965 409
965 716
965 440
965 707
965 903
965 699
965 537
965 759
965 544
965 552
991 997
991 458
991 702
991 656
991 312
991 943
991 868
991 986
991 995
991 187
991 273
991 860
991 191
991 231
991 502
991 741
991 861
991 275
991 694
991 856
991 672
991 845
991 755
991 394
991 402
991 565
991 422
991 432
991 822
991 707
991 699
991 537
991 759
135 742
135 979
155 997
165 907
165 973
182 959
182 878
182 909
20 908
20 960
20 979
243 734
243 997
243 490
250 831
250 878
250 743
250 720
322 975
322 511
377 866
377 967
377 865
468 738
471 750
531 997
531 954
531 872
531 900
531 291
559 742
559 876
559 908
559 960
559 979
595 976
595 853
595 782
595 299
595 880
606 905
606 127
606 992
606 925
609 742
609 960
609 999
609 962
609 986
609 950
609 464
662 774
662 997
662 490
662 865
662 617
704 675
704 986
704 983
717 967
717 975
717 924
717 859
717 484
717 993
717 786
717 958
717 551
734 975
734 783
734 936
734 998
738 772
738 908
738 960
738 924
738 993
738 667
742 897
742 908
742 960
742 979
742 775
742 288
750 887
750 911
750 961
750 855
758 866
758 908
758 960
758 979
758 557
758 996
758 692
758 628
758 681
772 960
772 955
772 883
772 737
772 914
772 604
772 652
772 835
772 610
774 997
774 994
774 952
774 749
832 852
832 912
832 980
832 730
832 929
832 920
832 948
832 993
832 802
832 795
832 590
852 894
852 819
852 969
852 985
852 722
852 669
852 247
852 941
852 266
852 412
852 812
852 94
866 967
866 975
866 692
866 589
866 964
866 916
866 770
866 628
866 691
866 506
870 989
870 654
870 964
870 916
870 426
870 777
870 592
876 908
876 960
876 979
876 994
876 949
876 993
876 775
876 678
876 381
887 999
887 989
887 910
887 857
887 650
887 950
887 952
887 655
887 947
887 592
887 651
897 908
897 960
897 979
897 974
897 987
897 920
897 484
897 940
897 786
897 437
897 723
897 795
897 538
908 960
908 979
908 775
908 309
908 32
908 89
908 509
908 533
912 984
912 895
912 387
912 970
912 819
912 994
912 945
912 952
912 829
912 963
912 904
912 834
912 592
912 674
912 618
912 610
912 625
959 997
959 778
959 831
959 878
959 743
959 909
959 23
959 340
959 349
959 922
959 845
959 716
959 440
959 707
959 903
959 443
959 759
960 979
960 142
960 775
960 242
960 309
960 288
960 604
960 579
960 89
960 509
960 533
967 975
967 997
967 824
967 980
967 730
967 929
967 934
967 948
967 771
967 588
967 867
967 765
967 260
967 483
967 671
967 737
967 28
967 865
967 541
967 551
967 558
975 997
975 801
975 993
975 511
975 216
975 238
975 239
975 906
975 865
975 507
975 617
975 635
979 974
979 987
979 871
979 593
979 994
979 159
979 889
979 993
979 985
979 264
979 603
979 437
979 869
979 242
979 861
979 802
979 678
979 762
979 795
979 507
979 821
997 936
997 656
997 152
997 690
997 798
997 964
997 867
997 311
997 490
997 741
997 480
997 848
997 672
997 371
997 567
997 379
997 63
997 716
997 699
997 541
997 537
997 759
997 552
997 617
999 989
999 910
999 896
999 972
999 123
999 857
999 902
999 676
999 16
999 561
999 850
999 950
999 916
999 947
999 279
999 332
999 862
999 880
999 763
999 376
999 865
999 616
999 903
999 478
999 507
999 714
999 556
999 739
999 581
999 590
101 521
101 695
101 954
101 989
521 989
521 107
521 824
521 957
695 954
695 989
695 957
695 291
695 865
695 416
954 989
954 824
954 957
954 626
954 853
954 160
954 840
954 860
954 195
954 830
954 236
954 751
954 291
954 904
954 865
954 416
989 910
989 957
989 857
989 820
989 636
989 981
989 902
989 850
989 950
989 163
989 450
989 629
989 881
989 860
989 426
989 947
989 811
989 236
989 407
989 862
989 358
989 880
989 903
989 739
989 581
102 783
102 936
102 977
102 998
783 936
783 977
783 998
783 528
783 792
783 573
783 745
783 549
783 455
783 587
936 977
936 998
936 798
936 735
936 923
936 172
936 449
936 877
936 708
936 745
936 326
936 327
936 35
936 691
936 880
936 685
936 448
936 666
977 998
977 943
977 736
977 804
977 735
977 875
977 923
977 909
977 262
977 806
977 921
977 275
977 694
977 553
977 370
977 549
977 880
977 685
977 392
977 665
998 798
998 528
998 735
998 923
998 172
998 449
998 877
998 792
998 279
998 708
998 573
998 553
998 577
998 418
998 313
998 745
998 370
998 326
998 327
998 473
998 329
998 549
998 447
998 35
998 691
998 880
998 685
998 399
998 448
998 455
998 587
998 666
974 987
974 114
974 189
974 888
974 920
974 993
974 830
974 877
974 242
974 802
974 668
974 932
974 723
974 899
974 795
905 982
905 808
905 925
905 584
905 246
905 424
905 453
905 306
905 844
905 319
905 785
905 599
905 534
910 896
910 972
910 123
910 857
910 902
910 561
910 850
910 950
910 863
910 947
910 862
910 865
910 903
910 739
910 590
915 661
915 982
915 158
915 858
915 879
915 752
915 827
915 941
915 79
915 295
915 844
915 922
915 360
915 834
915 412
915 624
915 821
984 895
984 405
984 546
984 882
984 781
984 945
984 829
984 324
984 550
984 573
984 608
984 378
984 856
984 963
984 904
984 689
984 785
984 822
984 435
984 569
984 505
984 682
984 512
984 515
984 520
984 607
984 535
984 618
984 57
984 61
107 824
107 957
824 768
824 626
824 994
824 771
824 805
824 236
824 241
824 671
824 746
957 953
957 113
957 969
957 994
957 14
957 726
957 952
957 985
957 345
957 958
957 751
957 941
957 652
957 904
957 763
957 812
957 568
957 610
957 625
895 546
895 781
895 945
895 345
895 829
895 550
895 608
895 856
895 963
895 904
895 689
895 822
895 515
895 535
895 57
924 859
924 968
924 993
924 814
924 380
924 749
924 640
924 862
924 563
924 740
924 744
924 667
924 419
924 512
924 78
458 187
896 972
896 857
896 950
896 862
953 113
953 593
953 988
953 843
953 983
953 995
953 923
953 919
953 928
953 985
953 679
953 890
953 958
953 729
953 941
953 302
953 412
953 762
953 810
953 92
11 623
11 769
11 971
11 980
623 769
623 980
623 929
623 948
769 971
769 929
769 966
769 404
769 948
769 867
769 697
769 31
971 980
971 847
971 120
971 888
971 894
971 122
971 970
971 929
971 882
971 948
971 935
971 983
971 732
971 206
971 722
971 207
971 697
971 669
971 921
971 266
971 932
971 406
971 460
971 812
971 674
971 534
971 558
980 987
980 730
980 929
980 966
980 934
980 139
980 404
980 948
980 884
980 840
980 867
980 213
980 697
980 921
980 28
980 585
980 280
980 498
980 31
980 315
980 49
980 328
980 354
980 763
980 460
980 532
980 534
980 558
980 688
110 459
110 654
110 892
110 976
459 654
459 976
459 816
459 337
459 649
654 964
654 816
654 649
892 976
892 676
892 816
892 724
892 390
976 964
976 676
976 183
976 415
976 727
976 782
976 253
976 816
976 724
976 299
976 683
976 337
976 604
976 639
976 408
976 784
976 434
976 466
976 759
976 544
976 572
976 635
277 148
277 933
277 978
761 698
761 705
761 945
761 426
761 284
761 608
761 342
761 518
761 586
955 937
955 981
955 686
955 933
955 978
955 973
955 170
955 472
955 939
955 917
955 883
955 827
955 320
955 914
955 420
955 384
955 427
955 70
955 551
955 688
987 926
987 972
987 888
987 790
987 920
987 884
987 945
987 993
987 17
987 918
987 940
987 830
987 218
987 637
987 281
987 356
987 694
987 807
987 691
987 428
987 764
987 85
987 795
987 648
987 688
987 711
987 665
557 926
557 692
557 940
661 858
661 879
661 941
661 295
661 922
661 834
661 821
346 969
346 941
803 885
803 978
803 851
803 200
803 877
803 828
803 789
803 298
803 456
803 375
803 419
114 189
189 888
115 801
115 996
405 995
405 963
405 748
721 818
721 973
721 911
721 956
721 839
721 255
721 864
801 996
801 978
801 993
801 961
801 216
801 239
801 800
801 681
801 791
801 733
996 927
996 966
996 990
996 133
996 820
996 981
996 907
996 973
996 881
996 642
996 188
996 603
996 944
996 893
996 268
996 802
996 554
996 564
996 347
996 796
996 363
996 685
996 681
996 791
996 841
996 864
996 411
996 448
996 719
996 821
996 83
847 122
847 970
847 935
847 983
847 203
847 732
847 932
847 406
847 435
847 45
847 489
847 527
847 674
387 705
387 952
387 904
730 929
730 966
730 585
730 352
926 790
926 808
926 445
926 945
926 17
926 918
926 940
926 476
926 869
926 26
926 356
926 612
926 784
926 711
926 96
926 665
118 570
118 768
118 937
118 972
570 768
570 972
570 465
570 646
768 937
768 972
768 934
768 465
768 951
768 807
768 646
768 499
768 746
937 972
937 836
937 990
937 726
937 907
937 973
937 472
937 813
937 939
937 893
937 806
937 420
937 330
937 646
937 796
937 427
937 70
937 615
937 665
972 857
972 920
972 884
972 978
972 850
972 950
972 794
972 813
972 911
972 956
972 839
972 863
972 961
972 630
972 947
972 951
972 807
972 330
972 763
972 865
972 499
972 615
972 581
702 868
702 151
702 983
702 995
767 970
767 935
767 555
767 883
767 856
767 914
767 527
767 674
962 626
962 632
962 986
962 463
962 917
962 826
962 225
962 644
962 789
962 724
962 668
962 274
962 413
962 464
962 504
962 372
962 383
962 516
962 684
962 436
962 493
962 812
962 598
12 429
12 562
429 562
429 791
429 411
562 881
562 802
562 791
562 411
779 891
779 938
779 709
779 643
120 888
120 894
888 894
888 978
888 993
888 264
888 839
888 961
888 206
888 722
888 669
888 708
888 921
888 795
894 882
894 524
894 722
894 669
894 247
894 266
894 812
894 55
894 94
778 878
778 696
778 232
778 340
778 442
778 443
778 451
778 514
831 878
831 696
831 743
831 909
831 23
831 720
831 700
831 361
831 442
831 443
831 451
836 981
836 942
836 297
836 330
836 646
885 978
885 851
885 200
885 877
885 828
885 789
885 298
885 456
885 375
122 970
546 874
546 600
970 656
970 141
970 935
970 983
970 956
970 203
970 732
970 207
970 775
970 304
970 614
970 932
970 367
970 496
970 384
970 616
970 835
970 406
970 764
970 435
970 45
970 489
970 527
970 674
123 857
857 636
857 676
857 850
857 950
857 899
857 903
857 478
857 556
857 739
857 581
929 966
929 934
929 948
929 921
929 31
929 49
929 352
929 354
929 763
929 532
929 558
626 464
790 445
790 869
790 26
790 612
790 784
790 711
790 96
790 665
790 76
931 988
931 986
931 156
931 851
931 995
931 985
931 909
931 958
931 660
931 673
931 799
931 323
931 621
931 787
931 760
931 368
931 822
931 903
656 935
656 983
703 148
703 933
703 917
703 914
703 838
703 522
312 856
127 927
127 982
127 992
927 982
927 992
927 134
927 825
927 154
927 842
927 770
927 802
927 269
927 833
927 519
927 564
927 664
927 681
927 791
927 403
927 411
927 475
982 992
982 820
982 659
982 846
982 902
982 808
982 901
982 925
982 693
982 837
982 947
982 641
982 930
982 246
982 424
982 453
982 47
982 519
982 306
982 844
982 319
982 339
982 362
982 658
982 785
982 481
982 518
982 624
992 134
992 659
992 846
992 805
992 860
992 693
992 828
992 947
992 770
992 749
992 256
992 647
992 861
992 269
992 309
992 47
992 398
992 97
992 776
992 403
992 658
992 42
992 579
992 481
992 514
992 518
992 520
992 617
992 624
819 881
819 590
859 994
859 968
859 993
859 380
859 749
859 862
859 563
859 744
859 667
859 386
859 419
859 764
859 78
966 934
966 948
966 840
966 642
966 188
966 603
966 921
966 268
966 906
966 365
966 347
966 922
966 363
966 685
966 635
966 83
692 589
692 147
692 825
692 628
692 737
871 983
871 889
871 919
871 928
871 985
871 335
871 941
871 713
871 838
871 810
871 518
13 943
593 941
593 762
593 810
601 917
601 872
601 631
601 670
943 804
943 875
943 923
943 951
943 770
943 938
943 560
943 262
943 921
943 352
943 672
943 845
943 800
943 597
943 477
943 754
943 583
886 508
886 853
886 946
886 882
886 825
886 701
886 529
886 880
886 397
886 574
990 133
990 820
990 981
990 137
990 818
990 808
990 726
990 676
990 949
990 840
990 393
990 907
990 973
990 985
990 463
990 944
990 237
990 255
990 893
990 806
990 796
990 841
990 864
990 835
990 446
990 784
990 433
990 44
990 599
990 719
990 602
990 651
990 821
990 665
131 508
131 853
131 946
508 853
508 946
508 729
508 725
853 946
853 659
853 753
853 701
853 826
853 751
853 608
853 880
853 725
853 75
946 753
946 701
946 939
946 826
946 728
946 751
946 582
946 640
946 833
946 844
946 848
946 725
946 69
946 75
969 686
969 985
969 890
969 958
969 210
969 823
969 751
969 247
969 941
969 614
969 413
969 294
969 341
969 423
969 364
969 479
969 763
969 812
969 568
969 82
969 587
969 71
868 995
868 861
868 270
868 275
868 694
868 482
868 755
868 394
868 402
868 565
868 551
882 813
882 722
882 669
882 809
882 700
882 525
882 529
882 397
882 785
882 505
882 812
882 94
994 14
994 632
994 843
994 726
994 949
994 952
994 805
994 693
994 241
994 318
994 58
994 749
994 271
994 276
994 678
994 283
994 904
994 834
994 381
994 776
994 534
994 583
994 746
994 610
994 625
133 820
820 981
820 902
820 949
820 907
820 973
820 901
820 930
820 715
820 358
134 659
134 846
659 736
659 875
659 75
846 860
846 872
846 749
846 900
846 301
846 658
136 636
136 920
136 934
136 981
636 981
636 881
636 358
920 934
920 993
920 710
920 811
920 861
920 795
934 981
934 404
934 948
934 884
934 840
934 710
934 813
934 811
934 951
934 330
934 646
934 880
934 499
934 746
981 818
981 780
981 978
981 629
981 907
981 973
981 881
981 942
981 811
981 226
981 827
981 893
981 297
981 320
981 796
981 834
981 841
981 864
981 835
981 9
981 470
981 719
137 818
818 949
818 907
818 973
818 893
818 350
818 796
818 864
818 433
818 719
818 821
902 850
902 950
902 578
902 837
902 641
902 930
902 715
902 806
902 793
902 56
902 899
902 684
902 478
988 780
988 983
988 995
988 663
988 706
988 985
988 909
988 548
988 958
988 827
988 802
988 272
988 292
988 482
988 302
988 673
988 760
988 800
988 903
988 509
988 666
988 92
139 404
139 948
404 948
650 952
650 655
948 840
948 867
948 697
948 921
948 585
948 280
948 328
948 569
948 460
948 558
14 632
14 843
632 986
632 464
843 889
843 928
843 940
843 786
843 874
843 958
843 713
843 810
843 600
686 914
686 423
141 935
698 705
698 945
698 426
698 284
698 342
698 586
935 983
935 973
935 203
935 732
935 775
935 304
935 932
935 367
935 496
935 384
935 835
935 406
935 764
935 527
935 674
884 794
884 911
884 956
884 961
884 637
884 921
884 585
884 807
884 428
884 85
884 648
884 733
736 804
736 875
736 923
736 921
736 694
736 532
736 598
484 786
484 874
146 401
146 675
146 986
401 675
401 983
401 835
401 838
675 986
675 983
675 580
675 838
675 532
986 151
986 33
986 983
986 995
986 985
986 917
986 958
986 644
986 724
986 274
986 673
986 799
986 621
986 787
986 760
986 516
986 580
986 4
986 838
986 684
986 432
986 436
986 493
986 532
986 812
147 825
808 945
808 973
808 925
808 893
808 711
808 821
825 842
825 591
825 737
825 574
825 746
148 780
148 933
780 933
780 159
780 889
780 663
780 919
780 297
780 800
780 748
933 978
933 633
933 842
933 814
933 248
933 939
933 591
933 951
933 891
933 619
933 664
933 838
933 475
933 754
933 643
726 949
726 907
726 973
726 678
978 851
978 911
978 956
978 839
978 863
978 200
978 877
978 942
978 828
978 961
978 630
978 641
978 827
978 789
978 921
978 298
978 456
978 375
978 384
978 419
978 512
151 33
151 983
33 983
33 631
983 889
983 663
983 919
983 928
983 985
983 603
983 732
983 548
983 207
983 631
983 941
983 932
983 616
983 835
983 838
983 406
983 762
983 810
983 527
983 821
983 92
152 690
152 798
152 964
690 964
690 867
690 848
690 371
690 567
690 379
798 735
798 279
798 371
964 867
964 178
964 244
964 710
964 940
964 916
964 36
964 777
964 724
964 683
964 848
964 371
964 567
964 63
964 434
964 649
964 466
964 506
964 759
396 872
396 900
781 963
781 515
154 633
154 842
633 842
633 814
633 209
633 833
633 664
676 841
676 864
842 918
842 465
842 209
842 591
842 891
842 664
842 838
842 475
842 533
842 746
771 765
771 483
771 671
771 737
156 851
156 995
851 911
851 956
851 863
851 828
851 204
851 961
851 621
851 375
851 903
878 696
878 743
878 344
878 909
878 232
878 720
878 700
878 340
878 361
878 443
878 451
878 514
995 164
995 663
995 706
995 923
995 985
995 181
995 679
995 909
995 729
995 827
995 861
995 802
995 270
995 272
995 275
995 573
995 694
995 482
995 799
995 621
995 760
995 755
995 368
995 369
995 38
995 748
995 394
995 402
995 565
995 422
995 434
995 551
157 696
157 743
696 743
696 909
696 720
696 366
696 442
743 340
743 443
743 451
804 169
804 875
804 923
804 770
804 806
804 921
804 694
804 718
804 532
158 858
158 879
158 949
858 879
858 949
858 752
858 827
858 941
858 844
858 922
858 834
858 361
858 624
879 949
879 752
879 827
879 941
879 79
879 844
879 317
879 922
879 51
879 821
949 907
949 973
949 229
949 752
949 893
949 941
949 271
949 678
949 295
949 381
949 776
949 835
949 719
949 534
159 889
705 945
705 952
889 919
889 928
889 710
889 335
889 584
889 941
889 713
889 838
889 810
889 714
16 561
16 850
16 950
561 850
561 950
561 739
850 950
850 956
850 947
850 865
850 903
850 478
850 556
850 739
950 947
950 763
950 376
950 865
950 616
950 903
950 478
950 615
950 507
950 714
950 556
950 739
950 581
160 840
840 973
840 751
840 893
840 31
840 904
840 864
840 719
588 942
588 930
588 671
968 993
968 749
968 308
968 740
968 744
968 667
968 512
945 918
945 940
945 281
945 608
945 963
945 784
945 682
945 518
945 618
945 57
945 586
945 711
163 450
163 629
450 629
450 811
450 834
450 776
578 793
629 9
164 663
164 706
393 973
663 706
663 923
663 748
706 679
706 548
706 800
706 422
706 666
907 973
907 237
907 806
907 841
907 864
907 419
907 433
907 821
973 944
973 237
973 255
973 893
973 806
973 350
973 744
973 796
973 841
973 864
973 835
973 784
973 419
973 433
973 599
973 719
973 602
973 665
993 264
993 216
993 238
993 239
993 802
993 640
993 694
993 308
993 862
993 744
993 667
993 386
993 764
993 795
993 507
993 544
993 688
993 78
528 877
528 793
528 469
814 833
814 862
814 740
814 475
735 923
735 708
735 880
735 685
735 455
735 666
901 942
901 874
901 930
901 480
901 3
901 65
952 638
952 220
952 41
952 947
952 651
952 610
952 625
169 875
169 923
875 923
875 770
875 262
875 806
875 921
875 352
875 718
875 583
875 598
875 665
923 827
923 35
923 880
923 369
923 38
923 748
923 392
923 455
170 472
472 939
472 427
472 70
794 19
794 911
794 956
794 839
794 961
794 630
794 855
794 590
753 751
173 919
173 928
881 811
881 407
881 554
881 791
881 414
881 592
919 928
919 985
919 869
919 335
919 584
919 941
919 713
919 838
919 762
919 421
928 985
928 710
928 869
928 655
928 335
928 941
928 713
928 762
928 810
928 714
928 518
344 720
985 710
985 603
985 655
985 210
985 660
985 941
985 272
985 614
985 413
985 314
985 673
985 799
985 787
985 423
985 760
985 763
985 762
985 810
985 509
985 821
463 826
463 841
867 260
867 671
867 585
867 848
867 567
867 63
918 909
918 869
918 660
918 891
918 938
918 932
918 922
918 855
918 52
918 711
918 96
178 244
178 710
178 940
244 940
244 916
244 770
710 506
940 916
940 874
940 958
940 356
940 347
940 691
940 612
940 538
940 520
940 600
940 711
345 550
345 652
476 869
264 861
813 700
813 646
642 363
786 874
786 958
786 579
786 600
181 679
679 729
679 800
679 38
679 748
916 426
916 777
916 770
916 254
916 279
916 553
916 332
916 691
916 506
916 510
916 520
916 536
909 939
909 958
909 951
909 517
909 720
909 938
909 275
909 366
909 451
909 754
183 415
183 727
36 777
415 816
415 299
415 683
415 784
727 683
727 408
727 649
248 891
925 877
925 222
925 584
925 246
925 424
925 453
925 306
925 844
925 319
925 785
925 599
925 534
638 883
638 947
638 914
805 828
805 256
805 617
187 273
187 860
273 526
273 640
860 502
860 657
860 830
860 647
860 658
860 432
860 481
188 603
19 192
19 911
19 956
192 911
192 839
192 863
911 956
911 839
911 863
911 961
911 823
911 219
911 454
911 921
911 353
911 787
956 839
956 863
956 961
956 775
956 219
956 454
956 792
956 921
956 353
956 512
956 733
956 590
467 917
467 883
467 914
467 622
191 231
191 502
191 657
231 657
502 657
502 741
657 856
657 432
657 822
839 863
839 961
839 823
839 921
839 855
839 733
863 961
863 775
863 219
863 454
863 353
863 787
863 733
389 944
389 715
701 582
701 69
939 890
939 728
939 782
939 951
939 582
939 938
939 278
939 320
939 922
939 899
939 427
939 725
939 69
939 643
195 830
830 668
830 795
830 688
869 762
869 810
869 711
869 76
693 904
693 403
693 625
220 947
41 947
524 722
944 942
944 641
944 930
944 237
944 715
944 893
944 339
944 543
944 841
944 864
944 433
917 631
917 789
917 504
917 670
917 914
917 372
917 425
917 522
917 436
917 493
200 877
877 792
877 577
877 456
877 549
877 399
877 899
877 599
890 958
890 891
890 364
890 800
890 899
890 709
890 754
890 568
942 641
942 930
942 226
942 715
942 297
942 3
942 470
828 647
828 658
828 514
203 732
732 932
732 855
732 764
732 674
204 961
465 475
486 932
486 906
486 855
961 775
961 823
961 630
961 454
961 792
961 708
961 921
961 787
961 855
961 494
961 733
205 874
205 958
548 883
548 622
874 958
874 480
874 579
874 538
874 600
874 65
958 941
958 802
958 799
958 341
958 347
958 787
958 760
958 903
958 538
958 812
958 568
958 65
206 722
722 669
722 266
722 94
207 775
775 45
209 591
591 833
591 664
591 574
213 697
697 921
697 569
697 460
777 770
777 254
777 553
777 332
777 506
777 536
823 423
823 358
823 880
823 587
826 789
826 464
826 844
826 529
826 785
826 493
216 238
238 239
555 883
555 747
555 914
555 622
218 637
637 807
637 428
637 764
637 85
637 648
728 278
728 833
728 725
837 793
837 501
837 906
837 899
630 733
883 747
883 856
883 914
883 835
883 425
883 522
883 622
947 647
947 861
947 269
947 481
947 581
947 651
947 617
729 725
222 584
811 880
811 834
811 776
811 9
224 641
224 660
224 930
641 930
641 715
641 362
660 930
660 938
660 760
660 643
930 715
930 3
930 653
930 339
930 362
930 410
930 684
930 523
225 644
526 640
526 856
526 822
229 752
752 295
752 844
752 317
752 834
752 51
829 872
829 900
829 492
829 289
829 963
829 682
872 251
872 303
872 749
872 900
872 261
872 301
872 492
872 289
872 670
872 366
872 514
782 278
782 725
782 544
782 572
951 938
951 807
951 330
951 619
951 922
951 368
951 709
951 615
951 746
792 418
792 353
792 733
669 812
669 55
715 653
715 523
827 79
827 748
241 318
241 58
58 583
789 598
765 483
490 865
490 541
770 97
770 481
582 844
747 622
246 424
246 453
424 319
424 785
453 306
517 938
517 862
517 754
891 938
891 619
891 862
891 922
891 800
891 899
891 597
891 709
891 466
891 754
891 523
891 643
324 963
741 848
741 716
741 552
720 340
720 442
720 443
251 303
251 749
251 900
303 900
303 261
303 670
749 900
900 261
900 301
900 492
900 670
900 366
900 514
938 862
938 922
938 352
938 368
938 800
938 597
938 466
938 477
938 754
938 52
938 523
938 643
809 700
809 577
809 525
809 333
809 563
809 639
253 816
816 683
816 473
816 390
816 408
816 784
816 72
816 635
255 893
893 806
893 796
893 841
893 864
893 433
893 719
893 651
941 294
941 412
941 810
941 624
256 647
256 861
647 403
647 658
647 42
861 694
861 755
861 565
861 658
861 42
861 795
59 845
59 440
713 838
713 421
713 810
708 855
281 356
260 483
260 671
483 671
483 737
671 551
724 812
724 572
261 301
261 492
301 492
262 806
262 921
806 793
806 469
921 494
263 628
263 737
628 737
737 652
550 856
550 535
550 618
268 802
802 272
802 791
269 309
269 47
47 403
668 932
668 906
668 436
668 493
793 653
793 56
793 899
793 469
614 835
614 71
640 744
640 822
640 725
274 413
274 464
276 678
678 283
678 381
678 776
678 534
278 833
833 848
833 664
28 585
356 612
573 963
573 422
398 776
932 906
932 855
932 764
932 510
608 963
608 725
498 532
577 327
577 333
292 482
407 880
501 906
298 456
299 683
683 649
683 72
3 653
653 922
653 899
418 856
418 914
378 963
306 844
844 319
844 922
566 845
566 699
566 759
856 914
856 963
856 835
856 432
856 822
313 745
314 673
314 799
673 799
673 822
799 323
799 621
799 822
799 903
315 49
525 333
525 639
525 505
56 469
848 725
97 776
320 914
914 723
914 835
914 425
914 522
914 551
914 688
323 621
621 4
963 904
963 409
963 689
963 785
963 822
963 435
963 569
963 505
963 682
963 512
963 515
963 607
963 535
963 618
906 365
906 899
906 510
906 635
327 473
473 707
473 72
329 549
549 447
723 522
723 688
807 428
807 615
332 862
619 597
619 754
619 523
862 744
862 899
862 739
333 563
529 785
646 615
365 922
339 362
339 543
543 716
543 699
604 579
604 572
652 904
652 610
904 834
904 682
904 515
904 535
904 61
447 399
349 503
349 922
922 709
922 821
35 691
691 795
350 744
744 667
744 386
744 78
667 764
796 841
796 864
796 446
796 719
354 672
354 845
672 845
672 716
672 903
672 699
845 440
845 707
845 759
845 583
787 733
612 711
612 96
358 880
880 455
880 75
760 838
760 822
760 434
360 834
834 361
834 625
363 685
755 394
755 402
755 565
364 479
364 763
763 558
366 442
371 567
567 379
379 63
800 681
38 748
381 776
776 520
383 516
516 684
516 436
516 812
664 838
664 574
391 681
391 791
391 841
391 864
681 791
681 411
791 448
841 864
841 784
841 651
864 784
864 44
639 572
399 899
899 597
899 469
899 510
899 754
899 556
835 719
835 674
838 810
838 533
838 746
402 565
403 658
409 689
409 716
689 569
689 682
689 515
689 520
689 535
716 903
716 699
716 537
410 684
784 635
784 76
718 583
597 709
42 579
579 600
762 821
709 754
709 643
785 682
785 515
425 522
425 622
427 70
428 764
428 85
432 822
822 903
439 592
440 707
440 903
707 759
707 552
707 583
903 537
795 544
649 72
810 714
699 537
499 615
682 535
682 618
506 510
714 556
812 598
754 643
527 674
537 759
544 552
600 65
618 57
556 739
739 581
568 82
602 651
610 625
711 821
1:
977 103
977 171
977 487
977 106
977 199
977 655
103 171
103 487
171 487
171 106
487 106
487 655
106 199
199 655
2:
104 149
104 457
104 974
149 457
149 974
149 726
457 974
457 588
457 540
457 569
974 726
974 588
974 540
974 479
974 569
726 479
3:
109 190
109 896
190 896
4:
595 896
595 112
896 112
896 557
112 557
5:
184 988
184 611
184 773
988 650
988 611
988 773
988 29
988 382
650 773
611 773
611 29
611 382
773 29
773 382
29 382
6:
126 307
126 81
307 81
7:
870 128
870 819
128 819
8:
886 15
886 978
15 978
9:
817 571
817 620
817 855
817 90
546 620
546 753
153 571
153 620
153 781
571 620
571 781
571 753
571 90
620 753
620 855
620 80
781 855
781 80
753 80
855 90
855 80
10:
819 162
819 305
162 305
11:
920 395
920 854
920 828
920 438
920 782
920 374
920 87
781 814
781 854
781 951
385 854
385 951
166 395
166 814
166 854
395 854
395 438
395 374
814 854
814 374
854 596
854 39
854 233
854 438
854 782
854 951
854 374
854 87
596 87
39 951
39 87
828 782
233 438
233 782
233 951
438 951
951 374
12:
677 400
677 942
677 848
201 400
201 890
201 942
400 890
400 942
400 848
13:
703 901
703 500
901 174
901 500
901 91
174 500
500 91
14:
898 176
898 285
898 343
176 285
176 343
15:
385 797
385 287
186 576
186 805
576 805
576 797
576 287
576 430
576 316
638 797
638 316
805 797
805 430
805 316
797 287
797 430
797 553
797 316
287 430
287 553
430 316
16:
756 680
756 944
756 212
756 498
756 539
756 507
756 74
756 617
198 680
198 944
680 944
680 212
680 498
680 539
680 494
680 617
944 212
944 539
944 494
944 507
539 74
17:
702 634
702 952
702 594
634 952
634 215
634 594
634 98
634 685
952 215
952 594
952 98
952 685
215 594
215 98
594 98
594 685
18:
240 751
240 827
751 827
19:
629 25
629 540
25 540
20:
25 495
25 50
495 50
21:
307 554
307 66
554 66
22:
805 789
805 6
789 6
789 746
6 746
23:
876 721
876 605
876 724
876 348
876 86
721 605
721 86
605 724
605 348
605 740
724 740
348 740
348 86
24:
849 869
849 88
869 88
25:
898 410
898 88
410 88
26:
712 892
712 613
712 355
712 444
892 613
892 444
613 355
613 444
27:
896 968
896 575
896 530
896 829
896 542
896 8
968 575
968 693
968 542
968 8
575 693
575 542
575 53
530 829
530 542
530 607
829 8
542 53
542 607
28:
870 545
870 68
677 545
677 765
545 765
545 249
545 68
765 249
765 68
29:
1000 388
1000 462
388 462
30:
325 968
325 485
645 968
645 932
645 310
968 485
968 519
968 310
932 485
932 310
485 519
485 310
31:
513 807
513 337
807 337
32:
999 392
999 639
392 639
33:
441 397
441 580
397 580
34:
606 437
606 439
437 439
35:
846 452
846 441
452 441
36:
495 809
495 466
809 466
37:
704 968
704 837
968 837
968 479
837 479
38:
793 745
793 434
745 434
39:
767 898
767 510
898 510
40:
892 757
892 607
757 607
757 602
607 602
41:
815 656
815 901
656 901
42:
898 813
898 666
813 666
43:
757 747
757 740
747 740
