# The communities at k=5
# from G:\Dropbox\Raghda\CNA\Final Project\other methods\CFinder-2.0.6--1448\G:\Dropbox\Raghda\CNA\Final Project\Datasets\binary_networks\LFR1\networ_LFR1_Om2.dat
# at no lower link weight threshold,
# and at no upper link weight threshold.
# Links were treated as undirected.
# No time limit was set for the clique search.

0: 10 955 981 983 999 953 863 121 956 812 515 883 927 196 653 793 839 301 419 391 727 640 439 634 441 619 824 540 784 561 775 595 699 683 718 684 70 82 
1: 1000 140 504 546 594 616 776 780 830 848 858 876 886 897 902 903 922 930 932 968 970 209 260 371 743 420 44 440 57 
2: 106 815 906 942 960 111 802 972 772 166 891 661 771 838 852 617 333 334 38 526 631 666 
3: 11 842 958 961 965 261 900 272 881 753 976 395 428 454 458 480 53 545 572 608 627 806 736 754 
4: 709 951 957 110 756 940 963 887 136 849 473 841 861 737 790 695 263 657 302 831 436 521 547 723 618 708 
5: 688 855 862 896 112 725 120 570 581 755 202 648 534 500 508 733 
6: 122 813 894 918 928 901 596 251 269 370 401 701 404 409 467 445 531 589 61 89 9 
7: 843 124 946 993 995 996 975 980 165 186 193 216 950 236 248 289 923 291 296 308 865 356 719 42 785 847 482 490 494 892 878 580 803 63 826 659 664 689 870 
8: 126 846 889 908 920 711 887 732 866 765 840 854 976 406 869 423 698 574 499 549 558 77 
9: 128 728 752 820 868 623 658 673 286 583 326 622 433 492 
10: 978 952 135 798 938 941 510 146 899 672 895 823 23 898 305 343 662 614 466 629 914 56 563 571 779 649 764 
11: 604 905 997 145 691 816 346 758 645 632 402 
12: 147 329 630 766 975 288 
13: 992 700 740 936 989 791 864 977 538 163 931 973 227 685 872 254 873 738 501 739 783 345 519 552 620 
14: 922 670 974 979 991 997 947 962 964 170 184 969 232 982 264 944 266 309 321 860 372 378 533 934 47 476 536 553 875 734 882 759 778 814 832 91 
15: 913 986 984 197 888 987 990 937 219 867 917 904 24 954 959 295 943 379 893 427 871 948 836 785 443 665 460 486 542 786 554 585 628 810 859 651 713 749 741 
16: 837 909 721 910 939 2 856 907 214 885 973 782 317 591 408 639 575 579 586 751 612 638 826 
17: 992 834 988 215 717 277 529 319 396 330 331 83 
18: 877 799 844 921 988 919 945 455 770 223 238 282 811 827 660 388 469 503 686 78 97 
19: 986 652 735 543 590 836 452 52 
20: 989 747 943 613 80 
21: 985 696 884 935 998 506 271 671 794 853 880 676 893 869 669 472 787 707 646 730 72 
22: 706 949 967 789 925 320 994 933 792 281 306 890 339 710 879 417 745 456 597 774 682 598 654 715 84 
23: 1000 354 416 495 704 
24: 1000 376 453 606 704 
25: 592 744 760 822 283 694 800 804 560 360 550 513 424 470 
26: 257 478 605 828 982 
27: 845 851 773 821 259 757 833 325 341 602 615 
28: 762 797 801 828 268 674 788 316 697 912 351 743 442 444 
29: 911 929 971 994 966 818 407 294 767 347 819 916 369 915 400 926 405 777 635 474 479 557 914 609 626 817 647 712 
30: 816 729 731 781 663 312 357 
31: 624 716 972 636 313 584 603 367 
32: 630 766 975 516 327 477 
33: 989 690 705 747 943 353 446 566 618 
34: 769 656 413 655 475 
35: 641 791 863 582 679 398 414 568 462 
36: 527 912 537 667 421 551 
37: 763 835 924 703 857 807 692 750 587 702 610 425 850 555 761 
38: 808 556 825 966 790 681 714 748 599 569 
39: 985 642 650 517 625 633 588 775 
40: 912 489 667 535 551 
41: 876 726 742 998 933 
