# The contained cliques in the communities at k=5
# from G:\Dropbox\Raghda\CNA\Final Project\other methods\CFinder-2.0.6--1448\G:\Dropbox\Raghda\CNA\Final Project\Datasets\binary_networks\LFR2\networ_LFR2_Om6.dat
# at no lower link weight threshold,
# and at no upper link weight threshold.
# Links were treated as undirected.
# No time limit was set for the clique search.

0: 12 
1: 23 422 501 675 809 
2: 233 429 552 643 645 736 813 819 
3: 254 833 873 951 952 412 812 811 562 260 870 
4: 271 830 846 276 585 586 419 424 469 635 
5: 275 
6: 281 310 444 630 936 
7: 283 443 451 473 571 806 
8: 292 351 418 488 490 636 733 734 799 928 976 1008 428 627 353 361 
9: 296 716 739 841 862 866 877 330 408 472 638 1083 
10: 300 731 924 839 759 892 535 669 
11: 311 517 
12: 317 327 878 355 467 556 694 557 
13: 329 
14: 339 370 377 401 532 695 718 863 528 632 529 628 760 631 
15: 343 665 409 794 365 654 708 874 875 885 655 646 
16: 352 579 606 629 776 504 505 400 
17: 354 572 668 797 856 523 657 780 
18: 363 434 719 774 957 
19: 364 726 452 486 518 
20: 406 536 590 720 721 807 868 598 793 599 
21: 417 
22: 441 445 
23: 465 500 502 867 480 533 565 604 1081 
24: 466 
25: 494 715 802 713 714 801 664 771 
26: 499 503 
27: 527 
28: 548 
29: 575 828 764 790 
30: 577 703 
31: 649 650 
32: 651 652 
33: 656 
34: 722 723 724 737 738 
35: 745 746 
36: 851 
37: 864 865 
38: 893 
