# The communities at k=5
# from G:\Dropbox\Raghda\CNA\Final Project\other methods\CFinder-2.0.6--1448\G:\Dropbox\Raghda\CNA\Final Project\Datasets\binary_networks\LFR2\networ_LFR2_Om6.dat
# at no lower link weight threshold,
# and at no upper link weight threshold.
# Links were treated as undirected.
# No time limit was set for the clique search.

0: 102 309 805 836 942 
1: 970 909 959 112 899 594 398 497 842 822 757 
2: 1000 382 464 551 572 608 641 694 727 814 830 837 944 990 993 
3: 700 831 937 966 947 549 948 238 229 810 797 387 717 723 728 
4: 726 991 960 239 776 865 244 718 908 413 561 396 402 556 
5: 884 816 724 243 327 
6: 869 961 924 969 475 952 248 271 860 545 
7: 907 920 965 485 479 520 250 938 488 781 742 834 667 
8: 674 407 988 978 996 847 954 926 258 905 312 314 319 844 789 395 410 414 870 524 558 664 854 623 811 
9: 925 951 980 983 635 964 973 738 956 261 289 744 454 376 894 785 701 559 630 741 
10: 932 823 913 974 668 906 582 815 264 768 754 697 490 621 
11: 846 542 793 272 690 440 
12: 767 882 921 538 901 495 278 787 284 316 889 618 553 
13: 824 934 287 534 615 
14: 999 984 992 832 735 681 296 888 957 330 338 363 609 467 746 471 535 554 583 
15: 898 632 995 967 577 910 931 859 629 301 326 756 378 611 639 729 
16: 791 989 997 863 570 911 530 528 313 361 685 432 541 539 
17: 994 975 580 885 731 589 548 315 895 802 643 448 687 
18: 914 955 918 466 850 897 838 322 818 678 578 
19: 935 936 460 853 325 703 409 743 441 610 
20: 864 917 927 987 998 778 799 563 368 721 509 491 656 677 807 587 669 
21: 769 858 788 393 753 
22: 809 896 446 733 478 505 
23: 976 951 962 517 941 817 465 874 953 736 443 564 427 428 800 473 
24: 851 858 788 438 753 
25: 963 698 912 585 636 819 417 766 576 654 
26: 848 595 873 425 640 430 
27: 790 702 708 602 468 
28: 943 774 902 812 500 
29: 770 880 939 695 676 515 645 725 
30: 943 752 747 902 504 581 
31: 601 915 968 979 710 713 
32: 604 986 652 886 704 705 
33: 971 981 845 596 642 
34: 657 916 930 945 661 892 648 588 633 
35: 971 981 845 663 709 684 
36: 982 977 946 737 794 
37: 949 803 829 734 903 840 
38: 982 977 779 946 758 
