# The links inside the communities at k=9
# from G:\Dropbox\Raghda\CNA\Final Project\other methods\CFinder-2.0.6--1448\G:\Dropbox\Raghda\CNA\Final Project\Datasets\binary_networks\LFR3\network_LFR3_Om6.dat
# at no lower link weight threshold,
# and at no upper link weight threshold.
# Links were treated as undirected.
# No time limit was set for the clique search.

0:
840 914
840 946
840 814
840 875
840 844
840 826
840 734
840 686
914 946
914 814
914 875
914 844
914 826
914 734
914 686
946 814
946 875
946 844
946 826
946 734
946 686
814 875
814 844
814 826
814 734
814 686
875 844
875 826
875 734
875 686
844 826
844 734
844 686
826 734
826 686
734 686
1:
953 852
953 887
953 987
953 846
953 909
953 932
953 847
953 879
953 650
953 676
852 887
852 987
852 846
852 909
852 932
852 847
852 879
852 650
852 676
887 987
887 846
887 909
887 932
887 847
887 879
887 650
887 676
987 846
987 909
987 932
987 847
987 879
987 650
987 676
846 909
846 932
846 847
846 879
846 650
846 676
909 932
909 847
909 879
909 650
909 676
932 847
932 879
932 650
932 676
847 879
847 650
847 676
879 676
2:
923 989
923 991
923 999
923 967
923 893
923 896
923 741
923 718
923 791
923 788
923 798
923 776
923 742
989 991
989 999
989 967
989 893
989 896
989 741
989 718
989 791
989 788
989 798
989 776
989 742
991 999
991 967
991 893
991 896
991 741
991 718
991 791
991 788
991 798
991 776
991 742
999 967
999 893
999 896
999 741
999 718
999 791
999 788
999 798
999 776
999 742
967 893
967 896
967 741
967 718
967 791
967 788
967 798
967 776
967 742
893 896
893 741
893 718
893 791
893 788
893 798
893 776
893 742
896 741
896 718
896 791
896 788
896 798
896 776
896 742
741 718
741 791
741 788
718 798
718 742
791 798
791 776
788 798
788 776
788 742
798 776
798 742
776 742
3:
973 990
973 877
973 960
973 988
973 915
973 945
973 937
973 843
973 869
973 872
990 877
990 960
990 988
990 915
990 945
990 937
990 843
990 869
990 872
877 960
877 988
877 915
877 945
877 937
877 843
877 872
960 988
960 915
960 945
960 937
960 843
960 869
960 872
988 915
988 945
988 937
988 843
988 869
988 872
915 945
915 937
915 843
915 869
915 872
945 937
945 843
945 869
945 872
937 843
937 869
937 872
869 872
