# The links inside the communities at k=9
# from G:\Dropbox\Raghda\CNA\Final Project\other methods\CFinder-2.0.6--1448\G:\Dropbox\Raghda\CNA\Final Project\Datasets\binary_networks\LFR2\networ_LFR2_Om2.dat
# at no lower link weight threshold,
# and at no upper link weight threshold.
# Links were treated as undirected.
# No time limit was set for the clique search.

0:
998 959
998 962
998 873
998 963
998 994
998 896
998 970
998 860
998 918
998 904
998 718
959 962
959 873
959 963
959 994
959 896
959 970
959 860
959 918
959 904
959 718
962 873
962 963
962 994
962 896
962 970
962 860
962 918
962 904
962 718
873 963
873 994
873 896
873 970
873 860
873 918
873 904
963 994
963 896
963 970
963 860
963 918
963 904
994 896
994 970
994 860
994 918
994 904
994 718
896 970
896 860
896 918
896 904
896 718
970 860
970 918
970 904
970 718
860 918
860 904
918 904
918 718
904 718
1:
803 983
803 986
803 993
803 985
803 928
803 900
803 853
803 968
803 808
803 864
983 986
983 993
983 985
983 809
983 928
983 900
983 853
983 798
983 759
983 968
983 808
983 864
986 993
986 985
986 809
986 928
986 900
986 853
986 798
986 759
986 968
986 808
986 864
993 985
993 809
993 928
993 900
993 853
993 798
993 759
993 968
993 808
993 864
985 809
985 928
985 900
985 853
985 798
985 759
985 968
985 808
985 864
809 928
809 900
809 853
809 798
809 968
809 808
928 900
928 853
928 798
928 759
928 968
928 808
928 864
900 853
900 798
900 759
900 968
900 808
900 864
853 798
853 968
853 808
853 864
798 968
798 864
759 968
759 864
968 808
968 864
2:
966 862
966 922
966 972
966 921
966 946
966 976
966 870
966 925
966 797
966 771
862 922
862 972
862 921
862 946
862 976
862 925
862 797
862 771
922 972
922 921
922 946
922 976
922 870
922 925
922 797
922 771
972 921
972 946
972 976
972 870
972 925
972 797
972 771
921 946
921 976
921 870
921 925
921 797
921 771
946 976
946 870
946 925
946 797
976 870
976 925
976 797
976 771
870 925
870 797
925 797
925 771
797 771
