# The links inside the communities at k=9
# from G:\Dropbox\Raghda\CNA\Final Project\other methods\CFinder-2.0.6--1448\G:\Dropbox\Raghda\CNA\Final Project\Datasets\binary_networks\LFR3\network_LFR3_Om3.dat
# at no lower link weight threshold,
# and at no upper link weight threshold.
# Links were treated as undirected.
# No time limit was set for the clique search.

0:
992 988
992 989
992 917
992 943
992 962
992 968
992 885
992 882
992 760
992 735
992 845
988 989
988 917
988 943
988 962
988 968
988 885
988 870
988 689
988 882
988 760
988 735
988 845
988 726
988 633
988 812
988 697
989 917
989 943
989 962
989 968
989 885
989 870
989 689
989 882
989 760
989 735
989 845
989 726
989 633
989 812
989 697
917 943
917 962
917 968
917 885
917 870
917 689
917 882
917 760
917 735
917 845
917 726
917 633
917 812
917 697
943 962
943 968
943 885
943 870
943 882
943 760
943 735
943 845
943 726
943 633
943 812
943 697
962 968
962 885
962 870
962 689
962 882
962 760
962 735
962 845
962 726
962 633
962 812
962 697
968 885
968 870
968 689
968 882
968 760
968 735
968 845
968 726
968 633
968 812
968 697
885 870
885 689
885 735
885 845
885 812
885 697
870 689
870 882
870 760
870 735
870 845
870 726
870 633
870 812
689 882
689 812
882 760
882 735
882 845
882 633
882 812
760 845
760 812
845 697
726 812
812 697
1:
857 889
857 941
857 946
857 801
857 825
857 662
857 687
857 669
857 676
889 941
889 946
889 801
889 825
889 662
889 687
889 669
889 676
941 946
941 801
941 825
941 662
941 687
941 669
941 676
946 801
946 825
946 662
946 687
946 669
946 676
801 825
801 662
801 687
801 669
801 676
825 662
825 687
825 669
825 676
662 669
662 676
687 669
687 676
669 676
2:
1000 786
1000 963
1000 888
1000 927
1000 929
1000 937
1000 961
1000 966
1000 999
786 963
786 888
786 927
786 929
786 937
786 961
786 966
786 999
963 888
963 927
963 929
963 937
963 966
963 999
888 927
888 929
888 937
888 961
888 966
888 999
927 929
927 937
927 961
927 966
927 999
929 937
929 961
929 966
929 999
937 961
937 966
937 999
961 966
961 999
966 999
