1	883
1	960
1	970
1	980
2	902
2	915
2	954
2	961
3	371
3	399
3	720
3	802
4	284
4	777
4	936
4	947
5	702
5	801
5	956
5	967
6	113
6	204
6	644
6	784
7	142
7	229
7	469
7	910
8	627
8	892
8	956
8	967
9	702
9	909
9	956
9	967
10	411
10	631
10	871
10	998
11	806
11	812
11	827
11	834
12	219
12	221
12	629
12	1000
13	861
13	960
13	970
13	980
14	410
14	700
14	735
14	888
15	847
15	875
15	957
15	986
16	42
16	358
16	507
16	667
17	371
17	565
17	720
17	802
18	237
18	886
18	965
18	979
19	378
19	718
19	746
19	757
20	884
20	941
20	981
20	988
21	478
21	771
21	804
21	934
22	572
22	721
22	752
22	996
23	594
23	596
23	917
23	995
24	597
24	783
24	795
24	992
25	799
25	828
25	949
25	982
26	941
26	952
26	981
26	988
27	229
27	665
27	747
27	819
28	520
28	842
28	971
28	991
29	165
29	861
29	970
29	980
30	579
30	710
30	814
30	911
31	744
31	767
31	904
31	911
32	459
32	656
32	878
32	900
33	43
33	455
33	698
33	785
34	860
34	923
34	950
34	964
35	508
35	805
35	960
35	980
36	448
36	764
36	776
36	872
37	880
37	920
37	977
37	989
38	644
38	784
38	877
38	979
39	480
39	667
39	772
39	971
39	988
40	679
40	744
40	904
40	911
41	902
41	915
41	954
41	961
42	16
42	332
42	667
42	908
43	33
43	962
43	974
43	976
44	898
44	902
44	954
44	961
45	174
45	659
45	907
45	932
46	892
46	909
46	956
46	967
47	815
47	873
47	949
47	982
48	691
48	735
48	744
48	888
49	488
49	539
49	641
49	844
49	983
50	885
50	978
50	985
50	991
51	801
51	806
51	956
51	967
52	841
52	878
52	899
52	900
53	694
53	700
53	707
53	888
54	552
54	927
54	938
54	983
55	448
55	479
55	776
55	872
56	789
56	864
56	985
56	991
57	641
57	943
57	972
57	1000
58	860
58	950
58	964
58	989
59	312
59	932
59	952
59	986
59	997
60	736
60	883
60	891
60	933
61	773
61	940
61	985
61	991
62	130
62	152
62	279
62	404
63	691
63	735
63	888
63	931
64	300
64	441
64	797
64	997
65	504
65	615
65	816
65	830
66	745
66	907
66	932
66	953
67	442
67	644
67	784
67	877
68	140
68	393
68	855
68	925
69	683
69	734
69	878
69	900
70	785
70	884
70	895
71	718
71	725
71	966
71	983
71	1000
72	487
72	687
72	936
72	947
73	931
73	963
73	984
73	987
74	476
74	833
74	963
74	984
75	424
75	794
75	917
75	992
76	175
76	819
76	910
76	996
77	453
77	721
77	752
77	996
78	777
78	936
78	947
78	954
79	646
79	671
79	808
79	844
80	258
80	706
80	841
80	878
81	414
81	706
81	857
81	889
82	703
82	787
82	840
82	908
83	876
83	927
83	938
83	983
84	689
84	963
84	977
84	989
85	845
85	890
85	916
85	953
86	837
86	896
86	899
86	914
87	140
87	420
87	604
87	872
88	730
88	734
88	878
88	900
89	278
89	792
89	868
89	949
89	986
90	937
90	962
90	974
90	976
91	212
91	641
91	994
91	995
92	732
92	893
92	929
92	966
93	675
93	869
93	957
93	986
94	405
94	417
94	856
94	953
95	662
95	931
95	984
95	989
96	681
96	840
96	855
96	925
97	903
97	935
97	958
97	999
98	515
98	946
98	955
98	971
99	748
99	855
99	912
99	925
100	824
100	876
100	938
100	983
101	638
101	916
101	931
101	953
102	860
102	918
102	923
102	964
103	161
103	597
103	741
103	795
104	803
104	927
104	938
104	983
105	386
105	965
105	979
105	993
106	297
106	482
106	936
106	947
107	851
107	927
107	938
107	983
108	210
108	729
108	957
108	986
109	151
109	671
109	808
109	844
110	902
110	915
110	954
110	961
111	456
111	855
111	912
111	925
112	952
112	959
112	981
112	988
113	6
113	590
113	863
113	971
114	200
114	585
114	849
114	904
115	240
115	984
115	989
115	990
116	787
116	855
116	866
116	925
117	703
117	774
117	912
117	925
118	657
118	672
118	871
118	998
119	536
119	841
119	878
119	900
120	378
120	718
120	746
120	757
121	806
121	827
121	834
121	852
122	223
122	305
122	379
122	502
123	266
123	568
123	601
123	932
124	454
124	867
124	881
124	993
125	827
125	933
125	985
125	991
126	852
126	869
126	936
126	947
127	275
127	451
127	562
127	1000
128	237
128	310
128	324
128	973
129	460
129	633
129	720
129	802
130	62
130	612
130	727
130	750
131	745
131	763
131	907
131	932
132	802
132	961
132	963
132	983
132	997
133	170
133	443
133	684
133	795
134	830
134	882
134	924
134	953
135	867
135	881
135	951
135	967
136	500
136	847
136	957
136	986
137	148
137	419
137	677
137	990
138	896
138	899
138	914
138	990
139	748
139	774
139	855
139	912
140	68
140	87
140	856
140	966
140	988
141	898
141	915
141	954
141	961
142	7
142	615
142	804
142	830
143	766
143	890
143	916
143	953
144	933
144	940
144	985
144	991
145	350
145	454
145	858
145	881
146	160
146	749
146	804
146	816
147	921
147	946
147	955
147	971
148	137
148	230
148	588
148	620
149	525
149	893
149	930
149	948
150	935
150	968
150	988
150	999
151	109
151	679
151	808
151	844
152	62
152	750
152	781
152	958
153	168
153	540
153	639
153	788
154	363
154	368
154	640
154	910
155	810
155	927
155	955
155	983
156	589
156	716
156	815
156	943
157	337
157	522
157	752
157	996
158	486
158	685
158	872
158	998
159	749
159	804
159	816
159	830
160	146
160	583
160	816
160	830
161	103
161	224
161	684
161	795
162	912
162	915
162	954
162	961
163	166
163	653
163	690
163	868
164	937
164	962
164	974
164	976
165	29
165	377
165	842
165	856
166	163
166	690
166	868
166	879
167	317
167	755
167	884
167	895
168	153
168	639
168	715
168	788
169	849
169	904
169	911
169	954
170	133
170	684
170	741
170	795
171	802
171	812
171	888
171	956
171	971
172	838
172	945
172	958
172	999
173	918
173	923
173	950
173	964
174	45
174	946
174	955
174	971
175	76
175	634
175	819
175	897
176	743
176	762
176	814
176	901
177	644
177	721
177	971
177	991
178	797
178	952
178	959
178	981
179	276
179	945
179	975
179	999
180	299
180	303
180	644
180	784
181	885
181	940
181	985
181	991
182	933
182	940
182	985
182	991
183	227
183	275
183	451
183	1000
184	370
184	845
184	872
184	953
185	821
185	891
185	970
185	980
186	611
186	643
186	661
186	868
187	731
187	846
187	984
187	989
188	648
188	898
188	954
188	961
189	898
189	915
189	954
189	961
190	634
190	640
190	910
190	996
191	641
191	756
191	763
191	888
191	982
192	873
192	972
192	982
192	993
193	921
193	946
193	955
193	971
194	591
194	636
194	884
194	895
195	436
195	881
195	920
195	933
196	520
196	530
196	730
196	894
197	585
197	617
197	767
197	911
198	376
198	784
198	862
198	905
199	237
199	746
199	784
199	919
199	990
200	114
200	387
200	573
200	588
201	727
201	750
201	781
201	928
202	457
202	533
202	715
202	934
203	718
203	746
203	757
203	998
204	6
204	376
204	784
204	877
205	945
205	968
205	975
205	999
206	452
206	630
206	812
206	828
206	848
207	479
207	800
207	960
207	980
208	660
208	962
208	974
208	976
209	440
209	698
209	785
209	829
210	108
210	641
210	802
210	871
210	967
210	977
211	471
211	539
211	774
211	912
211	925
212	91
212	521
212	641
212	994
212	995
213	703
213	787
213	839
213	911
213	912
214	413
214	590
214	661
214	690
214	885
215	254
215	332
215	358
215	667
215	908
216	695
216	743
216	754
216	901
216	937
217	918
217	923
217	950
217	964
217	992
218	512
218	871
218	993
218	995
218	997
219	12
219	552
219	592
219	622
219	997
220	684
220	887
220	949
220	972
220	982
221	12
221	629
221	792
221	844
221	1000
222	395
222	652
222	657
222	871
222	998
223	122
223	379
223	395
223	428
223	449
224	161
224	889
224	919
224	953
224	972
225	438
225	607
225	965
225	977
225	995
226	848
226	885
226	940
226	985
226	991
227	183
227	562
227	829
227	939
227	1000
228	386
228	477
228	545
228	965
228	993
229	7
229	27
229	259
229	819
229	910
230	148
230	260
230	573
230	612
230	990
231	837
231	877
231	899
231	914
231	975
232	530
232	778
232	829
232	991
232	995
233	717
233	871
233	889
233	995
233	998
234	704
234	729
234	957
234	986
234	993
235	580
235	892
235	909
235	956
235	967
236	717
236	764
236	776
236	872
236	998
237	18
237	128
237	199
237	310
237	973
238	941
238	952
238	959
238	981
238	988
239	559
239	794
239	886
239	917
239	992
240	115
240	853
240	977
240	984
240	989
241	848
241	885
241	933
241	940
241	985
242	590
242	598
242	690
242	868
242	996
243	471
243	748
243	855
243	912
243	925
244	772
244	884
244	943
244	990
244	991
245	303
245	305
245	379
245	428
245	463
246	875
246	957
246	965
246	986
246	993
247	892
247	909
247	956
247	967
247	979
248	457
248	921
248	946
248	955
248	971
249	594
249	794
249	832
249	939
249	979
250	329
250	430
250	569
250	725
250	978
251	433
251	729
251	875
251	957
251	986
252	558
252	691
252	694
252	735
252	888
253	414
253	541
253	706
253	857
253	889
254	215
254	332
254	358
254	507
254	667
255	701
255	758
255	766
255	924
255	953
256	941
256	952
256	959
256	981
256	988
257	701
257	881
257	887
257	972
257	982
258	80
258	536
258	538
258	808
258	900
259	229
259	469
259	819
259	874
259	910
260	230
260	384
260	387
260	510
260	573
261	898
261	902
261	915
261	954
261	961
262	693
262	860
262	918
262	923
262	964
263	628
263	887
263	949
263	972
263	982
264	444
264	864
264	942
264	985
264	991
265	310
265	324
265	886
265	942
265	973
266	123
266	575
266	724
266	907
266	932
267	791
267	865
267	937
267	974
267	976
268	839
268	847
268	875
268	957
268	986
269	485
269	864
269	940
269	985
269	991
270	821
270	883
270	957
270	960
270	980
271	727
271	830
271	843
271	901
271	980
272	481
272	958
272	968
272	975
272	999
273	415
273	731
273	815
273	820
273	943
274	503
274	539
274	817
274	969
274	993
275	127
275	183
275	360
275	562
275	1000
276	179
276	725
276	817
276	895
276	971
277	673
277	677
277	867
277	881
277	930
278	89
278	684
278	783
278	795
278	992
279	62
279	727
279	750
279	781
279	951
280	375
280	565
280	633
280	720
280	802
281	452
281	545
281	965
281	979
281	993
282	339
282	716
282	758
282	815
282	943
283	882
283	921
283	946
283	955
283	971
284	4
284	918
284	923
284	950
284	964
285	572
285	721
285	752
285	862
285	996
286	497
286	573
286	960
286	970
286	980
287	934
287	937
287	962
287	974
287	976
288	695
288	705
288	743
288	762
288	901
289	501
289	777
289	852
289	936
289	947
290	893
290	929
290	930
290	942
290	948
291	770
291	777
291	852
291	936
291	947
292	804
292	975
292	982
292	983
292	997
293	421
293	837
293	896
293	899
293	914
294	583
294	668
294	804
294	830
294	990
295	388
295	646
295	679
295	808
295	844
296	865
296	937
296	962
296	974
296	976
297	106
297	403
297	852
297	936
297	947
298	854
298	880
298	963
298	984
298	989
299	180
299	644
299	784
299	894
299	905
300	64
300	323
300	324
300	797
300	997
301	542
301	828
301	887
301	972
301	982
302	392
302	687
302	852
302	936
302	947
303	180
303	245
303	871
303	961
303	982
304	612
304	727
304	750
304	781
304	994
305	122
305	245
305	428
305	449
305	463
306	928
306	945
306	958
306	968
306	999
307	617
307	800
307	805
307	835
307	970
308	755
308	759
308	884
308	895
308	940
309	558
309	609
309	691
309	735
309	888
310	128
310	237
310	265
310	886
310	973
311	620
311	752
311	943
311	951
311	999
312	59
312	807
312	896
312	899
312	914
313	882
313	921
313	946
313	955
313	971
314	854
314	861
314	960
314	970
314	980
315	649
315	949
315	972
315	982
315	1000
316	538
316	734
316	841
316	878
316	900
317	167
317	694
317	700
317	735
317	888
318	611
318	690
318	868
318	993
318	996
319	892
319	909
319	956
319	967
319	996
320	866
320	879
320	959
320	981
320	988
321	440
321	557
321	698
321	785
321	829
322	392
322	466
322	491
322	849
322	904
323	300
323	343
323	441
323	648
323	797
324	128
324	265
324	300
324	886
324	973
325	745
325	791
325	937
325	962
325	974
326	873
326	887
326	949
326	972
326	982
327	475
327	506
327	639
327	715
327	788
328	865
328	937
328	962
328	974
328	976
329	250
329	430
329	569
329	725
329	978
330	873
330	887
330	949
330	972
330	982
331	638
331	746
331	772
331	829
331	964
331	971
332	42
332	215
332	254
332	507
332	667
333	686
333	782
333	937
333	962
333	974
334	803
334	810
334	927
334	938
334	983
335	906
335	941
335	959
335	981
335	988
336	559
336	797
336	901
336	953
336	983
337	157
337	535
337	636
337	884
337	895
338	755
338	759
338	884
338	895
338	990
339	282
339	483
339	771
339	934
339	943
340	620
340	744
340	895
340	966
340	991
341	380
341	697
341	772
341	874
341	940
342	778
342	806
342	827
342	834
342	966
343	323
343	382
343	546
343	595
343	648
344	874
344	892
344	909
344	956
344	967
345	514
345	529
345	857
345	889
345	996
346	692
346	815
346	820
346	891
346	943
347	543
347	706
347	857
347	889
347	996
348	789
348	933
348	940
348	985
348	991
349	381
349	705
349	762
349	814
349	901
350	145
350	478
350	677
350	867
350	881
351	818
351	872
351	917
351	932
351	971
352	792
352	857
352	942
352	985
352	986
352	999
353	409
353	801
353	892
353	956
353	966
353	967
354	836
354	882
354	921
354	946
354	955
354	971
355	483
355	882
355	921
355	946
355	955
355	971
356	780
356	860
356	918
356	923
356	950
356	964
357	562
357	683
357	734
357	761
357	841
357	900
358	16
358	215
358	254
358	507
358	667
358	908
359	489
359	848
359	864
359	940
359	985
359	991
360	275
360	400
360	451
360	870
360	939
360	1000
361	602
361	704
361	847
361	869
361	957
361	986
362	453
362	599
362	652
362	657
362	672
362	717
363	154
363	732
363	747
363	910
363	965
363	996
364	566
364	673
364	677
364	867
364	881
364	993
365	449
365	703
365	748
365	839
365	912
365	925
366	837
366	914
366	951
366	969
366	970
366	997
367	369
367	695
367	853
367	880
367	920
367	984
368	154
368	747
368	819
368	894
368	934
368	944
369	367
369	743
369	920
369	963
369	984
369	989
370	184
370	682
370	758
370	916
370	924
370	953
371	3
371	17
371	633
371	720
371	734
371	802
372	880
372	963
372	977
372	984
372	989
372	990
373	860
373	863
373	923
373	950
373	964
373	965
374	445
374	687
374	770
374	852
374	936
374	947
375	280
375	508
375	772
375	792
375	965
375	991
376	198
376	204
376	644
376	784
376	905
376	930
377	165
377	577
377	768
377	842
377	856
377	912
378	19
378	120
378	408
378	718
378	746
378	757
379	122
379	223
379	245
379	428
379	449
379	463
380	341
380	697
380	740
380	772
380	874
381	349
381	746
381	911
381	932
381	943
381	954
382	343
382	648
382	709
382	797
382	859
382	997
383	844
383	873
383	895
383	917
383	966
383	995
384	260
384	387
384	419
384	510
384	791
384	990
385	821
385	861
385	891
385	960
385	970
385	980
386	105
386	228
386	545
386	926
386	979
386	993
387	200
387	260
387	384
387	419
387	588
387	620
388	295
388	637
388	679
388	808
388	844
388	914
389	686
389	732
389	929
389	942
389	948
389	966
390	880
390	920
390	963
390	977
390	981
390	989
391	935
391	945
391	958
391	968
391	975
391	999
392	302
392	322
392	579
392	710
392	911
392	994
393	68
393	774
393	840
393	855
393	912
393	925
394	920
394	928
394	963
394	977
394	984
394	989
395	222
395	223
395	631
395	672
395	871
395	995
396	607
396	622
396	630
396	917
396	939
396	965
397	710
397	744
397	849
397	904
397	911
397	944
398	919
398	926
398	929
398	942
398	948
398	966
399	3
399	747
399	819
399	910
399	965
399	996
400	360
400	505
400	545
400	783
400	986
400	999
401	704
401	833
401	875
401	957
401	965
401	986
402	765
402	805
402	835
402	960
402	970
402	980
403	297
403	770
403	852
403	936
403	947
403	986
404	62
404	603
404	750
404	781
404	859
404	994
405	94
405	447
405	768
405	842
405	856
405	939
406	823
406	906
406	952
406	959
406	981
406	988
407	463
407	794
407	917
407	954
407	967
407	981
408	378
408	597
408	718
408	746
408	757
409	353
409	414
409	541
409	554
409	857
409	889
410	14
410	533
410	535
410	857
410	912
410	947
411	10
411	599
411	652
411	672
411	905
411	929
412	583
412	668
412	749
412	804
412	816
412	830
413	214
413	590
413	611
413	661
413	868
413	996
414	81
414	253
414	409
414	416
414	857
414	889
415	273
415	709
415	731
415	771
415	820
415	943
416	414
416	546
416	648
416	797
416	979
416	997
417	94
417	418
417	480
417	768
417	842
417	856
418	417
418	582
418	669
418	753
418	842
418	856
419	137
419	384
419	387
419	573
419	588
419	620
420	87
420	488
420	685
420	764
420	872
420	992
421	293
421	896
421	914
421	969
421	990
421	998
422	435
422	629
422	742
422	792
422	979
422	1000
423	623
423	716
423	731
423	771
423	934
423	943
424	75
424	688
424	853
424	880
424	977
424	984
425	704
425	769
425	800
425	960
425	970
425	980
426	451
426	782
426	865
426	962
426	974
426	976
427	791
427	826
427	937
427	962
427	974
427	976
428	223
428	245
428	305
428	379
428	449
428	463
429	653
429	778
429	806
429	812
429	827
429	834
430	250
430	329
430	569
430	725
430	978
430	990
431	903
431	935
431	958
431	968
431	975
431	999
432	438
432	594
432	794
432	939
432	975
432	979
433	251
433	786
433	828
433	949
433	972
433	982
434	883
434	929
434	956
434	967
434	976
434	986
435	422
435	473
435	629
435	792
435	944
435	1000
436	195
436	828
436	873
436	949
436	972
436	982
437	928
437	945
437	958
437	968
437	975
437	999
438	225
438	432
438	605
438	764
438	917
438	979
439	594
439	607
439	615
439	794
439	917
439	995
440	209
440	321
440	557
440	584
440	785
440	829
441	64
441	323
441	546
441	595
441	797
441	807
442	67
442	780
442	796
442	930
442	948
442	966
443	133
443	591
443	597
443	783
443	795
443	992
444	264
444	655
444	787
444	933
444	985
444	991
445	374
445	770
445	777
445	919
445	936
445	947
446	882
446	921
446	946
446	955
446	971
446	989
447	405
447	567
447	768
447	842
447	856
447	992
448	36
448	55
448	764
448	776
448	872
448	998
449	223
449	305
449	365
449	379
449	428
449	463
450	542
450	828
450	887
450	949
450	972
450	982
451	127
451	183
451	360
451	426
451	562
451	939
452	206
452	281
452	623
452	872
452	947
452	964
453	77
453	362
453	572
453	721
453	752
453	996
454	124
454	145
454	677
454	746
454	867
454	881
455	33
455	494
455	584
455	785
455	829
455	951
456	111
456	600
456	839
456	840
456	855
456	925
457	202
457	248
457	475
457	533
457	540
457	788
458	843
458	898
458	902
458	915
458	954
458	961
459	32
459	536
459	683
459	841
459	878
459	900
460	129
460	565
460	633
460	720
460	802
460	913
461	470
461	503
461	527
461	831
461	995
461	997
462	583
462	832
462	890
462	916
462	924
462	953
463	245
463	305
463	379
463	407
463	428
463	449
464	893
464	919
464	926
464	930
464	948
464	966
465	583
465	668
465	749
465	816
465	830
465	864
466	322
466	506
466	540
466	639
466	715
466	788
467	613
467	667
467	745
467	907
467	931
467	932
468	686
468	782
468	937
468	962
468	974
468	976
469	7
469	259
469	747
469	910
469	944
469	965
470	461
470	527
470	813
470	817
470	993
470	995
471	211
471	243
471	787
471	839
471	840
471	912
471	925
472	919
472	926
472	929
472	930
472	942
472	948
472	966
473	435
473	629
473	656
473	753
473	792
473	959
473	1000
474	632
474	843
474	898
474	902
474	915
474	954
474	961
475	327
475	457
475	639
475	708
475	715
475	788
475	934
476	74
476	555
476	738
476	963
476	977
476	984
476	989
477	228
477	835
477	854
477	891
477	960
477	970
477	980
478	21
478	350
478	815
478	820
478	939
478	943
478	990
479	55
479	207
479	495
479	564
479	680
479	776
479	872
480	39
480	417
480	534
480	669
480	737
480	768
480	856
481	272
481	847
481	869
481	875
481	957
481	965
481	986
482	106
482	487
482	514
482	770
482	852
482	936
482	947
483	339
483	355
483	692
483	815
483	820
483	943
483	990
484	493
484	653
484	778
484	806
484	812
484	827
484	834
485	269
485	711
485	815
485	864
485	933
485	940
485	985
486	158
486	604
486	685
486	710
486	764
486	872
486	992
487	72
487	482
487	490
487	639
487	852
487	936
487	947
488	49
488	420
488	604
488	685
488	764
488	872
488	998
489	359
489	711
489	799
489	933
489	940
489	985
489	991
490	487
490	501
490	770
490	777
490	836
490	936
490	947
491	322
491	585
491	670
491	849
491	911
491	913
491	994
492	809
492	866
492	941
492	952
492	959
492	981
492	988
493	484
493	653
493	778
493	806
493	812
493	827
493	834
494	455
494	557
494	584
494	698
494	785
494	829
494	881
495	479
495	804
495	816
495	926
495	947
495	976
495	993
496	761
496	837
496	896
496	899
496	914
496	951
496	990
497	286
497	854
497	891
497	922
497	960
497	970
497	980
498	882
498	893
498	929
498	930
498	942
498	948
498	966
499	534
499	615
499	697
499	772
499	889
499	967
499	983
500	136
500	704
500	869
500	875
500	957
500	971
500	986
501	289
501	490
501	556
501	687
501	770
501	936
501	947
502	122
502	697
502	772
502	820
502	896
502	910
502	999
503	274
503	461
503	512
503	606
503	817
503	969
503	993
504	65
504	668
504	749
504	804
504	816
504	830
504	894
505	400
505	766
505	779
505	832
505	916
505	924
505	953
506	327
506	466
506	533
506	540
506	715
506	788
506	949
507	16
507	254
507	332
507	358
507	667
507	862
507	908
508	35
508	375
508	520
508	530
508	531
508	730
508	859
509	875
509	906
509	941
509	952
509	959
509	981
509	988
510	260
510	384
510	556
510	588
510	620
510	796
510	990
511	843
511	864
511	898
511	902
511	915
511	954
511	961
512	218
512	503
512	539
512	817
512	831
512	951
512	993
513	696
513	747
513	801
513	909
513	956
513	967
513	979
514	345
514	482
514	529
514	554
514	706
514	857
514	889
515	98
515	618
515	865
515	937
515	969
515	974
515	976
516	585
516	593
516	801
516	892
516	909
516	956
516	967
517	833
517	853
517	963
517	977
517	984
517	989
517	990
518	879
518	906
518	941
518	952
518	959
518	981
518	988
519	836
519	850
519	882
519	921
519	946
519	955
519	971
520	28
520	196
520	508
520	530
520	553
520	859
520	894
521	212
521	641
521	699
521	937
521	994
521	995
522	157
522	781
522	868
522	889
522	900
522	994
522	999
523	566
523	673
523	677
523	867
523	881
523	908
523	993
524	748
524	919
524	926
524	930
524	942
524	948
524	966
525	149
525	591
525	741
525	783
525	795
525	978
525	992
526	736
526	835
526	854
526	861
526	960
526	970
526	980
527	461
527	470
527	606
527	742
527	969
527	995
527	997
528	825
528	897
528	945
528	958
528	968
528	975
528	999
529	345
529	514
529	553
529	857
529	889
529	923
529	996
530	196
530	232
530	508
530	520
530	840
530	859
530	894
531	508
531	577
531	609
531	616
531	888
531	901
531	907
532	761
532	837
532	877
532	896
532	899
532	914
532	997
533	202
533	410
533	457
533	506
533	639
533	715
533	980
534	480
534	499
534	577
534	582
534	669
534	842
534	856
535	337
535	410
535	755
535	759
535	884
535	895
535	992
536	119
536	258
536	459
536	683
536	734
536	900
536	990
537	693
537	811
537	863
537	918
537	923
537	950
537	964
538	258
538	316
538	551
538	625
538	841
538	878
538	900
539	49
539	211
539	274
539	512
539	817
539	951
539	997
540	153
540	457
540	466
540	506
540	715
540	788
540	915
541	253
541	409
541	706
541	790
541	857
541	889
541	996
542	301
542	450
542	701
542	926
542	949
542	972
542	982
543	347
543	879
543	906
543	952
543	959
543	981
543	988
544	843
544	898
544	902
544	915
544	917
544	954
544	961
545	228
545	281
545	386
545	400
545	618
545	965
545	979
546	343
546	416
546	441
546	648
546	797
546	825
546	997
547	601
547	613
547	659
547	724
547	763
547	907
547	932
548	636
548	755
548	759
548	884
548	895
548	990
548	992
549	579
549	744
549	894
549	904
549	944
549	959
549	994
550	592
550	690
550	747
550	785
550	868
550	996
550	999
551	538
551	625
551	649
551	734
551	790
551	878
551	900
552	54
552	219
552	592
552	622
552	934
552	997
553	520
553	529
553	554
553	706
553	857
553	889
553	996
554	409
554	514
554	553
554	706
554	857
554	889
554	900
555	476
555	853
555	920
555	963
555	977
555	984
555	989
556	501
556	510
556	842
556	855
556	950
556	961
556	973
557	321
557	440
557	494
557	584
557	698
557	785
557	829
558	252
558	309
558	666
558	691
558	694
558	735
558	888
559	239
559	336
559	594
559	607
559	917
559	959
559	965
560	595
560	879
560	906
560	952
560	959
560	981
560	988
561	729
561	869
561	875
561	957
561	969
561	986
561	993
562	127
562	227
562	275
562	357
562	451
562	939
562	1000
563	575
563	659
563	724
563	745
563	763
563	907
563	932
564	479
564	680
564	764
564	776
564	872
564	956
564	998
565	17
565	280
565	460
565	633
565	720
565	749
565	802
565	913
566	364
566	523
566	673
566	677
566	867
566	881
566	985
566	993
567	447
567	577
567	582
567	669
567	768
567	842
567	856
567	950
568	123
568	893
568	919
568	926
568	929
568	942
568	948
568	966
569	250
569	329
569	430
569	680
569	708
569	723
569	725
569	978
570	701
570	740
570	873
570	887
570	949
570	970
570	972
570	982
571	696
571	702
571	892
571	909
571	922
571	956
571	966
571	967
572	22
572	285
572	453
572	672
572	678
572	721
572	752
572	996
573	200
573	230
573	260
573	286
573	419
573	588
573	620
573	990
574	683
574	688
574	853
574	963
574	977
574	984
574	989
574	1000
575	266
575	563
575	724
575	745
575	763
575	907
575	931
575	932
576	600
576	812
576	834
576	910
576	925
576	975
576	985
576	999
577	377
577	531
577	534
577	567
577	582
577	669
577	768
577	842
578	651
578	760
578	843
578	898
578	902
578	915
578	954
578	961
579	30
579	392
579	549
579	729
579	767
579	849
579	904
579	911
580	235
580	696
580	702
580	892
580	909
580	956
580	967
580	996
581	651
581	843
581	898
581	902
581	915
581	954
581	961
581	980
582	418
582	534
582	567
582	577
582	669
582	768
582	842
582	856
583	160
583	294
583	412
583	462
583	465
583	749
583	804
583	816
584	440
584	455
584	494
584	557
584	698
584	761
584	785
584	829
585	114
585	197
585	491
585	516
585	710
585	849
585	904
585	911
586	765
586	811
586	860
586	863
586	918
586	923
586	950
586	964
587	739
587	809
587	906
587	941
587	952
587	961
587	981
587	988
588	148
588	200
588	387
588	419
588	510
588	573
588	620
588	990
589	156
589	692
589	741
589	771
589	820
589	939
589	943
589	990
590	113
590	214
590	242
590	413
590	661
590	868
590	894
590	996
591	194
591	443
591	525
591	597
591	684
591	783
591	795
591	978
592	219
592	550
592	552
592	622
592	723
592	905
592	934
592	997
593	516
593	696
593	801
593	892
593	909
593	956
593	967
593	970
594	23
594	249
594	432
594	439
594	559
594	605
594	625
594	917
595	343
595	441
595	560
595	648
595	797
595	807
595	859
595	997
596	23
596	605
596	621
596	630
596	751
596	794
596	917
596	995
597	24
597	103
597	408
597	443
597	591
597	684
597	741
597	978
598	242
598	611
598	661
598	690
598	868
598	894
598	964
598	996
599	362
599	411
599	631
599	657
599	717
599	871
599	892
599	995
600	456
600	576
600	673
600	748
600	774
600	839
600	840
600	912
601	123
601	547
601	724
601	745
601	757
601	763
601	907
601	932
602	361
602	738
602	846
602	880
602	920
602	963
602	977
602	989
603	404
603	811
603	860
603	863
603	918
603	923
603	950
603	964
604	87
604	486
604	488
604	776
604	848
604	872
604	992
604	998
605	438
605	594
605	596
605	630
605	794
605	917
605	939
605	941
606	503
606	527
606	645
606	817
606	951
606	993
606	995
606	997
607	225
607	396
607	439
607	559
607	630
607	917
607	992
607	1000
608	617
608	721
608	912
608	920
608	925
608	955
608	980
608	996
609	309
609	531
609	691
609	694
609	700
609	735
609	888
609	931
610	724
610	836
610	850
610	882
610	921
610	946
610	955
610	971
611	186
611	318
611	413
611	598
611	661
611	868
611	938
611	996
612	130
612	230
612	304
612	727
612	750
612	781
612	859
612	994
613	467
613	547
613	659
613	745
613	907
613	928
613	931
613	932
614	773
614	848
614	853
614	885
614	933
614	940
614	985
614	987
615	65
615	142
615	439
615	499
615	668
615	749
615	804
615	816
616	531
616	634
616	640
616	690
616	819
616	910
616	944
616	965
617	197
617	307
617	608
617	710
617	767
617	849
617	904
617	911
618	515
618	545
618	791
618	865
618	937
618	962
618	974
618	976
619	803
619	822
619	824
619	851
619	876
619	927
619	938
619	983
620	148
620	311
620	340
620	387
620	419
620	510
620	573
620	588
621	596
621	735
621	758
621	839
621	840
621	888
621	955
621	1000
622	219
622	396
622	552
622	592
622	934
622	997
623	423
623	452
623	693
623	731
623	737
623	820
623	943
623	990
624	638
624	682
624	766
624	779
624	890
624	916
624	924
624	953
625	538
625	551
625	594
625	678
625	841
625	858
625	878
625	900
625	965
626	803
626	810
626	822
626	824
626	876
626	927
626	938
626	948
626	983
627	8
627	810
627	822
627	824
627	851
627	876
627	927
627	938
627	983
628	263
628	660
628	686
628	791
628	937
628	962
628	974
628	976
628	987
629	12
629	221
629	422
629	435
629	473
629	792
629	944
629	960
629	1000
630	206
630	396
630	596
630	605
630	607
630	911
630	917
630	992
630	995
631	10
631	395
631	599
631	657
631	717
631	871
631	896
631	995
631	998
632	474
632	903
632	928
632	935
632	945
632	958
632	968
632	975
632	999
633	129
633	280
633	371
633	460
633	565
633	720
633	802
633	913
633	958
634	175
634	190
634	616
634	640
634	747
634	819
634	894
634	910
634	968
635	893
635	919
635	926
635	929
635	930
635	942
635	948
635	966
635	997
636	194
636	337
636	548
636	755
636	759
636	884
636	895
636	990
636	992
637	388
637	646
637	671
637	679
637	808
637	844
637	874
637	951
637	969
638	101
638	331
638	624
638	775
638	845
638	890
638	916
638	924
638	953
639	153
639	168
639	327
639	466
639	475
639	487
639	533
639	788
639	934
640	154
640	190
640	616
640	634
640	747
640	811
640	819
640	894
640	996
641	49
641	57
641	91
641	191
641	210
641	212
641	521
641	994
641	995
642	726
642	739
642	818
642	823
642	866
642	952
642	959
642	981
642	988
643	186
643	705
643	743
643	754
643	762
643	814
643	901
643	987
643	993
644	6
644	38
644	67
644	177
644	180
644	299
644	376
644	660
644	784
645	606
645	826
645	836
645	850
645	882
645	921
645	946
645	955
645	971
646	79
646	295
646	637
646	671
646	679
646	808
646	844
646	874
646	951
647	666
647	738
647	833
647	846
647	853
647	977
647	984
647	985
647	989
648	188
648	323
648	343
648	382
648	416
648	546
648	595
648	797
648	997
649	315
649	551
649	786
649	799
649	828
649	949
649	972
649	982
649	1000
650	688
650	733
650	833
650	853
650	963
650	977
650	984
650	989
650	997
651	578
651	581
651	843
651	898
651	902
651	915
651	954
651	961
651	994
652	222
652	362
652	411
652	717
652	871
652	878
652	905
652	995
652	998
653	163
653	429
653	484
653	493
653	778
653	806
653	812
653	827
653	834
654	692
654	716
654	731
654	757
654	771
654	815
654	820
654	943
654	990
655	444
655	773
655	848
655	885
655	933
655	940
655	985
655	987
655	991
656	32
656	473
656	786
656	899
656	924
656	944
656	953
656	962
656	982
656	997
657	118
657	222
657	362
657	599
657	631
657	672
657	717
657	737
657	871
657	975
658	766
658	775
658	779
658	832
658	839
658	845
658	890
658	916
658	924
658	953
659	45
659	547
659	563
659	613
659	724
659	763
659	807
659	841
659	907
659	932
660	208
660	628
660	644
660	782
660	865
660	937
660	944
660	962
660	974
660	976
661	186
661	214
661	413
661	590
661	598
661	611
661	690
661	851
661	868
661	894
662	95
662	691
662	733
662	833
662	880
662	920
662	963
662	977
662	987
662	989
663	693
663	811
663	817
663	860
663	863
663	918
663	923
663	950
663	964
663	979
664	809
664	818
664	866
664	906
664	941
664	952
664	959
664	981
664	988
664	999
665	27
665	907
665	910
665	932
665	950
665	962
665	964
665	974
665	983
665	986
666	558
666	647
666	829
666	857
666	889
666	904
666	911
666	954
666	961
666	989
667	16
667	39
667	42
667	215
667	254
667	332
667	358
667	467
667	507
667	908
668	294
668	412
668	465
668	504
668	615
668	717
668	730
668	749
668	816
668	830
669	418
669	480
669	534
669	567
669	577
669	582
669	768
669	842
669	856
669	977
670	491
670	709
670	710
670	767
670	842
670	849
670	904
670	911
670	944
670	994
671	79
671	109
671	637
671	646
671	679
671	753
671	808
671	821
671	844
671	951
672	118
672	362
672	395
672	411
672	572
672	657
672	717
672	871
672	995
672	998
673	277
673	364
673	523
673	566
673	600
673	677
673	867
673	881
673	951
673	993
674	728
674	786
674	799
674	873
674	887
674	892
674	922
674	949
674	972
674	982
675	93
675	870
675	897
675	903
675	928
675	935
675	945
675	968
675	975
675	999
676	699
676	766
676	796
676	919
676	926
676	929
676	930
676	942
676	948
676	966
677	137
677	277
677	350
677	364
677	454
677	523
677	566
677	673
677	867
677	881
678	572
678	625
678	752
678	867
678	881
678	900
678	933
678	954
678	985
678	988
679	40
679	151
679	295
679	388
679	637
679	646
679	671
679	808
679	844
679	951
680	479
680	564
680	569
680	725
680	829
680	924
680	953
680	985
680	991
680	998
681	96
681	758
681	775
681	779
681	845
681	890
681	916
681	924
681	953
681	987
682	370
682	624
682	766
682	775
682	818
682	832
682	845
682	890
682	924
682	987
683	69
683	357
683	459
683	536
683	574
683	734
683	790
683	841
683	878
683	965
684	133
684	161
684	170
684	220
684	278
684	591
684	597
684	741
684	783
684	795
685	158
685	420
685	486
685	488
685	764
685	776
685	872
685	951
685	992
685	998
686	333
686	389
686	468
686	628
686	782
686	865
686	937
686	962
686	974
686	976
687	72
687	302
687	374
687	501
687	712
687	770
687	777
687	852
687	936
687	947
688	424
688	574
688	650
688	733
688	833
688	853
688	953
688	963
688	977
688	984
688	989
689	84
689	751
689	846
689	880
689	893
689	963
689	977
689	984
689	987
689	989
689	990
690	163
690	166
690	214
690	242
690	318
690	550
690	598
690	616
690	661
690	868
690	996
691	48
691	63
691	252
691	309
691	558
691	609
691	662
691	694
691	700
691	798
691	888
692	346
692	483
692	589
692	654
692	771
692	815
692	823
692	934
692	939
692	943
692	972
693	262
693	537
693	623
693	663
693	811
693	860
693	863
693	918
693	923
693	950
693	964
694	53
694	252
694	317
694	558
694	609
694	691
694	700
694	735
694	888
694	905
694	931
695	216
695	288
695	367
695	743
695	762
695	798
695	814
695	901
695	913
695	987
695	993
696	513
696	571
696	580
696	593
696	790
696	801
696	853
696	892
696	909
696	956
696	967
697	341
697	380
697	499
697	502
697	709
697	772
697	874
697	978
698	33
698	209
698	321
698	494
698	557
698	584
698	785
698	829
698	948
698	951
698	957
699	521
699	676
699	719
699	780
699	893
699	926
699	929
699	930
699	942
699	948
699	966
700	14
700	53
700	317
700	609
700	691
700	694
700	735
700	798
700	833
700	888
700	931
701	255
701	257
701	542
701	570
701	728
701	740
701	799
701	873
701	972
701	982
701	1000
702	5
702	9
702	571
702	580
702	738
702	892
702	909
702	956
702	967
702	979
702	996
703	82
703	117
703	213
703	365
703	787
703	839
703	840
703	855
703	878
703	912
703	925
704	234
704	361
704	401
704	425
704	500
704	729
704	847
704	869
704	875
704	957
704	986
705	288
705	349
705	643
705	743
705	754
705	762
705	814
705	901
705	902
705	987
705	993
706	80
706	81
706	253
706	347
706	514
706	541
706	553
706	554
706	857
706	889
706	996
707	53
707	826
707	836
707	850
707	882
707	921
707	946
707	955
707	965
707	971
707	998
708	475
708	569
708	725
708	788
708	839
708	845
708	855
708	916
708	929
708	930
708	939
709	382
709	415
709	670
709	697
709	772
709	797
709	851
709	904
709	943
709	983
709	993
710	30
710	392
710	397
710	486
710	585
710	617
710	670
710	744
710	767
710	904
710	911
711	485
711	489
711	852
711	864
711	885
711	933
711	940
711	978
711	985
711	991
711	997
712	687
712	825
712	838
712	870
712	897
712	935
712	945
712	958
712	968
712	975
712	999
713	825
713	838
713	870
713	903
713	928
713	935
713	945
713	958
713	963
713	975
713	999
714	726
714	739
714	823
714	866
714	879
714	888
714	906
714	941
714	959
714	981
714	988
715	168
715	202
715	327
715	466
715	475
715	506
715	533
715	540
715	720
715	788
715	934
716	156
716	282
716	423
716	654
716	731
716	771
716	795
716	815
716	820
716	943
716	990
717	233
717	236
717	362
717	599
717	631
717	652
717	657
717	668
717	672
717	871
717	998
718	19
718	71
718	120
718	203
718	378
718	408
718	736
718	746
718	757
718	813
719	699
719	780
719	796
719	879
719	919
719	926
719	929
719	930
719	942
719	948
719	966
720	3
720	17
720	129
720	280
720	371
720	460
720	565
720	633
720	715
720	802
720	913
721	22
721	77
721	177
721	285
721	453
721	572
721	608
721	752
721	862
721	944
721	996
722	825
722	838
722	858
722	870
722	897
722	928
722	945
722	958
722	968
722	975
722	999
723	569
723	592
723	725
723	773
723	839
723	884
723	895
723	925
723	968
723	997
723	999
724	266
724	547
724	563
724	575
724	601
724	610
724	659
724	745
724	907
724	931
724	932
725	71
725	250
725	276
725	329
725	430
725	569
725	680
725	708
725	723
725	978
725	988
726	642
726	714
726	866
726	879
726	906
726	941
726	952
726	959
726	981
726	988
726	1000
727	130
727	201
727	271
727	279
727	304
727	612
727	750
727	756
727	781
727	859
727	994
728	674
728	701
728	786
728	799
728	828
728	884
728	887
728	922
728	949
728	972
728	982
729	108
729	234
729	251
729	561
729	579
729	704
729	847
729	858
729	869
729	957
729	986
730	88
730	196
730	508
730	668
730	830
730	841
730	904
730	907
730	932
730	962
730	976
731	187
731	273
731	415
731	423
731	623
731	654
731	716
731	771
731	815
731	820
731	939
731	943
732	92
732	363
732	389
732	780
732	893
732	919
732	926
732	929
732	930
732	942
732	948
732	966
733	650
733	662
733	688
733	738
733	831
733	833
733	846
733	880
733	977
733	984
733	989
733	1000
734	69
734	88
734	316
734	357
734	371
734	536
734	551
734	683
734	841
734	878
734	965
734	976
735	14
735	48
735	63
735	252
735	309
735	317
735	558
735	609
735	621
735	694
735	700
735	888
736	60
736	526
736	718
736	756
736	765
736	821
736	835
736	854
736	891
736	960
736	970
736	980
737	480
737	623
737	657
737	822
737	871
737	943
737	950
737	956
737	964
737	967
737	983
737	994
738	476
738	602
738	647
738	702
738	733
738	833
738	846
738	920
738	963
738	977
738	984
738	989
739	587
739	642
739	714
739	818
739	823
739	879
739	941
739	952
739	959
739	976
739	981
739	988
740	380
740	570
740	701
740	786
740	799
740	828
740	873
740	887
740	949
740	972
740	982
740	1000
741	103
741	170
741	525
741	589
741	597
741	684
741	753
741	783
741	795
741	978
741	982
741	992
742	422
742	527
742	792
742	817
742	828
742	837
742	896
742	899
742	954
742	957
742	961
742	986
743	176
743	216
743	288
743	369
743	643
743	695
743	705
743	754
743	762
743	814
743	901
743	993
744	31
744	40
744	48
744	340
744	397
744	549
744	710
744	767
744	849
744	904
744	911
744	994
745	66
745	131
745	325
745	467
745	563
745	575
745	601
745	613
745	724
745	763
745	907
745	932
746	19
746	120
746	199
746	203
746	331
746	378
746	381
746	408
746	454
746	718
746	757
746	813
747	27
747	363
747	368
747	399
747	469
747	513
747	550
747	634
747	640
747	819
747	910
747	965
748	99
748	139
748	243
748	365
748	524
748	600
748	774
748	787
748	831
748	839
748	840
748	925
749	146
749	159
749	412
749	465
749	504
749	565
749	583
749	615
749	668
749	804
749	816
749	830
750	130
750	152
750	201
750	279
750	304
750	404
750	612
750	727
750	760
750	781
750	963
750	994
751	596
751	689
751	761
751	917
751	933
751	942
751	966
751	972
751	974
751	976
751	982
751	984
752	22
752	77
752	157
752	285
752	311
752	453
752	572
752	678
752	721
752	849
752	862
752	996
753	418
753	473
753	671
753	741
753	783
753	792
753	808
753	844
753	856
753	918
753	938
753	983
754	216
754	643
754	705
754	743
754	762
754	807
754	814
754	901
754	913
754	983
754	992
754	993
755	167
755	308
755	338
755	535
755	548
755	636
755	759
755	862
755	884
755	895
755	990
755	992
756	191
756	727
756	736
756	769
756	854
756	861
756	883
756	891
756	922
756	960
756	970
756	980
757	19
757	120
757	203
757	378
757	408
757	601
757	654
757	718
757	746
758	255
758	282
758	370
758	621
758	681
758	832
758	890
758	916
758	924
758	953
758	987
758	998
759	308
759	338
759	535
759	548
759	636
759	755
759	775
759	862
759	884
759	895
759	990
759	992
760	578
760	750
760	781
760	927
760	936
760	938
760	947
760	957
760	981
760	983
760	986
760	988
760	994
761	357
761	496
761	532
761	584
761	751
761	829
761	841
761	896
761	900
761	950
761	964
761	968
761	999
762	176
762	288
762	349
762	643
762	695
762	705
762	743
762	754
762	814
762	901
762	945
762	987
762	993
763	131
763	191
763	547
763	563
763	575
763	601
763	659
763	745
763	807
763	831
763	858
763	907
763	932
764	36
764	236
764	420
764	438
764	448
764	486
764	488
764	564
764	685
764	776
764	872
764	992
764	998
765	402
765	586
765	736
765	769
765	805
765	821
765	835
765	861
765	883
765	891
765	960
765	970
765	980
766	143
766	255
766	505
766	624
766	658
766	676
766	682
766	845
766	890
766	916
766	924
766	953
766	998
767	31
767	197
767	579
767	617
767	670
767	710
767	744
767	849
767	876
767	894
767	904
767	911
767	994
768	377
768	405
768	417
768	447
768	480
768	567
768	577
768	582
768	669
768	824
768	842
768	856
768	885
769	425
769	756
769	765
769	821
769	835
769	854
769	861
769	883
769	891
769	932
769	960
769	970
769	980
770	291
770	374
770	403
770	445
770	482
770	490
770	501
770	687
770	777
770	786
770	852
770	936
770	947
771	21
771	339
771	415
771	423
771	589
771	654
771	692
771	716
771	731
771	789
771	815
771	820
771	943
772	39
772	244
772	331
772	341
772	375
772	380
772	499
772	502
772	697
772	709
772	806
772	874
772	923
773	61
773	614
773	655
773	723
773	789
773	803
773	848
773	885
773	933
773	940
773	985
773	991
773	997
774	117
774	139
774	211
774	393
774	600
774	748
774	787
774	837
774	839
774	840
774	855
774	912
774	925
775	638
775	658
775	681
775	682
775	759
775	779
775	832
775	845
775	890
775	916
775	924
775	953
775	1000
776	36
776	55
776	236
776	448
776	479
776	564
776	604
776	685
776	764
776	872
776	973
776	992
776	999
777	4
777	78
777	289
777	291
777	445
777	490
777	687
777	770
777	852
777	920
777	936
777	947
777	997
778	232
778	342
778	429
778	484
778	493
778	653
778	806
778	812
778	827
778	834
778	899
778	908
778	973
779	505
779	624
779	658
779	681
779	775
779	832
779	845
779	865
779	890
779	916
779	953
779	987
779	998
780	356
780	442
780	699
780	719
780	732
780	796
780	893
780	919
780	926
780	930
780	942
780	948
780	966
781	152
781	201
781	279
781	304
781	404
781	522
781	612
781	727
781	750
781	760
781	824
781	859
781	994
782	333
782	426
782	468
782	660
782	686
782	784
782	791
782	865
782	877
782	937
782	962
782	974
782	976
783	24
783	278
783	400
783	443
783	525
783	591
783	684
783	741
783	753
783	795
783	976
783	978
783	992
784	6
784	38
784	67
784	180
784	198
784	199
784	204
784	299
784	376
784	644
784	782
784	862
784	877
785	33
785	70
785	209
785	321
785	440
785	455
785	494
785	550
785	557
785	584
785	698
785	829
785	951
786	433
786	649
786	656
786	674
786	728
786	740
786	770
786	799
786	873
786	887
786	949
786	972
786	982
787	82
787	116
787	213
787	444
787	471
787	703
787	748
787	774
787	839
787	840
787	912
787	925
787	994
788	153
788	168
788	327
788	457
788	466
788	475
788	506
788	540
788	639
788	708
788	715
788	934
788	946
788	968
789	56
789	348
789	771
789	773
789	848
789	864
789	885
789	933
789	940
789	978
789	985
789	987
789	991
789	997
790	541
790	551
790	683
790	696
790	793
790	848
790	899
790	914
790	956
790	967
790	981
790	984
790	988
790	991
791	267
791	325
791	384
791	427
791	618
791	628
791	782
791	937
791	944
791	962
791	969
791	974
791	976
791	987
792	89
792	221
792	352
792	375
792	422
792	435
792	473
792	629
792	742
792	753
792	943
792	944
792	998
792	1000
793	790
793	896
793	899
793	914
793	916
793	920
793	924
793	953
793	962
793	974
793	975
793	977
793	989
793	999
794	75
794	239
794	249
794	407
794	432
794	439
794	596
794	605
794	903
794	917
794	939
794	979
794	980
794	992
795	24
795	103
795	133
795	161
795	170
795	278
795	443
795	525
795	591
795	684
795	716
795	741
795	783
795	978
796	442
796	510
796	676
796	719
796	780
796	843
796	893
796	919
796	926
796	930
796	942
796	948
796	966
796	979
797	64
797	178
797	300
797	323
797	336
797	382
797	416
797	441
797	546
797	595
797	648
797	709
797	859
797	997
798	691
798	695
798	700
798	814
798	888
798	901
798	923
798	927
798	938
798	951
798	957
798	964
798	983
798	986
799	25
799	489
799	649
799	674
799	701
799	728
799	740
799	786
799	828
799	873
799	887
799	949
799	972
799	982
800	207
800	307
800	425
800	821
800	825
800	831
800	835
800	854
800	883
800	934
800	960
800	970
800	980
800	988
801	5
801	51
801	353
801	513
801	516
801	593
801	696
801	842
801	892
801	909
801	956
801	967
801	979
801	996
802	3
802	17
802	129
802	132
802	171
802	210
802	280
802	371
802	460
802	565
802	633
802	720
802	898
802	913
803	104
803	334
803	619
803	626
803	773
803	810
803	822
803	824
803	851
803	876
803	927
803	938
803	983
803	992
804	21
804	142
804	146
804	159
804	292
804	294
804	412
804	495
804	504
804	583
804	615
804	749
804	816
804	830
805	35
805	307
805	402
805	765
805	821
805	835
805	854
805	861
805	883
805	891
805	898
805	934
805	960
805	970
805	980
806	11
806	51
806	121
806	342
806	429
806	484
806	493
806	653
806	772
806	778
806	812
806	827
806	834
806	908
806	973
807	312
807	441
807	595
807	659
807	754
807	763
807	814
807	873
807	899
807	901
807	909
807	914
807	932
807	972
807	982
808	79
808	109
808	151
808	258
808	295
808	388
808	637
808	646
808	671
808	679
808	753
808	844
808	868
808	874
808	951
809	492
809	587
809	664
809	817
809	818
809	823
809	866
809	879
809	903
809	906
809	941
809	952
809	959
809	981
809	988
810	155
810	334
810	626
810	627
810	803
810	822
810	824
810	851
810	868
810	876
810	913
810	927
810	938
810	943
810	983
811	537
811	586
811	603
811	640
811	663
811	693
811	860
811	863
811	918
811	923
811	939
811	950
811	964
811	978
811	999
812	11
812	171
812	206
812	429
812	484
812	493
812	576
812	653
812	778
812	806
812	827
812	834
812	874
812	901
812	973
813	470
813	718
813	746
813	817
813	819
813	910
813	915
813	946
813	954
813	955
813	961
813	971
813	981
813	995
813	996
814	30
814	176
814	349
814	643
814	695
814	705
814	743
814	754
814	762
814	798
814	807
814	901
814	913
814	987
814	993
815	47
815	156
815	273
815	282
815	346
815	478
815	483
815	485
815	654
815	692
815	716
815	731
815	771
815	820
815	943
816	65
816	146
816	159
816	160
816	412
816	465
816	495
816	504
816	583
816	615
816	668
816	749
816	804
816	830
816	869
817	274
817	276
817	470
817	503
817	512
817	539
817	606
817	663
817	742
817	809
817	813
817	969
817	993
817	995
817	997
818	351
818	642
818	664
818	682
818	739
818	809
818	823
818	866
818	879
818	941
818	952
818	959
818	981
818	988
818	994
819	27
819	76
819	175
819	229
819	259
819	368
819	399
819	616
819	634
819	640
819	747
819	813
819	857
819	910
819	944
820	273
820	346
820	415
820	478
820	483
820	502
820	589
820	623
820	654
820	716
820	731
820	771
820	815
820	943
820	990
821	185
821	270
821	385
821	671
821	736
821	765
821	769
821	800
821	805
821	854
821	883
821	891
821	960
821	970
821	980
821	999
822	619
822	626
822	627
822	737
822	803
822	810
822	824
822	851
822	876
822	922
822	927
822	938
822	939
822	978
822	983
822	992
823	406
823	642
823	692
823	714
823	739
823	809
823	818
823	866
823	879
823	906
823	941
823	952
823	959
823	981
823	988
823	994
824	100
824	619
824	626
824	627
824	768
824	781
824	803
824	810
824	822
824	851
824	876
824	877
824	927
824	938
824	983
824	992
825	528
825	546
825	712
825	713
825	722
825	800
825	838
825	870
825	903
825	928
825	935
825	945
825	958
825	968
825	975
825	999
826	427
826	645
826	707
826	836
826	850
826	882
826	921
826	946
826	955
826	964
826	971
826	998
827	11
827	121
827	125
827	342
827	429
827	484
827	493
827	653
827	778
827	806
827	812
827	834
827	874
827	908
827	973
827	995
828	25
828	206
828	301
828	433
828	436
828	450
828	649
828	728
828	740
828	742
828	799
828	873
828	949
828	972
828	982
828	1000
829	209
829	227
829	232
829	321
829	331
829	440
829	455
829	494
829	557
829	584
829	666
829	680
829	698
829	761
829	785
829	951
830	65
830	134
830	142
830	159
830	160
830	271
830	294
830	412
830	465
830	504
830	668
830	730
830	749
830	804
830	816
830	897
831	461
831	512
831	733
831	748
831	763
831	800
831	865
831	907
831	912
831	925
831	932
831	970
831	974
831	976
831	980
831	997
832	249
832	462
832	505
832	658
832	682
832	758
832	775
832	779
832	845
832	890
832	916
832	924
832	953
832	986
832	987
832	998
833	74
833	401
833	517
833	647
833	650
833	662
833	688
833	700
833	733
833	738
833	846
833	920
833	963
833	977
833	984
833	989
834	11
834	121
834	342
834	429
834	484
834	493
834	576
834	653
834	778
834	806
834	812
834	827
834	874
834	908
834	924
834	973
835	307
835	402
835	477
835	526
835	736
835	765
835	769
835	800
835	805
835	850
835	854
835	861
835	883
835	891
835	960
835	970
835	980
836	354
836	490
836	519
836	610
836	645
836	707
836	826
836	840
836	850
836	882
836	921
836	946
836	955
836	971
836	998
837	86
837	231
837	293
837	366
837	496
837	532
837	742
837	774
837	896
837	899
837	908
837	914
837	923
837	951
837	969
837	990
837	997
838	172
838	712
838	713
838	722
838	825
838	870
838	897
838	903
838	928
838	931
838	935
838	945
838	958
838	968
838	975
838	995
838	999
839	213
839	268
839	365
839	456
839	471
839	600
839	621
839	658
839	703
839	708
839	723
839	748
839	774
839	787
839	840
839	855
839	912
840	82
840	96
840	393
840	456
840	471
840	530
840	600
840	621
840	703
840	748
840	774
840	787
840	836
840	839
840	855
840	912
840	925
841	52
841	80
841	119
841	316
841	357
841	459
841	538
841	625
841	659
841	683
841	730
841	734
841	761
841	878
841	900
841	949
841	965
842	28
842	165
842	377
842	405
842	417
842	418
842	447
842	534
842	556
842	567
842	577
842	582
842	669
842	670
842	768
842	801
842	856
843	271
843	458
843	474
843	511
843	544
843	578
843	581
843	651
843	796
843	898
843	902
843	915
843	954
843	961
843	973
843	994
844	49
844	79
844	109
844	151
844	221
844	295
844	383
844	388
844	637
844	646
844	671
844	679
844	753
844	808
844	874
844	951
844	978
845	85
845	184
845	638
845	658
845	681
845	682
845	708
845	766
845	775
845	779
845	832
845	890
845	910
845	916
845	924
845	953
845	998
846	187
846	602
846	647
846	689
846	733
846	738
846	833
846	853
846	880
846	920
846	961
846	963
846	977
846	984
846	989
846	990
846	998
847	15
847	136
847	268
847	361
847	481
847	704
847	729
847	869
847	875
847	880
847	916
847	934
847	944
847	957
847	969
847	986
847	993
848	206
848	226
848	241
848	359
848	604
848	614
848	655
848	773
848	789
848	790
848	864
848	885
848	933
848	940
848	985
848	991
848	997
849	114
849	169
849	322
849	397
849	491
849	579
849	585
849	617
849	670
849	744
849	752
849	767
849	894
849	904
849	911
849	944
849	950
850	519
850	610
850	645
850	707
850	826
850	835
850	836
850	882
850	921
850	946
850	955
850	960
850	971
850	998
851	107
851	619
851	627
851	661
851	709
851	803
851	810
851	822
851	824
851	862
851	876
851	905
851	927
851	938
851	939
851	983
851	992
852	121
852	126
852	289
852	291
852	297
852	302
852	374
852	403
852	482
852	487
852	687
852	711
852	770
852	777
852	859
852	936
852	947
853	240
853	367
853	424
853	517
853	555
853	574
853	614
853	647
853	650
853	688
853	696
853	846
853	880
853	920
853	963
853	977
853	984
853	989
854	298
854	314
854	477
854	497
854	526
854	736
854	756
854	769
854	800
854	805
854	821
854	835
854	861
854	891
854	910
854	960
854	970
854	980
855	68
855	96
855	99
855	111
855	116
855	139
855	243
855	393
855	456
855	556
855	703
855	708
855	774
855	839
855	840
855	912
855	925
855	994
856	94
856	140
856	165
856	377
856	405
856	417
856	418
856	447
856	480
856	534
856	567
856	582
856	669
856	753
856	768
856	842
856	896
856	941
857	81
857	253
857	345
857	347
857	352
857	409
857	410
857	414
857	514
857	529
857	541
857	553
857	554
857	666
857	706
857	819
857	889
857	996
858	145
858	625
858	722
858	729
858	763
858	867
858	878
858	881
858	900
858	920
858	957
858	962
858	963
858	974
858	976
858	984
858	986
858	989
859	382
859	404
859	508
859	520
859	530
859	595
859	612
859	727
859	781
859	797
859	852
859	894
859	928
859	936
859	947
859	958
859	983
859	999
860	34
860	58
860	102
860	262
860	356
860	373
860	586
860	603
860	663
860	693
860	811
860	863
860	918
860	923
860	929
860	950
860	964
860	979
861	13
861	29
861	314
861	385
861	526
861	756
861	765
861	769
861	805
861	835
861	854
861	883
861	886
861	891
861	949
861	960
861	970
861	980
862	198
862	285
862	507
862	721
862	752
862	755
862	759
862	784
862	851
862	884
862	885
862	895
862	905
862	926
862	940
862	942
862	948
862	991
863	113
863	373
863	537
863	586
863	603
863	663
863	693
863	811
863	860
863	913
863	918
863	923
863	934
863	939
863	950
863	964
863	978
863	979
864	56
864	264
864	269
864	359
864	465
864	485
864	511
864	711
864	789
864	848
864	885
864	933
864	940
864	973
864	978
864	985
864	991
864	997
865	267
865	296
865	328
865	426
865	515
865	618
865	660
865	686
865	779
865	782
865	831
865	874
865	937
865	962
865	972
865	974
865	976
865	987
866	116
866	320
866	492
866	642
866	664
866	714
866	726
866	809
866	818
866	823
866	879
866	906
866	914
866	941
866	952
866	959
866	981
866	988
867	124
867	135
867	277
867	350
867	364
867	454
867	523
867	566
867	673
867	677
867	678
867	858
867	881
867	908
867	920
867	951
867	993
867	997
868	89
868	163
868	166
868	186
868	242
868	318
868	413
868	522
868	550
868	590
868	598
868	611
868	661
868	690
868	808
868	810
868	894
868	996
869	93
869	126
869	361
869	481
869	500
869	561
869	704
869	729
869	816
869	847
869	875
869	913
869	934
869	944
869	957
869	965
869	969
869	986
870	360
870	675
870	712
870	713
870	722
870	825
870	838
870	897
870	903
870	928
870	935
870	945
870	958
870	968
870	969
870	975
870	996
870	999
870	1000
871	10
871	118
871	210
871	218
871	222
871	233
871	303
871	395
871	599
871	631
871	652
871	657
871	672
871	717
871	737
871	905
871	986
871	995
871	998
872	36
872	55
872	87
872	158
872	184
872	236
872	351
872	420
872	448
872	452
872	479
872	486
872	488
872	564
872	604
872	685
872	764
872	776
872	992
873	47
873	192
873	326
873	330
873	383
873	436
873	570
873	674
873	701
873	740
873	786
873	799
873	807
873	828
873	949
873	961
873	972
873	982
873	991
874	259
874	341
874	344
874	380
874	637
874	646
874	697
874	772
874	808
874	812
874	827
874	834
874	844
874	865
874	928
874	945
874	974
874	975
874	976
875	15
875	246
875	251
875	268
875	401
875	481
875	500
875	509
875	561
875	704
875	847
875	869
875	913
875	934
875	944
875	957
875	969
875	986
875	989
876	83
876	100
876	619
876	626
876	627
876	767
876	803
876	810
876	822
876	824
876	851
876	897
876	905
876	922
876	927
876	938
876	939
876	983
876	992
877	38
877	67
877	204
877	231
877	532
877	782
877	784
877	824
877	896
877	914
877	927
877	935
877	938
877	958
877	962
877	965
877	968
877	976
877	983
878	32
878	52
878	69
878	80
878	88
878	119
878	316
878	459
878	538
878	551
878	625
878	652
878	683
878	703
878	734
878	841
878	858
878	900
878	965
879	166
879	320
879	518
879	543
879	560
879	714
879	719
879	726
879	739
879	809
879	818
879	823
879	866
879	906
879	941
879	952
879	959
879	981
879	988
880	37
880	298
880	367
880	372
880	390
880	424
880	602
880	662
880	689
880	733
880	846
880	847
880	853
880	920
880	944
880	963
880	977
880	984
880	989
880	1000
881	124
881	135
881	145
881	195
881	257
881	277
881	350
881	364
881	454
881	494
881	523
881	566
881	673
881	677
881	678
881	858
881	867
881	908
881	951
881	993
882	134
882	283
882	313
882	354
882	355
882	446
882	498
882	519
882	610
882	645
882	707
882	826
882	836
882	850
882	921
882	946
882	955
882	971
882	998
883	1
883	60
883	270
883	434
883	756
883	765
883	769
883	800
883	805
883	821
883	835
883	861
883	886
883	891
883	909
883	934
883	960
883	970
883	980
883	988
884	20
884	70
884	167
884	194
884	244
884	308
884	337
884	338
884	535
884	548
884	636
884	723
884	728
884	755
884	759
884	862
884	895
884	990
884	992
885	50
885	181
885	214
885	226
885	241
885	614
885	655
885	711
885	768
885	773
885	789
885	848
885	862
885	864
885	933
885	940
885	973
885	985
885	987
885	991
886	18
886	239
886	265
886	310
886	324
886	861
886	883
886	893
886	917
886	926
886	930
886	947
886	966
886	973
886	979
886	980
886	984
886	992
886	993
886	995
887	220
887	257
887	263
887	301
887	326
887	330
887	450
887	570
887	674
887	728
887	740
887	786
887	799
887	893
887	908
887	949
887	959
887	972
887	982
887	1000
888	14
888	48
888	53
888	63
888	171
888	191
888	252
888	309
888	317
888	531
888	558
888	609
888	621
888	691
888	694
888	700
888	714
888	735
888	798
888	931
888	935
889	81
889	224
889	233
889	253
889	345
889	347
889	409
889	414
889	499
889	514
889	522
889	529
889	541
889	553
889	554
889	666
889	706
889	857
889	901
889	902
889	996
890	85
890	143
890	462
890	624
890	638
890	658
890	681
890	682
890	758
890	766
890	775
890	779
890	832
890	845
890	916
890	918
890	924
890	931
890	953
890	987
890	998
891	60
891	185
891	346
891	385
891	477
891	497
891	736
891	756
891	765
891	769
891	805
891	821
891	835
891	854
891	861
891	883
891	921
891	931
891	960
891	970
891	980
892	8
892	46
892	235
892	247
892	319
892	344
892	353
892	516
892	571
892	580
892	593
892	599
892	674
892	696
892	702
892	801
892	909
892	922
892	956
892	967
892	996
893	92
893	149
893	290
893	464
893	498
893	568
893	635
893	689
893	699
893	732
893	780
893	796
893	886
893	887
893	919
893	926
893	929
893	930
893	942
893	948
893	966
894	196
894	299
894	368
894	504
894	520
894	530
894	549
894	590
894	598
894	634
894	640
894	661
894	767
894	849
894	859
894	868
894	910
894	918
894	932
894	950
894	964
895	70
895	167
895	194
895	276
895	308
895	337
895	338
895	340
895	383
895	535
895	548
895	636
895	723
895	755
895	759
895	862
895	884
895	947
895	990
895	992
895	999
896	86
896	138
896	293
896	312
896	421
896	496
896	502
896	532
896	631
896	742
896	761
896	793
896	837
896	856
896	877
896	899
896	908
896	914
896	951
896	969
896	997
897	175
897	528
897	675
897	712
897	722
897	830
897	838
897	870
897	876
897	903
897	928
897	935
897	945
897	958
897	968
897	973
897	975
897	995
897	998
897	999
897	1000
898	44
898	141
898	188
898	189
898	261
898	458
898	474
898	511
898	544
898	578
898	581
898	651
898	802
898	805
898	843
898	902
898	915
898	954
898	961
898	973
898	994
899	52
899	86
899	138
899	231
899	293
899	312
899	496
899	532
899	656
899	742
899	778
899	790
899	793
899	807
899	837
899	896
899	914
899	951
899	969
899	990
899	997
900	32
900	52
900	69
900	88
900	119
900	258
900	316
900	357
900	459
900	522
900	536
900	538
900	551
900	554
900	625
900	678
900	761
900	841
900	858
900	878
900	948
900	965
901	176
901	216
901	271
901	288
901	336
901	349
901	531
901	643
901	695
901	705
901	743
901	754
901	762
901	798
901	807
901	812
901	814
901	889
901	913
901	962
901	987
901	993
902	2
902	41
902	44
902	110
902	261
902	458
902	474
902	511
902	544
902	578
902	581
902	651
902	705
902	843
902	889
902	898
902	915
902	954
902	960
902	961
902	973
902	994
903	97
903	431
903	632
903	675
903	713
903	794
903	809
903	825
903	838
903	870
903	897
903	928
903	935
903	945
903	958
903	968
903	969
903	975
903	995
903	998
903	999
903	1000
904	31
904	40
904	114
904	169
904	322
904	397
904	549
904	579
904	585
904	617
904	666
904	670
904	709
904	710
904	730
904	744
904	767
904	849
904	911
904	944
904	947
904	994
905	198
905	299
905	376
905	411
905	592
905	652
905	694
905	851
905	862
905	871
905	876
905	920
905	927
905	941
905	952
905	963
905	977
905	981
905	983
905	988
905	989
905	995
906	335
906	406
906	509
906	518
906	543
906	560
906	587
906	664
906	714
906	726
906	809
906	823
906	866
906	879
906	941
906	945
906	952
906	959
906	978
906	981
906	988
906	994
907	45
907	66
907	131
907	266
907	467
907	531
907	547
907	563
907	575
907	601
907	613
907	659
907	665
907	724
907	730
907	745
907	763
907	831
907	922
907	931
907	932
907	975
908	42
908	82
908	215
908	358
908	507
908	523
908	667
908	778
908	806
908	827
908	834
908	837
908	867
908	881
908	887
908	896
908	914
908	949
908	952
908	969
908	972
908	982
909	9
909	46
909	235
909	247
909	319
909	344
909	513
909	516
909	571
909	580
909	593
909	696
909	702
909	801
909	807
909	883
909	892
909	956
909	967
909	973
909	979
909	996
910	7
910	76
910	154
910	190
910	229
910	259
910	363
910	399
910	469
910	502
910	576
910	616
910	634
910	665
910	747
910	813
910	819
910	845
910	854
910	894
910	944
910	965
911	30
911	31
911	40
911	169
911	197
911	213
911	381
911	392
911	397
911	491
911	579
911	585
911	617
911	630
911	666
911	670
911	710
911	744
911	767
911	849
911	904
911	994
912	99
912	111
912	117
912	139
912	162
912	211
912	213
912	243
912	365
912	377
912	393
912	410
912	471
912	600
912	608
912	703
912	774
912	787
912	831
912	839
912	840
912	855
912	925
913	460
913	491
913	565
913	633
913	695
913	720
913	754
913	802
913	810
913	814
913	863
913	869
913	875
913	901
913	918
913	927
913	938
913	950
913	956
913	957
913	964
913	983
913	986
914	86
914	138
914	231
914	293
914	312
914	366
914	388
914	421
914	496
914	532
914	790
914	793
914	807
914	837
914	866
914	877
914	896
914	899
914	908
914	969
914	990
914	995
914	997
915	2
915	41
915	110
915	141
915	162
915	189
915	261
915	458
915	474
915	511
915	540
915	544
915	578
915	581
915	651
915	813
915	843
915	898
915	902
915	954
915	961
915	964
915	973
915	994
916	85
916	101
916	143
916	370
916	462
916	505
916	624
916	638
916	658
916	681
916	708
916	758
916	766
916	775
916	779
916	793
916	832
916	845
916	847
916	890
916	917
916	924
916	953
916	998
917	23
917	75
917	239
917	351
917	383
917	396
917	407
917	438
917	439
917	544
917	559
917	594
917	596
917	605
917	607
917	630
917	751
917	794
917	886
917	916
917	965
917	979
917	992
917	995
918	102
918	173
918	217
918	262
918	284
918	356
918	537
918	586
918	603
918	663
918	693
918	753
918	811
918	860
918	863
918	890
918	894
918	913
918	923
918	939
918	950
918	964
918	978
918	979
919	199
919	224
919	398
919	445
919	464
919	472
919	524
919	568
919	635
919	676
919	719
919	732
919	780
919	796
919	893
919	926
919	929
919	930
919	942
919	948
919	962
919	966
919	978
919	979
920	37
920	195
920	367
920	369
920	390
920	394
920	555
920	602
920	608
920	662
920	738
920	777
920	793
920	833
920	846
920	853
920	858
920	867
920	880
920	905
920	963
920	977
920	984
920	1000
921	147
921	193
921	248
921	283
921	313
921	354
921	355
921	446
921	519
921	610
921	645
921	707
921	826
921	836
921	850
921	882
921	891
921	931
921	946
921	955
921	958
921	971
921	991
921	998
922	497
922	571
922	674
922	728
922	756
922	822
922	876
922	892
922	907
922	927
922	935
922	938
922	949
922	956
922	967
922	968
922	970
922	972
922	974
922	975
922	980
922	982
922	983
922	996
922	999
923	34
923	102
923	173
923	217
923	262
923	284
923	356
923	373
923	529
923	537
923	586
923	603
923	663
923	693
923	772
923	798
923	811
923	837
923	860
923	863
923	918
923	950
923	964
923	978
923	979
924	134
924	255
924	370
924	462
924	505
924	624
924	638
924	656
924	658
924	680
924	681
924	682
924	758
924	766
924	775
924	793
924	832
924	834
924	845
924	890
924	916
924	953
924	985
924	987
924	998
925	68
925	96
925	99
925	111
925	116
925	117
925	211
925	243
925	365
925	393
925	456
925	471
925	576
925	608
925	703
925	723
925	748
925	774
925	787
925	831
925	840
925	855
925	912
925	950
925	995
926	386
926	398
926	464
926	472
926	495
926	524
926	542
926	568
926	635
926	676
926	699
926	719
926	732
926	780
926	796
926	862
926	886
926	893
926	919
926	929
926	930
926	942
926	948
926	966
926	978
927	54
927	83
927	104
927	107
927	155
927	334
927	619
927	626
927	627
927	760
927	798
927	803
927	810
927	822
927	824
927	851
927	876
927	877
927	905
927	913
927	922
927	938
927	983
927	990
927	992
927	996
928	201
928	306
928	394
928	437
928	613
928	632
928	675
928	713
928	722
928	825
928	838
928	859
928	870
928	874
928	897
928	903
928	935
928	945
928	958
928	968
928	973
928	975
928	995
928	998
928	999
928	1000
929	92
929	290
929	389
929	398
929	411
929	434
929	472
929	498
929	568
929	635
929	676
929	699
929	708
929	719
929	732
929	860
929	893
929	919
929	926
929	930
929	942
929	948
929	966
929	978
929	979
929	990
930	149
930	277
930	290
930	376
930	442
930	464
930	472
930	498
930	524
930	635
930	676
930	699
930	708
930	719
930	732
930	780
930	796
930	886
930	893
930	919
930	926
930	929
930	942
930	948
930	966
930	978
931	63
931	73
931	95
931	101
931	467
931	575
931	609
931	613
931	694
931	700
931	724
931	838
931	888
931	890
931	891
931	907
931	921
931	946
931	955
931	960
931	970
931	971
931	977
931	980
931	984
931	989
932	45
932	59
932	66
932	123
932	131
932	266
932	351
932	381
932	467
932	547
932	563
932	575
932	601
932	613
932	659
932	665
932	724
932	730
932	745
932	763
932	769
932	807
932	831
932	894
932	907
932	992
933	60
933	125
933	144
933	182
933	195
933	241
933	348
933	444
933	485
933	489
933	614
933	655
933	678
933	711
933	751
933	773
933	789
933	848
933	864
933	885
933	940
933	973
933	978
933	981
933	985
933	991
934	21
934	202
934	287
934	339
934	368
934	423
934	475
934	552
934	592
934	622
934	639
934	692
934	715
934	788
934	800
934	805
934	847
934	863
934	869
934	875
934	883
934	943
934	957
934	960
934	970
934	986
934	997
935	97
935	150
935	391
935	431
935	632
935	675
935	712
935	713
935	825
935	838
935	870
935	877
935	888
935	897
935	903
935	922
935	928
935	945
935	958
935	968
935	969
935	971
935	973
935	975
935	996
935	999
935	1000
936	4
936	72
936	78
936	106
936	126
936	289
936	291
936	297
936	302
936	374
936	403
936	445
936	482
936	487
936	490
936	501
936	687
936	760
936	770
936	777
936	852
936	859
936	947
936	968
936	987
937	90
937	164
937	216
937	267
937	287
937	296
937	325
937	328
937	333
937	427
937	468
937	515
937	521
937	618
937	628
937	660
937	686
937	782
937	791
937	865
937	944
937	962
937	969
937	974
937	976
937	987
937	1000
938	54
938	83
938	100
938	104
938	107
938	334
938	611
938	619
938	626
938	627
938	753
938	760
938	798
938	803
938	810
938	822
938	824
938	851
938	876
938	877
938	913
938	922
938	927
938	939
938	983
938	992
938	996
939	227
939	249
939	360
939	396
939	405
939	432
939	451
939	478
939	562
939	589
939	605
939	692
939	708
939	731
939	794
939	811
939	822
939	851
939	863
939	876
939	918
939	938
939	943
939	950
939	964
939	983
939	1000
940	61
940	144
940	181
940	182
940	226
940	241
940	269
940	308
940	341
940	348
940	359
940	485
940	489
940	614
940	655
940	711
940	773
940	789
940	848
940	862
940	864
940	885
940	933
940	985
940	987
940	989
940	991
940	997
941	20
941	26
941	238
941	256
941	335
941	492
941	509
941	518
941	587
941	605
941	664
941	714
941	726
941	739
941	809
941	818
941	823
941	856
941	866
941	879
941	905
941	906
941	952
941	959
941	981
941	987
941	988
941	994
942	264
942	265
942	290
942	352
942	389
942	398
942	472
942	498
942	524
942	568
942	635
942	676
942	699
942	719
942	732
942	751
942	780
942	796
942	862
942	893
942	919
942	926
942	929
942	930
942	948
942	966
942	967
942	979
943	57
943	156
943	244
943	273
943	282
943	311
943	339
943	346
943	381
943	415
943	423
943	478
943	483
943	589
943	623
943	654
943	692
943	709
943	716
943	731
943	737
943	771
943	792
943	810
943	815
943	820
943	934
943	939
943	969
944	368
944	397
944	435
944	469
944	549
944	616
944	629
944	656
944	660
944	670
944	721
944	791
944	792
944	819
944	847
944	849
944	869
944	875
944	880
944	904
944	910
944	937
944	957
944	962
944	974
944	976
944	986
944	996
944	1000
945	172
945	179
945	205
945	306
945	391
945	437
945	528
945	632
945	675
945	712
945	713
945	722
945	762
945	825
945	838
945	870
945	874
945	897
945	903
945	906
945	928
945	935
945	958
945	968
945	975
945	994
945	995
945	998
945	999
946	98
946	147
946	174
946	193
946	248
946	283
946	313
946	354
946	355
946	446
946	519
946	610
946	645
946	707
946	788
946	813
946	826
946	836
946	850
946	882
946	921
946	931
946	955
946	957
946	967
946	971
946	998
947	4
947	72
947	78
947	106
947	126
947	289
947	291
947	297
947	302
947	374
947	403
947	410
947	445
947	452
947	482
947	487
947	490
947	495
947	501
947	687
947	760
947	770
947	777
947	852
947	859
947	886
947	895
947	904
947	936
948	149
948	290
948	389
948	398
948	442
948	464
948	472
948	498
948	524
948	568
948	626
948	635
948	676
948	698
948	699
948	719
948	732
948	780
948	796
948	862
948	893
948	900
948	919
948	926
948	929
948	930
948	942
948	966
948	978
948	979
949	25
949	47
949	89
949	220
949	263
949	315
949	326
949	330
949	433
949	436
949	450
949	506
949	542
949	570
949	649
949	674
949	728
949	740
949	786
949	799
949	828
949	841
949	861
949	873
949	887
949	908
949	922
949	972
949	982
949	1000
950	34
950	58
950	173
950	217
950	284
950	356
950	373
950	537
950	556
950	567
950	586
950	603
950	663
950	665
950	693
950	737
950	761
950	811
950	849
950	860
950	863
950	894
950	913
950	918
950	923
950	925
950	939
950	964
950	978
950	979
951	135
951	279
951	311
951	366
951	455
951	496
951	512
951	539
951	606
951	637
951	646
951	671
951	673
951	679
951	685
951	698
951	785
951	798
951	808
951	829
951	837
951	844
951	867
951	881
951	896
951	899
951	969
951	979
951	993
951	995
951	997
952	26
952	59
952	112
952	178
952	238
952	256
952	406
952	492
952	509
952	518
952	543
952	560
952	587
952	642
952	664
952	726
952	739
952	809
952	818
952	823
952	866
952	879
952	905
952	906
952	908
952	941
952	959
952	981
952	988
952	994
952	995
953	66
953	85
953	94
953	101
953	134
953	143
953	184
953	224
953	255
953	336
953	370
953	462
953	505
953	624
953	638
953	656
953	658
953	680
953	681
953	688
953	758
953	766
953	775
953	779
953	793
953	832
953	845
953	890
953	916
953	924
953	998
954	2
954	41
954	44
954	78
954	110
954	141
954	162
954	169
954	188
954	189
954	261
954	381
954	407
954	458
954	474
954	511
954	544
954	578
954	581
954	651
954	666
954	678
954	742
954	813
954	843
954	898
954	902
954	915
954	961
954	963
954	973
954	994
955	98
955	147
955	155
955	174
955	193
955	248
955	283
955	313
955	354
955	355
955	446
955	519
955	608
955	610
955	621
955	645
955	707
955	813
955	826
955	836
955	850
955	882
955	921
955	931
955	946
955	971
955	987
955	991
955	998
956	5
956	8
956	9
956	46
956	51
956	171
956	235
956	247
956	319
956	344
956	353
956	434
956	513
956	516
956	564
956	571
956	580
956	593
956	696
956	702
956	737
956	790
956	801
956	892
956	909
956	913
956	922
956	967
956	979
956	996
957	15
957	93
957	108
957	136
957	234
957	246
957	251
957	268
957	270
957	361
957	401
957	481
957	500
957	561
957	698
957	704
957	729
957	742
957	760
957	798
957	847
957	858
957	869
957	875
957	913
957	934
957	944
957	946
957	965
957	969
957	986
957	993
958	97
958	152
958	172
958	272
958	306
958	391
958	431
958	437
958	528
958	632
958	633
958	712
958	713
958	722
958	825
958	838
958	859
958	870
958	877
958	897
958	903
958	921
958	928
958	935
958	945
958	968
958	969
958	975
958	995
958	998
958	999
958	1000
959	112
959	178
959	238
959	256
959	320
959	335
959	406
959	473
959	492
959	509
959	518
959	543
959	549
959	559
959	560
959	642
959	664
959	714
959	726
959	739
959	809
959	818
959	823
959	866
959	879
959	887
959	906
959	941
959	952
959	981
959	988
959	994
960	1
960	13
960	35
960	207
960	270
960	286
960	314
960	385
960	402
960	425
960	477
960	497
960	526
960	629
960	736
960	756
960	765
960	769
960	800
960	805
960	821
960	835
960	850
960	854
960	861
960	883
960	891
960	902
960	931
960	934
960	970
960	980
961	2
961	41
961	44
961	110
961	132
961	141
961	162
961	188
961	189
961	261
961	303
961	458
961	474
961	511
961	544
961	556
961	578
961	581
961	587
961	651
961	666
961	742
961	813
961	843
961	846
961	873
961	898
961	902
961	915
961	954
961	973
961	994
961	997
962	43
962	90
962	164
962	208
962	287
962	296
962	325
962	328
962	333
962	426
962	427
962	468
962	618
962	628
962	656
962	660
962	665
962	686
962	730
962	782
962	791
962	793
962	858
962	865
962	877
962	901
962	919
962	937
962	944
962	969
962	974
962	976
962	982
962	987
963	73
963	74
963	84
963	132
963	298
963	369
963	372
963	390
963	394
963	476
963	517
963	555
963	574
963	602
963	650
963	662
963	688
963	689
963	713
963	738
963	750
963	833
963	846
963	853
963	858
963	880
963	905
963	920
963	954
963	977
963	984
963	987
963	989
963	1000
964	34
964	58
964	102
964	173
964	217
964	262
964	284
964	331
964	356
964	373
964	452
964	537
964	586
964	598
964	603
964	663
964	665
964	693
964	737
964	761
964	798
964	811
964	826
964	860
964	863
964	894
964	913
964	915
964	918
964	923
964	939
964	950
964	978
964	979
965	18
965	105
965	225
965	228
965	246
965	281
965	363
965	373
965	375
965	396
965	399
965	401
965	469
965	481
965	545
965	559
965	616
965	625
965	683
965	707
965	734
965	747
965	841
965	869
965	877
965	878
965	900
965	910
965	917
965	957
965	979
965	986
965	993
965	998
966	71
966	92
966	140
966	340
966	342
966	353
966	383
966	389
966	398
966	442
966	464
966	472
966	498
966	524
966	568
966	571
966	635
966	676
966	699
966	719
966	732
966	751
966	780
966	796
966	886
966	893
966	919
966	926
966	929
966	930
966	942
966	948
966	978
966	979
967	5
967	8
967	9
967	46
967	51
967	135
967	210
967	235
967	247
967	319
967	344
967	353
967	407
967	434
967	499
967	513
967	516
967	571
967	580
967	593
967	696
967	702
967	737
967	790
967	801
967	892
967	909
967	922
967	942
967	946
967	956
967	972
967	979
967	996
968	150
968	205
968	272
968	306
968	391
968	431
968	437
968	528
968	632
968	634
968	675
968	712
968	722
968	723
968	761
968	788
968	825
968	838
968	870
968	877
968	897
968	903
968	922
968	928
968	935
968	936
968	945
968	958
968	969
968	973
968	975
968	998
968	999
968	1000
969	274
969	366
969	421
969	503
969	515
969	527
969	561
969	637
969	791
969	817
969	837
969	847
969	869
969	870
969	875
969	896
969	899
969	903
969	908
969	914
969	935
969	937
969	943
969	951
969	957
969	958
969	962
969	968
969	970
969	974
969	976
969	986
969	993
969	999
970	1
970	13
970	29
970	185
970	286
970	307
970	314
970	366
970	385
970	402
970	425
970	477
970	497
970	526
970	570
970	593
970	736
970	756
970	765
970	769
970	800
970	805
970	821
970	831
970	835
970	854
970	861
970	883
970	891
970	922
970	931
970	934
970	960
970	969
970	980
971	28
971	39
971	98
971	113
971	147
971	171
971	174
971	177
971	193
971	248
971	276
971	283
971	313
971	331
971	351
971	354
971	355
971	446
971	500
971	519
971	610
971	645
971	707
971	813
971	826
971	836
971	850
971	882
971	921
971	931
971	935
971	946
971	955
971	974
971	998
972	57
972	192
972	220
972	224
972	257
972	263
972	301
972	315
972	326
972	330
972	433
972	436
972	450
972	542
972	570
972	649
972	674
972	692
972	701
972	728
972	740
972	751
972	786
972	799
972	807
972	828
972	865
972	873
972	887
972	908
972	922
972	949
972	967
972	982
972	1000
973	128
973	237
973	265
973	310
973	324
973	556
973	776
973	778
973	806
973	812
973	827
973	834
973	843
973	864
973	885
973	886
973	897
973	898
973	902
973	909
973	915
973	928
973	933
973	935
973	954
973	961
973	968
973	975
973	984
973	985
973	991
973	992
973	997
973	999
974	43
974	90
974	164
974	208
974	267
974	287
974	296
974	325
974	328
974	333
974	426
974	427
974	468
974	515
974	618
974	628
974	660
974	665
974	686
974	751
974	782
974	791
974	793
974	831
974	858
974	865
974	874
974	922
974	937
974	944
974	962
974	969
974	971
974	976
974	987
974	991
975	179
975	205
975	231
975	272
975	292
975	391
975	431
975	432
975	437
975	528
975	576
975	632
975	657
975	675
975	712
975	713
975	722
975	793
975	825
975	838
975	870
975	874
975	897
975	903
975	907
975	922
975	928
975	935
975	945
975	958
975	968
975	973
975	995
975	998
975	999
975	1000
976	43
976	90
976	164
976	208
976	267
976	287
976	296
976	328
976	426
976	427
976	434
976	468
976	495
976	515
976	618
976	628
976	660
976	686
976	730
976	734
976	739
976	751
976	782
976	783
976	791
976	831
976	858
976	865
976	874
976	877
976	937
976	944
976	962
976	969
976	974
976	987
977	37
977	84
977	210
977	225
977	240
977	372
977	390
977	394
977	424
977	476
977	517
977	555
977	574
977	602
977	647
977	650
977	662
977	669
977	688
977	689
977	733
977	738
977	793
977	833
977	846
977	853
977	880
977	905
977	920
977	931
977	963
977	984
977	987
977	989
977	990
977	994
977	1000
978	50
978	250
978	329
978	430
978	525
978	569
978	591
978	597
978	697
978	711
978	725
978	741
978	783
978	789
978	795
978	811
978	822
978	844
978	863
978	864
978	906
978	918
978	919
978	923
978	926
978	929
978	930
978	933
978	948
978	950
978	964
978	966
978	979
978	985
978	991
978	992
979	18
979	38
979	105
979	247
979	249
979	281
979	386
979	416
979	422
979	432
979	438
979	513
979	545
979	663
979	702
979	794
979	796
979	801
979	860
979	863
979	886
979	909
979	917
979	918
979	919
979	923
979	929
979	942
979	948
979	950
979	951
979	956
979	964
979	965
979	966
979	967
979	978
979	992
979	993
980	1
980	13
980	29
980	35
980	185
980	207
980	270
980	271
980	286
980	314
980	385
980	402
980	425
980	477
980	497
980	526
980	533
980	581
980	608
980	736
980	756
980	765
980	769
980	794
980	800
980	805
980	821
980	831
980	835
980	854
980	861
980	883
980	886
980	891
980	922
980	931
980	960
980	970
980	1000
981	20
981	26
981	112
981	178
981	238
981	256
981	320
981	335
981	390
981	406
981	407
981	492
981	509
981	518
981	543
981	560
981	587
981	642
981	664
981	714
981	726
981	739
981	760
981	790
981	809
981	813
981	818
981	823
981	866
981	879
981	905
981	906
981	933
981	941
981	952
981	959
981	985
981	988
981	994
982	25
982	47
982	191
982	192
982	220
982	257
982	263
982	292
982	301
982	303
982	315
982	326
982	330
982	433
982	436
982	450
982	542
982	570
982	649
982	656
982	674
982	701
982	728
982	740
982	741
982	751
982	786
982	799
982	807
982	828
982	873
982	887
982	908
982	922
982	949
982	962
982	972
982	991
982	1000
983	49
983	54
983	71
983	83
983	100
983	104
983	107
983	132
983	155
983	292
983	334
983	336
983	499
983	619
983	626
983	627
983	665
983	709
983	737
983	753
983	754
983	760
983	798
983	803
983	810
983	822
983	824
983	851
983	859
983	876
983	877
983	905
983	913
983	922
983	927
983	938
983	939
983	992
983	993
984	73
984	74
984	95
984	115
984	187
984	240
984	298
984	367
984	369
984	372
984	394
984	424
984	476
984	517
984	555
984	574
984	647
984	650
984	688
984	689
984	733
984	738
984	751
984	790
984	833
984	846
984	853
984	858
984	880
984	886
984	920
984	931
984	963
984	973
984	977
984	987
984	989
984	990
984	1000
985	50
985	56
985	61
985	125
985	144
985	181
985	182
985	226
985	241
985	264
985	269
985	348
985	352
985	359
985	444
985	485
985	489
985	566
985	576
985	614
985	647
985	655
985	678
985	680
985	711
985	773
985	789
985	848
985	864
985	885
985	924
985	933
985	940
985	973
985	978
985	981
985	987
985	991
985	997
986	15
986	59
986	89
986	93
986	108
986	136
986	234
986	246
986	251
986	268
986	352
986	361
986	400
986	401
986	403
986	434
986	481
986	500
986	561
986	665
986	704
986	729
986	742
986	760
986	798
986	832
986	847
986	858
986	869
986	871
986	875
986	913
986	934
986	944
986	957
986	965
986	969
986	987
986	993
987	73
987	614
987	628
987	643
987	655
987	662
987	681
987	682
987	689
987	695
987	705
987	758
987	762
987	779
987	789
987	791
987	814
987	832
987	865
987	885
987	890
987	901
987	924
987	936
987	937
987	940
987	941
987	955
987	962
987	963
987	974
987	976
987	977
987	984
987	985
987	986
987	989
987	991
987	993
987	1000
988	20
988	26
988	39
988	112
988	140
988	150
988	238
988	256
988	320
988	335
988	406
988	492
988	509
988	518
988	543
988	560
988	587
988	642
988	664
988	678
988	714
988	725
988	726
988	739
988	760
988	790
988	800
988	809
988	818
988	823
988	866
988	879
988	883
988	905
988	906
988	941
988	952
988	959
988	981
988	994
989	37
989	58
989	84
989	95
989	115
989	187
989	240
989	298
989	369
989	372
989	390
989	394
989	446
989	476
989	517
989	555
989	574
989	602
989	647
989	650
989	662
989	666
989	688
989	689
989	733
989	738
989	793
989	833
989	846
989	853
989	858
989	875
989	880
989	905
989	931
989	940
989	963
989	977
989	984
989	987
989	1000
990	115
990	137
990	138
990	199
990	230
990	244
990	294
990	338
990	372
990	384
990	421
990	430
990	478
990	483
990	496
990	510
990	517
990	536
990	548
990	573
990	588
990	589
990	623
990	636
990	654
990	689
990	716
990	755
990	759
990	820
990	837
990	846
990	884
990	895
990	899
990	914
990	927
990	929
990	977
990	984
990	992
990	997
991	28
991	50
991	56
991	61
991	125
991	144
991	177
991	181
991	182
991	226
991	232
991	244
991	264
991	269
991	340
991	348
991	359
991	375
991	444
991	489
991	655
991	680
991	711
991	773
991	789
991	790
991	848
991	862
991	864
991	873
991	885
991	921
991	933
991	940
991	955
991	973
991	974
991	978
991	982
991	985
991	987
991	997
992	24
992	75
992	217
992	239
992	278
992	420
992	443
992	447
992	486
992	525
992	535
992	548
992	604
992	607
992	630
992	636
992	685
992	741
992	754
992	755
992	759
992	764
992	776
992	783
992	794
992	803
992	822
992	824
992	851
992	872
992	876
992	884
992	886
992	895
992	917
992	927
992	932
992	938
992	973
992	978
992	979
992	983
992	990
993	105
993	124
993	192
993	218
993	228
993	234
993	246
993	274
993	281
993	318
993	364
993	386
993	470
993	495
993	503
993	512
993	523
993	561
993	566
993	606
993	643
993	673
993	695
993	705
993	709
993	743
993	754
993	762
993	814
993	817
993	847
993	867
993	881
993	886
993	901
993	951
993	957
993	965
993	969
993	979
993	983
993	986
993	987
994	91
994	212
994	304
994	392
994	404
994	491
994	521
994	522
994	549
994	612
994	641
994	651
994	670
994	727
994	737
994	744
994	750
994	760
994	767
994	781
994	787
994	818
994	823
994	843
994	855
994	898
994	902
994	904
994	906
994	911
994	915
994	941
994	945
994	952
994	954
994	959
994	961
994	977
994	981
994	988
994	995
995	23
995	91
995	212
995	218
995	225
995	232
995	233
995	383
995	395
995	439
995	461
995	470
995	521
995	527
995	596
995	599
995	606
995	630
995	631
995	641
995	652
995	672
995	813
995	817
995	827
995	838
995	871
995	886
995	897
995	903
995	905
995	914
995	917
995	925
995	928
995	945
995	951
995	952
995	958
995	975
995	994
995	997
995	999
996	22
996	76
996	77
996	157
996	190
996	242
996	285
996	318
996	319
996	345
996	347
996	363
996	399
996	413
996	453
996	529
996	541
996	550
996	553
996	572
996	580
996	590
996	598
996	608
996	611
996	640
996	690
996	702
996	706
996	721
996	752
996	801
996	813
996	857
996	868
996	870
996	889
996	892
996	909
996	922
996	927
996	935
996	938
996	944
996	956
996	967
997	59
997	64
997	132
997	218
997	219
997	292
997	300
997	366
997	382
997	416
997	461
997	527
997	532
997	539
997	546
997	552
997	592
997	595
997	606
997	622
997	635
997	648
997	650
997	656
997	711
997	723
997	773
997	777
997	789
997	797
997	817
997	831
997	837
997	848
997	864
997	867
997	896
997	899
997	914
997	934
997	940
997	951
997	961
997	973
997	985
997	990
997	991
997	995
998	10
998	118
998	158
998	203
998	222
998	233
998	236
998	421
998	448
998	488
998	564
998	604
998	631
998	652
998	672
998	680
998	685
998	707
998	717
998	758
998	764
998	766
998	779
998	792
998	826
998	832
998	836
998	845
998	846
998	850
998	871
998	882
998	890
998	897
998	903
998	916
998	921
998	924
998	928
998	945
998	946
998	953
998	955
998	958
998	965
998	968
998	971
998	975
998	999
999	97
999	150
999	172
999	179
999	205
999	272
999	306
999	311
999	352
999	391
999	400
999	431
999	437
999	502
999	522
999	528
999	550
999	576
999	632
999	664
999	675
999	712
999	713
999	722
999	723
999	761
999	776
999	793
999	811
999	821
999	825
999	838
999	859
999	870
999	895
999	897
999	903
999	922
999	928
999	935
999	945
999	958
999	968
999	969
999	973
999	975
999	995
999	998
999	1000
1000	12
1000	57
1000	71
1000	127
1000	183
1000	221
1000	227
1000	275
1000	315
1000	360
1000	422
1000	435
1000	473
1000	562
1000	574
1000	607
1000	621
1000	629
1000	649
1000	701
1000	726
1000	733
1000	740
1000	775
1000	792
1000	828
1000	870
1000	880
1000	887
1000	897
1000	903
1000	920
1000	928
1000	935
1000	937
1000	939
1000	944
1000	949
1000	958
1000	963
1000	968
1000	972
1000	975
1000	977
1000	980
1000	982
1000	984
1000	987
1000	989
1000	999
