1	395
1	806
1	953
1	976
1	999
1	1000
2	325
2	482
2	704
2	884
3	880
3	923
3	937
3	979
4	806
4	836
4	902
4	926
5	615
5	734
5	870
5	874
6	438
6	784
6	848
6	854
7	955
7	960
7	967
7	976
8	972
8	985
8	986
8	990
9	770
9	842
9	849
9	892
10	52
10	980
10	985
10	993
11	463
11	973
11	984
12	684
12	808
12	870
12	874
13	882
13	895
13	908
13	924
14	668
14	785
14	805
14	868
15	338
15	347
15	351
15	694
16	800
16	898
16	924
16	929
16	949
16	998
17	154
17	598
17	720
17	768
18	605
18	675
18	894
18	912
18	916
18	929
18	970
19	881
19	885
19	912
19	973
19	998
20	63
20	811
20	907
20	922
21	103
21	516
21	958
21	983
22	631
22	720
22	768
22	983
23	649
23	672
23	814
23	864
24	713
24	746
24	850
24	860
25	511
25	880
25	923
25	937
26	490
26	718
26	892
26	985
27	927
27	957
27	969
27	999
28	750
28	788
28	822
28	862
29	840
29	895
29	908
29	924
30	866
30	893
30	984
30	1000
31	783
31	891
31	904
31	925
32	211
32	814
32	848
32	949
32	978
32	998
32	1000
33	699
33	904
33	965
33	972
33	1000
34	305
34	452
34	633
34	892
35	495
35	861
35	893
35	949
36	981
36	991
36	997
36	1000
37	888
37	896
37	903
37	999
38	906
38	964
38	977
38	992
39	83
39	368
39	504
39	675
40	419
40	529
40	735
40	766
41	721
41	769
41	831
41	945
42	338
42	347
42	454
42	694
43	519
43	934
43	965
43	978
44	372
44	671
44	754
44	958
45	975
45	980
45	985
45	993
46	499
46	784
46	848
46	854
47	654
47	757
47	871
47	877
48	128
48	695
48	769
48	831
49	654
49	757
49	871
49	877
50	398
50	521
50	740
50	883
51	159
51	377
51	614
51	710
52	10
52	911
52	917
52	929
53	846
53	856
53	861
53	949
54	800
54	857
54	890
54	921
55	281
55	651
55	817
55	922
56	132
56	757
56	871
56	877
57	715
57	847
57	930
57	951
58	709
58	857
58	890
58	921
59	707
59	708
59	881
59	988
60	651
60	817
60	919
60	922
61	346
61	512
61	829
61	898
62	340
62	633
62	883
62	892
63	20
63	651
63	907
63	919
64	853
64	912
64	930
64	990
64	992
64	999
65	302
65	437
65	865
65	943
66	585
66	771
66	835
66	995
67	419
67	735
67	743
67	766
68	637
68	901
68	934
68	950
69	959
69	964
69	977
69	992
70	609
70	857
70	890
70	921
71	526
71	561
71	588
71	772
72	981
72	991
72	997
72	1000
73	200
73	908
73	921
73	992
73	999
74	382
74	689
74	690
74	853
75	619
75	708
75	943
75	1000
76	706
76	789
76	842
76	849
77	803
77	987
77	989
77	998
78	501
78	980
78	985
78	993
79	692
79	770
79	842
79	849
80	192
80	663
80	802
80	940
81	856
81	861
81	893
81	949
82	901
82	931
82	934
82	950
83	39
83	504
83	675
83	936
84	627
84	670
84	884
84	915
85	963
85	991
85	997
85	1000
86	505
86	649
86	672
86	814
87	285
87	507
87	761
87	963
88	328
88	621
88	973
88	984
89	725
89	973
89	984
89	988
90	400
90	493
90	965
90	978
91	539
91	810
91	922
91	974
92	799
92	857
92	890
92	921
93	130
93	655
93	690
93	853
94	156
94	159
94	356
94	996
95	397
95	528
95	532
95	791
96	645
96	884
96	973
96	984
97	723
97	767
97	869
97	974
98	616
98	785
98	805
98	868
99	651
99	750
99	862
99	988
100	236
100	398
100	521
100	658
101	853
101	904
101	915
101	977
101	984
102	975
102	980
102	985
102	993
103	21
103	516
103	647
103	665
104	422
104	442
104	595
104	867
105	798
105	864
105	965
105	978
106	577
106	697
106	841
106	885
107	524
107	528
107	532
107	791
108	955
108	960
108	967
108	976
109	294
109	521
109	597
109	658
110	608
110	930
110	951
110	995
111	132
111	185
111	918
111	996
112	127
112	838
112	943
112	953
113	546
113	623
113	830
113	902
114	642
114	773
114	793
114	996
115	942
115	957
115	969
115	999
116	278
116	944
116	972
116	990
117	474
117	558
117	611
117	620
118	778
118	964
118	977
118	992
119	909
119	914
119	916
119	965
120	947
120	961
120	966
120	970
121	717
121	960
121	967
121	976
122	534
122	785
122	805
122	868
123	982
123	987
123	989
123	998
124	805
124	868
124	934
125	981
125	991
125	997
125	1000
126	348
126	467
126	486
126	771
127	112
127	748
127	965
127	978
128	48
128	931
128	934
128	950
129	380
129	395
129	647
129	979
130	93
130	975
130	985
130	993
131	266
131	735
131	766
131	999
132	56
132	111
132	634
132	877
133	577
133	697
133	801
133	885
134	801
134	987
134	989
134	998
135	814
135	944
135	986
135	990
136	488
136	888
136	896
136	903
137	459
137	838
137	912
137	952
138	909
138	914
138	916
138	926
139	250
139	395
139	664
139	727
140	760
140	850
140	860
140	922
141	725
141	955
141	973
141	984
142	596
142	647
142	958
142	983
143	959
143	964
143	977
143	992
144	714
144	750
144	788
144	822
145	645
145	725
145	973
145	984
146	338
146	351
146	454
146	694
147	185
147	580
147	871
147	877
148	252
148	402
148	841
148	885
149	724
149	899
149	920
149	953
150	646
150	746
150	865
150	943
151	584
151	787
151	807
151	922
152	655
152	690
152	853
152	958
153	189
153	899
153	920
153	953
154	17
154	598
154	720
154	768
155	685
155	704
155	915
155	956
156	94
156	225
156	593
156	844
157	625
157	784
157	848
157	854
158	982
158	987
158	989
158	998
159	51
159	94
159	539
159	844
160	913
160	939
160	972
160	990
161	346
161	512
161	572
161	898
162	266
162	832
162	895
162	908
163	975
163	980
163	985
163	993
164	721
164	769
164	831
164	988
165	882
165	895
165	908
165	924
166	415
166	730
166	865
166	943
167	747
167	792
167	835
167	897
168	715
168	847
168	930
168	951
169	875
169	944
169	972
169	986
170	422
170	489
170	793
170	996
171	279
171	476
171	501
171	657
172	576
172	764
172	866
173	264
173	266
173	735
173	766
174	901
174	931
174	934
174	950
175	516
175	640
175	771
175	798
175	831
175	916
176	186
176	192
176	245
176	987
177	282
177	370
177	686
177	952
178	667
178	888
178	896
178	903
179	567
179	644
179	699
179	738
180	747
180	835
180	897
180	960
181	586
181	847
181	930
181	951
182	495
182	696
182	893
182	949
183	584
183	807
183	907
183	919
184	981
184	991
184	997
184	1000
185	111
185	147
185	804
185	877
186	176
186	242
186	243
186	592
187	449
187	697
187	885
187	889
188	399
188	810
188	907
188	922
189	153
189	429
189	649
189	814
190	927
190	938
190	957
190	999
191	257
191	526
191	588
191	772
192	80
192	176
192	242
192	243
193	196
193	671
193	719
193	971
194	458
194	670
194	884
194	915
195	735
195	814
195	856
195	925
195	966
196	193
196	372
196	671
196	688
197	975
197	980
197	985
197	993
198	450
198	888
198	896
198	903
199	869
199	977
199	978
199	996
200	73
200	348
200	771
200	775
201	676
201	796
201	835
201	897
202	878
202	909
202	914
202	916
203	901
203	931
203	934
203	950
204	917
204	975
204	980
204	993
205	356
205	367
205	593
205	844
206	785
206	805
206	868
206	968
207	286
207	595
207	611
207	620
208	328
208	572
208	973
208	984
209	955
209	960
209	967
209	976
210	303
210	567
210	609
210	738
211	32
211	891
211	904
211	925
212	880
212	931
212	934
212	950
213	360
213	478
213	682
213	971
214	456
214	606
214	774
214	971
215	942
215	957
215	969
215	999
216	274
216	415
216	637
216	943
217	747
217	792
217	835
217	897
218	575
218	953
218	973
218	984
219	748
219	864
219	965
219	978
220	909
220	914
220	916
220	992
221	535
221	767
221	919
221	970
221	1000
222	607
222	772
222	804
222	905
223	362
223	585
223	652
223	926
223	999
224	961
224	966
224	970
224	990
225	156
225	367
225	844
225	988
226	567
226	609
226	644
226	738
227	551
227	723
227	767
227	869
228	730
228	806
228	902
228	926
229	619
229	826
229	898
229	912
230	657
230	909
230	914
230	916
231	866
231	921
231	967
231	1000
232	507
232	520
232	677
232	761
233	739
233	899
233	920
233	953
234	676
234	796
234	835
234	897
235	237
235	763
235	801
235	885
236	100
236	398
236	658
236	775
237	235
237	716
237	929
237	994
238	825
238	972
238	986
238	990
239	513
239	603
239	663
239	773
240	937
240	980
240	985
240	993
241	286
241	525
241	611
241	620
242	186
242	192
242	243
242	245
243	186
243	192
243	242
243	940
244	585
244	606
244	719
244	958
245	176
245	242
245	665
245	940
245	975
246	933
246	947
246	961
246	966
246	970
247	554
247	614
247	710
247	958
247	979
248	589
248	830
248	836
248	902
248	926
249	642
249	652
249	892
249	951
249	958
249	966
249	976
250	139
250	455
250	727
250	824
250	994
251	843
251	920
251	953
251	958
251	996
252	148
252	424
252	449
252	841
252	885
253	472
253	740
253	857
253	890
253	921
254	715
254	847
254	848
254	930
254	951
255	488
255	520
255	615
255	677
255	761
256	557
256	844
256	866
256	869
256	898
256	983
257	191
257	313
257	538
257	588
257	772
258	713
258	947
258	961
258	966
258	970
259	748
259	864
259	944
259	965
259	978
260	875
260	900
260	911
260	917
260	929
261	357
261	478
261	682
261	828
261	905
262	852
262	878
262	909
262	914
262	916
263	665
263	703
263	888
263	896
263	903
264	173
264	419
264	735
264	766
264	939
265	933
265	947
265	961
265	966
265	970
266	131
266	162
266	173
266	419
266	766
267	655
267	690
267	830
267	853
267	859
268	823
268	959
268	964
268	977
268	992
269	554
269	795
269	862
269	869
269	912
269	998
269	1000
270	928
270	959
270	964
270	977
270	992
271	701
271	864
271	965
271	968
271	978
272	523
272	830
272	836
272	902
272	926
273	853
273	916
273	936
273	953
273	970
273	978
274	216
274	613
274	700
274	865
274	943
275	938
275	942
275	957
275	969
275	999
276	594
276	823
276	880
276	923
276	937
277	602
277	823
277	880
277	923
277	937
278	116
278	806
278	830
278	836
278	902
279	171
279	393
279	501
279	657
279	841
280	856
280	861
280	893
280	949
280	952
281	55
281	547
281	846
281	861
281	949
282	177
282	524
282	532
282	791
282	968
283	794
283	975
283	980
283	985
283	993
284	420
284	778
284	847
284	930
284	951
285	87
285	488
285	520
285	677
285	761
286	207
286	241
286	525
286	558
286	620
287	937
287	966
287	972
287	976
287	978
287	984
288	701
288	798
288	864
288	965
288	978
289	625
289	712
289	784
289	848
289	854
290	707
290	839
290	881
290	894
290	979
291	563
291	880
291	923
291	937
291	993
292	369
292	456
292	619
292	826
292	898
293	526
293	538
293	561
293	772
293	939
294	109
294	703
294	805
294	836
294	929
294	1000
295	695
295	721
295	769
295	831
296	791
296	885
296	903
296	915
296	989
296	999
296	1000
297	843
297	920
297	953
297	968
297	976
298	455
298	550
298	664
298	727
298	994
299	807
299	810
299	907
299	919
299	922
300	605
300	652
300	883
301	577
301	697
301	801
301	841
301	885
302	65
302	637
302	730
302	746
302	943
303	210
303	621
303	645
303	973
303	984
304	891
304	975
304	980
304	985
304	993
305	34
305	490
305	633
305	718
305	892
306	852
306	878
306	909
306	914
306	916
307	429
307	505
307	649
307	672
307	814
308	520
308	900
308	911
308	917
308	929
309	615
309	684
309	808
309	870
309	874
310	803
310	846
310	856
310	893
310	949
311	639
311	823
311	880
311	923
311	937
312	492
312	695
312	721
312	769
312	831
313	257
313	942
313	957
313	969
313	999
314	557
314	670
314	704
314	884
314	915
315	498
315	576
315	685
315	884
315	915
316	714
316	788
316	822
316	862
316	995
317	688
317	719
317	728
317	754
317	883
318	591
318	901
318	931
318	934
318	950
319	812
319	891
319	904
319	925
319	974
320	933
320	947
320	961
320	966
320	970
321	382
321	655
321	690
321	853
321	958
322	831
322	862
322	924
322	934
322	980
322	992
323	345
323	536
323	656
323	718
323	892
324	702
324	856
324	893
324	927
324	949
325	2
325	343
325	381
325	685
325	884
326	703
326	888
326	896
326	903
326	961
327	431
327	710
327	788
327	822
327	862
328	88
328	208
328	375
328	973
328	984
329	559
329	572
329	733
329	973
329	984
330	395
330	844
330	866
330	903
330	915
330	966
331	593
331	981
331	991
331	997
331	1000
332	623
332	733
332	973
332	984
332	994
333	832
333	840
333	882
333	908
333	924
334	936
334	981
334	991
334	997
334	1000
335	625
335	784
335	848
335	854
335	993
336	503
336	888
336	896
336	903
336	951
337	778
337	821
337	930
337	951
338	15
338	42
338	146
338	454
338	694
339	369
339	512
339	641
339	826
339	898
340	62
340	452
340	718
340	892
340	923
341	963
341	975
341	980
341	985
341	993
342	346
342	682
342	813
342	826
342	898
343	325
343	576
343	610
343	884
343	989
344	507
344	823
344	880
344	923
344	937
345	323
345	536
345	582
345	718
345	892
346	61
346	161
346	342
346	550
346	898
347	15
347	42
347	694
347	704
347	802
348	126
348	200
348	771
348	898
348	995
349	393
349	423
349	476
349	501
349	657
350	660
350	796
350	984
350	992
350	998
351	15
351	146
351	454
351	694
351	975
352	607
352	729
352	757
352	804
352	871
353	605
353	854
353	891
353	921
353	986
353	1000
354	826
354	838
354	892
354	937
354	951
354	953
354	978
355	387
355	761
355	950
355	990
355	999
356	94
356	205
356	367
356	809
356	996
357	261
357	360
357	478
357	682
357	905
358	812
358	824
358	891
358	904
358	925
359	542
359	748
359	798
359	965
359	978
360	213
360	357
360	474
360	478
360	682
361	928
361	959
361	964
361	977
361	992
362	223
362	704
362	884
362	915
362	974
363	766
363	938
363	957
363	969
363	999
364	610
364	652
364	738
364	869
364	976
364	1000
365	447
365	663
365	749
365	793
365	847
366	486
366	585
366	600
366	771
366	995
367	205
367	225
367	356
367	844
367	988
368	39
368	504
368	675
368	755
368	756
369	292
369	339
369	425
369	826
369	898
370	177
370	392
370	641
370	952
370	998
371	781
371	901
371	931
371	934
371	950
372	44
372	196
372	688
372	754
372	958
373	572
373	725
373	909
373	973
373	984
374	686
374	687
374	688
374	719
374	754
375	328
375	973
375	984
375	988
375	994
376	672
376	746
376	894
376	949
376	950
376	973
376	999
377	51
377	460
377	614
377	710
377	958
378	878
378	909
378	914
378	916
378	981
379	812
379	876
379	891
379	904
379	925
380	129
380	395
380	664
380	771
380	994
381	325
381	498
381	610
381	688
381	915
382	74
382	321
382	655
382	690
382	853
383	425
383	739
383	899
383	920
383	953
384	562
384	854
384	914
384	978
384	993
384	997
384	999
385	879
385	959
385	964
385	977
385	992
386	510
386	695
386	721
386	769
386	831
387	355
387	516
387	665
387	958
387	983
388	696
388	749
388	846
388	893
388	949
389	959
389	982
389	987
389	989
389	998
390	756
390	857
390	890
390	921
390	996
391	694
391	926
391	976
391	993
391	999
392	370
392	652
392	831
392	841
392	860
392	869
392	888
393	279
393	349
393	423
393	476
393	657
394	598
394	631
394	720
394	768
394	955
394	956
395	1
395	129
395	139
395	330
395	380
395	664
396	424
396	577
396	697
396	801
396	841
396	885
397	95
397	514
397	524
397	640
397	789
397	791
398	50
398	100
398	236
398	521
398	658
398	956
399	188
399	506
399	807
399	907
399	919
399	922
400	90
400	927
400	942
400	957
400	969
400	999
401	801
401	802
401	853
401	892
401	924
401	970
402	148
402	697
402	801
402	841
402	885
402	992
403	676
403	747
403	753
403	792
403	897
403	970
404	630
404	684
404	734
404	808
404	870
404	874
405	499
405	625
405	784
405	848
405	854
405	987
406	698
406	933
406	947
406	961
406	966
406	970
407	713
407	760
407	763
407	850
407	860
407	920
408	473
408	500
408	541
408	764
408	866
408	954
409	827
409	962
409	982
409	987
409	989
409	998
410	416
410	533
410	609
410	644
410	699
410	738
411	677
411	696
411	846
411	861
411	893
411	949
412	739
412	850
412	899
412	920
412	953
412	994
413	872
413	887
413	901
413	931
413	934
413	950
414	675
414	885
414	912
414	925
414	954
414	978
414	992
415	166
415	216
415	700
415	746
415	865
415	943
416	410
416	521
416	675
416	699
416	953
416	993
417	849
417	963
417	975
417	980
417	985
417	993
418	935
418	941
418	944
418	972
418	986
418	990
419	40
419	67
419	264
419	266
419	735
419	766
420	284
420	635
420	821
420	829
420	930
420	951
421	606
421	671
421	687
421	719
421	754
421	820
422	104
422	170
422	603
422	663
422	671
422	996
423	349
423	393
423	458
423	513
423	657
423	908
424	252
424	396
424	449
424	801
424	841
424	885
425	369
425	383
425	497
425	813
425	826
425	898
426	925
426	933
426	947
426	961
426	966
426	970
427	551
427	591
427	723
427	767
427	869
427	974
428	716
428	747
428	792
428	796
428	835
428	897
429	189
429	307
429	505
429	649
429	672
429	814
430	765
430	843
430	899
430	920
430	953
430	1000
431	327
431	714
431	750
431	788
431	822
431	862
432	959
432	963
432	975
432	980
432	985
432	993
433	579
433	584
433	817
433	907
433	919
433	940
434	780
434	782
434	812
434	891
434	904
434	925
435	935
435	944
435	963
435	972
435	986
435	990
436	684
436	714
436	750
436	788
436	822
436	862
437	65
437	630
437	808
437	870
437	874
437	956
438	6
438	806
438	836
438	902
438	926
438	988
439	479
439	608
439	635
439	715
439	930
439	951
440	860
440	868
440	951
440	966
440	978
440	997
441	652
441	766
441	772
441	868
441	965
441	984
442	104
442	447
442	489
442	556
442	793
442	956
443	514
443	530
443	814
443	866
443	953
443	999
444	727
444	740
444	907
444	925
444	937
444	995
445	739
445	765
445	843
445	899
445	920
445	953
446	595
446	642
446	749
446	793
446	956
446	996
447	365
447	442
447	513
447	749
447	773
447	873
448	753
448	792
448	796
448	855
448	897
448	995
449	187
449	252
449	424
449	801
449	841
449	885
450	198
450	703
450	888
450	895
450	896
450	903
451	607
451	654
451	804
451	871
451	877
451	996
452	34
452	340
452	536
452	633
452	718
452	892
453	756
453	963
453	975
453	980
453	985
453	993
454	42
454	146
454	338
454	351
454	694
454	707
455	250
455	298
455	619
455	716
455	727
455	979
456	214
456	292
456	627
456	892
456	926
456	931
456	978
457	876
457	939
457	944
457	972
457	986
457	990
458	194
458	423
458	664
458	771
458	854
458	874
458	966
459	137
459	540
459	659
459	838
459	912
459	974
460	377
460	614
460	710
460	954
460	968
460	979
461	481
461	659
461	912
461	974
461	978
461	995
462	501
462	653
462	973
462	978
462	986
462	992
462	999
463	11
463	931
463	941
463	943
463	970
463	999
464	932
464	933
464	947
464	961
464	966
464	970
465	582
465	708
465	837
465	839
465	881
465	894
466	551
466	591
466	723
466	750
466	767
466	869
467	126
467	486
467	585
467	771
467	775
467	995
468	568
468	713
468	760
468	763
468	850
468	860
469	583
469	630
469	734
469	808
469	870
469	874
470	927
470	938
470	942
470	957
470	969
470	999
471	616
471	668
471	702
471	785
471	805
471	868
472	253
472	483
472	800
472	857
472	890
472	921
473	408
473	500
473	541
473	764
473	866
473	954
474	117
474	360
474	525
474	558
474	611
474	620
475	503
475	667
475	810
475	888
475	896
475	903
476	171
476	349
476	393
476	501
476	596
476	657
477	511
477	639
477	823
477	880
477	923
477	937
478	213
478	261
478	357
478	360
478	682
478	824
479	439
479	608
479	821
479	847
479	930
479	951
480	859
480	928
480	959
480	964
480	977
480	992
481	461
481	557
481	759
481	838
481	912
481	983
482	2
482	576
482	685
482	884
482	915
482	974
483	472
483	709
483	800
483	857
483	890
483	983
484	832
484	840
484	882
484	895
484	908
484	924
485	593
485	844
485	945
485	960
485	988
485	996
486	126
486	366
486	467
486	585
486	974
486	995
487	962
487	982
487	987
487	989
487	998
488	136
488	255
488	285
488	507
488	677
488	761
489	170
489	442
489	513
489	642
489	663
489	889
490	26
490	305
490	571
490	633
490	718
490	892
491	845
491	852
491	878
491	909
491	914
491	916
492	312
492	510
492	695
492	721
492	769
492	831
493	90
493	542
493	864
493	900
493	965
493	978
494	568
494	760
494	763
494	850
494	860
494	965
495	35
495	182
495	702
495	861
495	949
495	971
496	759
496	780
496	812
496	891
496	904
496	925
497	425
497	550
497	826
497	886
497	898
497	952
498	315
498	381
498	670
498	884
498	915
498	974
499	46
499	405
499	784
499	848
499	854
499	950
500	408
500	473
500	541
500	764
500	866
500	957
501	78
501	171
501	279
501	349
501	462
501	476
501	657
502	723
502	832
502	840
502	882
502	895
502	908
502	924
503	336
503	475
503	544
503	755
503	888
503	896
503	903
504	39
504	83
504	368
504	675
504	756
504	956
504	967
505	86
505	307
505	429
505	649
505	672
505	814
505	948
506	399
506	571
506	579
506	810
506	907
506	919
506	922
507	87
507	232
507	344
507	488
507	520
507	677
507	761
508	598
508	631
508	720
508	768
508	946
508	956
508	983
509	534
509	616
509	628
509	668
509	785
509	805
509	868
510	386
510	492
510	695
510	721
510	769
510	831
510	972
511	25
511	477
511	639
511	823
511	880
511	923
511	937
512	61
512	161
512	339
512	550
512	619
512	826
512	898
513	239
513	423
513	447
513	489
513	663
513	873
513	996
514	397
514	443
514	528
514	532
514	566
514	640
514	791
515	644
515	872
515	913
515	935
515	941
515	972
515	986
516	21
516	103
516	175
516	387
516	897
516	958
516	983
517	757
517	804
517	871
517	877
517	954
517	996
517	1000
518	606
518	786
518	890
518	904
518	921
518	976
518	998
519	43
519	946
519	948
519	955
519	960
519	967
519	976
520	232
520	255
520	285
520	308
520	507
520	677
520	761
521	50
521	100
521	109
521	398
521	416
521	658
521	883
522	571
522	780
522	810
522	817
522	907
522	919
522	922
523	272
523	546
523	806
523	830
523	902
523	926
523	951
524	107
524	282
524	397
524	528
524	566
524	640
524	791
525	241
525	286
525	474
525	558
525	611
525	620
525	889
526	71
526	191
526	293
526	538
526	561
526	588
526	772
527	613
527	700
527	730
527	746
527	857
527	865
527	943
528	95
528	107
528	514
528	524
528	566
528	640
528	968
529	40
529	761
529	767
529	897
529	902
529	929
529	953
530	443
530	713
530	760
530	763
530	850
530	860
530	994
531	545
531	946
531	948
531	955
531	960
531	967
531	976
532	95
532	107
532	282
532	514
532	566
532	636
532	791
533	410
533	567
533	609
533	617
533	644
533	699
533	738
534	122
534	509
534	616
534	668
534	785
534	805
534	868
535	221
535	646
535	730
535	865
535	943
535	991
535	994
536	323
536	345
536	452
536	718
536	871
536	883
536	892
537	859
537	916
537	928
537	959
537	964
537	977
537	992
538	257
538	293
538	526
538	561
538	588
538	772
538	847
539	91
539	159
539	593
539	786
539	844
539	945
539	988
540	459
540	659
540	740
540	838
540	912
540	974
540	983
541	408
541	473
541	500
541	664
541	764
541	866
541	954
542	359
542	493
542	798
542	850
542	864
542	965
542	978
543	811
543	927
543	932
543	942
543	957
543	969
543	999
544	503
544	545
544	625
544	703
544	888
544	896
544	903
545	531
545	544
545	667
545	703
545	888
545	896
545	903
546	113
546	523
546	589
546	806
546	836
546	902
546	926
547	281
547	696
547	846
547	856
547	861
547	893
547	949
548	709
548	800
548	857
548	890
548	921
548	945
548	996
549	881
549	932
549	933
549	947
549	961
549	966
549	970
550	298
550	346
550	497
550	512
550	619
550	826
550	898
551	227
551	427
551	466
551	591
551	723
551	767
551	869
552	906
552	918
552	936
552	981
552	991
552	997
552	1000
553	686
553	918
553	936
553	981
553	991
553	997
553	1000
554	247
554	269
554	707
554	837
554	839
554	881
554	894
555	658
555	751
555	772
555	814
555	885
555	951
555	965
556	442
556	675
556	765
556	856
556	868
556	869
556	951
557	256
557	314
557	481
557	659
557	838
557	912
557	995
558	117
558	286
558	474
558	525
558	611
558	620
558	889
559	329
559	621
559	725
559	733
559	873
559	973
559	984
560	782
560	932
560	933
560	947
560	961
560	966
560	970
561	71
561	293
561	526
561	538
561	588
561	646
561	772
562	384
562	872
562	887
562	901
562	931
562	934
562	950
563	291
563	594
563	823
563	854
563	880
563	923
563	937
564	913
564	935
564	939
564	941
564	986
564	990
564	999
565	582
565	724
565	837
565	839
565	881
565	894
565	940
566	514
566	524
566	528
566	532
566	640
566	791
566	968
567	179
567	210
567	226
567	533
567	644
567	699
567	738
567	900
568	468
568	494
568	713
568	760
568	763
568	850
568	860
568	945
569	899
569	935
569	939
569	941
569	944
569	972
569	986
569	990
570	892
570	938
570	964
570	977
570	978
570	990
570	996
570	998
571	490
571	506
571	522
571	807
571	907
571	919
571	922
571	974
572	161
572	208
572	329
572	373
572	733
572	973
572	984
572	988
573	777
573	783
573	855
573	962
573	982
573	987
573	989
573	998
574	913
574	939
574	941
574	944
574	972
574	986
574	989
574	990
575	218
575	623
575	645
575	725
575	803
575	950
575	973
575	984
576	172
576	315
576	343
576	482
576	610
576	704
576	884
576	915
577	106
577	133
577	301
577	396
577	801
577	829
577	841
577	885
578	712
578	832
578	837
578	840
578	882
578	895
578	908
578	924
579	433
579	506
579	584
579	817
579	907
579	919
579	922
579	952
580	147
580	906
580	918
580	936
580	981
580	991
580	997
580	1000
581	758
581	782
581	932
581	933
581	947
581	961
581	966
581	970
582	345
582	465
582	565
582	708
582	724
582	839
582	881
582	894
583	469
583	615
583	684
583	734
583	808
583	870
583	874
583	956
584	151
584	183
584	433
584	579
584	741
584	907
584	919
584	922
585	66
585	223
585	244
585	366
585	467
585	486
585	771
585	995
586	181
586	778
586	821
586	847
586	930
586	951
586	970
586	983
587	825
587	859
587	863
587	928
587	959
587	964
587	977
587	992
588	71
588	191
588	257
588	526
588	538
588	561
588	720
588	772
589	248
589	546
589	806
589	830
589	836
589	902
589	926
589	930
590	787
590	935
590	939
590	941
590	972
590	973
590	986
590	990
591	318
591	427
591	466
591	551
591	723
591	767
591	869
591	974
592	186
592	654
592	657
592	714
592	822
592	849
592	944
592	989
593	156
593	205
593	331
593	485
593	539
593	716
593	844
593	996
594	276
594	563
594	632
594	639
594	823
594	880
594	923
594	937
595	104
595	207
595	446
595	603
595	642
595	672
595	749
595	773
596	142
596	476
596	682
596	734
596	838
596	912
596	937
596	989
597	109
597	710
597	753
597	912
597	915
597	917
597	929
597	937
598	17
598	154
598	394
598	508
598	720
598	768
598	976
598	983
599	603
599	622
599	692
599	706
599	728
599	770
599	842
599	849
600	366
600	694
600	764
600	768
600	771
600	866
600	916
600	998
601	816
601	897
601	927
601	938
601	942
601	957
601	969
601	999
602	277
602	656
602	855
602	962
602	982
602	987
602	989
602	998
603	239
603	422
603	595
603	599
603	642
603	749
603	773
603	793
604	638
604	827
604	893
604	962
604	982
604	987
604	989
604	998
605	18
605	300
605	353
605	652
605	824
605	921
606	214
606	244
606	421
606	518
606	671
606	687
606	688
606	754
607	222
607	352
607	451
607	716
607	757
607	804
607	871
607	877
608	110
608	439
608	479
608	821
608	847
608	881
608	930
608	951
609	70
609	210
609	226
609	410
609	533
609	644
609	699
609	738
610	343
610	364
610	381
610	576
610	685
610	822
610	884
610	915
611	117
611	207
611	241
611	474
611	525
611	558
611	819
611	889
612	711
612	795
612	875
612	900
612	911
612	917
612	929
612	973
613	274
613	527
613	700
613	730
613	775
613	865
613	943
613	994
614	51
614	247
614	377
614	460
614	710
614	954
614	958
614	979
615	5
615	255
615	309
615	583
615	734
615	808
615	870
615	874
616	98
616	471
616	509
616	534
616	668
616	785
616	805
616	868
617	533
617	833
617	927
617	938
617	942
617	957
617	969
617	999
618	692
618	706
618	728
618	770
618	842
618	849
618	979
618	996
619	75
619	229
619	292
619	455
619	512
619	550
619	826
619	898
620	117
620	207
620	241
620	286
620	474
620	525
620	558
620	919
621	88
621	303
621	559
621	623
621	860
621	973
621	984
621	994
622	599
622	692
622	706
622	728
622	770
622	842
622	849
622	883
623	113
623	332
623	575
623	621
623	725
623	973
623	984
623	994
624	906
624	918
624	922
624	936
624	981
624	991
624	997
624	1000
625	157
625	289
625	335
625	405
625	544
625	784
625	848
625	854
626	758
626	782
626	932
626	933
626	947
626	961
626	966
626	970
627	84
627	456
627	766
627	914
627	917
627	929
627	943
627	1000
628	509
628	859
628	863
628	928
628	959
628	964
628	977
628	992
629	858
629	946
629	948
629	955
629	960
629	964
629	967
629	976
630	404
630	437
630	469
630	684
630	808
630	851
630	870
630	874
631	22
631	394
631	508
631	720
631	768
631	935
631	956
631	983
632	594
632	858
632	946
632	948
632	955
632	960
632	967
632	976
633	34
633	62
633	305
633	452
633	490
633	718
633	892
633	982
634	132
634	876
634	913
634	935
634	939
634	944
634	972
634	986
634	990
635	420
635	439
635	643
635	715
635	778
635	821
635	930
635	951
635	995
636	532
636	711
636	795
636	875
636	900
636	911
636	917
636	929
637	68
637	216
637	302
637	646
637	700
637	730
637	746
637	865
637	943
638	604
638	827
638	855
638	962
638	982
638	987
638	989
638	991
638	998
639	311
639	477
639	511
639	594
639	823
639	880
639	923
639	937
639	983
640	175
640	397
640	514
640	524
640	528
640	566
640	721
640	791
640	968
641	339
641	370
641	764
641	768
641	866
641	895
641	932
641	997
641	1000
642	114
642	249
642	446
642	489
642	595
642	603
642	749
642	773
642	793
643	635
643	779
643	781
643	809
643	962
643	982
643	987
643	989
643	998
644	179
644	226
644	410
644	515
644	533
644	567
644	609
644	699
644	738
645	96
645	145
645	303
645	575
645	733
645	909
645	973
645	984
645	988
646	150
646	535
646	561
646	637
646	730
646	746
646	865
646	943
646	994
647	103
647	129
647	142
647	877
647	914
647	926
647	997
647	999
647	1000
648	825
648	859
648	863
648	928
648	959
648	964
648	977
648	984
648	992
649	23
649	86
649	189
649	307
649	429
649	505
649	672
649	814
649	929
650	879
650	906
650	918
650	936
650	981
650	991
650	997
650	998
650	1000
651	55
651	60
651	63
651	99
651	807
651	810
651	817
651	907
651	922
652	223
652	249
652	300
652	364
652	392
652	441
652	605
652	824
652	890
653	462
653	744
653	781
653	855
653	962
653	982
653	987
653	989
653	998
654	47
654	49
654	451
654	592
654	804
654	871
654	877
654	974
654	996
655	93
655	152
655	267
655	321
655	382
655	690
655	853
655	958
655	992
656	323
656	602
656	781
656	809
656	962
656	982
656	987
656	989
656	998
657	171
657	230
657	279
657	349
657	393
657	423
657	476
657	501
657	592
658	100
658	109
658	236
658	398
658	521
658	555
658	775
658	883
658	998
659	459
659	461
659	540
659	557
659	838
659	912
659	966
659	974
659	995
660	350
660	743
660	818
660	819
660	963
660	975
660	980
660	985
660	993
661	793
661	834
661	858
661	946
661	948
661	955
661	960
661	967
661	976
662	759
662	780
662	810
662	812
662	891
662	904
662	925
663	80
663	239
663	365
663	422
663	489
663	513
663	749
663	773
663	956
664	139
664	298
664	380
664	395
664	458
664	541
664	727
664	979
664	994
665	103
665	245
665	263
665	387
665	676
665	772
665	890
665	921
665	978
666	712
666	832
666	840
666	882
666	895
666	908
666	912
666	924
667	178
667	475
667	545
667	703
667	734
667	888
667	896
667	903
667	945
668	14
668	471
668	509
668	534
668	616
668	785
668	805
668	868
668	984
669	717
669	818
669	819
669	828
669	963
669	975
669	980
669	985
669	993
670	84
670	194
670	314
670	498
670	685
670	704
670	915
670	974
670	982
671	44
671	193
671	196
671	421
671	422
671	606
671	687
671	883
671	971
672	23
672	86
672	307
672	376
672	429
672	505
672	595
672	649
672	814
673	707
673	851
673	867
673	872
673	887
673	901
673	931
673	934
673	950
674	816
674	818
674	833
674	927
674	938
674	942
674	957
674	969
674	999
675	18
675	39
675	83
675	368
675	414
675	416
675	504
675	556
675	755
676	201
676	234
676	403
676	665
676	747
676	792
676	796
676	835
676	897
677	232
677	255
677	285
677	411
677	488
677	507
677	520
677	761
677	873
678	825
678	859
678	863
678	928
678	935
678	959
678	964
678	977
678	992
679	737
679	818
679	819
679	963
679	975
679	980
679	985
679	993
679	995
680	717
680	743
680	818
680	963
680	975
680	980
680	984
680	985
680	993
681	876
681	913
681	935
681	941
681	944
681	959
681	972
681	986
681	990
682	213
682	261
682	342
682	357
682	360
682	478
682	596
682	691
682	905
683	735
683	766
683	839
683	842
683	849
683	853
683	894
683	925
683	965
684	12
684	309
684	404
684	436
684	583
684	630
684	734
684	808
684	870
684	874
685	155
685	315
685	325
685	482
685	610
685	670
685	877
685	884
685	889
685	915
686	177
686	374
686	553
686	688
686	791
686	888
686	913
686	924
686	952
686	968
686	969
687	374
687	421
687	606
687	671
687	688
687	719
687	754
687	883
687	916
687	971
688	196
688	317
688	372
688	374
688	381
688	606
688	686
688	687
688	719
688	754
689	74
689	745
689	758
689	782
689	932
689	933
689	947
689	961
689	966
689	970
690	74
690	93
690	152
690	267
690	321
690	382
690	655
690	853
690	907
690	958
691	682
691	710
691	835
691	897
691	912
691	919
691	922
691	972
691	976
691	983
692	79
692	599
692	618
692	622
692	706
692	728
692	770
692	842
692	849
692	960
693	876
693	913
693	935
693	939
693	941
693	944
693	972
693	986
693	990
693	997
694	15
694	42
694	146
694	338
694	347
694	351
694	391
694	454
694	600
694	802
695	48
695	295
695	312
695	386
695	492
695	510
695	721
695	769
695	831
695	997
696	182
696	388
696	411
696	547
696	702
696	846
696	856
696	861
696	893
696	949
697	106
697	133
697	187
697	301
697	396
697	402
697	801
697	827
697	841
697	885
698	406
698	828
698	879
698	906
698	918
698	936
698	981
698	991
698	997
698	1000
699	33
699	179
699	410
699	416
699	533
699	567
699	609
699	644
699	738
699	783
700	274
700	415
700	527
700	613
700	637
700	730
700	769
700	803
700	943
700	994
701	271
701	288
701	748
701	798
701	864
701	905
701	965
701	971
701	978
701	981
702	324
702	471
702	495
702	696
702	846
702	856
702	861
702	893
702	949
702	971
703	263
703	294
703	326
703	450
703	544
703	545
703	667
703	888
703	896
703	903
704	2
704	155
704	314
704	347
704	362
704	576
704	670
704	884
704	915
704	974
705	828
705	879
705	906
705	914
705	918
705	936
705	981
705	991
705	997
705	1000
706	76
706	599
706	618
706	622
706	692
706	728
706	842
706	849
706	869
706	979
707	59
707	290
707	454
707	554
707	673
707	837
707	881
707	894
707	910
707	979
708	59
708	75
708	465
708	582
708	724
708	837
708	881
708	886
708	894
708	979
709	58
709	483
709	548
709	800
709	857
709	890
709	921
709	954
709	979
709	996
710	51
710	247
710	327
710	377
710	460
710	597
710	614
710	691
710	954
710	979
711	612
711	636
711	795
711	875
711	900
711	911
711	917
711	929
711	954
712	289
712	578
712	666
712	832
712	840
712	882
712	895
712	908
712	924
712	996
713	24
713	258
713	407
713	468
713	530
713	568
713	760
713	763
713	850
713	860
713	994
714	144
714	316
714	431
714	436
714	592
714	750
714	788
714	817
714	822
714	862
714	988
715	57
715	168
715	254
715	439
715	635
715	778
715	821
715	847
715	848
715	930
715	951
716	237
716	428
716	455
716	593
716	607
716	727
716	830
716	844
716	926
716	966
716	970
717	121
717	669
717	680
717	737
717	741
717	819
717	963
717	975
717	980
717	985
717	993
718	26
718	305
718	323
718	340
718	345
718	452
718	490
718	536
718	633
718	892
718	914
719	193
719	244
719	317
719	374
719	421
719	687
719	688
719	754
719	756
719	929
719	971
720	17
720	22
720	154
720	394
720	508
720	588
720	598
720	631
720	768
720	956
720	983
721	41
721	164
721	295
721	312
721	386
721	492
721	510
721	640
721	695
721	769
721	831
722	776
722	825
722	859
722	863
722	868
722	928
722	959
722	964
722	977
722	992
723	97
723	227
723	427
723	466
723	502
723	551
723	591
723	767
723	869
723	963
723	974
724	149
724	565
724	582
724	708
724	837
724	839
724	873
724	881
724	894
724	941
724	988
725	89
725	141
725	145
725	373
725	559
725	575
725	623
725	733
725	973
725	980
725	984
726	784
726	787
726	876
726	913
726	935
726	939
726	941
726	944
726	972
726	986
726	990
727	139
727	250
727	298
727	444
727	455
727	664
727	716
727	731
727	824
727	979
727	994
728	317
728	599
728	618
728	622
728	692
728	706
728	770
728	842
728	849
728	958
728	979
729	352
729	794
729	811
729	816
729	833
729	927
729	938
729	942
729	957
729	969
729	999
730	166
730	228
730	302
730	527
730	535
730	613
730	637
730	646
730	700
730	943
730	1000
731	727
731	843
731	917
731	920
731	924
731	926
731	929
731	964
731	973
731	984
731	992
732	752
732	797
732	834
732	858
732	946
732	948
732	955
732	960
732	967
732	976
733	329
733	332
733	559
733	572
733	645
733	725
733	876
733	973
733	984
733	988
733	994
734	5
734	404
734	469
734	583
734	596
734	615
734	667
734	684
734	808
734	870
734	874
735	40
735	67
735	131
735	173
735	195
735	264
735	419
735	683
735	766
735	931
735	994
736	828
736	844
736	879
736	902
736	906
736	918
736	936
736	981
736	991
736	997
736	1000
737	679
737	717
737	741
737	743
737	818
737	819
737	963
737	975
737	980
737	985
737	993
738	179
738	210
738	226
738	364
738	410
738	533
738	567
738	609
738	644
738	699
738	992
739	233
739	383
739	412
739	445
739	765
739	843
739	853
739	899
739	920
739	953
739	994
740	50
740	253
740	444
740	540
740	850
740	912
740	969
740	977
740	985
740	992
740	999
741	584
741	717
741	737
741	743
741	818
741	819
741	963
741	975
741	980
741	985
741	993
742	752
742	779
742	781
742	809
742	827
742	894
742	962
742	982
742	987
742	989
742	998
743	67
743	660
743	680
743	737
743	741
743	819
743	963
743	975
743	980
743	985
743	993
744	653
744	752
744	777
744	783
744	817
744	827
744	962
744	982
744	987
744	989
744	998
745	689
745	758
745	782
745	792
745	932
745	933
745	947
745	961
745	966
745	970
746	24
746	150
746	302
746	376
746	415
746	527
746	637
746	646
746	865
746	943
746	994
747	167
747	180
747	217
747	403
747	428
747	676
747	753
747	796
747	835
747	897
747	997
748	127
748	219
748	259
748	359
748	701
748	777
748	798
748	864
748	965
748	974
748	978
749	365
749	388
749	446
749	447
749	595
749	603
749	642
749	663
749	773
749	793
749	873
750	28
750	99
750	144
750	431
750	436
750	466
750	714
750	788
750	822
750	862
750	988
751	555
751	820
751	828
751	879
751	906
751	918
751	924
751	936
751	981
751	991
751	997
751	1000
752	732
752	742
752	744
752	777
752	779
752	783
752	855
752	962
752	982
752	987
752	989
752	998
753	403
753	448
753	597
753	747
753	792
753	793
753	796
753	815
753	835
753	886
753	897
753	995
754	44
754	317
754	372
754	374
754	421
754	606
754	687
754	688
754	719
754	756
754	949
754	958
755	368
755	503
755	675
755	786
755	856
755	865
755	895
755	943
755	949
755	988
755	997
755	1000
756	368
756	390
756	453
756	504
756	719
756	754
756	923
756	934
756	941
756	950
756	970
756	990
757	47
757	49
757	56
757	352
757	517
757	607
757	786
757	804
757	871
757	877
757	887
757	976
758	581
758	626
758	689
758	745
758	782
758	928
758	932
758	933
758	947
758	961
758	966
758	970
759	481
759	496
759	662
759	780
759	812
759	891
759	904
759	925
759	988
760	140
760	407
760	468
760	494
760	530
760	568
760	713
760	763
760	850
760	860
760	990
760	994
761	87
761	232
761	255
761	285
761	355
761	488
761	507
761	520
761	529
761	677
761	843
761	873
762	845
762	852
762	878
762	909
762	914
762	916
762	957
763	235
763	407
763	468
763	494
763	530
763	568
763	713
763	760
763	850
763	860
763	886
763	994
764	172
764	408
764	473
764	500
764	541
764	600
764	641
764	786
764	866
764	954
764	981
765	430
765	445
765	556
765	739
765	843
765	899
765	920
765	945
765	953
765	968
765	994
765	996
766	40
766	67
766	131
766	173
766	264
766	266
766	363
766	419
766	441
766	627
766	683
766	735
767	97
767	221
767	227
767	427
767	466
767	529
767	551
767	591
767	723
767	843
767	869
767	974
768	17
768	22
768	154
768	394
768	508
768	598
768	600
768	631
768	641
768	720
768	943
768	956
769	41
769	48
769	164
769	295
769	312
769	386
769	492
769	510
769	695
769	700
769	721
769	831
770	9
770	79
770	599
770	618
770	622
770	692
770	728
770	842
770	849
770	889
770	958
770	982
771	66
771	126
771	175
771	200
771	348
771	366
771	380
771	458
771	467
771	585
771	600
771	995
772	71
772	191
772	222
772	257
772	293
772	441
772	526
772	538
772	555
772	561
772	588
772	665
773	114
773	239
773	447
773	595
773	603
773	642
773	663
773	749
773	793
773	956
773	968
773	996
774	214
774	794
774	811
774	816
774	833
774	927
774	938
774	942
774	957
774	969
774	999
775	200
775	236
775	467
775	613
775	658
775	896
775	902
775	931
775	950
775	964
775	992
775	993
776	722
776	825
776	859
776	863
776	928
776	959
776	964
776	970
776	977
776	992
777	573
777	744
777	748
777	752
777	781
777	809
777	827
777	962
777	982
777	987
777	989
777	998
778	118
778	284
778	337
778	586
778	635
778	715
778	821
778	847
778	869
778	930
778	951
778	983
779	643
779	742
779	752
779	809
779	827
779	855
779	941
779	962
779	982
779	987
779	989
779	998
780	434
780	496
780	522
780	662
780	759
780	812
780	891
780	904
780	925
780	988
781	371
781	643
781	653
781	656
781	742
781	777
781	809
781	855
781	962
781	982
781	987
781	989
781	998
782	434
782	560
782	581
782	626
782	689
782	745
782	758
782	932
782	933
782	947
782	961
782	966
782	970
783	31
783	573
783	699
783	744
783	752
783	809
783	827
783	855
783	962
783	982
783	987
783	989
783	998
784	6
784	46
784	157
784	289
784	335
784	405
784	499
784	625
784	726
784	848
784	854
784	956
785	14
785	98
785	122
785	206
785	471
785	509
785	534
785	616
785	668
785	805
785	839
785	856
785	868
786	518
786	539
786	755
786	757
786	764
786	866
786	910
786	923
786	934
786	937
786	950
786	952
786	954
787	151
787	590
787	726
787	790
787	876
787	913
787	935
787	939
787	941
787	944
787	972
787	986
787	990
788	28
788	144
788	316
788	327
788	431
788	436
788	714
788	750
788	799
788	822
788	862
788	988
788	996
789	76
789	397
789	791
789	923
789	937
789	944
789	967
789	969
789	976
789	980
789	986
789	993
789	999
790	787
790	876
790	895
790	913
790	935
790	939
790	941
790	944
790	972
790	974
790	986
790	990
791	95
791	107
791	282
791	296
791	397
791	514
791	524
791	532
791	566
791	640
791	686
791	789
791	839
792	167
792	217
792	403
792	428
792	448
792	676
792	745
792	753
792	796
792	835
792	897
792	971
792	995
793	114
793	170
793	365
793	442
793	446
793	603
793	642
793	661
793	749
793	753
793	773
793	956
793	996
794	283
794	729
794	774
794	811
794	816
794	833
794	927
794	938
794	942
794	957
794	969
794	999
795	269
795	612
795	636
795	711
795	875
795	900
795	911
795	917
795	929
795	983
796	201
796	234
796	350
796	428
796	448
796	676
796	747
796	753
796	792
796	835
796	897
796	931
796	995
797	732
797	834
797	858
797	946
797	948
797	955
797	960
797	967
797	973
797	976
798	105
798	175
798	288
798	359
798	542
798	701
798	748
798	864
798	965
798	968
798	971
798	974
798	978
799	92
799	788
799	848
799	854
799	862
799	870
799	874
799	965
799	973
799	977
799	978
799	984
799	992
800	16
800	54
800	472
800	483
800	548
800	709
800	813
800	857
800	890
800	921
800	954
800	983
800	996
801	133
801	134
801	235
801	301
801	396
801	401
801	402
801	424
801	449
801	577
801	697
801	841
801	885
801	889
802	80
802	347
802	401
802	694
802	952
802	966
802	967
802	969
802	970
802	976
802	986
802	989
802	990
802	998
803	77
803	310
803	575
803	700
803	822
803	862
803	943
803	949
803	967
803	973
803	976
803	984
803	997
803	1000
804	185
804	222
804	352
804	451
804	517
804	607
804	654
804	757
804	867
804	871
804	877
804	935
804	954
804	996
805	14
805	98
805	122
805	124
805	206
805	294
805	471
805	509
805	534
805	616
805	668
805	785
805	868
805	901
806	1
806	4
806	228
806	278
806	438
806	523
806	546
806	589
806	830
806	836
806	902
806	926
806	956
806	988
807	151
807	183
807	299
807	399
807	571
807	651
807	810
807	817
807	907
807	919
807	922
807	940
807	974
807	988
808	12
808	309
808	404
808	437
808	469
808	583
808	615
808	630
808	684
808	734
808	870
808	874
808	886
808	933
809	356
809	643
809	656
809	742
809	777
809	779
809	781
809	783
809	855
809	962
809	982
809	987
809	989
809	998
810	91
810	188
810	299
810	475
810	506
810	522
810	651
810	662
810	807
810	817
810	907
810	919
810	922
810	974
811	20
811	543
811	729
811	774
811	794
811	816
811	833
811	927
811	938
811	940
811	942
811	957
811	969
811	999
812	319
812	358
812	379
812	434
812	496
812	662
812	759
812	780
812	871
812	891
812	904
812	925
812	940
812	988
813	342
813	425
813	800
813	857
813	902
813	921
813	926
813	966
813	970
813	978
813	985
813	986
813	990
813	993
814	23
814	32
814	86
814	135
814	189
814	195
814	307
814	429
814	443
814	505
814	555
814	649
814	672
814	815
815	753
815	814
815	914
815	916
815	919
815	922
815	930
815	931
815	950
815	951
815	969
815	972
815	990
815	999
816	601
816	674
816	729
816	774
816	794
816	811
816	833
816	927
816	938
816	942
816	946
816	957
816	969
816	999
817	55
817	60
817	433
817	522
817	579
817	651
817	714
817	744
817	807
817	810
817	907
817	919
817	922
817	940
818	660
818	669
818	674
818	679
818	680
818	737
818	741
818	819
818	911
818	963
818	975
818	980
818	985
818	993
819	611
819	660
819	669
819	679
819	717
819	737
819	741
819	743
819	818
819	963
819	975
819	980
819	985
819	993
820	421
820	751
820	828
820	879
820	906
820	918
820	936
820	981
820	991
820	997
820	1000
821	337
821	420
821	479
821	586
821	608
821	635
821	715
821	778
821	847
821	866
821	930
821	951
821	983
821	995
822	28
822	144
822	316
822	327
822	431
822	436
822	592
822	610
822	714
822	750
822	788
822	803
822	862
822	864
822	988
823	268
823	276
823	277
823	311
823	344
823	477
823	511
823	563
823	594
823	639
823	880
823	923
823	937
823	952
823	979
824	250
824	358
824	478
824	605
824	652
824	727
824	871
824	877
824	977
824	979
824	980
824	989
824	992
824	993
824	998
825	238
825	587
825	648
825	678
825	722
825	776
825	859
825	863
825	928
825	959
825	964
825	977
825	992
826	229
826	292
826	339
826	342
826	354
826	369
826	425
826	497
826	512
826	550
826	619
826	886
826	898
826	953
826	966
827	409
827	604
827	638
827	697
827	742
827	744
827	777
827	779
827	783
827	855
827	962
827	982
827	987
827	989
827	998
828	261
828	669
828	698
828	705
828	736
828	751
828	820
828	879
828	906
828	918
828	936
828	981
828	991
828	997
828	1000
829	61
829	420
829	577
829	837
829	865
829	881
829	882
829	894
829	898
829	924
829	943
829	965
829	978
829	980
829	985
830	113
830	248
830	267
830	272
830	278
830	523
830	589
830	716
830	806
830	836
830	902
830	926
830	956
830	988
830	994
831	41
831	48
831	164
831	175
831	295
831	312
831	322
831	386
831	392
831	492
831	510
831	695
831	721
831	769
831	986
832	162
832	333
832	484
832	502
832	578
832	666
832	712
832	840
832	842
832	882
832	895
832	908
832	924
832	996
833	617
833	674
833	729
833	774
833	794
833	811
833	816
833	927
833	938
833	942
833	957
833	969
833	993
833	995
833	999
834	661
834	732
834	797
834	845
834	858
834	946
834	948
834	955
834	960
834	967
834	976
835	66
835	167
835	180
835	201
835	217
835	234
835	428
835	676
835	691
835	747
835	753
835	792
835	796
835	897
835	995
836	4
836	248
836	272
836	278
836	294
836	438
836	546
836	589
836	806
836	830
836	902
836	926
836	956
836	976
836	988
837	465
837	554
837	565
837	578
837	707
837	708
837	724
837	829
837	839
837	873
837	881
837	894
837	910
837	979
837	988
838	112
838	137
838	354
838	459
838	481
838	540
838	557
838	596
838	659
838	910
838	912
838	946
838	974
838	983
838	995
839	290
839	465
839	554
839	565
839	582
839	683
839	724
839	785
839	791
839	837
839	873
839	881
839	889
839	894
839	979
840	29
840	333
840	484
840	502
840	578
840	666
840	712
840	832
840	882
840	895
840	908
840	924
840	954
840	983
840	996
841	106
841	148
841	252
841	279
841	301
841	392
841	396
841	402
841	424
841	449
841	577
841	697
841	801
841	885
841	889
841	998
842	9
842	76
842	79
842	599
842	618
842	622
842	683
842	692
842	706
842	728
842	770
842	832
842	849
842	938
842	958
842	979
843	251
843	297
843	430
843	445
843	731
843	739
843	761
843	765
843	767
843	899
843	920
843	953
843	958
843	968
843	994
843	996
844	156
844	159
844	205
844	225
844	256
844	330
844	367
844	485
844	539
844	593
844	716
844	736
844	870
844	945
844	988
844	996
845	491
845	762
845	834
845	852
845	878
845	909
845	914
845	916
845	919
846	53
846	281
846	310
846	388
846	411
846	547
846	696
846	702
846	856
846	861
846	893
846	921
846	949
846	952
846	962
846	971
847	57
847	168
847	181
847	254
847	284
847	365
847	479
847	538
847	586
847	608
847	715
847	778
847	821
847	930
847	951
847	995
848	6
848	32
848	46
848	157
848	254
848	289
848	335
848	405
848	499
848	625
848	715
848	784
848	799
848	854
848	956
849	9
849	76
849	79
849	417
849	592
849	599
849	618
849	622
849	683
849	692
849	706
849	728
849	770
849	842
849	958
849	979
850	24
850	140
850	407
850	412
850	468
850	494
850	530
850	542
850	568
850	713
850	740
850	760
850	763
850	860
850	886
850	994
851	630
851	673
851	867
851	872
851	887
851	901
851	931
851	934
851	950
852	262
852	306
852	491
852	762
852	845
852	878
852	907
852	909
852	914
852	916
852	968
852	990
853	64
853	74
853	93
853	101
853	152
853	267
853	273
853	321
853	382
853	401
853	655
853	683
853	690
853	739
853	958
853	964
854	6
854	46
854	157
854	289
854	335
854	353
854	384
854	405
854	458
854	499
854	563
854	625
854	784
854	799
854	848
854	956
855	448
855	573
855	602
855	638
855	653
855	752
855	779
855	781
855	783
855	809
855	827
855	962
855	982
855	987
855	989
855	998
856	53
856	81
856	195
856	280
856	310
856	324
856	547
856	556
856	696
856	702
856	755
856	785
856	846
856	861
856	893
856	949
856	971
857	54
857	58
857	70
857	92
857	253
857	390
857	472
857	483
857	527
857	548
857	709
857	800
857	813
857	890
857	921
857	983
857	996
858	629
858	632
858	661
858	732
858	797
858	834
858	886
858	936
858	946
858	948
858	955
858	960
858	967
858	976
859	267
859	480
859	537
859	587
859	628
859	648
859	678
859	722
859	776
859	825
859	863
859	928
859	933
859	959
859	964
859	977
859	992
860	24
860	140
860	392
860	407
860	440
860	468
860	494
860	530
860	568
860	621
860	713
860	760
860	763
860	850
860	886
860	942
860	994
861	35
861	53
861	81
861	280
861	281
861	411
861	495
861	547
861	696
861	702
861	846
861	856
861	863
861	893
861	905
861	949
861	952
862	28
862	99
862	269
862	316
862	322
862	327
862	431
862	436
862	714
862	750
862	788
862	799
862	803
862	822
862	977
862	985
862	988
863	587
863	628
863	648
863	678
863	722
863	776
863	825
863	859
863	861
863	928
863	944
863	959
863	964
863	971
863	977
863	992
864	23
864	105
864	219
864	259
864	271
864	288
864	493
864	542
864	701
864	748
864	798
864	822
864	965
864	968
864	971
864	974
864	978
865	65
865	150
865	166
865	274
865	415
865	527
865	535
865	613
865	637
865	646
865	746
865	755
865	829
865	894
865	943
865	986
865	994
866	30
866	172
866	231
866	256
866	330
866	408
866	443
866	473
866	500
866	541
866	600
866	641
866	764
866	786
866	821
866	954
866	955
867	104
867	673
867	804
867	851
867	872
867	887
867	901
867	931
867	934
867	950
868	14
868	98
868	122
868	124
868	206
868	440
868	441
868	471
868	509
868	534
868	556
868	616
868	668
868	722
868	785
868	805
868	972
869	97
869	199
869	227
869	256
869	269
869	364
869	392
869	427
869	466
869	551
869	556
869	591
869	706
869	723
869	767
869	778
869	974
870	5
870	12
870	309
870	404
870	437
870	469
870	583
870	615
870	630
870	684
870	734
870	799
870	808
870	844
870	874
870	886
870	913
870	956
871	47
871	49
871	56
871	147
871	352
871	451
871	517
871	536
871	607
871	654
871	757
871	804
871	812
871	824
871	877
871	905
871	954
871	996
872	413
872	515
872	562
872	673
872	851
872	867
872	887
872	901
872	931
872	934
872	950
872	975
873	447
873	513
873	559
873	677
873	724
873	749
873	761
873	837
873	839
873	882
873	908
873	925
873	973
873	984
873	987
873	989
873	998
873	1000
874	5
874	12
874	309
874	404
874	437
874	458
874	469
874	583
874	615
874	630
874	684
874	734
874	799
874	808
874	870
874	956
874	958
874	988
875	169
875	260
875	612
875	636
875	711
875	795
875	900
875	911
875	917
875	926
875	929
875	952
875	983
876	379
876	457
876	634
876	681
876	693
876	726
876	733
876	787
876	790
876	913
876	935
876	939
876	941
876	944
876	972
876	986
876	990
876	995
877	47
877	49
877	56
877	132
877	147
877	185
877	451
877	517
877	607
877	647
877	654
877	685
877	757
877	804
877	824
877	871
877	905
877	915
877	996
878	202
878	262
878	306
878	378
878	491
878	762
878	845
878	852
878	909
878	914
878	916
878	968
878	983
878	994
879	385
879	650
879	698
879	705
879	736
879	751
879	820
879	828
879	906
879	918
879	936
879	957
879	981
879	991
879	997
879	1000
880	3
880	25
880	212
880	276
880	277
880	291
880	311
880	344
880	477
880	511
880	563
880	594
880	639
880	823
880	896
880	923
880	937
880	952
880	979
881	19
881	59
881	290
881	465
881	549
881	554
881	565
881	582
881	608
881	707
881	708
881	724
881	829
881	837
881	839
881	889
881	894
881	910
881	988
882	13
882	165
882	333
882	484
882	502
882	578
882	666
882	712
882	829
882	832
882	840
882	873
882	895
882	908
882	924
882	950
882	954
882	979
882	996
883	50
883	62
883	300
883	317
883	521
883	536
883	622
883	658
883	671
883	687
883	892
883	975
883	987
883	989
883	991
883	993
883	997
883	998
883	1000
884	2
884	84
884	96
884	194
884	314
884	315
884	325
884	343
884	362
884	482
884	498
884	576
884	610
884	685
884	704
884	889
884	915
884	974
884	979
885	19
885	106
885	133
885	148
885	187
885	235
885	252
885	296
885	301
885	396
885	402
885	414
885	424
885	449
885	555
885	577
885	697
885	801
885	841
886	497
886	708
886	753
886	763
886	808
886	826
886	850
886	858
886	860
886	870
886	891
886	897
886	898
886	904
886	925
886	935
886	939
886	990
886	995
887	413
887	562
887	673
887	757
887	851
887	867
887	872
887	901
887	931
887	934
887	950
887	968
887	999
888	37
888	136
888	178
888	198
888	263
888	326
888	336
888	392
888	450
888	475
888	503
888	544
888	545
888	667
888	686
888	703
888	896
888	903
888	945
888	985
889	187
889	489
889	525
889	558
889	611
889	685
889	770
889	801
889	839
889	841
889	881
889	884
889	894
889	915
889	938
889	960
889	967
889	969
889	976
889	999
890	54
890	58
890	70
890	92
890	253
890	390
890	472
890	483
890	518
890	548
890	652
890	665
890	709
890	800
890	857
890	903
890	921
890	954
890	983
890	996
891	31
891	211
891	304
891	319
891	353
891	358
891	379
891	434
891	496
891	662
891	759
891	780
891	812
891	886
891	904
891	925
891	940
891	988
892	9
892	26
892	34
892	62
892	249
892	305
892	323
892	340
892	345
892	354
892	401
892	452
892	456
892	490
892	536
892	570
892	633
892	718
892	883
892	979
893	30
893	35
893	81
893	182
893	280
893	310
893	324
893	388
893	411
893	547
893	604
893	696
893	702
893	846
893	856
893	861
893	905
893	917
893	949
893	971
894	18
894	290
894	376
894	465
894	554
894	565
894	582
894	683
894	707
894	708
894	724
894	742
894	829
894	837
894	839
894	865
894	881
894	889
894	910
894	988
895	13
895	29
895	162
895	165
895	450
895	484
895	502
895	578
895	641
895	666
895	712
895	755
895	790
895	832
895	840
895	882
895	908
895	924
895	954
895	996
896	37
896	136
896	178
896	198
896	263
896	326
896	336
896	450
896	475
896	503
896	544
896	545
896	667
896	703
896	775
896	880
896	888
896	903
896	945
896	964
897	167
897	180
897	201
897	217
897	234
897	403
897	428
897	448
897	516
897	529
897	601
897	676
897	691
897	747
897	753
897	792
897	796
897	835
897	886
897	995
898	16
898	61
898	161
898	229
898	256
898	292
898	339
898	342
898	346
898	348
898	369
898	425
898	497
898	512
898	550
898	619
898	826
898	829
898	886
898	992
899	149
899	153
899	233
899	383
899	412
899	430
899	445
899	569
899	739
899	765
899	843
899	910
899	920
899	931
899	945
899	953
899	958
899	968
899	994
899	996
900	260
900	308
900	493
900	567
900	612
900	636
900	711
900	795
900	875
900	911
900	917
900	929
900	945
900	952
900	983
901	68
901	82
901	174
901	203
901	318
901	371
901	413
901	562
901	673
901	805
901	851
901	867
901	872
901	887
901	905
901	931
901	934
901	950
901	968
902	4
902	113
902	228
902	248
902	272
902	278
902	438
902	523
902	529
902	546
902	589
902	736
902	775
902	806
902	813
902	830
902	836
902	926
902	956
902	968
902	988
903	37
903	136
903	178
903	198
903	263
903	296
903	326
903	330
903	336
903	450
903	475
903	503
903	544
903	545
903	667
903	703
903	888
903	890
903	896
903	945
903	962
904	31
904	33
904	101
904	211
904	319
904	358
904	379
904	434
904	496
904	518
904	662
904	759
904	780
904	812
904	886
904	891
904	925
904	940
904	987
904	988
905	222
905	261
905	357
905	682
905	701
905	861
905	871
905	877
905	893
905	901
905	949
905	960
905	965
905	967
905	976
905	978
905	980
905	981
905	991
905	997
905	1000
906	38
906	552
906	580
906	624
906	650
906	698
906	705
906	736
906	751
906	820
906	828
906	879
906	918
906	936
906	962
906	981
906	991
906	997
906	1000
907	20
907	63
907	183
907	188
907	299
907	399
907	433
907	444
907	506
907	522
907	571
907	579
907	584
907	651
907	690
907	807
907	810
907	817
907	852
907	919
907	922
908	13
908	29
908	73
908	162
908	165
908	333
908	423
908	484
908	502
908	578
908	666
908	712
908	832
908	840
908	873
908	882
908	895
908	924
908	954
908	977
908	996
909	119
909	138
909	202
909	220
909	230
909	262
909	306
909	373
909	378
909	491
909	645
909	762
909	845
909	852
909	878
909	914
909	916
909	968
910	707
910	786
910	837
910	838
910	881
910	894
910	899
910	920
910	953
910	960
910	964
910	967
910	975
910	976
910	977
910	985
910	987
910	989
910	992
910	993
910	998
911	52
911	260
911	308
911	612
911	636
911	711
911	795
911	818
911	875
911	900
911	917
911	925
911	929
911	945
911	952
911	983
912	18
912	19
912	64
912	137
912	229
912	269
912	414
912	459
912	461
912	481
912	540
912	557
912	596
912	597
912	659
912	666
912	691
912	740
912	838
912	974
912	983
912	995
913	160
913	515
913	564
913	574
913	634
913	681
913	686
913	693
913	726
913	787
913	790
913	870
913	876
913	935
913	939
913	941
913	944
913	972
913	974
913	978
913	986
913	990
914	119
914	138
914	202
914	220
914	230
914	262
914	306
914	378
914	384
914	491
914	627
914	647
914	705
914	718
914	762
914	815
914	845
914	852
914	878
914	909
914	916
914	968
915	84
915	101
915	155
915	194
915	296
915	314
915	315
915	330
915	362
915	381
915	482
915	498
915	576
915	597
915	610
915	670
915	685
915	704
915	877
915	884
915	889
915	920
916	18
916	119
916	138
916	175
916	202
916	220
916	230
916	262
916	273
916	306
916	378
916	491
916	537
916	600
916	687
916	762
916	815
916	845
916	852
916	878
916	909
916	914
916	968
917	52
917	204
917	260
917	308
917	597
917	612
917	627
917	636
917	711
917	731
917	795
917	875
917	893
917	900
917	911
917	929
917	945
917	952
917	983
918	111
918	552
918	553
918	580
918	624
918	650
918	698
918	705
918	736
918	751
918	820
918	828
918	879
918	906
918	936
918	977
918	979
918	981
918	991
918	997
918	1000
919	60
919	63
919	183
919	221
919	299
919	399
919	433
919	506
919	522
919	571
919	579
919	584
919	620
919	691
919	807
919	810
919	815
919	817
919	845
919	907
919	922
919	940
919	974
920	149
920	153
920	233
920	251
920	297
920	383
920	407
920	412
920	430
920	445
920	731
920	739
920	765
920	843
920	899
920	910
920	915
920	945
920	953
920	958
920	968
920	994
920	996
921	54
921	58
921	70
921	73
921	92
921	231
921	253
921	353
921	390
921	472
921	518
921	548
921	605
921	665
921	709
921	800
921	813
921	846
921	857
921	890
921	954
921	983
921	996
922	20
922	55
922	60
922	91
922	140
922	151
922	188
922	299
922	399
922	506
922	522
922	571
922	579
922	584
922	624
922	651
922	691
922	807
922	810
922	815
922	817
922	907
922	919
923	3
923	25
923	276
923	277
923	291
923	311
923	340
923	344
923	477
923	511
923	563
923	594
923	639
923	756
923	786
923	789
923	823
923	880
923	937
923	952
923	953
923	979
923	995
924	13
924	16
924	29
924	165
924	322
924	333
924	401
924	484
924	502
924	578
924	666
924	686
924	712
924	731
924	751
924	829
924	832
924	840
924	882
924	895
924	908
924	954
924	996
925	31
925	195
925	211
925	319
925	358
925	379
925	414
925	426
925	434
925	444
925	496
925	662
925	683
925	759
925	780
925	812
925	873
925	886
925	891
925	904
925	911
925	940
925	988
926	4
926	138
926	223
926	228
926	248
926	272
926	391
926	438
926	456
926	523
926	546
926	589
926	647
926	716
926	731
926	806
926	813
926	830
926	836
926	875
926	902
926	956
926	988
927	27
927	190
927	324
927	400
927	470
927	543
927	601
927	617
927	674
927	729
927	774
927	794
927	811
927	816
927	833
927	938
927	942
927	957
927	961
927	969
927	994
927	995
927	999
928	270
928	361
928	480
928	537
928	587
928	628
928	648
928	678
928	722
928	758
928	776
928	825
928	859
928	863
928	952
928	959
928	964
928	971
928	977
928	992
928	997
929	16
929	18
929	52
929	237
929	260
929	294
929	308
929	529
929	597
929	612
929	627
929	636
929	649
929	711
929	719
929	731
929	795
929	875
929	900
929	911
929	917
929	945
929	952
929	983
930	57
930	64
930	110
930	168
930	181
930	254
930	284
930	337
930	420
930	439
930	479
930	586
930	589
930	608
930	635
930	715
930	778
930	815
930	821
930	847
930	947
930	951
930	983
930	995
931	82
931	128
931	174
931	203
931	212
931	318
931	371
931	413
931	456
931	463
931	562
931	673
931	735
931	775
931	796
931	815
931	851
931	867
931	872
931	887
931	899
931	901
931	934
931	950
931	968
932	464
932	543
932	549
932	560
932	581
932	626
932	641
932	689
932	745
932	758
932	782
932	933
932	947
932	961
932	966
932	970
932	991
933	246
933	265
933	320
933	406
933	426
933	464
933	549
933	560
933	581
933	626
933	689
933	745
933	758
933	782
933	808
933	859
933	932
933	947
933	961
933	966
933	968
933	970
934	43
934	68
934	82
934	124
934	128
934	174
934	203
934	212
934	318
934	322
934	371
934	413
934	562
934	673
934	756
934	786
934	851
934	867
934	872
934	887
934	901
934	931
934	937
934	950
934	968
935	418
935	435
935	515
935	564
935	569
935	590
935	631
935	634
935	678
935	681
935	693
935	726
935	787
935	790
935	804
935	876
935	886
935	913
935	939
935	941
935	944
935	972
935	986
935	990
935	995
936	83
936	273
936	334
936	552
936	553
936	580
936	624
936	650
936	698
936	705
936	736
936	751
936	820
936	828
936	858
936	879
936	906
936	918
936	979
936	981
936	991
936	997
936	1000
937	3
937	25
937	240
937	276
937	277
937	287
937	291
937	311
937	344
937	354
937	444
937	477
937	511
937	563
937	594
937	596
937	597
937	639
937	786
937	789
937	823
937	880
937	923
937	934
937	952
937	979
938	190
938	275
938	363
938	470
938	570
938	601
938	617
938	674
938	729
938	774
938	794
938	811
938	816
938	833
938	842
938	889
938	927
938	942
938	945
938	956
938	957
938	969
938	981
938	994
938	995
938	999
939	160
939	264
939	293
939	457
939	564
939	569
939	574
939	590
939	634
939	693
939	726
939	787
939	790
939	876
939	886
939	913
939	935
939	941
939	944
939	971
939	972
939	974
939	984
939	986
939	990
939	995
940	80
940	243
940	245
940	433
940	565
940	807
940	811
940	812
940	817
940	891
940	904
940	919
940	925
940	955
940	959
940	960
940	964
940	967
940	976
940	977
940	982
940	986
940	987
940	989
940	992
940	998
941	418
941	463
941	515
941	564
941	569
941	574
941	590
941	681
941	693
941	724
941	726
941	756
941	779
941	787
941	790
941	876
941	913
941	935
941	939
941	944
941	955
941	971
941	972
941	986
941	990
941	995
942	115
942	215
942	275
942	313
942	400
942	470
942	543
942	601
942	617
942	674
942	729
942	774
942	794
942	811
942	816
942	833
942	860
942	927
942	938
942	943
942	956
942	957
942	969
942	988
942	994
942	995
942	999
943	65
943	75
943	112
943	150
943	166
943	216
943	274
943	302
943	415
943	463
943	527
943	535
943	613
943	627
943	637
943	646
943	700
943	730
943	746
943	755
943	768
943	803
943	829
943	865
943	942
943	971
943	994
944	116
944	135
944	169
944	259
944	418
944	435
944	457
944	569
944	574
944	592
944	634
944	681
944	693
944	726
944	787
944	789
944	790
944	863
944	876
944	913
944	935
944	939
944	941
944	954
944	972
944	986
944	990
945	41
945	485
945	539
945	548
945	568
945	667
945	765
945	844
945	888
945	896
945	899
945	900
945	903
945	911
945	917
945	920
945	929
945	938
945	953
945	957
945	969
945	982
945	987
945	989
945	996
945	998
945	999
946	508
946	519
946	531
946	629
946	632
946	661
946	732
946	797
946	816
946	834
946	838
946	858
946	948
946	955
946	960
946	967
946	976
947	120
947	246
947	258
947	265
947	320
947	406
947	426
947	464
947	549
947	560
947	581
947	626
947	689
947	745
947	758
947	782
947	930
947	932
947	933
947	961
947	966
947	968
947	970
947	987
948	505
948	519
948	531
948	629
948	632
948	661
948	732
948	797
948	834
948	858
948	946
948	955
948	960
948	967
948	976
948	998
948	999
949	16
949	32
949	35
949	53
949	81
949	182
949	280
949	281
949	310
949	324
949	376
949	388
949	411
949	495
949	547
949	696
949	702
949	754
949	755
949	803
949	846
949	856
949	861
949	893
949	905
949	952
949	971
950	68
950	82
950	128
950	174
950	203
950	212
950	318
950	355
950	371
950	376
950	413
950	499
950	562
950	575
950	673
950	756
950	775
950	786
950	815
950	851
950	867
950	872
950	882
950	887
950	901
950	931
950	934
950	968
951	57
951	110
951	168
951	181
951	249
951	254
951	284
951	336
951	337
951	354
951	420
951	439
951	440
951	479
951	523
951	555
951	556
951	586
951	608
951	635
951	715
951	778
951	815
951	821
951	847
951	930
951	983
951	995
952	137
952	177
952	280
952	370
952	497
952	579
952	686
952	786
952	802
952	823
952	846
952	861
952	875
952	880
952	900
952	911
952	917
952	923
952	928
952	929
952	937
952	949
952	959
952	964
952	975
952	977
952	980
952	985
952	992
952	993
953	1
953	112
953	149
953	153
953	218
953	233
953	251
953	273
953	297
953	354
953	383
953	412
953	416
953	430
953	443
953	445
953	529
953	739
953	765
953	826
953	843
953	899
953	910
953	920
953	923
953	945
953	958
953	968
953	994
953	996
954	408
954	414
954	460
954	473
954	517
954	541
954	614
954	709
954	710
954	711
954	764
954	786
954	800
954	804
954	840
954	866
954	871
954	882
954	890
954	895
954	908
954	921
954	924
954	944
954	958
954	972
954	980
954	983
954	986
954	990
955	7
955	108
955	141
955	209
955	394
955	519
955	531
955	629
955	632
955	661
955	732
955	797
955	834
955	858
955	866
955	940
955	941
955	946
955	948
955	960
955	967
955	976
956	155
956	394
956	398
956	437
956	442
956	446
956	504
956	508
956	583
956	631
956	663
956	720
956	768
956	773
956	784
956	793
956	806
956	830
956	836
956	848
956	854
956	870
956	874
956	902
956	926
956	938
956	942
956	957
956	969
956	999
957	27
957	115
957	190
957	215
957	275
957	313
957	363
957	400
957	470
957	500
957	543
957	601
957	617
957	674
957	729
957	762
957	774
957	794
957	811
957	816
957	833
957	879
957	927
957	938
957	942
957	945
957	956
957	969
957	994
957	995
957	999
958	21
958	44
958	142
958	152
958	244
958	247
958	249
958	251
958	321
958	372
958	377
958	387
958	516
958	614
958	655
958	690
958	728
958	754
958	770
958	842
958	843
958	849
958	853
958	874
958	899
958	920
958	953
958	954
958	969
958	979
958	983
958	986
959	69
959	143
959	268
959	270
959	361
959	385
959	389
959	432
959	480
959	537
959	587
959	628
959	648
959	678
959	681
959	722
959	776
959	825
959	859
959	863
959	928
959	940
959	952
959	964
959	971
959	977
959	992
960	7
960	108
960	121
960	180
960	209
960	485
960	519
960	531
960	629
960	632
960	661
960	692
960	732
960	797
960	834
960	858
960	889
960	905
960	910
960	940
960	946
960	948
960	955
960	967
960	976
961	120
961	224
961	246
961	258
961	265
961	320
961	326
961	406
961	426
961	464
961	549
961	560
961	581
961	626
961	689
961	745
961	758
961	782
961	927
961	932
961	933
961	947
961	966
961	968
961	970
961	995
962	409
962	487
962	573
962	602
962	604
962	638
962	643
962	653
962	656
962	742
962	744
962	752
962	777
962	779
962	781
962	783
962	809
962	827
962	846
962	855
962	903
962	906
962	982
962	987
962	989
962	996
962	998
963	85
963	87
963	341
963	417
963	432
963	435
963	453
963	660
963	669
963	679
963	680
963	717
963	723
963	737
963	741
963	743
963	818
963	819
963	971
963	975
963	980
963	985
963	993
964	38
964	69
964	118
964	143
964	268
964	270
964	361
964	385
964	480
964	537
964	570
964	587
964	628
964	629
964	648
964	678
964	722
964	731
964	775
964	776
964	825
964	853
964	859
964	863
964	896
964	910
964	928
964	940
964	952
964	959
964	971
964	977
964	992
965	33
965	43
965	90
965	105
965	119
965	127
965	219
965	259
965	271
965	288
965	359
965	441
965	493
965	494
965	542
965	555
965	683
965	701
965	748
965	798
965	799
965	829
965	864
965	905
965	968
965	971
965	974
965	978
965	996
966	120
966	195
966	224
966	246
966	249
966	258
966	265
966	287
966	320
966	330
966	406
966	426
966	440
966	458
966	464
966	549
966	560
966	581
966	626
966	659
966	689
966	716
966	745
966	758
966	782
966	802
966	813
966	826
966	932
966	933
966	947
966	961
966	968
966	970
967	7
967	108
967	121
967	209
967	231
967	504
967	519
967	531
967	629
967	632
967	661
967	732
967	789
967	797
967	802
967	803
967	834
967	858
967	889
967	905
967	910
967	940
967	946
967	948
967	955
967	960
967	976
967	1000
968	206
968	271
968	282
968	297
968	460
968	528
968	566
968	640
968	686
968	765
968	773
968	798
968	843
968	852
968	864
968	878
968	887
968	899
968	901
968	902
968	909
968	914
968	916
968	920
968	931
968	933
968	934
968	947
968	950
968	953
968	961
968	965
968	966
968	970
968	978
969	27
969	115
969	215
969	275
969	313
969	363
969	400
969	470
969	543
969	601
969	617
969	674
969	686
969	729
969	740
969	774
969	789
969	794
969	802
969	811
969	815
969	816
969	833
969	889
969	927
969	938
969	942
969	945
969	956
969	957
969	958
969	990
969	994
969	995
969	999
970	18
970	120
970	221
970	224
970	246
970	258
970	265
970	273
970	320
970	401
970	403
970	406
970	426
970	463
970	464
970	549
970	560
970	581
970	586
970	626
970	689
970	716
970	745
970	756
970	758
970	776
970	782
970	802
970	813
970	932
970	933
970	947
970	961
970	966
970	968
971	193
971	213
971	214
971	495
971	671
971	687
971	701
971	702
971	719
971	792
971	798
971	846
971	856
971	863
971	864
971	893
971	928
971	939
971	941
971	943
971	949
971	959
971	963
971	964
971	965
971	972
971	975
971	977
971	978
971	980
971	985
971	986
971	990
971	992
971	993
972	8
972	33
972	116
972	160
972	169
972	238
972	287
972	418
972	435
972	457
972	510
972	515
972	569
972	574
972	590
972	634
972	681
972	691
972	693
972	726
972	787
972	790
972	815
972	868
972	876
972	913
972	935
972	939
972	941
972	944
972	954
972	971
972	986
972	990
972	995
973	11
973	19
973	88
973	89
973	96
973	141
973	145
973	208
973	218
973	303
973	328
973	329
973	332
973	373
973	375
973	376
973	462
973	559
973	572
973	575
973	590
973	612
973	621
973	623
973	645
973	725
973	731
973	733
973	797
973	799
973	803
973	873
973	984
973	988
973	994
974	91
974	97
974	319
974	362
974	427
974	459
974	461
974	482
974	486
974	498
974	540
974	571
974	591
974	654
974	659
974	670
974	704
974	723
974	748
974	767
974	790
974	798
974	807
974	810
974	838
974	864
974	869
974	884
974	912
974	913
974	919
974	939
974	965
974	978
974	986
974	990
975	45
975	102
975	130
975	163
975	197
975	204
975	245
975	283
975	304
975	341
975	351
975	417
975	432
975	453
975	660
975	669
975	679
975	680
975	717
975	737
975	741
975	743
975	818
975	819
975	872
975	883
975	910
975	952
975	963
975	971
975	980
975	985
975	993
975	995
976	1
976	7
976	108
976	121
976	209
976	249
976	287
976	297
976	364
976	391
976	518
976	519
976	531
976	598
976	629
976	632
976	661
976	691
976	732
976	757
976	789
976	797
976	802
976	803
976	834
976	836
976	858
976	889
976	905
976	910
976	940
976	946
976	948
976	955
976	960
976	967
977	38
977	69
977	101
977	118
977	143
977	199
977	268
977	270
977	361
977	385
977	480
977	537
977	570
977	587
977	628
977	648
977	678
977	722
977	740
977	776
977	799
977	824
977	825
977	859
977	862
977	863
977	908
977	910
977	918
977	928
977	940
977	952
977	959
977	964
977	971
977	983
977	992
978	32
978	43
978	90
978	105
978	127
978	199
978	219
978	259
978	271
978	273
978	287
978	288
978	354
978	359
978	384
978	414
978	440
978	456
978	461
978	462
978	493
978	542
978	570
978	665
978	701
978	748
978	798
978	799
978	813
978	829
978	864
978	905
978	913
978	965
978	968
978	971
978	974
979	3
979	129
979	247
979	290
979	455
979	460
979	614
979	618
979	664
979	706
979	707
979	708
979	709
979	710
979	727
979	728
979	823
979	824
979	837
979	839
979	842
979	849
979	880
979	882
979	884
979	892
979	918
979	923
979	936
979	937
979	958
979	981
979	988
979	991
979	994
979	997
979	1000
980	10
980	45
980	78
980	102
980	163
980	197
980	204
980	240
980	283
980	304
980	322
980	341
980	417
980	432
980	453
980	660
980	669
980	679
980	680
980	717
980	725
980	737
980	741
980	743
980	789
980	818
980	819
980	824
980	829
980	905
980	952
980	954
980	963
980	971
980	975
980	985
980	993
980	994
981	36
981	72
981	125
981	184
981	331
981	334
981	378
981	552
981	553
981	580
981	624
981	650
981	698
981	701
981	705
981	736
981	751
981	764
981	820
981	828
981	879
981	905
981	906
981	918
981	936
981	938
981	979
981	991
981	997
981	1000
982	123
982	158
982	389
982	409
982	487
982	573
982	602
982	604
982	633
982	638
982	643
982	653
982	656
982	670
982	742
982	744
982	752
982	770
982	777
982	779
982	781
982	783
982	809
982	827
982	855
982	940
982	945
982	962
982	987
982	989
982	991
982	998
983	21
983	22
983	142
983	256
983	387
983	481
983	483
983	508
983	516
983	540
983	586
983	598
983	631
983	639
983	691
983	720
983	778
983	795
983	800
983	821
983	838
983	840
983	857
983	875
983	878
983	890
983	900
983	911
983	912
983	917
983	921
983	929
983	930
983	951
983	954
983	958
983	977
983	995
984	11
984	30
984	88
984	89
984	96
984	101
984	141
984	145
984	208
984	218
984	287
984	303
984	328
984	329
984	332
984	350
984	373
984	375
984	441
984	559
984	572
984	575
984	621
984	623
984	645
984	648
984	668
984	680
984	725
984	731
984	733
984	799
984	803
984	873
984	939
984	973
984	988
984	994
985	8
985	10
985	26
985	45
985	78
985	102
985	130
985	163
985	197
985	240
985	283
985	304
985	341
985	417
985	432
985	453
985	660
985	669
985	679
985	680
985	717
985	737
985	740
985	741
985	743
985	813
985	818
985	819
985	829
985	862
985	888
985	910
985	952
985	963
985	971
985	975
985	980
985	993
986	8
986	135
986	169
986	238
986	353
986	418
986	435
986	457
986	462
986	515
986	564
986	569
986	574
986	590
986	634
986	681
986	693
986	726
986	787
986	789
986	790
986	802
986	813
986	831
986	865
986	876
986	913
986	935
986	939
986	940
986	941
986	944
986	954
986	958
986	971
986	972
986	974
986	990
986	995
987	77
987	123
987	134
987	158
987	176
987	389
987	405
987	409
987	487
987	573
987	602
987	604
987	638
987	643
987	653
987	656
987	742
987	744
987	752
987	777
987	779
987	781
987	783
987	809
987	827
987	855
987	873
987	883
987	904
987	910
987	940
987	945
987	947
987	962
987	982
987	989
987	998
988	59
988	89
988	99
988	164
988	225
988	367
988	375
988	438
988	485
988	539
988	572
988	645
988	714
988	724
988	733
988	750
988	755
988	759
988	780
988	788
988	806
988	807
988	812
988	822
988	830
988	836
988	837
988	844
988	862
988	874
988	881
988	891
988	894
988	902
988	904
988	925
988	926
988	942
988	973
988	979
988	984
989	77
989	123
989	134
989	158
989	296
989	343
989	389
989	409
989	487
989	573
989	574
989	592
989	596
989	602
989	604
989	638
989	643
989	653
989	656
989	742
989	744
989	752
989	777
989	779
989	781
989	783
989	802
989	809
989	824
989	827
989	855
989	873
989	883
989	910
989	940
989	945
989	962
989	982
989	987
989	996
989	998
990	8
990	64
990	116
990	135
990	160
990	224
990	238
990	355
990	418
990	435
990	457
990	564
990	569
990	570
990	574
990	590
990	634
990	681
990	693
990	726
990	756
990	760
990	787
990	790
990	802
990	813
990	815
990	852
990	876
990	886
990	913
990	935
990	939
990	941
990	944
990	954
990	969
990	971
990	972
990	974
990	986
990	995
991	36
991	72
991	85
991	125
991	184
991	331
991	334
991	535
991	552
991	553
991	580
991	624
991	638
991	650
991	698
991	705
991	736
991	751
991	820
991	828
991	879
991	883
991	905
991	906
991	918
991	932
991	936
991	979
991	981
991	982
991	997
991	1000
992	38
992	64
992	69
992	73
992	118
992	143
992	220
992	268
992	270
992	322
992	350
992	361
992	385
992	402
992	414
992	462
992	480
992	537
992	587
992	628
992	648
992	655
992	678
992	722
992	731
992	738
992	740
992	775
992	776
992	799
992	824
992	825
992	859
992	863
992	898
992	910
992	928
992	940
992	952
992	959
992	964
992	971
992	977
993	10
993	45
993	78
993	102
993	130
993	163
993	197
993	204
993	240
993	283
993	291
993	304
993	335
993	341
993	384
993	391
993	416
993	417
993	432
993	453
993	660
993	669
993	679
993	680
993	717
993	737
993	741
993	743
993	775
993	789
993	813
993	818
993	819
993	824
993	833
993	883
993	910
993	952
993	963
993	971
993	975
993	980
993	985
994	237
994	250
994	298
994	332
994	375
994	380
994	412
994	530
994	535
994	613
994	621
994	623
994	646
994	664
994	700
994	713
994	727
994	733
994	735
994	739
994	746
994	760
994	763
994	765
994	830
994	843
994	850
994	860
994	865
994	878
994	899
994	920
994	927
994	938
994	942
994	943
994	953
994	957
994	969
994	973
994	979
994	980
994	984
994	999
995	66
995	110
995	316
995	348
995	366
995	444
995	448
995	461
995	467
995	486
995	557
995	585
995	635
995	659
995	679
995	753
995	771
995	792
995	796
995	821
995	833
995	835
995	838
995	847
995	876
995	886
995	897
995	912
995	923
995	927
995	930
995	935
995	938
995	939
995	941
995	942
995	951
995	957
995	961
995	969
995	972
995	975
995	983
995	986
995	990
995	999
996	94
996	111
996	114
996	170
996	199
996	251
996	356
996	390
996	422
996	446
996	451
996	485
996	513
996	517
996	548
996	570
996	593
996	618
996	654
996	709
996	712
996	765
996	773
996	788
996	793
996	800
996	804
996	832
996	840
996	843
996	844
996	857
996	871
996	877
996	882
996	890
996	895
996	899
996	908
996	920
996	921
996	924
996	945
996	953
996	962
996	965
996	989
997	36
997	72
997	85
997	125
997	184
997	331
997	334
997	384
997	440
997	552
997	553
997	580
997	624
997	641
997	647
997	650
997	693
997	695
997	698
997	705
997	736
997	747
997	751
997	755
997	803
997	820
997	828
997	879
997	883
997	905
997	906
997	918
997	928
997	936
997	979
997	981
997	991
997	1000
998	16
998	19
998	32
998	77
998	123
998	134
998	158
998	269
998	350
998	370
998	389
998	409
998	487
998	518
998	570
998	573
998	600
998	602
998	604
998	638
998	643
998	650
998	653
998	656
998	658
998	742
998	744
998	752
998	777
998	779
998	781
998	783
998	802
998	809
998	824
998	827
998	841
998	855
998	873
998	883
998	910
998	940
998	945
998	948
998	962
998	982
998	987
998	989
999	1
999	27
999	37
999	64
999	73
999	115
999	131
999	190
999	215
999	223
999	275
999	296
999	313
999	355
999	363
999	376
999	384
999	391
999	400
999	443
999	462
999	463
999	470
999	543
999	564
999	601
999	617
999	647
999	674
999	729
999	740
999	774
999	789
999	794
999	811
999	815
999	816
999	833
999	887
999	889
999	927
999	938
999	942
999	945
999	948
999	956
999	957
999	969
999	994
999	995
1000	1
1000	30
1000	32
1000	33
1000	36
1000	72
1000	75
1000	85
1000	125
1000	184
1000	221
1000	231
1000	269
1000	294
1000	296
1000	331
1000	334
1000	353
1000	364
1000	430
1000	517
1000	552
1000	553
1000	580
1000	624
1000	627
1000	641
1000	647
1000	650
1000	698
1000	705
1000	730
1000	736
1000	751
1000	755
1000	803
1000	820
1000	828
1000	873
1000	879
1000	883
1000	905
1000	906
1000	918
1000	936
1000	967
1000	979
1000	981
1000	991
1000	997
