# The links inside the communities at k=6
# from G:\Dropbox\Raghda\CNA\Final Project\other methods\CFinder-2.0.6--1448\G:\Dropbox\Raghda\CNA\Final Project\Datasets\binary_networks\LFR1\networ_LFR1_Om3.dat
# at no lower link weight threshold,
# and at no upper link weight threshold.
# Links were treated as undirected.
# No time limit was set for the clique search.

0:
872 735
872 813
872 868
872 719
872 237
872 702
872 723
872 528
872 319
735 813
735 868
735 719
735 702
735 723
735 528
735 319
813 868
813 719
813 237
813 702
813 723
813 528
813 319
868 719
868 237
868 702
868 723
868 528
868 319
719 702
237 702
237 723
702 723
702 528
723 319
1:
698 976
698 988
698 995
698 997
698 775
698 932
698 925
698 912
698 794
698 802
958 976
958 988
958 995
958 997
958 990
958 932
958 855
958 925
958 912
958 894
958 739
976 988
976 995
976 997
976 681
976 775
976 242
976 932
976 855
976 925
976 353
976 912
976 387
976 894
976 393
976 410
976 814
976 419
976 463
976 575
976 847
976 794
976 667
976 782
976 668
976 706
976 802
976 739
988 995
988 997
988 990
988 681
988 775
988 242
988 932
988 855
988 925
988 353
988 912
988 387
988 894
988 393
988 410
988 814
988 419
988 463
988 500
988 575
988 847
988 794
988 667
988 782
988 668
988 706
988 802
988 739
995 997
995 990
995 681
995 775
995 242
995 932
995 855
995 925
995 353
995 912
995 387
995 894
995 393
995 410
995 814
995 419
995 463
995 500
995 575
995 847
995 794
995 667
995 782
995 706
995 802
995 739
997 775
997 242
997 932
997 855
997 925
997 353
997 912
997 387
997 894
997 393
997 410
997 814
997 419
997 463
997 500
997 575
997 847
997 794
997 667
997 782
997 668
997 706
997 802
997 739
990 775
990 932
990 855
990 925
990 894
990 847
990 794
990 668
990 802
990 739
681 932
681 925
681 894
681 794
681 782
681 706
775 932
775 855
775 925
775 894
775 802
775 739
242 932
932 855
932 925
932 912
932 387
932 894
932 393
932 410
932 500
932 847
932 794
932 667
932 782
932 706
932 802
855 894
855 814
855 419
855 463
855 847
855 667
855 668
855 802
925 912
925 814
925 463
925 500
925 575
925 847
925 794
925 782
925 668
925 706
925 802
925 739
353 912
912 894
912 814
912 419
912 500
912 847
912 794
912 667
912 782
912 668
912 706
912 802
387 894
894 814
894 575
894 847
894 794
894 782
894 668
894 802
894 739
814 782
814 706
814 802
814 739
575 847
847 667
847 782
847 668
847 802
794 782
794 706
667 782
2:
955 784
955 865
955 919
955 837
955 883
955 246
955 765
955 605
955 712
955 666
784 865
784 919
784 837
784 883
784 765
784 666
865 919
865 837
865 883
865 246
865 765
865 605
865 712
919 837
919 883
919 246
919 765
919 605
919 712
919 666
837 883
837 765
837 712
837 666
883 246
883 765
883 605
883 712
883 666
246 765
765 605
765 712
3:
684 690
684 944
684 247
684 388
684 413
690 944
690 247
690 388
690 413
944 247
944 388
944 413
247 388
247 413
388 413
4:
974 952
974 260
974 425
974 604
974 707
952 260
952 425
952 604
952 707
260 425
260 604
260 707
425 604
425 707
604 707
5:
876 884
876 774
876 797
876 875
876 823
876 752
884 774
884 796
884 797
884 875
884 262
884 583
884 823
884 456
884 646
884 460
884 752
884 567
884 648
774 796
774 797
774 875
774 262
774 583
774 823
774 460
774 752
774 648
796 797
796 875
796 823
796 456
796 646
796 752
796 567
796 648
797 875
797 262
797 583
797 823
797 456
797 646
797 460
797 752
875 583
875 823
875 456
875 646
875 460
875 752
875 567
875 648
262 583
262 823
583 823
583 752
823 646
823 752
823 567
823 648
456 646
646 752
646 648
460 752
752 567
752 648
567 648
6:
980 720
980 934
980 973
980 927
980 998
980 969
980 892
980 264
980 607
980 695
980 743
980 497
980 709
980 750
980 542
980 926
980 401
980 825
980 508
980 541
980 564
980 755
720 934
720 973
720 927
720 998
720 709
720 926
720 508
720 755
934 973
934 927
934 998
934 969
934 892
934 264
934 607
934 695
934 743
934 497
934 709
934 750
934 542
934 926
934 401
934 825
934 508
934 541
934 564
934 755
973 927
973 998
973 969
973 892
973 264
973 607
973 695
973 743
973 497
973 709
973 750
973 542
973 926
973 401
973 825
973 508
973 541
973 564
973 755
927 998
927 969
927 892
927 264
927 607
927 695
927 743
927 497
927 709
927 750
927 926
927 825
927 541
927 564
927 755
998 892
998 607
998 743
998 750
998 542
998 926
998 401
998 825
998 508
998 541
969 892
969 695
969 825
969 564
969 755
892 264
892 743
892 709
892 750
892 542
892 401
892 825
892 508
892 564
892 755
607 825
607 541
695 497
695 709
695 825
743 926
743 401
743 755
497 825
709 825
709 755
750 926
750 825
750 541
750 755
542 564
926 825
825 755
7:
747 798
747 985
747 713
747 858
747 265
747 903
747 355
747 470
798 985
798 713
798 858
798 265
798 903
798 355
798 470
985 713
985 858
985 265
985 903
985 355
985 470
713 858
713 265
713 903
713 355
713 470
858 903
858 470
265 903
903 355
903 470
8:
886 864
886 964
886 947
886 906
886 890
886 768
940 864
940 902
940 964
940 947
940 906
940 768
864 902
864 964
864 753
864 947
864 906
864 890
864 267
864 631
864 762
902 964
902 753
902 803
902 904
902 557
902 947
902 906
902 845
902 890
902 267
902 631
902 527
902 536
902 762
902 630
902 768
964 753
964 803
964 904
964 557
964 947
964 906
964 845
964 890
964 267
964 631
964 527
964 536
964 762
964 630
964 768
753 803
753 557
753 947
753 906
753 845
753 890
753 536
753 768
803 947
803 845
803 890
803 631
803 630
803 768
904 947
904 906
904 762
557 947
557 906
557 890
557 762
947 906
947 845
947 890
947 267
947 631
947 527
947 536
947 762
947 630
947 768
906 845
906 890
906 267
906 631
906 527
906 762
906 630
906 768
845 890
845 631
845 527
845 762
845 630
890 631
890 527
890 536
890 762
890 630
890 768
762 630
762 768
9:
529 933
529 941
529 950
529 867
529 790
529 877
770 933
770 941
770 950
770 612
770 638
770 556
770 790
770 877
770 428
770 652
770 628
933 941
933 950
933 612
933 669
933 904
933 638
933 556
933 867
933 269
933 790
933 877
933 428
933 652
933 628
941 950
941 612
941 669
941 904
941 638
941 556
941 867
941 269
941 790
941 877
941 428
941 652
941 628
950 612
950 669
950 904
950 638
950 556
950 867
950 269
950 790
950 877
950 428
950 652
950 628
612 904
612 877
612 652
669 638
669 556
669 790
669 877
669 652
904 790
904 877
904 628
638 877
638 628
556 652
867 877
269 790
269 877
790 877
790 428
790 652
790 628
877 652
877 628
10:
791 854
791 915
791 942
791 880
791 887
791 916
791 769
791 924
791 773
791 481
791 485
791 779
791 581
854 915
854 942
854 880
854 887
854 916
854 951
854 769
854 924
854 812
854 682
854 779
854 581
854 642
915 942
915 271
915 880
915 887
915 916
915 951
915 769
915 386
915 924
915 395
915 397
915 773
915 812
915 485
915 682
915 525
915 779
915 581
942 271
942 880
942 887
942 916
942 951
942 769
942 386
942 924
942 395
942 397
942 773
942 812
942 481
942 485
942 531
942 682
942 525
942 779
942 581
942 642
271 880
271 887
271 916
880 887
880 916
880 951
880 769
880 386
880 924
880 395
880 397
880 773
880 812
880 682
880 525
880 779
887 916
887 951
887 769
887 924
887 395
887 773
887 812
887 481
887 485
887 682
887 525
887 779
887 642
916 951
916 769
916 386
916 924
916 395
916 397
916 773
916 812
916 481
916 485
916 531
916 682
916 525
916 779
916 581
916 642
951 769
951 924
951 397
951 779
769 924
769 812
769 481
769 642
386 924
924 395
924 397
924 773
924 812
924 481
924 485
924 531
924 682
924 525
924 779
924 581
924 642
773 812
773 531
773 779
773 581
773 642
812 531
812 682
812 779
812 642
682 779
525 779
11:
874 972
874 987
874 984
874 918
874 859
874 644
968 972
968 987
968 984
968 918
968 820
968 836
968 582
968 733
968 888
968 828
968 788
968 757
968 821
968 859
968 926
968 471
968 726
968 451
968 795
968 476
968 502
968 587
968 645
968 746
972 987
972 984
972 918
972 820
972 836
972 582
972 733
972 888
972 828
972 287
972 788
972 757
972 821
972 380
972 859
972 926
972 471
972 726
972 451
972 795
972 502
972 587
972 644
972 645
972 746
987 984
987 918
987 820
987 836
987 582
987 733
987 888
987 828
987 287
987 788
987 757
987 821
987 380
987 859
987 926
987 471
987 726
987 451
987 795
987 476
987 502
987 587
987 644
987 645
987 746
984 918
984 820
984 836
984 582
984 733
984 888
984 828
984 287
984 788
984 757
984 821
984 380
984 859
984 926
984 471
984 726
984 451
984 795
984 476
984 502
984 587
984 644
984 645
984 746
918 820
918 836
918 733
918 888
918 287
918 788
918 821
918 859
918 926
918 726
918 795
918 476
918 502
918 644
918 645
918 746
820 836
820 582
820 733
820 828
820 788
820 757
820 821
820 587
820 746
836 828
836 757
836 821
836 380
836 859
836 926
836 502
836 644
836 746
733 888
733 828
733 726
733 644
888 828
888 788
888 757
888 821
888 859
888 926
888 726
888 451
888 476
888 645
828 788
828 757
828 821
828 859
828 795
828 587
828 746
287 788
788 821
788 726
788 795
788 644
757 471
757 795
757 746
821 859
821 926
821 726
821 795
380 859
859 926
859 726
859 795
859 587
859 746
471 795
795 645
795 746
12:
881 898
881 921
881 869
881 842
881 511
979 905
979 817
979 898
979 921
979 911
979 861
979 729
979 818
979 842
979 373
905 817
905 898
905 921
905 911
905 869
905 818
905 842
817 898
817 921
817 911
817 861
817 869
817 729
817 305
817 818
817 842
817 465
898 904
898 921
898 911
898 869
898 729
898 305
898 818
898 842
898 373
898 376
898 427
898 465
898 511
904 921
904 911
904 861
904 869
904 729
904 842
921 911
921 861
921 869
921 729
921 305
921 818
921 322
921 842
921 373
921 376
921 427
921 465
921 511
911 861
911 869
911 729
911 305
911 818
911 842
911 373
911 376
911 427
911 465
911 511
861 869
861 729
861 818
861 322
861 842
861 373
861 376
861 427
861 465
869 729
869 818
869 322
869 842
869 376
869 427
869 511
729 465
305 818
818 322
818 842
818 376
818 465
818 511
322 842
842 373
842 427
842 511
13:
958 990
958 978
958 334
958 763
958 808
958 675
958 501
958 510
958 568
990 978
990 334
990 763
990 808
990 675
990 501
990 510
990 568
978 334
978 763
978 808
978 675
978 501
978 510
978 568
334 763
334 808
763 808
763 675
763 501
763 510
763 568
808 675
808 501
808 510
808 568
675 501
675 510
675 568
14:
1000 994
1000 999
1000 383
1000 483
1000 540
1000 598
1000 661
1000 792
1000 819
1000 871
1000 874
1000 876
1000 881
1000 885
1000 909
1000 917
1000 922
1000 930
1000 938
1000 945
1000 953
1000 954
1000 956
1000 957
1000 958
1000 962
1000 974
1000 977
1000 983
994 999
994 383
994 483
994 540
994 598
994 661
994 792
994 819
994 871
994 874
994 876
994 881
994 885
994 909
994 917
994 922
994 930
994 938
994 945
994 953
994 954
994 956
994 957
994 958
994 962
994 974
994 977
994 983
999 383
999 483
999 540
999 598
999 661
999 792
999 819
999 871
999 874
999 876
999 881
999 885
999 909
999 917
999 922
999 930
999 938
999 945
999 953
999 954
999 956
999 957
999 958
999 962
999 974
999 977
999 983
383 977
383 983
483 957
483 962
483 977
483 983
540 957
540 962
540 977
540 983
598 957
598 962
598 977
598 983
661 954
661 956
661 957
661 962
661 977
661 983
792 922
792 930
792 938
792 945
792 953
792 954
792 956
792 957
792 962
792 977
792 983
819 922
819 930
819 938
819 945
819 953
819 954
819 956
819 957
819 962
819 977
819 983
871 885
871 909
871 917
871 922
871 930
871 938
871 945
871 953
871 954
871 956
871 957
871 962
871 977
871 983
874 962
874 977
874 983
876 962
876 977
876 983
881 962
881 977
881 983
885 909
885 917
885 922
885 930
885 938
885 945
885 953
885 954
885 956
885 957
885 962
885 977
885 983
909 917
909 922
909 930
909 938
909 945
909 953
909 954
909 956
909 957
909 962
909 977
909 983
917 922
917 930
917 938
917 945
917 953
917 954
917 956
917 957
917 962
917 977
917 983
922 930
922 938
922 945
922 953
922 954
922 956
922 957
922 962
922 977
922 983
930 938
930 945
930 953
930 954
930 956
930 957
930 962
930 977
930 983
938 945
938 953
938 954
938 956
938 957
938 962
938 974
938 977
938 983
945 953
945 954
945 956
945 957
945 958
945 962
945 974
945 977
945 983
953 954
953 956
953 957
953 958
953 962
953 974
953 977
953 983
954 956
954 957
954 958
954 962
954 974
954 977
954 983
956 957
956 958
956 962
956 974
956 977
956 983
957 958
957 962
957 974
957 977
957 983
958 962
958 977
958 983
962 974
962 977
962 983
974 977
974 983
977 983
15:
993 640
993 990
993 685
993 751
993 423
640 990
640 685
640 751
640 423
990 685
990 751
990 423
685 751
685 423
751 423
16:
840 991
840 998
840 858
840 811
840 385
840 767
840 926
840 505
840 627
840 547
991 998
991 858
991 811
991 385
991 767
991 926
991 505
991 627
991 547
998 858
998 811
998 385
998 767
998 926
998 505
998 627
998 547
858 811
858 767
858 926
811 385
811 767
811 926
811 505
811 627
811 547
385 767
385 926
767 926
767 505
767 627
767 547
926 627
926 547
505 627
627 547
17:
993 619
993 929
993 943
993 998
993 806
993 800
993 849
993 412
993 545
993 634
993 609
993 680
619 929
619 943
619 998
619 806
619 480
619 545
929 943
929 998
929 806
929 480
929 800
929 849
929 412
929 615
929 545
929 634
929 609
929 680
943 998
943 806
943 480
943 800
943 849
943 412
943 615
943 545
943 634
943 609
943 680
998 806
998 480
998 800
998 849
998 412
998 545
998 634
998 609
998 680
806 480
806 800
806 615
806 545
806 634
806 609
806 680
800 412
800 615
800 609
800 680
849 634
615 609
615 680
545 609
18:
991 986
991 903
991 621
991 418
991 636
991 647
991 766
991 434
991 445
986 903
986 621
986 418
986 636
986 647
986 766
986 434
986 445
903 621
903 636
903 647
903 766
621 636
621 647
621 766
621 434
621 445
418 636
418 647
418 766
636 647
636 766
636 434
647 766
647 445
766 434
766 445
434 445
19:
981 966
981 827
981 901
981 920
981 783
981 495
981 532
981 848
908 966
908 827
908 686
908 835
908 901
908 786
908 920
908 657
908 783
908 468
908 532
908 848
966 827
966 686
966 835
966 901
966 786
966 920
966 657
966 783
966 429
966 468
966 495
966 532
966 848
827 835
827 901
827 920
827 783
827 495
827 532
827 848
686 835
686 901
686 786
686 920
686 783
686 429
686 848
835 901
835 920
835 657
835 468
835 848
901 786
901 920
901 657
901 783
901 429
901 468
901 495
901 532
901 848
786 920
786 657
786 783
786 848
920 783
920 429
920 468
920 495
920 848
657 783
657 848
783 429
532 848
20:
860 967
860 975
860 856
860 965
860 991
860 939
860 928
860 935
860 560
860 839
860 895
860 986
860 936
860 831
860 469
860 889
967 975
967 961
967 856
967 965
967 991
967 969
967 939
967 928
967 935
967 851
967 913
967 560
967 839
967 959
967 895
967 986
967 944
967 936
967 831
967 844
967 469
967 432
967 889
967 656
975 961
975 856
975 965
975 991
975 969
975 673
975 939
975 928
975 935
975 851
975 913
975 560
975 839
975 959
975 895
975 944
975 936
975 831
975 844
975 469
975 432
975 889
975 656
975 829
961 965
961 969
961 939
961 935
961 913
961 936
961 831
961 889
961 829
856 965
856 991
856 939
856 928
856 935
856 851
856 913
856 839
856 959
856 844
856 889
856 829
965 991
965 673
965 939
965 928
965 935
965 851
965 913
965 839
965 959
965 895
965 986
965 944
965 936
965 849
965 831
965 844
965 432
965 889
965 656
965 829
991 939
991 935
991 851
991 913
991 895
991 986
991 936
991 844
991 889
991 829
969 673
969 939
969 928
969 913
969 895
969 936
969 831
673 939
673 928
673 839
673 959
673 936
939 928
939 935
939 851
939 913
939 839
939 959
939 895
939 986
939 944
939 936
939 849
939 831
939 844
939 889
939 829
928 935
928 851
928 913
928 560
928 839
928 959
928 895
928 986
928 936
928 844
928 432
928 889
928 656
928 829
935 851
935 913
935 560
935 839
935 959
935 895
935 986
935 936
935 849
935 831
935 844
935 469
935 889
935 656
935 829
851 839
851 895
851 986
851 936
851 831
851 889
913 839
913 895
913 986
913 944
913 936
913 849
913 844
913 432
913 889
913 656
913 829
560 839
560 936
839 986
839 936
839 889
959 936
959 844
895 986
895 936
895 831
895 844
895 469
895 889
895 829
986 936
986 831
986 889
944 936
944 831
944 889
944 829
936 844
936 469
936 889
936 656
936 829
849 889
831 844
844 829
889 656
889 829
656 829
21:
897 907
897 949
897 961
897 923
897 948
897 866
897 951
897 714
897 437
897 572
897 606
897 620
897 635
897 749
897 717
897 688
907 949
907 961
907 923
907 948
907 866
907 437
907 572
907 606
907 620
907 635
907 749
907 717
907 688
949 961
949 923
949 948
949 866
949 951
949 714
949 437
949 572
949 606
949 620
949 635
949 749
949 717
949 688
961 923
961 866
961 714
961 572
961 606
961 749
961 717
961 688
923 948
923 866
923 951
923 714
923 437
923 572
923 606
923 620
923 635
923 749
923 717
923 688
948 866
948 606
948 635
948 749
866 951
866 714
866 437
866 572
866 606
866 620
866 635
866 749
866 717
866 688
951 437
951 606
951 635
951 717
951 688
714 572
714 717
714 688
606 620
620 749
635 717
749 717
749 688
22:
982 989
982 992
982 996
982 960
982 852
982 978
982 959
982 903
982 826
982 637
982 970
982 882
982 971
982 440
982 454
982 486
982 963
982 546
982 561
982 571
982 577
982 760
982 625
982 946
982 778
982 700
982 931
982 937
982 732
982 780
982 832
989 992
989 996
989 960
989 852
989 978
989 959
989 903
989 826
989 637
989 970
989 882
989 971
989 440
989 454
989 486
989 963
989 546
989 561
989 571
989 577
989 760
989 625
989 946
989 778
989 700
989 931
989 937
989 732
989 780
989 832
992 996
992 960
992 852
992 978
992 959
992 903
992 826
992 637
992 970
992 882
992 971
992 440
992 454
992 486
992 963
992 546
992 561
992 571
992 577
992 760
992 625
992 946
992 778
992 700
992 931
992 937
992 732
992 780
992 832
996 960
996 852
996 978
996 959
996 903
996 826
996 637
996 970
996 882
996 971
996 440
996 454
996 486
996 963
996 546
996 561
996 571
996 577
996 760
996 625
996 946
996 778
996 700
996 931
996 937
996 732
996 780
996 832
960 970
960 882
960 971
960 963
960 946
960 931
960 937
852 978
852 970
852 882
852 971
852 963
852 946
852 931
852 937
852 780
852 832
978 970
978 882
978 971
978 963
978 946
978 931
978 937
978 832
959 970
959 882
959 971
959 963
959 946
959 931
959 937
903 970
903 971
903 963
826 971
637 970
637 971
637 963
637 946
970 882
970 971
970 486
970 963
970 546
970 561
970 571
970 577
970 760
970 625
970 946
970 700
970 931
970 937
970 732
970 780
970 832
882 971
882 963
882 760
882 946
882 931
882 937
882 732
882 780
882 832
971 440
971 454
971 486
971 963
971 546
971 561
971 571
971 577
971 760
971 625
971 946
971 778
971 700
971 931
971 937
971 732
971 780
971 832
486 963
963 546
963 561
963 571
963 577
963 760
963 625
963 946
963 700
963 931
963 937
963 732
963 780
963 832
760 946
760 931
760 937
625 946
946 700
946 931
946 937
946 732
946 780
946 832
700 931
700 937
931 937
931 732
931 780
931 832
937 732
937 780
937 832
780 832
23:
900 955
900 979
900 533
900 905
900 676
900 490
955 979
955 533
955 905
955 676
955 490
979 533
979 905
979 676
979 490
533 905
533 676
905 676
905 490
676 490
24:
660 756
660 961
660 691
660 683
660 629
660 474
660 633
756 961
756 691
756 683
756 629
756 474
756 633
961 691
961 683
961 629
961 474
961 633
691 683
691 629
691 474
691 633
683 629
683 474
683 633
629 474
629 633
25:
650 776
650 959
650 834
650 613
650 718
650 489
776 959
776 584
776 834
776 613
776 718
959 584
959 834
959 613
959 718
959 489
584 834
584 613
584 718
584 489
834 613
834 718
834 489
613 718
613 489
718 489
26:
985 870
985 879
985 805
985 857
985 862
985 523
870 879
870 805
870 857
870 862
879 805
879 857
879 862
879 689
879 523
805 857
805 862
805 689
805 523
857 862
857 689
857 523
862 689
862 523
689 523
27:
548 611
548 744
548 754
548 600
548 558
611 744
611 754
611 600
611 558
744 754
744 600
744 558
754 600
754 558
600 558
28:
974 940
974 896
974 899
974 960
974 663
974 590
974 552
940 896
940 899
940 960
940 716
940 663
940 552
896 899
896 960
896 716
896 663
896 590
896 552
899 960
899 716
899 663
899 590
899 552
960 716
960 663
960 590
960 552
716 552
663 590
29:
602 846
602 914
602 801
602 740
602 777
602 741
846 850
846 914
846 841
846 801
846 986
846 740
846 764
846 777
846 741
846 626
846 721
850 914
850 841
850 986
850 740
850 777
850 741
850 626
850 721
914 841
914 801
914 986
914 740
914 764
914 777
914 741
914 626
914 721
841 801
841 986
841 740
841 764
841 777
841 721
801 740
801 764
801 777
801 741
801 721
986 740
986 764
986 741
986 626
986 721
740 764
740 777
740 741
764 777
764 741
764 721
777 741
777 626
741 626
741 721
626 721
