# The communities at k=6
# from G:\Dropbox\Raghda\CNA\Final Project\other methods\CFinder-2.0.6--1448\G:\Dropbox\Raghda\CNA\Final Project\Datasets\binary_networks\LFR1\networ_LFR1_Om3.dat
# at no lower link weight threshold,
# and at no upper link weight threshold.
# Links were treated as undirected.
# No time limit was set for the clique search.

0: 872 735 813 868 719 237 702 723 528 319 
1: 698 958 976 988 995 997 990 681 775 242 932 855 925 353 912 387 894 393 410 814 419 463 500 575 847 794 667 782 668 706 802 739 
2: 955 784 865 919 837 883 246 765 605 712 666 
3: 684 690 944 247 388 413 
4: 974 952 260 425 604 707 
5: 876 884 774 796 797 875 262 583 823 456 646 460 752 567 648 
6: 980 720 934 973 927 998 969 892 264 607 695 743 497 709 750 542 926 401 825 508 541 564 755 
7: 747 798 985 713 858 265 903 355 470 
8: 886 940 864 902 964 753 803 904 557 947 906 845 890 267 631 527 536 762 630 768 
9: 529 770 933 941 950 612 669 904 638 556 867 269 790 877 428 652 628 
10: 791 854 915 942 271 880 887 916 951 769 386 924 395 397 773 812 481 485 531 682 525 779 581 642 
11: 874 968 972 987 984 918 820 836 582 733 888 828 287 788 757 821 380 859 926 471 726 451 795 476 502 587 644 645 746 
12: 881 979 905 817 898 904 921 911 861 869 729 305 818 322 842 373 376 427 465 511 
13: 958 990 978 334 763 808 675 501 510 568 
14: 1000 994 999 383 483 540 598 661 792 819 871 874 876 881 885 909 917 922 930 938 945 953 954 956 957 958 962 974 977 983 
15: 993 640 990 685 751 423 
16: 840 991 998 858 811 385 767 926 505 627 547 
17: 993 619 929 943 998 806 480 800 849 412 615 545 634 609 680 
18: 991 986 903 621 418 636 647 766 434 445 
19: 981 908 966 827 686 835 901 786 920 657 783 429 468 495 532 848 
20: 860 967 975 961 856 965 991 969 673 939 928 935 851 913 560 839 959 895 986 944 936 849 831 844 469 432 889 656 829 
21: 897 907 949 961 923 948 866 951 714 437 572 606 620 635 749 717 688 
22: 982 989 992 996 960 852 978 959 903 826 637 970 882 971 440 454 486 963 546 561 571 577 760 625 946 778 700 931 937 732 780 832 
23: 900 955 979 533 905 676 490 
24: 660 756 961 691 683 629 474 633 
25: 650 776 959 584 834 613 718 489 
26: 985 870 879 805 857 862 689 523 
27: 548 611 744 754 600 558 
28: 974 940 896 899 960 716 663 590 552 
29: 602 846 850 914 841 801 986 740 764 777 741 626 721 
