# The contained cliques in the communities at k=6
# from G:\Dropbox\Raghda\CNA\Final Project\other methods\CFinder-2.0.6--1448\G:\Dropbox\Raghda\CNA\Final Project\Datasets\binary_networks\LFR1\networ_LFR1_Om3.dat
# at no lower link weight threshold,
# and at no upper link weight threshold.
# Links were treated as undirected.
# No time limit was set for the clique search.

0: 341 1022 438 673 1009 
1: 345 559 564 575 983 984 1001 1002 1003 1044 1128 1154 1155 1156 1157 1182 1183 1184 1270 1286 1298 854 941 1076 1080 1082 1159 1175 1177 853 985 987 639 986 1045 1075 1079 1081 1158 1176 638 585 586 471 740 940 939 1180 1130 1181 1186 1301 1083 1129 1185 1077 1084 1078 1271 988 
2: 347 878 1030 1100 976 
3: 348 
4: 368 
5: 369 804 634 885 897 1106 1107 627 840 886 
6: 371 838 1031 1057 1059 1061 1063 1115 697 955 696 571 745 1058 767 768 876 1006 1062 686 956 1007 744 
7: 372 472 712 
8: 374 890 1095 1109 1276 759 787 788 891 892 919 1098 1099 1112 1274 918 1096 1097 766 1111 1116 1117 
9: 378 650 908 909 942 974 649 592 870 873 796 871 797 874 
10: 380 565 758 971 1103 1104 1105 1150 1151 1152 1153 558 570 720 719 856 857 920 921 722 
11: 400 925 1035 1138 1139 922 923 924 1272 1036 1086 1087 1178 1216 1217 620 717 742 859 927 928 1034 1050 1052 1085 1089 1091 1102 1140 1141 1142 1179 1197 1198 1202 1203 1088 698 794 858 1051 1090 550 
12: 419 707 1193 1195 706 709 708 1024 1026 1025 1027 1194 541 1196 540 440 547 591 748 1246 546 590 1245 1028 1029 747 
13: 452 741 746 769 
14: 486 647 648 773 929 1164 1188 1273 1278 1279 1282 1293 1296 
15: 519 
16: 557 743 837 1072 
17: 577 895 975 835 836 887 893 659 888 894 
18: 584 877 595 597 596 
19: 593 945 944 946 965 1145 710 964 1190 966 761 1189 760 737 1144 
20: 594 981 1238 1240 1248 1251 1289 795 982 1221 1223 1224 1225 1226 1227 1228 1229 1230 1234 1235 1236 1237 1239 1241 1242 1247 1249 1250 1252 1256 1257 1258 1259 1260 1261 1262 1265 1266 1267 1268 1287 1288 1290 1291 1292 1295 695 1207 1208 1209 1211 1212 1213 1214 1215 1210 1299 1222 1243 932 933 934 
21: 603 604 846 898 899 900 902 910 911 995 1043 1073 901 912 997 1032 847 996 
22: 607 626 723 841 848 849 855 881 913 1046 1074 1114 1160 1163 1187 1204 1280 1281 1297 
23: 651 666 
24: 713 770 
25: 727 728 884 805 
26: 755 757 1168 
27: 777 
28: 810 952 833 834 
29: 863 1067 1068 1070 917 1065 1066 916 1038 1042 1040 1064 1039 1069 1041 1071 
