# The links inside the communities at k=5
# from G:\Dropbox\Raghda\CNA\Final Project\other methods\CFinder-2.0.6--1448\G:\Dropbox\Raghda\CNA\Final Project\Datasets\binary_networks\LFR5\network_LFR5_Om3.dat
# at no lower link weight threshold,
# and at no upper link weight threshold.
# Links were treated as undirected.
# No time limit was set for the clique search.

0:
944 989
944 987
944 287
944 615
989 987
989 287
989 615
987 287
987 615
287 615
1:
966 898
966 920
966 675
966 347
898 920
898 675
898 347
920 675
920 347
675 347
2:
944 993
944 960
944 937
944 400
993 960
993 937
993 400
960 937
960 400
937 400
3:
990 995
990 780
990 460
990 447
990 551
995 780
995 460
995 447
995 551
780 460
780 447
780 551
460 447
460 551
447 551
4:
966 898
966 970
966 920
966 590
966 853
966 671
966 476
966 822
966 595
898 920
898 590
898 853
898 671
898 476
898 822
970 920
970 671
970 822
970 595
920 853
920 671
920 476
920 595
590 853
590 822
853 671
853 476
853 822
853 595
671 822
671 595
822 595
5:
996 536
996 597
996 802
996 500
996 757
536 597
536 802
536 500
536 757
597 802
597 500
597 757
802 500
802 757
6:
987 803
987 889
987 819
987 572
803 889
803 819
803 572
889 819
889 572
819 572
7:
879 982
879 980
879 897
879 535
982 980
982 897
982 535
980 897
980 535
897 535
8:
985 910
985 916
985 909
985 893
985 836
985 669
985 575
910 916
910 909
910 836
910 669
916 909
916 893
916 836
916 669
916 575
909 893
909 836
909 669
909 575
893 575
669 575
9:
962 969
962 877
962 581
962 860
969 877
969 581
969 860
877 581
877 860
581 860
10:
974 978
974 938
974 908
974 630
978 938
978 908
978 630
938 908
938 630
908 630
11:
958 972
958 953
958 923
958 634
972 953
972 923
972 634
953 923
953 634
923 634
12:
925 988
925 844
925 926
925 954
925 996
988 844
988 730
988 926
988 954
988 865
988 996
988 876
988 860
988 611
844 730
844 926
844 954
844 865
844 996
844 876
844 860
844 611
730 926
730 954
730 996
730 611
926 954
926 865
926 996
926 876
926 860
926 611
954 865
954 996
954 876
954 860
954 611
996 611
13:
946 998
946 904
946 937
946 717
998 904
998 937
998 717
904 937
904 717
937 717
14:
942 993
942 945
942 746
942 969
942 981
942 921
993 945
993 969
993 981
993 752
945 969
945 981
945 921
945 752
746 969
746 981
746 921
969 981
969 921
969 752
981 921
981 752
15:
940 993
940 945
940 979
940 981
940 921
993 945
993 818
993 979
993 959
993 981
945 818
945 979
945 959
945 981
945 921
818 979
818 959
818 981
818 921
979 981
979 921
959 981
959 921
981 921
16:
935 911
935 906
935 861
935 796
935 852
911 906
911 861
911 796
906 861
906 796
906 852
861 796
861 852
796 852
17:
999 977
999 837
999 899
999 996
977 837
977 899
977 996
837 899
837 996
899 996
18:
951 971
951 913
951 967
951 826
971 913
971 967
971 826
913 967
913 826
967 826
19:
956 949
956 890
956 827
956 895
949 890
949 827
949 895
890 827
890 895
827 895
20:
930 973
930 984
930 881
930 941
973 984
973 881
973 937
973 941
984 881
984 937
984 941
881 937
881 941
937 941
