# The communities at k=7
# from G:\Dropbox\Raghda\CNA\Final Project\other methods\CFinder-2.0.6--1448\G:\Dropbox\Raghda\CNA\Final Project\Datasets\binary_networks\LFR3\network_LFR3_Om3.dat
# at no lower link weight threshold,
# and at no upper link weight threshold.
# Links were treated as undirected.
# No time limit was set for the clique search.

0: 767 807 879 912 607 875 557 969 724 
1: 908 907 960 926 788 624 503 
2: 992 988 989 917 943 962 968 885 870 689 621 882 760 504 735 518 845 531 584 619 726 633 812 697 
3: 993 936 957 985 977 792 796 850 851 906 864 910 585 856 681 544 
4: 997 928 998 900 881 904 558 
5: 1000 786 939 963 569 643 664 686 714 736 748 756 790 840 883 888 925 927 929 937 961 966 976 999 897 635 
6: 953 923 617 901 970 844 894 
7: 997 928 998 900 638 675 904 
8: 857 889 941 946 801 825 662 687 669 676 
9: 990 940 984 977 893 791 663 
10: 908 907 960 926 959 788 868 835 839 673 
11: 997 928 998 881 711 904 725 
12: 997 977 928 998 848 849 725 
13: 953 923 901 979 970 891 894 
