# The communities at k=7
# from G:\Dropbox\Raghda\CNA\Final Project\other methods\CFinder-2.0.6--1448\G:\Dropbox\Raghda\CNA\Final Project\Datasets\binary_networks\LFR1\networ_LFR1_Om4.dat
# at no lower link weight threshold,
# and at no upper link weight threshold.
# Links were treated as undirected.
# No time limit was set for the clique search.

0: 947 952 972 924 938 934 777 857 920 640 860 820 435 475 502 713 612 754 937 771 750 786 797 
1: 1000 867 877 946 962 965 973 980 981 992 995 996 990 984 646 463 843 513 514 559 624 672 677 782 846 829 851 
2: 974 994 982 800 970 985 841 968 809 842 737 913 464 818 565 627 697 839 666 684 
3: 987 915 986 990 969 978 979 966 925 756 748 476 577 929 564 567 617 830 892 812 
4: 949 998 993 975 977 622 919 896 831 687 967 964 940 663 505 902 891 598 601 620 636 669 834 866 
5: 987 994 999 959 852 883 885 908 635 511 605 
6: 909 928 944 961 897 920 879 548 552 821 594 763 769 
7: 1000 798 804 823 832 889 917 931 957 963 983 989 999 945 644 685 557 749 650 757 690 755 
8: 656 722 772 799 686 570 579 
9: 1000 628 634 710 729 855 859 873 906 
10: 921 939 951 960 850 856 838 845 774 787 588 937 632 
11: 695 997 935 950 814 872 901 900 718 747 604 
12: 976 956 912 933 923 914 732 881 610 893 937 708 819 880 788 
13: 988 813 858 887 895 731 743 655 
14: 991 954 899 953 955 862 984 907 853 988 916 888 764 637 761 
