# The links inside the communities at k=6
# from G:\Dropbox\Raghda\CNA\Final Project\other methods\CFinder-2.0.6--1448\G:\Dropbox\Raghda\CNA\Final Project\Datasets\binary_networks\LFR5\network_LFR5_Om6.dat
# at no lower link weight threshold,
# and at no upper link weight threshold.
# Links were treated as undirected.
# No time limit was set for the clique search.

0:
942 973
942 788
942 688
942 516
942 571
942 629
942 640
973 788
973 688
973 516
973 571
973 629
973 640
788 688
788 516
788 571
788 629
788 640
688 516
688 571
688 629
688 640
516 629
571 629
571 640
629 640
1:
974 964
974 957
974 894
974 791
974 655
964 957
964 894
964 791
964 655
964 512
964 539
957 894
957 791
957 655
957 512
957 539
894 791
894 655
894 512
894 539
791 655
791 512
791 539
655 539
512 539
2:
989 998
989 996
989 975
989 663
989 910
998 996
998 975
998 663
998 910
996 975
996 663
996 910
975 663
975 910
663 910
3:
986 994
986 885
986 944
986 996
986 854
986 748
986 711
994 885
994 944
994 748
994 711
885 944
885 996
885 854
885 748
885 711
944 996
944 854
944 748
944 711
996 854
996 711
854 748
854 711
748 711
