# The cliques from G:\Dropbox\Raghda\CNA\Final Project\other methods\CFinder-2.0.6--1448\G:\Dropbox\Raghda\CNA\Final Project\Datasets\binary_networks\LFR5\network_LFR5_Om5.dat
# at no lower link weight threshold,
# and at no upper link weight threshold.
# Links were treated as undirected.
# No time limit was set for the clique search.

0: 738 960 4 
1: 10 769 85 
2: 769 85 851 
3: 100 732 767 
4: 100 767 828 
5: 1000 178 995 
6: 178 995 986 997 
7: 1000 37 875 
8: 37 875 390 
9: 138 766 958 
10: 104 741 836 
11: 104 836 877 
12: 105 786 937 
13: 11 720 974 
14: 817 114 909 
15: 116 808 923 
16: 119 621 896 
17: 119 621 973 
18: 12 683 798 
19: 120 948 959 
20: 945 121 943 
21: 124 813 880 
22: 125 761 996 
23: 128 832 924 
24: 132 904 988 
25: 934 97 833 
26: 144 624 866 
27: 862 148 471 795 
28: 15 268 431 980 
29: 831 150 581 
30: 150 581 782 
31: 943 151 627 845 
32: 958 152 692 
33: 958 152 942 
34: 978 157 931 
35: 955 160 977 
36: 780 165 778 
37: 165 638 778 
38: 910 890 90 
39: 943 845 170 872 
40: 957 176 984 
41: 176 812 984 
42: 177 251 257 
43: 179 325 531 913 
44: 943 18 564 
45: 788 182 792 
46: 182 792 849 
47: 947 966 960 188 
48: 953 190 739 
49: 937 982 986 192 
50: 748 980 195 
51: 748 195 865 
52: 905 196 790 898 
53: 767 828 198 
54: 824 895 2 
55: 900 895 2 
56: 895 2 622 
57: 859 944 203 
58: 908 944 203 
59: 993 206 858 
60: 992 207 360 
61: 998 211 489 
62: 216 303 843 
63: 971 972 219 763 
64: 943 627 22 
65: 943 22 451 
66: 996 225 425 928 
67: 967 924 227 985 
68: 227 907 985 
69: 998 988 725 23 
70: 870 983 232 
71: 998 235 420 
72: 776 695 237 
73: 695 237 796 
74: 601 709 53 
75: 716 927 31 892 
76: 820 313 513 954 
77: 845 313 513 
78: 945 334 91 
79: 770 989 34 
80: 989 895 34 
81: 767 828 76 
82: 681 965 43 
83: 999 965 43 
84: 991 71 653 
85: 780 778 44 
86: 778 44 68 
87: 778 927 68 
88: 736 886 46 
89: 814 890 992 47 
90: 814 890 762 47 
91: 943 872 49 
92: 943 912 49 
93: 926 48 563 
94: 867 861 92 
95: 861 490 92 
96: 720 50 919 
97: 624 50 919 
98: 899 991 922 51 
99: 991 826 922 52 
100: 995 997 548 94 
101: 994 974 978 65 
102: 974 983 59 
103: 963 879 99 
104: 923 983 801 63 
105: 897 827 64 
106: 957 855 753 72 
107: 669 933 79 
108: 681 965 891 73 
109: 938 773 69 
110: 974 874 983 70 
111: 793 944 93 
112: 975 963 879 8 
113: 814 976 89 
114: 976 933 89 
115: 900 944 96 
116: 900 992 96 
117: 944 840 96 
118: 967 924 916 88 
119: 961 884 95 
120: 1000 271 953 
121: 271 953 455 
122: 271 815 455 
123: 1000 323 817 
124: 376 17 725 
125: 981 259 915 950 
126: 385 862 471 795 
127: 863 294 932 
128: 14 667 874 
129: 934 254 989 
130: 981 33 869 
131: 938 416 295 773 
132: 748 284 865 
133: 986 978 354 
134: 986 354 916 
135: 163 728 930 
136: 463 325 531 913 
137: 913 181 902 
138: 187 908 983 
139: 992 360 758 
140: 992 360 340 
141: 964 805 214 
142: 955 303 843 
143: 943 942 373 
144: 943 872 373 
145: 793 944 239 840 
146: 239 840 933 
147: 966 976 933 240 
148: 965 241 709 
149: 973 980 243 
150: 248 559 823 
151: 249 740 891 
152: 962 994 250 
153: 975 931 873 260 
154: 975 873 260 535 
155: 904 970 261 
156: 904 261 679 
157: 741 836 804 262 
158: 836 983 262 
159: 850 263 616 
160: 966 976 933 265 
161: 976 265 821 
162: 265 821 825 
163: 991 266 826 922 
164: 953 990 579 273 
165: 966 880 359 
166: 845 942 274 
167: 845 872 274 
168: 896 887 275 
169: 896 731 275 
170: 638 377 478 
171: 856 842 282 
172: 981 285 660 
173: 937 986 802 289 
174: 975 947 968 290 
175: 859 840 291 
176: 995 615 380 
177: 615 380 694 
178: 963 940 299 570 
179: 940 299 819 
180: 851 948 302 
181: 993 772 306 
182: 955 930 315 893 
183: 930 954 315 893 
184: 903 833 319 718 
185: 994 319 718 
186: 465 804 322 
187: 804 322 575 
188: 957 923 328 801 
189: 923 968 328 801 
190: 951 720 329 
191: 951 966 329 
192: 862 471 795 330 
193: 905 898 333 
194: 905 898 335 407 
195: 945 759 336 
196: 732 973 337 
197: 973 768 337 
198: 946 992 340 
199: 900 992 340 
200: 995 892 344 
201: 949 904 362 
202: 904 934 362 
203: 934 362 641 
204: 999 965 891 350 
205: 999 979 891 350 
206: 981 999 728 352 
207: 999 984 352 
208: 974 355 921 
209: 583 355 582 
210: 583 355 921 
211: 949 982 789 356 
212: 903 718 357 
213: 994 718 357 
214: 956 364 764 
215: 861 364 764 
216: 905 790 898 368 
217: 898 811 368 
218: 955 977 371 
219: 977 671 371 
220: 943 942 374 
221: 943 872 374 
222: 918 864 375 
223: 918 954 375 
224: 918 375 539 
225: 995 84 493 
226: 820 489 84 
227: 852 927 9 
228: 1000 409 856 
229: 1000 435 947 
230: 463 882 913 
231: 938 870 416 773 
232: 955 392 997 
233: 392 997 494 
234: 395 944 920 
235: 431 980 537 
236: 408 885 476 
237: 926 436 858 
238: 990 436 858 
239: 836 465 983 
240: 836 465 804 
241: 735 998 428 
242: 870 989 422 
243: 989 422 641 450 
244: 949 467 794 
245: 996 467 794 
246: 984 651 419 606 
247: 984 419 699 
248: 943 912 451 
249: 912 451 987 
250: 808 996 425 928 
251: 998 816 420 
252: 953 851 245 
253: 971 558 353 
254: 817 909 430 
255: 903 834 414 
256: 903 833 414 
257: 994 834 414 
258: 962 989 270 
259: 989 270 751 
260: 953 739 455 
261: 968 403 954 
262: 959 481 686 
263: 914 481 686 
264: 964 895 622 466 
265: 925 970 460 
266: 925 614 460 
267: 905 790 898 407 
268: 957 970 452 
269: 990 746 418 
270: 869 482 609 
271: 638 778 927 478 
272: 976 674 382 
273: 975 968 394 
274: 923 933 801 397 
275: 923 801 397 520 
276: 975 873 535 398 
277: 770 873 398 
278: 988 991 922 400 
279: 991 826 922 400 
280: 704 912 858 402 
281: 704 858 632 402 
282: 975 806 426 
283: 707 834 454 
284: 971 972 973 421 
285: 971 972 996 763 421 
286: 995 989 641 450 
287: 989 895 450 
288: 903 962 912 473 
289: 903 962 833 473 
290: 868 987 432 
291: 994 974 433 
292: 913 902 434 
293: 902 664 434 
294: 664 907 434 
295: 971 859 437 
296: 846 946 440 
297: 846 932 440 
298: 799 932 440 
299: 937 983 445 
300: 839 992 453 
301: 900 992 453 
302: 970 992 453 
303: 832 985 457 
304: 972 902 474 
305: 904 988 679 461 
306: 904 934 461 
307: 967 832 924 470 
308: 967 832 941 470 
309: 832 912 470 
310: 975 677 472 
311: 877 677 472 
312: 717 831 472 
313: 935 683 798 929 475 
314: 729 875 477 
315: 1000 415 955 
316: 1000 487 846 
317: 487 846 736 
318: 487 736 886 
319: 511 964 919 
320: 1000 516 729 
321: 1000 516 810 
322: 516 729 993 
323: 1000 532 735 
324: 1000 542 998 
325: 551 964 997 
326: 551 964 849 
327: 551 964 622 
328: 551 997 584 
329: 551 622 584 
330: 507 976 464 
331: 464 997 985 
332: 554 591 757 
333: 531 913 823 
334: 540 618 844 
335: 669 997 494 
336: 925 906 518 843 
337: 906 908 518 
338: 946 510 751 678 537 
339: 998 876 489 
340: 991 496 922 514 
341: 991 496 922 653 
342: 861 553 939 
343: 969 988 883 543 
344: 969 988 543 711 
345: 969 986 883 543 
346: 986 543 545 
347: 963 940 879 765 512 
348: 910 940 879 512 
349: 968 954 497 
350: 887 534 919 
351: 860 910 555 
352: 860 936 555 
353: 918 938 539 
354: 918 742 539 
355: 918 987 539 
356: 969 880 883 550 
357: 969 986 883 550 
358: 969 883 752 550 
359: 805 862 499 
360: 972 806 424 
361: 751 657 537 
362: 658 549 665 
363: 929 921 491 
364: 921 596 491 
365: 825 894 523 
366: 956 980 524 
367: 810 925 486 
368: 967 924 756 486 
369: 967 881 756 486 
370: 968 906 538 
371: 906 843 538 
372: 688 843 538 
373: 962 777 490 
374: 777 764 490 
375: 861 764 490 
376: 960 991 826 922 514 
377: 902 664 500 
378: 877 591 501 
379: 860 656 503 
380: 990 965 503 
381: 981 915 690 950 504 
382: 981 728 504 
383: 583 921 528 
384: 740 921 528 
385: 921 596 528 
386: 970 954 508 
387: 923 986 515 
388: 955 970 517 
389: 956 623 521 
390: 995 615 522 
391: 880 694 522 
392: 615 694 522 
393: 996 986 536 
394: 996 575 536 
395: 986 536 545 
396: 901 928 545 
397: 783 658 547 
398: 995 936 997 548 
399: 995 986 997 548 
400: 995 819 548 
401: 997 991 548 
402: 1000 561 727 953 
403: 1000 561 729 
404: 561 727 708 
405: 574 869 888 
406: 1000 578 810 
407: 1000 578 998 
408: 975 610 969 
409: 610 969 986 696 
410: 999 863 573 
411: 863 573 878 
412: 589 941 958 714 
413: 589 958 978 
414: 589 958 844 
415: 597 931 916 
416: 963 613 940 879 765 
417: 963 613 940 888 
418: 963 566 991 
419: 828 989 564 
420: 994 989 564 
421: 868 925 614 
422: 925 614 688 
423: 875 603 630 
424: 875 603 754 
425: 990 604 920 
426: 701 601 709 730 
427: 952 959 611 821 
428: 952 889 611 
429: 863 559 646 
430: 928 608 747 
431: 999 960 602 
432: 990 963 765 570 
433: 990 920 570 
434: 963 940 985 570 
435: 963 940 765 570 
436: 945 878 595 
437: 910 899 878 595 
438: 863 878 595 
439: 996 804 987 575 
440: 931 921 596 
441: 921 596 857 
442: 941 989 560 
443: 804 987 560 
444: 993 622 584 
445: 997 584 919 
446: 770 984 606 
447: 984 979 606 
448: 999 958 567 
449: 999 907 567 
450: 976 940 567 
451: 982 567 676 
452: 982 740 563 
453: 981 660 571 
454: 785 621 932 607 
455: 886 853 607 
456: 929 992 599 
457: 958 714 587 
458: 958 658 587 
459: 958 919 587 
460: 714 939 587 
461: 915 950 562 
462: 948 884 557 
463: 927 892 557 
464: 971 972 973 565 
465: 971 972 996 565 
466: 971 972 939 565 
467: 971 972 565 712 
468: 937 983 572 
469: 824 792 586 
470: 967 924 605 
471: 830 640 592 
472: 951 966 600 
473: 966 968 600 
474: 968 906 600 
475: 925 906 970 600 
476: 925 906 843 600 
477: 626 999 983 
478: 626 999 886 
479: 785 621 973 932 
480: 785 621 917 
481: 650 845 872 
482: 974 624 791 
483: 996 654 819 
484: 981 627 645 
485: 943 627 845 942 
486: 774 638 778 
487: 993 964 622 
488: 964 622 825 
489: 824 984 651 
490: 984 784 651 
491: 704 916 858 632 
492: 619 885 987 
493: 619 987 747 
494: 956 896 633 
495: 956 633 894 
496: 896 982 731 633 
497: 896 835 633 
498: 982 633 894 
499: 918 815 648 
500: 946 618 844 
501: 995 983 618 
502: 977 983 618 
503: 999 616 629 
504: 995 737 615 
505: 737 850 615 
506: 737 615 694 
507: 897 620 954 
508: 981 915 645 
509: 986 978 637 
510: 700 968 961 655 
511: 700 968 997 655 
512: 700 917 655 
513: 968 961 977 655 
514: 968 977 997 655 
515: 961 922 655 
516: 977 917 655 
517: 867 989 641 
518: 934 989 641 
519: 986 978 629 
520: 980 821 639 
521: 980 954 639 
522: 956 896 652 
523: 896 731 652 
524: 896 838 652 
525: 731 939 652 
526: 838 939 652 
527: 999 863 646 
528: 999 886 646 
529: 956 909 623 
530: 817 998 909 942 623 
531: 817 909 703 623 
532: 988 991 922 653 
533: 991 826 922 653 
534: 966 985 636 
535: 967 985 636 
536: 978 979 636 
537: 979 985 636 
538: 963 940 879 985 647 
539: 963 940 879 765 647 
540: 940 745 647 
541: 938 998 617 
542: 673 878 642 
543: 870 967 640 
544: 967 904 640 
545: 967 881 640 
546: 1000 659 727 953 
547: 1000 659 856 
548: 659 856 993 
549: 659 953 990 835 
550: 659 990 865 
551: 1000 663 817 
552: 681 965 973 891 
553: 681 965 848 
554: 994 667 989 
555: 994 667 921 
556: 870 667 989 
557: 955 977 669 997 
558: 669 997 933 
559: 673 791 744 
560: 673 744 878 
561: 946 661 666 
562: 999 661 666 
563: 854 902 664 
564: 854 664 907 
565: 957 675 855 753 
566: 969 948 675 
567: 948 675 855 
568: 822 675 855 
569: 949 904 988 679 
570: 904 847 679 
571: 923 898 671 
572: 996 977 671 
573: 996 804 671 
574: 935 981 723 660 
575: 981 950 723 660 
576: 868 967 682 
577: 868 987 682 
578: 973 987 682 
579: 724 751 678 
580: 751 678 705 
581: 918 958 672 
582: 918 815 672 
583: 999 960 666 
584: 988 970 668 
585: 876 668 698 
586: 891 668 698 
587: 974 803 830 665 
588: 809 803 830 665 
589: 981 939 680 
590: 984 979 680 
591: 998 684 676 
592: 982 884 676 
593: 998 961 670 
594: 951 794 670 
595: 733 700 997 
596: 700 923 968 
597: 700 882 917 
598: 947 706 960 
599: 683 798 920 
600: 981 990 690 
601: 981 690 941 
602: 690 950 685 
603: 946 701 709 
604: 949 701 709 730 
605: 701 848 730 
606: 701 834 730 
607: 704 772 912 858 
608: 704 912 911 
609: 938 909 703 928 
610: 710 809 803 
611: 710 803 894 
612: 871 691 857 
613: 692 989 895 
614: 958 714 927 
615: 995 962 688 
616: 995 936 688 
617: 925 688 843 
618: 802 688 843 
619: 748 980 702 
620: 942 702 939 
621: 969 948 696 883 
622: 969 986 696 883 
623: 969 696 883 752 
624: 969 696 752 711 
625: 722 984 979 699 
626: 824 984 699 
627: 984 784 699 
628: 965 693 891 
629: 787 684 921 
630: 938 737 694 
631: 724 959 686 
632: 993 914 686 
633: 914 920 686 
634: 975 969 988 711 
635: 975 931 711 
636: 969 988 752 711 
637: 996 977 713 
638: 977 997 713 
639: 997 869 713 
640: 855 753 713 
641: 994 982 687 
642: 994 921 687 
643: 963 982 687 
644: 963 940 687 
645: 971 972 880 712 
646: 971 972 961 763 712 
647: 971 972 859 712 
648: 859 840 712 
649: 975 993 685 
650: 994 950 685 
651: 993 950 685 
652: 965 980 891 698 
653: 965 848 698 
654: 979 891 698 
655: 733 981 950 
656: 733 997 771 
657: 732 962 994 
658: 1000 722 957 
659: 722 957 984 
660: 722 979 762 
661: 722 979 771 
662: 1000 724 995 
663: 724 995 989 
664: 724 959 989 
665: 724 989 751 
666: 1000 729 875 
667: 1000 729 946 
668: 717 902 895 
669: 951 720 837 
670: 720 974 912 
671: 972 716 834 
672: 716 927 886 
673: 716 834 892 
674: 988 725 797 
675: 896 982 731 920 
676: 982 731 987 
677: 935 984 723 
678: 981 941 723 
679: 941 989 723 
680: 969 948 726 
681: 977 983 726 
682: 983 726 927 
683: 845 872 715 
684: 984 979 715 
685: 757 922 715 
686: 903 962 912 718 
687: 903 962 833 718 
688: 903 936 833 718 
689: 962 994 718 
690: 949 864 730 
691: 864 740 730 
692: 995 983 721 
693: 937 983 721 
694: 963 940 721 
695: 910 940 721 
696: 906 983 721 
697: 1000 735 998 
698: 735 998 890 
699: 735 998 961 
700: 735 998 891 
701: 810 741 836 
702: 741 836 804 987 
703: 741 836 821 
704: 741 836 888 
705: 748 965 915 
706: 748 965 799 
707: 748 965 980 
708: 748 959 881 
709: 938 737 782 
710: 995 737 787 
711: 949 761 794 
712: 761 996 977 794 
713: 761 794 853 
714: 852 738 960 
715: 776 738 960 
716: 769 851 743 
717: 974 743 803 
718: 999 743 891 
719: 743 906 843 
720: 918 759 847 
721: 945 943 759 
722: 995 943 759 
723: 943 759 872 
724: 805 862 795 
725: 862 795 779 
726: 839 982 736 
727: 968 906 739 
728: 739 991 922 
729: 941 989 742 
730: 962 989 744 
731: 965 740 891 
732: 951 967 924 756 
733: 951 967 881 756 
734: 967 941 756 
735: 923 757 801 
736: 945 969 929 883 752 
737: 969 988 883 752 
738: 982 750 987 
739: 864 898 750 
740: 864 750 758 
741: 934 989 751 
742: 905 898 745 
743: 943 872 745 
744: 814 784 762 
745: 890 979 762 
746: 835 979 762 
747: 784 794 762 
748: 957 880 753 
749: 993 978 749 
750: 978 987 749 
751: 951 985 837 869 771 
752: 934 997 837 869 771 
753: 997 979 985 837 869 771 
754: 908 837 869 771 
755: 837 869 771 888 
756: 806 872 747 
757: 887 928 747 
758: 896 982 933 760 
759: 808 996 734 
760: 925 906 734 
761: 793 944 734 
762: 935 848 992 758 
763: 946 992 758 
764: 990 963 758 
765: 970 992 758 
766: 769 948 754 
767: 948 980 754 
768: 948 883 754 
769: 948 855 754 
770: 952 822 755 
771: 993 964 755 
772: 993 813 755 
773: 964 987 755 
774: 769 851 948 
775: 769 851 917 
776: 769 770 917 
777: 767 828 865 
778: 780 926 778 
779: 780 990 812 
780: 770 988 831 
781: 766 958 927 
782: 766 958 911 919 
783: 766 980 911 
784: 766 816 911 
785: 975 990 772 
786: 975 993 772 
787: 856 993 772 
788: 990 772 858 
789: 993 772 858 
790: 955 957 768 
791: 981 915 768 
792: 973 768 891 
793: 973 768 987 
794: 994 961 774 
795: 963 774 940 
796: 996 961 774 
797: 970 778 927 
798: 778 829 979 
799: 903 962 777 
800: 949 777 764 
801: 971 972 996 961 763 
802: 971 972 763 907 
803: 971 972 763 939 
804: 763 823 939 
805: 905 898 775 
806: 896 775 920 
807: 976 940 765 
808: 861 823 764 
809: 971 972 779 
810: 995 781 892 
811: 781 967 841 
812: 781 818 892 
813: 781 889 892 
814: 956 786 937 
815: 956 786 907 
816: 962 786 907 
817: 786 854 907 
818: 998 785 876 
819: 788 991 826 
820: 938 981 915 782 950 
821: 965 915 782 
822: 810 793 944 
823: 793 944 840 920 
824: 824 792 847 
825: 792 908 847 
826: 937 993 789 
827: 937 982 789 
828: 966 976 789 
829: 966 880 789 
830: 974 978 789 
831: 993 978 789 
832: 978 930 789 
833: 930 789 893 
834: 905 790 898 881 
835: 905 790 841 
836: 949 784 794 
837: 983 784 801 
838: 915 950 783 
839: 980 783 892 
840: 950 802 783 
841: 802 783 838 
842: 963 940 796 
843: 925 843 796 
844: 915 950 787 
845: 931 873 787 
846: 931 787 921 
847: 868 951 794 
848: 868 977 794 
849: 945 943 797 
850: 943 845 797 
851: 905 810 925 
852: 810 925 929 
853: 806 965 900 
854: 806 900 944 
855: 971 972 808 996 
856: 971 808 931 
857: 808 931 873 
858: 805 862 853 
859: 918 799 911 
860: 965 799 821 
861: 799 991 922 
862: 937 993 807 
863: 993 964 807 
864: 964 807 849 
865: 989 807 849 
866: 988 936 812 
867: 937 986 802 838 
868: 981 950 802 
869: 993 932 800 
870: 973 932 800 
871: 863 932 800 
872: 904 934 800 
873: 839 809 803 
874: 955 809 830 
875: 929 809 830 
876: 836 996 804 987 
877: 839 974 803 
878: 825 803 830 894 
879: 923 968 933 801 
880: 978 930 811 
881: 978 979 811 
882: 930 893 811 
883: 814 971 972 
884: 814 976 883 
885: 1000 817 998 
886: 817 964 849 
887: 824 964 895 
888: 824 984 895 
889: 957 909 813 
890: 957 813 880 
891: 957 813 970 
892: 903 818 833 
893: 990 818 908 
894: 990 818 865 
895: 990 818 827 
896: 818 980 892 
897: 818 908 847 
898: 918 973 815 
899: 946 815 992 
900: 815 929 992 
901: 822 991 826 
902: 956 980 829 
903: 995 871 829 
904: 925 906 816 
905: 929 823 921 
906: 861 823 939 
907: 952 978 821 
908: 965 980 821 
909: 947 825 894 
910: 860 936 826 
911: 959 991 826 922 
912: 991 826 922 919 
913: 995 989 819 
914: 966 976 819 
915: 976 940 819 
916: 955 974 830 
917: 974 899 830 
918: 955 957 970 930 893 
919: 957 900 893 
920: 900 895 893 
921: 970 930 908 893 
922: 970 930 954 893 
923: 930 954 893 911 
924: 897 938 998 827 
925: 897 945 827 
926: 998 867 827 
927: 867 914 827 
928: 839 974 992 
929: 839 982 986 
930: 1000 846 946 
931: 1000 846 955 
932: 846 946 844 
933: 846 955 926 
934: 846 958 927 
935: 846 958 844 
936: 998 842 942 
937: 998 842 979 985 
938: 842 965 900 
939: 842 900 902 
940: 842 958 942 
941: 836 971 996 
942: 836 996 983 
943: 926 967 832 924 
944: 967 832 924 916 
945: 967 832 924 985 
946: 832 924 911 
947: 832 912 911 
948: 998 909 850 
949: 850 916 886 
950: 971 835 979 
951: 971 835 939 
952: 999 835 942 
953: 999 835 979 
954: 835 942 939 
955: 852 831 960 
956: 988 831 970 
957: 988 831 960 
958: 943 845 912 
959: 937 982 848 
960: 974 978 849 
961: 974 849 884 
962: 859 944 840 
963: 951 967 847 
964: 967 904 847 
965: 972 863 834 
966: 972 959 834 
967: 948 959 834 
968: 903 934 833 
969: 993 882 841 
970: 882 913 841 
971: 937 982 986 838 
972: 926 986 838 
973: 969 986 883 838 
974: 896 982 838 
975: 946 979 844 
976: 908 844 894 
977: 979 985 844 
978: 852 960 921 
979: 856 999 901 
980: 935 851 948 
981: 935 851 932 
982: 926 854 902 899 
983: 854 907 919 
984: 948 855 884 
985: 966 861 853 
986: 966 933 853 
987: 994 921 857 
988: 926 858 857 
989: 993 858 857 
990: 871 889 857 
991: 889 892 857 
992: 991 922 857 
993: 860 910 940 
994: 971 972 863 
995: 999 863 960 
996: 863 889 878 
997: 998 867 876 
998: 998 867 997 
999: 994 867 989 
1000: 959 867 989 
1001: 867 876 914 
1002: 867 914 989 
1003: 867 914 861 
1004: 918 958 866 
1005: 877 959 866 
1006: 949 904 866 
1007: 904 866 920 
1008: 958 866 942 
1009: 918 958 864 
1010: 931 916 858 
1011: 1000 875 945 
1012: 1000 875 998 
1013: 875 998 961 985 
1014: 868 951 967 924 
1015: 877 999 901 
1016: 877 959 901 
1017: 995 870 989 
1018: 995 870 983 
1019: 870 976 967 
1020: 870 973 978 931 
1021: 870 973 911 
1022: 975 952 879 
1023: 975 963 940 879 
1024: 961 879 985 
1025: 945 951 878 
1026: 951 878 917 
1027: 889 878 917 
1028: 930 997 869 
1029: 930 908 869 
1030: 966 880 933 
1031: 972 967 880 
1032: 998 890 979 
1033: 993 890 914 
1034: 890 914 989 
1035: 890 970 992 
1036: 952 959 882 
1037: 952 882 917 
1038: 993 882 902 
1039: 882 887 928 
1040: 882 913 902 
1041: 882 928 917 
1042: 896 887 933 
1043: 952 889 917 
1044: 975 969 988 883 
1045: 975 931 883 
1046: 975 940 883 
1047: 976 940 883 
1048: 986 931 883 
1049: 918 973 881 
1050: 995 927 881 
1051: 973 931 881 
1052: 938 998 891 
1053: 998 979 891 
1054: 999 965 973 891 
1055: 965 973 980 891 
1056: 965 914 891 
1057: 995 927 892 
1058: 980 892 954 
1059: 947 982 894 
1060: 959 908 894 
1061: 930 908 894 
1062: 999 973 886 
1063: 929 921 886 
1064: 994 974 899 884 
1065: 994 961 899 884 
1066: 994 982 884 
1067: 994 911 884 
1068: 974 992 884 
1069: 949 982 884 
1070: 948 980 884 
1071: 982 987 884 
1072: 980 911 884 
1073: 987 911 884 
1074: 1000 897 938 998 
1075: 1000 897 945 
1076: 957 900 992 
1077: 900 902 895 
1078: 981 999 901 
1079: 981 941 901 
1080: 981 901 950 
1081: 910 941 901 
1082: 926 972 967 902 
1083: 926 967 902 895 
1084: 905 941 898 
1085: 994 974 899 921 
1086: 994 961 899 921 
1087: 994 930 899 
1088: 961 899 922 
1089: 942 899 939 
1090: 938 981 895 
1091: 981 964 895 
1092: 956 957 909 
1093: 938 998 909 
1094: 910 941 940 
1095: 904 988 970 
1096: 990 906 908 
1097: 925 906 929 
1098: 906 970 908 
1099: 906 929 983 
1100: 906 908 983 
1101: 952 959 908 
1102: 956 907 985 
1103: 962 907 919 
1104: 971 979 907 
1105: 999 979 907 
1106: 978 979 907 
1107: 979 907 985 
1108: 918 973 987 911 
1109: 918 958 911 
1110: 918 912 987 911 
1111: 918 954 911 
1112: 994 930 911 
1113: 951 924 911 
1114: 951 954 911 
1115: 971 972 973 911 
1116: 973 980 911 
1117: 973 930 911 
1118: 980 954 911 
1119: 935 981 915 
1120: 995 969 914 
1121: 995 914 989 
1122: 937 993 914 
1123: 937 982 914 
1124: 969 988 914 
1125: 982 914 920 
1126: 968 977 913 
1127: 986 931 916 
1128: 986 997 916 
1129: 974 978 912 
1130: 982 912 933 
1131: 982 912 987 
1132: 978 912 987 
1133: 969 988 922 
1134: 959 988 991 922 
1135: 988 960 991 922 
1136: 961 931 921 
1137: 988 960 921 
1138: 986 931 921 
1139: 964 997 919 
1140: 997 991 919 
1141: 975 923 968 
1142: 975 923 988 
1143: 975 923 983 
1144: 935 925 929 
1145: 955 926 924 
1146: 951 967 924 985 
1147: 955 926 986 
1148: 926 972 996 
1149: 926 996 986 
1150: 971 973 931 
1151: 971 961 931 
1152: 986 978 931 
1153: 935 993 932 
1154: 993 964 932 
1155: 964 932 997 
1156: 955 930 997 
1157: 957 970 930 992 
1158: 994 978 930 
1159: 973 978 930 
1160: 935 993 929 
1161: 935 929 992 
1162: 975 983 927 
1163: 995 983 927 
1164: 970 992 927 
1165: 935 957 984 
1166: 935 957 992 
1167: 935 984 979 
1168: 938 998 950 
1169: 994 934 989 
1170: 955 974 936 
1171: 955 936 997 
1172: 949 988 936 
1173: 966 968 960 933 
1174: 949 982 933 
1175: 968 997 933 
1176: 945 951 969 
1177: 945 999 973 
1178: 975 941 940 
1179: 962 941 989 
1180: 961 941 989 
1181: 961 941 979 
1182: 999 958 942 
1183: 963 940 991 
1184: 975 947 968 960 
1185: 947 994 974 
1186: 947 994 982 
1187: 947 966 968 960 
1188: 951 966 954 
1189: 966 968 954 
1190: 951 966 985 
1191: 956 1000 957 
1192: 956 957 992 
1193: 1000 955 957 
1194: 955 986 970 
1195: 955 986 997 
1196: 957 970 984 
1197: 975 988 960 
1198: 995 962 989 
1199: 962 994 989 
1200: 998 961 979 985 
1201: 994 961 989 
1202: 971 968 961 
1203: 971 996 961 979 
1204: 996 961 977 
1205: 975 990 963 
1206: 998 963 985 
1207: 963 982 991 
1208: 964 997 987 
1209: 995 969 986 
1210: 973 978 987 
1211: 996 977 983 
1212: 998 997 979 985 
1213: 999 997 979 
1214: 999 984 979 
