# The links from G:\Dropbox\Raghda\CNA\Final Project\other methods\CFinder-2.0.6--1448\G:\Dropbox\Raghda\CNA\Final Project\Datasets\binary_networks\LFR5\network_LFR5_Om5.dat
# at no lower link weight threshold,
# and at no upper link weight threshold.
# Links were treated as undirected.
# No time limit was set for the clique search.
# (mutual links and self-links were removed)

1 180
1 733
1 905
1 956
10 769
10 85
10 918
10 935
100 732
100 767
100 828
100 975
1000 126
1000 139
1000 178
1000 209
1000 271
1000 323
1000 37
1000 409
1000 415
1000 427
1000 435
1000 487
1000 511
1000 516
1000 532
1000 542
1000 561
1000 574
1000 578
1000 60
1000 659
1000 663
1000 722
1000 724
1000 727
1000 729
1000 735
1000 75
1000 780
1000 810
1000 814
1000 817
1000 839
1000 846
1000 852
1000 856
1000 875
1000 897
1000 903
1000 938
1000 945
1000 946
1000 947
1000 953
1000 955
1000 956
1000 957
1000 995
1000 998
101 138
101 412
101 551
101 842
102 376
102 463
102 875
102 962
103 324
103 409
103 610
103 868
104 741
104 781
104 836
104 877
105 311
105 786
105 937
105 994
106 242
106 626
106 851
106 952
107 824
107 903
107 926
107 981
108 681
108 785
108 860
108 951
108 971
109 507
109 717
109 781
109 990
11 700
11 720
11 966
11 974
110 384
110 546
110 767
110 810
111 516
111 700
111 770
111 969
111 972
112 706
112 806
112 870
112 999
113 259
113 719
113 748
113 854
114 264
114 417
114 817
114 909
115 201
115 649
115 963
115 993
116 247
116 808
116 923
116 976
117 644
117 737
117 953
117 965
118 129
118 366
118 910
118 949
119 621
119 689
119 896
119 973
12 542
12 683
12 798
12 863
120 40
120 817
120 948
120 959
121 856
121 943
121 945
121 967
122 220
122 307
122 662
122 867
123 854
123 915
123 964
123 968
124 590
124 776
124 813
124 880
125 385
125 573
125 761
125 996
126 1000
126 342
126 697
126 716
127 598
127 690
127 925
127 956
128 292
128 488
128 832
128 924
129 118
129 372
129 569
129 589
13 583
13 701
13 890
13 953
130 416
130 464
130 704
130 961
131 294
131 805
131 859
131 937
132 56
132 683
132 904
132 988
133 738
133 743
133 788
133 854
133 947
134 417
134 5
134 656
134 982
135 392
135 701
135 850
135 953
136 395
136 934
136 941
136 995
137 788
137 828
137 900
137 953
138 101
138 766
138 835
138 958
139 1000
139 890
139 925
139 97
14 254
14 369
14 667
14 862
14 874
140 770
140 772
140 820
140 854
140 963
141 650
141 662
141 874
141 999
142 383
142 703
142 759
142 871
143 385
143 936
143 972
143 986
144 624
144 831
144 866
144 951
145 598
145 710
145 862
145 965
146 343
146 654
146 691
146 978
147 532
147 876
147 906
147 941
148 471
148 795
148 862
148 947
149 506
149 598
149 799
149 818
15 268
15 431
15 935
15 980
150 33
150 581
150 782
150 831
151 568
151 627
151 845
151 943
152 692
152 937
152 942
152 958
153 295
153 468
153 627
153 780
154 242
154 305
154 768
154 909
155 761
155 896
155 901
155 903
156 597
156 613
156 914
156 996
157 244
157 890
157 931
157 978
158 554
158 576
158 774
158 932
159 566
159 703
159 966
159 981
16 479
16 871
16 937
16 958
160 815
160 955
160 977
160 989
161 284
161 286
161 386
161 970
162 229
162 354
162 691
162 807
163 728
163 882
163 930
163 932
163 963
164 408
164 669
164 695
164 793
164 960
165 436
165 638
165 778
165 780
166 393
166 626
166 864
166 90
167 30
167 703
167 848
167 998
168 267
168 810
168 950
168 952
169 507
169 673
169 778
169 996
17 193
17 376
17 714
17 725
17 997
170 845
170 872
170 909
170 943
171 458
171 733
171 736
171 887
172 229
172 246
172 940
172 981
173 708
173 776
173 82
173 957
174 722
174 777
174 798
174 862
174 889
174 969
175 465
175 856
175 864
175 905
176 737
176 812
176 957
176 984
177 251
177 257
177 681
177 946
178 1000
178 986
178 995
178 997
179 325
179 531
179 661
179 913
18 564
18 614
18 940
18 943
180 1
180 27
180 720
180 729
181 527
181 591
181 731
181 902
181 913
182 695
182 788
182 792
182 849
183 26
183 603
183 777
183 802
184 189
184 429
184 97
184 993
185 309
185 688
185 871
185 879
186 628
186 643
186 929
186 959
187 612
187 795
187 908
187 983
187 998
188 316
188 947
188 960
188 966
189 184
189 540
189 789
189 805
19 224
19 681
19 916
19 975
190 723
190 739
190 915
190 953
191 631
191 802
191 952
191 994
192 583
192 937
192 982
192 986
193 17
193 494
193 848
193 912
194 518
194 944
194 972
194 984
194 997
195 748
195 865
195 875
195 980
196 790
196 831
196 898
196 905
197 372
197 899
197 944
197 990
198 428
198 702
198 767
198 828
199 696
199 895
199 952
199 999
2 622
2 824
2 895
2 900
20 604
20 822
20 867
20 967
200 268
200 422
200 914
200 968
201 115
201 318
201 784
201 992
202 790
202 926
202 943
202 994
203 799
203 859
203 908
203 944
204 467
204 510
204 727
204 962
205 651
205 688
205 74
205 980
206 858
206 872
206 971
206 993
207 360
207 419
207 632
207 992
208 669
208 800
208 943
208 981
209 1000
209 717
209 726
209 829
21 391
21 828
21 909
21 997
210 809
210 861
210 952
210 977
211 489
211 603
211 967
211 998
212 485
212 815
212 883
212 978
213 791
213 793
213 943
213 979
214 312
214 805
214 820
214 959
214 964
215 428
215 610
215 649
215 816
216 303
216 699
216 843
216 936
217 373
217 42
217 913
217 947
217 969
218 693
218 783
218 839
218 882
219 763
219 946
219 971
219 972
22 451
22 627
22 742
22 943
220 122
220 579
220 690
220 727
221 438
221 619
221 664
221 977
222 675
222 692
222 914
222 952
223 744
223 806
223 925
223 990
224 19
224 389
224 564
224 859
225 425
225 927
225 928
225 996
226 338
226 633
226 634
226 992
227 907
227 924
227 967
227 985
228 423
228 601
228 722
228 868
229 162
229 172
229 885
229 929
23 725
23 767
23 988
23 998
230 36
230 887
230 948
230 988
231 530
231 792
231 83
231 918
231 946
232 456
232 870
232 881
232 983
233 288
233 658
233 934
233 955
234 484
234 775
234 934
234 967
235 420
235 631
235 820
235 998
236 436
236 505
236 728
236 924
237 648
237 695
237 776
237 796
238 42
238 611
238 824
238 974
239 793
239 840
239 878
239 933
239 944
24 305
24 876
24 897
24 913
240 314
240 341
240 933
240 966
240 976
241 709
241 909
241 960
241 965
241 992
242 106
242 154
242 931
242 974
242 991
243 320
243 580
243 707
243 973
243 980
244 157
244 496
244 677
244 920
244 964
245 558
245 709
245 816
245 851
245 913
245 953
246 172
246 332
246 781
246 861
246 937
247 116
247 468
247 800
247 847
247 854
247 873
248 401
248 559
248 823
248 837
248 889
249 740
249 765
249 787
249 834
249 891
25 281
25 353
25 365
25 858
250 251
250 782
250 843
250 962
250 994
251 177
251 250
251 257
251 794
251 820
251 989
252 697
252 766
252 950
252 959
252 962
253 624
253 812
253 871
253 916
253 963
254 14
254 795
254 855
254 934
254 989
255 430
255 608
255 829
255 833
255 852
256 519
256 618
256 689
256 917
256 974
257 177
257 251
257 756
257 804
257 837
258 326
258 577
258 644
258 859
258 904
258 976
259 113
259 757
259 915
259 950
259 981
26 183
26 974
26 986
26 990
260 535
260 873
260 931
260 975
260 998
261 530
261 553
261 679
261 904
261 970
262 442
262 741
262 804
262 836
262 983
263 414
263 616
263 846
263 850
263 952
264 114
264 370
264 608
264 752
264 885
265 821
265 825
265 933
265 966
265 976
266 585
266 826
266 922
266 991
266 995
267 168
267 310
267 334
267 428
267 710
268 15
268 200
268 431
268 502
268 980
269 370
269 619
269 671
269 750
269 890
27 180
27 739
27 964
27 977
270 526
270 751
270 962
270 972
270 975
270 989
271 1000
271 455
271 699
271 815
271 953
272 403
272 615
272 673
272 863
272 917
273 359
273 579
273 708
273 953
273 990
274 638
274 845
274 872
274 942
274 980
275 30
275 498
275 731
275 887
275 896
276 602
276 649
276 906
276 956
276 987
277 602
277 777
277 792
277 871
277 876
277 965
278 620
278 803
278 875
278 964
278 996
279 342
279 669
279 75
279 823
279 962
28 417
28 745
28 762
28 798
28 946
280 377
280 456
280 654
280 782
280 841
281 25
281 608
281 662
281 966
281 994
282 707
282 805
282 842
282 856
282 977
283 423
283 753
283 944
283 967
283 986
284 161
284 58
284 748
284 829
284 865
285 42
285 660
285 749
285 890
285 981
286 161
286 620
286 865
286 971
286 976
286 978
287 546
287 871
287 941
287 964
287 985
288 233
288 300
288 749
288 813
288 869
288 992
289 588
289 697
289 802
289 937
289 986
29 435
29 597
29 708
29 945
290 715
290 771
290 947
290 968
290 975
291 840
291 859
291 86
291 887
291 968
292 128
292 296
292 628
292 746
292 926
293 349
293 380
293 885
293 956
293 983
294 131
294 815
294 831
294 863
294 932
295 153
295 416
295 743
295 773
295 938
296 292
296 543
296 706
296 719
296 941
297 53
297 619
297 875
297 905
297 952
298 326
298 773
298 871
298 980
298 996
299 570
299 645
299 819
299 940
299 963
3 481
3 707
3 708
3 984
30 167
30 275
30 589
30 766
300 288
300 459
300 630
300 729
300 774
301 439
301 625
301 830
301 882
301 992
302 399
302 595
302 843
302 851
302 948
303 216
303 843
303 868
303 955
303 959
304 58
304 581
304 901
304 945
304 984
305 154
305 24
305 650
305 907
305 987
306 772
306 773
306 776
306 915
306 993
307 122
307 620
307 838
307 877
307 881
308 752
308 878
308 887
308 890
308 991
309 185
309 512
309 620
309 859
309 873
309 891
31 716
31 724
31 892
31 927
310 267
310 406
310 637
310 747
310 952
311 105
311 907
311 939
311 983
311 988
312 214
312 788
312 875
312 951
312 984
313 513
313 820
313 845
313 954
314 240
314 466
314 497
314 879
314 991
315 893
315 930
315 954
315 955
315 987
316 188
316 381
316 78
316 855
316 873
316 940
317 809
317 812
317 874
317 902
317 997
318 201
318 427
318 746
318 760
318 871
319 718
319 833
319 858
319 903
319 994
32 910
32 957
32 961
32 991
320 243
320 682
320 953
320 970
320 989
321 465
321 827
321 829
321 87
321 876
322 465
322 575
322 804
322 822
322 843
323 1000
323 534
323 657
323 817
323 928
324 103
324 558
324 703
324 750
324 856
325 179
325 463
325 531
325 809
325 913
326 258
326 298
326 558
326 819
326 849
327 7
327 734
327 924
327 984
327 989
328 801
328 923
328 932
328 957
328 968
329 720
329 757
329 877
329 951
329 966
33 150
33 820
33 869
33 889
33 981
330 471
330 678
330 758
330 795
330 862
331 345
331 707
331 908
331 939
331 991
332 246
332 460
332 751
332 957
332 973
333 366
333 749
333 829
333 898
333 905
334 267
334 835
334 841
334 91
334 945
335 407
335 655
335 829
335 898
335 905
336 590
336 648
336 692
336 759
336 945
337 509
337 706
337 732
337 768
337 973
338 226
338 359
338 384
338 844
338 959
339 612
339 797
339 848
339 959
339 990
34 770
34 880
34 895
34 989
340 360
340 650
340 900
340 946
340 992
341 240
341 574
341 822
341 827
341 835
341 891
342 126
342 279
342 452
342 506
342 726
342 798
343 146
343 45
343 526
343 581
343 977
344 347
344 838
344 892
344 952
344 995
345 331
345 648
345 907
345 965
345 994
346 362
346 825
346 840
346 943
346 972
346 991
347 344
347 754
347 824
347 917
347 956
348 644
348 812
348 813
348 869
348 894
348 960
349 293
349 390
349 742
349 929
349 937
349 953
35 753
35 872
35 894
35 992
350 418
350 891
350 965
350 979
350 999
351 684
351 811
351 841
351 948
351 956
351 971
352 659
352 728
352 981
352 984
352 999
353 25
353 535
353 558
353 860
353 971
353 981
354 162
354 901
354 916
354 978
354 986
355 582
355 583
355 921
355 934
355 974
356 789
356 816
356 948
356 949
356 982
357 718
357 846
357 903
357 993
357 994
358 621
358 798
358 803
358 841
358 845
358 926
359 273
359 338
359 541
359 880
359 966
36 230
36 782
36 783
36 899
360 207
360 340
360 758
360 924
360 992
361 480
361 654
361 738
361 813
361 923
361 976
362 346
362 641
362 904
362 934
362 949
363 492
363 674
363 735
363 766
363 943
364 482
364 576
364 764
364 861
364 956
365 25
365 544
365 764
365 773
365 873
365 878
366 118
366 333
366 489
366 765
366 970
367 388
367 449
367 555
367 573
367 776
368 404
368 790
368 811
368 898
368 905
369 14
369 664
369 774
369 915
369 917
37 1000
37 390
37 875
37 942
370 264
370 269
370 58
370 802
370 955
371 671
371 775
371 939
371 955
371 977
372 129
372 197
372 819
372 869
372 923
372 970
373 217
373 460
373 872
373 942
373 943
374 76
374 872
374 879
374 942
374 943
375 539
375 839
375 864
375 918
375 954
376 102
376 17
376 725
376 864
376 887
377 280
377 478
377 638
377 780
377 996
378 637
378 695
378 855
378 918
378 953
378 956
379 544
379 744
379 750
379 753
379 820
379 950
38 667
38 786
38 872
38 958
380 293
380 615
380 694
380 696
380 995
381 316
381 483
381 683
381 720
381 767
381 947
382 674
382 723
382 750
382 943
382 976
382 978
383 142
383 577
383 802
383 847
383 887
383 966
384 110
384 338
384 442
384 763
384 883
384 994
385 125
385 143
385 471
385 795
385 862
386 161
386 616
386 661
386 911
386 916
386 932
387 485
387 825
387 827
387 933
387 962
387 996
388 367
388 561
388 783
388 786
388 831
388 989
389 224
389 716
389 746
389 764
389 858
389 875
39 672
39 733
39 896
39 937
390 349
390 37
390 427
390 596
390 875
390 907
391 21
391 675
391 886
391 900
391 914
391 936
392 135
392 494
392 800
392 955
392 962
392 997
393 166
393 425
393 502
393 544
393 760
393 976
394 629
394 666
394 727
394 825
394 968
394 975
395 136
395 920
395 944
395 945
395 948
395 965
396 550
396 588
396 803
396 840
396 860
396 992
397 446
397 520
397 801
397 923
397 928
397 933
398 499
398 535
398 770
398 779
398 873
398 975
399 302
399 525
399 825
399 826
399 966
399 971
4 738
4 791
4 960
40 120
40 666
40 877
40 920
400 456
400 826
400 905
400 922
400 988
400 991
401 248
401 539
401 859
401 925
401 963
401 976
402 531
402 632
402 704
402 858
402 912
402 968
403 272
403 715
403 841
403 929
403 954
403 968
404 368
404 482
404 620
404 774
404 957
404 977
405 731
405 764
405 790
405 831
405 948
405 991
406 310
406 560
406 686
406 820
406 981
406 983
406 997
407 335
407 639
407 704
407 790
407 898
407 905
408 164
408 476
408 652
408 885
408 942
408 988
409 1000
409 103
409 560
409 62
409 856
409 980
41 584
41 696
41 820
41 930
410 732
410 761
410 799
410 928
410 941
410 948
411 426
411 677
411 799
411 849
411 913
411 941
412 101
412 679
412 872
412 873
412 937
412 957
413 427
413 808
413 815
413 816
413 842
413 889
413 976
414 263
414 833
414 834
414 903
414 965
414 994
415 1000
415 758
415 913
415 931
415 944
415 955
415 980
416 130
416 295
416 773
416 817
416 870
416 938
417 114
417 134
417 28
417 825
417 853
417 976
417 995
418 350
418 483
418 746
418 781
418 921
418 990
419 207
419 454
419 606
419 651
419 699
419 984
42 217
42 238
42 285
42 468
420 235
420 814
420 816
420 910
420 980
420 998
421 570
421 763
421 971
421 972
421 973
421 996
422 200
422 450
422 473
422 641
422 870
422 989
423 228
423 283
423 595
423 845
423 930
423 966
424 646
424 757
424 806
424 958
424 972
424 980
424 984
425 225
425 393
425 808
425 928
425 942
425 996
426 411
426 77
426 806
426 948
426 973
426 975
427 1000
427 318
427 390
427 413
427 909
427 968
428 198
428 215
428 267
428 735
428 916
428 998
429 184
429 533
429 649
429 926
429 990
429 994
43 681
43 792
43 965
43 999
430 255
430 715
430 730
430 817
430 839
430 909
431 15
431 268
431 482
431 537
431 71
431 980
432 467
432 549
432 761
432 868
432 963
432 987
433 591
433 695
433 754
433 905
433 974
433 994
434 664
434 839
434 852
434 902
434 907
434 913
435 1000
435 29
435 491
435 914
435 922
435 947
436 165
436 236
436 800
436 858
436 926
436 990
437 769
437 859
437 947
437 971
437 983
437 984
438 221
438 442
438 788
438 849
438 85
438 864
439 301
439 523
439 829
439 831
439 874
439 972
439 991
44 68
44 702
44 778
44 780
440 567
440 770
440 799
440 846
440 932
440 946
441 524
441 623
441 807
441 892
441 931
441 948
442 262
442 384
442 438
442 918
442 976
442 980
442 981
443 635
443 785
443 859
443 861
443 898
443 977
444 699
444 781
444 811
444 817
444 876
444 923
444 972
445 468
445 830
445 913
445 937
445 983
445 988
446 397
446 45
446 669
446 736
446 862
446 996
447 553
447 662
447 731
447 827
447 927
447 993
448 519
448 720
448 742
448 921
448 933
448 999
449 367
449 812
449 820
449 871
449 969
449 976
449 992
45 343
45 446
45 667
45 974
450 422
450 641
450 885
450 895
450 989
450 995
451 22
451 484
451 912
451 943
451 987
451 988
452 342
452 701
452 738
452 957
452 970
452 991
453 839
453 858
453 900
453 970
453 992
453 999
454 419
454 554
454 663
454 707
454 834
454 885
455 271
455 739
455 815
455 924
455 953
455 957
456 232
456 280
456 400
456 878
456 938
456 964
457 474
457 486
457 781
457 832
457 977
457 985
458 171
458 763
458 809
458 884
458 953
458 964
459 300
459 594
459 678
459 812
459 857
459 873
459 976
46 660
46 736
46 800
46 886
460 332
460 373
460 538
460 614
460 925
460 970
461 679
461 904
461 934
461 939
461 985
461 988
462 484
462 5
462 530
462 588
462 721
462 928
463 102
463 325
463 531
463 882
463 897
463 913
464 130
464 507
464 792
464 976
464 980
464 985
464 997
465 175
465 321
465 322
465 804
465 836
465 983
466 314
466 622
466 719
466 895
466 906
466 964
467 204
467 432
467 490
467 794
467 949
467 996
468 153
468 247
468 42
468 445
468 822
468 867
469 482
469 524
469 616
469 762
469 832
469 874
469 976
47 762
47 814
47 890
47 992
470 784
470 832
470 912
470 924
470 941
470 967
471 148
471 330
471 385
471 760
471 795
471 862
472 677
472 689
472 717
472 831
472 877
472 975
473 422
473 668
473 833
473 903
473 912
473 962
474 457
474 874
474 902
474 972
474 992
474 999
475 683
475 761
475 798
475 852
475 929
475 935
476 408
476 643
476 711
476 713
476 885
476 889
477 49
477 729
477 866
477 875
477 984
477 995
478 377
478 638
478 734
478 778
478 876
478 927
479 16
479 694
479 793
479 865
479 930
479 935
48 563
48 760
48 782
48 926
480 361
480 630
480 689
480 718
480 772
480 834
481 3
481 686
481 828
481 914
481 959
481 961
482 364
482 404
482 431
482 469
482 609
482 869
483 381
483 418
483 785
483 799
483 906
483 992
483 993
484 234
484 451
484 462
484 585
484 705
484 877
484 995
485 212
485 387
485 603
485 683
485 697
485 924
485 990
486 457
486 756
486 810
486 881
486 924
486 925
486 967
487 1000
487 654
487 736
487 765
487 800
487 846
487 886
488 128
488 651
488 739
488 806
488 938
488 958
488 971
489 211
489 366
489 820
489 84
489 876
489 956
489 998
49 477
49 872
49 912
49 943
490 467
490 571
490 764
490 777
490 861
490 92
490 962
491 435
491 596
491 618
491 918
491 921
491 929
491 944
492 363
492 888
492 959
492 978
492 98
492 985
492 999
493 679
493 804
493 84
493 849
493 860
493 958
493 995
494 193
494 392
494 669
494 746
494 799
494 903
494 997
495 626
495 773
495 792
495 813
495 873
495 925
495 990
496 244
496 514
496 559
496 607
496 653
496 922
496 991
497 314
497 702
497 779
497 864
497 954
497 968
497 987
498 275
498 55
498 7
498 786
498 874
498 932
498 950
499 398
499 668
499 707
499 757
499 805
499 862
499 992
5 134
5 462
5 511
5 818
50 523
50 624
50 720
50 919
500 656
500 664
500 760
500 852
500 865
500 902
500 965
501 591
501 668
501 811
501 854
501 877
501 969
501 989
502 268
502 393
502 706
502 874
502 937
502 969
502 984
503 656
503 854
503 860
503 921
503 965
503 990
503 995
504 583
504 690
504 728
504 915
504 923
504 950
504 981
505 236
505 749
505 803
505 873
505 874
505 925
505 972
506 149
506 342
506 528
506 599
506 896
506 935
506 988
507 109
507 169
507 464
507 713
507 714
507 959
507 976
508 541
508 728
508 793
508 928
508 952
508 954
508 970
509 337
509 745
509 773
509 779
509 871
509 908
509 947
51 724
51 899
51 922
51 991
510 204
510 537
510 678
510 751
510 783
510 904
510 946
511 1000
511 5
511 559
511 629
511 717
511 919
511 964
512 309
512 662
512 765
512 879
512 910
512 940
512 963
513 313
513 820
513 836
513 845
513 954
514 496
514 689
514 826
514 878
514 922
514 960
514 991
515 607
515 691
515 720
515 780
515 787
515 923
515 986
516 1000
516 111
516 729
516 810
516 951
516 986
516 993
517 735
517 833
517 874
517 932
517 955
517 970
517 991
518 194
518 60
518 843
518 906
518 908
518 925
518 991
519 256
519 448
519 556
519 631
519 860
519 894
519 913
52 826
52 905
52 922
52 991
520 397
520 534
520 594
520 683
520 733
520 801
520 923
521 568
521 623
521 689
521 861
521 889
521 938
521 956
522 615
522 638
522 694
522 745
522 750
522 880
522 995
523 439
523 50
523 741
523 809
523 825
523 894
523 999
524 441
524 469
524 705
524 939
524 956
524 980
524 998
525 399
525 581
525 687
525 858
525 862
525 910
525 930
526 270
526 343
526 634
526 758
526 801
526 944
526 954
527 181
527 739
527 835
527 901
527 903
527 955
527 965
528 506
528 583
528 596
528 678
528 740
528 824
528 921
529 561
529 788
529 797
529 891
529 917
529 989
529 997
53 297
53 601
53 709
53 951
530 231
530 261
530 462
530 760
530 786
530 913
530 997
531 179
531 325
531 402
531 463
531 823
531 913
531 928
532 1000
532 147
532 587
532 628
532 735
532 904
532 993
533 429
533 844
533 850
533 897
533 923
533 950
533 984
534 323
534 520
534 738
534 791
534 887
534 913
534 919
535 260
535 353
535 398
535 632
535 802
535 873
535 975
536 545
536 575
536 636
536 849
536 853
536 986
536 996
537 431
537 510
537 657
537 678
537 751
537 946
537 980
538 460
538 688
538 843
538 878
538 897
538 906
538 968
539 375
539 401
539 742
539 918
539 938
539 987
539 993
54 625
54 647
54 664
54 947
540 189
540 617
540 618
540 844
540 917
540 924
540 992
541 359
541 508
541 723
541 751
541 815
541 968
541 985
542 1000
542 12
542 558
542 878
542 888
542 944
542 998
543 296
543 545
543 711
543 883
543 969
543 986
543 988
544 365
544 379
544 393
544 785
544 855
544 909
544 960
545 536
545 543
545 671
545 766
545 901
545 928
545 986
546 110
546 287
546 643
546 909
546 944
546 945
546 953
547 591
547 595
547 658
547 783
547 872
547 904
547 976
548 819
548 936
548 94
548 986
548 991
548 995
548 997
549 432
549 658
549 665
549 790
549 873
549 952
549 956
55 498
55 682
55 902
55 929
550 396
550 752
550 880
550 883
550 959
550 969
550 986
551 101
551 584
551 622
551 843
551 849
551 964
551 997
552 644
552 776
552 813
552 898
552 952
552 969
552 994
553 261
553 447
553 861
553 939
553 947
553 949
553 991
554 158
554 454
554 591
554 612
554 680
554 757
554 807
555 367
555 562
555 722
555 796
555 860
555 910
555 936
556 519
556 612
556 672
556 834
556 835
556 877
556 977
557 558
557 816
557 884
557 892
557 923
557 927
557 947
557 948
558 245
558 324
558 326
558 353
558 542
558 557
558 67
558 971
559 248
559 496
559 511
559 646
559 823
559 863
559 914
559 968
56 132
56 665
56 827
56 964
560 406
560 409
560 713
560 804
560 941
560 951
560 987
560 989
561 1000
561 388
561 529
561 708
561 727
561 729
561 953
561 959
562 555
562 689
562 831
562 897
562 915
562 931
562 950
562 996
563 48
563 635
563 725
563 740
563 926
563 948
563 954
563 982
564 18
564 224
564 597
564 790
564 828
564 943
564 989
564 994
565 602
565 712
565 828
565 939
565 971
565 972
565 973
565 996
566 159
566 832
566 928
566 934
566 963
566 969
566 980
566 991
567 440
567 676
567 907
567 940
567 958
567 976
567 982
567 999
568 151
568 521
568 735
568 820
568 840
568 900
568 949
568 963
569 129
569 677
569 791
569 824
569 867
569 950
569 952
569 992
57 866
57 953
57 969
57 987
570 299
570 421
570 765
570 920
570 940
570 963
570 985
570 990
571 490
571 660
571 769
571 773
571 775
571 958
571 973
571 981
572 642
572 756
572 769
572 794
572 832
572 910
572 937
572 983
573 125
573 367
573 576
573 863
573 878
573 894
573 974
573 999
574 1000
574 341
574 711
574 840
574 851
574 869
574 888
574 973
575 322
575 536
575 660
575 804
575 888
575 942
575 987
575 996
576 158
576 364
576 573
576 616
576 805
576 807
576 846
576 881
577 258
577 383
577 665
577 853
577 955
577 958
577 964
577 994
578 1000
578 749
578 791
578 810
578 859
578 885
578 915
578 998
579 220
579 273
579 65
579 749
579 814
579 953
579 962
579 990
58 284
58 304
58 370
58 966
580 243
580 625
580 682
580 864
580 944
580 947
580 962
580 976
581 150
581 304
581 343
581 525
581 782
581 831
581 857
581 888
582 355
582 583
582 823
582 852
582 869
582 931
582 936
582 994
583 13
583 192
583 355
583 504
583 528
583 582
583 640
583 921
584 41
584 551
584 622
584 742
584 893
584 919
584 993
584 997
585 266
585 484
585 640
585 686
585 819
585 828
585 978
585 984
586 792
586 798
586 812
586 824
586 897
586 913
586 957
586 980
587 532
587 658
587 714
587 892
587 905
587 919
587 939
587 958
588 289
588 396
588 462
588 605
588 652
588 755
588 805
588 954
589 129
589 30
589 714
589 722
589 844
589 941
589 958
589 978
59 873
59 956
59 974
59 983
590 124
590 336
590 719
590 738
590 901
590 930
590 969
590 982
591 181
591 433
591 501
591 547
591 554
591 757
591 855
591 877
592 634
592 640
592 822
592 830
592 838
592 851
592 925
592 958
593 632
593 748
593 806
593 836
593 842
593 866
593 905
593 935
594 459
594 520
594 616
594 764
594 856
594 884
594 892
594 984
595 302
595 423
595 547
595 863
595 878
595 899
595 910
595 945
596 390
596 491
596 528
596 803
596 850
596 857
596 921
596 931
597 156
597 29
597 564
597 605
597 825
597 916
597 931
597 988
598 127
598 145
598 149
598 602
598 639
598 697
598 791
598 900
599 506
599 613
599 773
599 840
599 882
599 923
599 929
599 992
6 647
6 847
6 889
6 995
60 1000
60 518
60 736
60 986
600 823
600 843
600 906
600 925
600 951
600 966
600 968
600 970
601 228
601 53
601 663
601 693
601 701
601 709
601 730
601 99
602 276
602 277
602 565
602 598
602 684
602 860
602 960
602 999
603 183
603 211
603 485
603 630
603 754
603 819
603 875
603 919
604 20
604 82
604 842
604 876
604 880
604 882
604 920
604 990
605 588
605 597
605 613
605 657
605 924
605 936
605 947
605 967
606 419
606 651
606 708
606 753
606 770
606 963
606 979
606 984
607 496
607 515
607 621
607 785
607 844
607 853
607 886
607 932
608 255
608 264
608 281
608 747
608 755
608 774
608 928
608 956
609 482
609 656
609 755
609 869
609 873
609 902
609 914
609 919
61 619
61 903
61 916
61 969
610 103
610 215
610 696
610 787
610 907
610 969
610 975
610 986
611 238
611 776
611 779
611 821
611 889
611 952
611 959
611 993
612 187
612 339
612 554
612 556
612 852
612 853
612 930
612 961
613 156
613 599
613 605
613 765
613 879
613 888
613 940
613 963
614 18
614 460
614 688
614 868
614 911
614 925
614 968
614 983
615 272
615 380
615 522
615 694
615 734
615 737
615 850
615 873
615 995
616 263
616 386
616 469
616 576
616 594
616 629
616 693
616 850
616 999
617 540
617 757
617 800
617 803
617 846
617 852
617 860
617 938
617 998
618 256
618 491
618 540
618 786
618 844
618 946
618 977
618 983
618 995
619 221
619 269
619 297
619 61
619 631
619 747
619 885
619 987
619 994
62 409
62 693
62 827
62 849
620 278
620 286
620 307
620 309
620 404
620 806
620 897
620 954
620 992
621 119
621 358
621 607
621 779
621 785
621 896
621 917
621 932
621 973
622 2
622 466
622 551
622 584
622 825
622 833
622 895
622 964
622 993
623 441
623 521
623 703
623 817
623 909
623 942
623 956
623 996
623 998
624 144
624 253
624 50
624 791
624 80
624 866
624 919
624 974
624 977
625 301
625 54
625 580
625 780
625 828
625 851
625 913
625 952
625 996
626 106
626 166
626 495
626 852
626 886
626 904
626 983
626 985
626 999
627 151
627 153
627 22
627 645
627 845
627 942
627 943
627 960
627 981
628 186
628 292
628 532
628 630
628 737
628 786
628 856
628 860
628 963
629 394
629 511
629 616
629 805
629 956
629 962
629 978
629 986
629 999
63 801
63 871
63 923
63 983
630 300
630 480
630 603
630 628
630 847
630 852
630 875
630 925
630 992
631 191
631 235
631 519
631 619
631 634
631 66
631 685
631 905
631 968
632 207
632 402
632 535
632 593
632 704
632 808
632 858
632 877
632 916
633 226
633 731
633 835
633 854
633 867
633 894
633 896
633 956
633 982
634 226
634 526
634 592
634 631
634 811
634 896
634 918
634 937
634 955
635 443
635 563
635 646
635 650
635 697
635 777
635 797
635 889
635 928
636 536
636 684
636 747
636 828
636 966
636 967
636 978
636 979
636 985
637 310
637 378
637 794
637 796
637 852
637 854
637 947
637 978
637 986
638 165
638 274
638 377
638 478
638 522
638 646
638 774
638 778
638 927
639 407
639 598
639 738
639 821
639 866
639 954
639 969
639 980
639 987
64 827
64 876
64 897
64 927
640 583
640 585
640 592
640 677
640 830
640 870
640 881
640 904
640 967
641 362
641 422
641 450
641 790
641 843
641 867
641 934
641 989
641 995
642 572
642 673
642 727
642 798
642 817
642 851
642 878
642 904
642 930
643 186
643 476
643 546
643 788
643 862
643 880
643 887
643 939
643 984
644 117
644 258
644 348
644 552
644 662
644 704
644 714
644 893
644 966
645 299
645 627
645 72
645 739
645 915
645 934
645 954
645 962
645 981
646 424
646 559
646 635
646 638
646 791
646 847
646 863
646 886
646 999
647 54
647 6
647 745
647 765
647 879
647 881
647 940
647 963
647 985
648 237
648 336
648 345
648 815
648 872
648 913
648 918
648 978
648 984
649 115
649 215
649 276
649 429
649 654
649 880
649 935
649 964
649 985
65 579
65 974
65 978
65 994
650 141
650 305
650 340
650 635
650 710
650 845
650 872
650 936
650 952
651 205
651 419
651 488
651 606
651 779
651 784
651 824
651 951
651 984
652 408
652 588
652 731
652 743
652 838
652 896
652 939
652 947
652 956
653 496
653 71
653 826
653 867
653 895
653 922
653 979
653 988
653 991
654 146
654 280
654 361
654 487
654 649
654 672
654 705
654 819
654 996
655 335
655 700
655 917
655 922
655 935
655 961
655 968
655 977
655 997
656 134
656 500
656 503
656 609
656 740
656 860
656 942
656 945
656 994
657 323
657 537
657 605
657 75
657 751
657 856
657 897
657 958
657 983
658 233
658 547
658 549
658 587
658 665
658 783
658 851
658 855
658 880
658 958
659 1000
659 352
659 66
659 727
659 835
659 856
659 865
659 953
659 990
659 993
66 631
66 659
66 767
66 977
660 285
660 46
660 571
660 575
660 723
660 746
660 778
660 935
660 950
660 981
661 179
661 386
661 666
661 702
661 828
661 898
661 946
661 957
661 976
661 999
662 122
662 141
662 281
662 447
662 512
662 644
662 762
662 901
662 905
662 973
663 1000
663 454
663 601
663 672
663 785
663 817
663 818
663 871
663 920
663 991
664 221
664 369
664 434
664 500
664 54
664 830
664 854
664 902
664 907
664 942
665 549
665 56
665 577
665 658
665 738
665 803
665 809
665 830
665 949
665 974
666 394
666 40
666 661
666 756
666 832
666 860
666 946
666 960
666 998
666 999
667 14
667 38
667 45
667 753
667 870
667 874
667 913
667 921
667 989
667 994
668 473
668 499
668 501
668 698
668 723
668 876
668 891
668 947
668 970
668 988
669 164
669 208
669 279
669 446
669 494
669 79
669 933
669 955
669 977
669 997
67 558
67 802
67 862
67 936
670 686
670 690
670 723
670 759
670 794
670 797
670 841
670 951
670 961
670 998
671 269
671 371
671 545
671 698
671 804
671 826
671 898
671 923
671 977
671 996
672 39
672 556
672 654
672 663
672 715
672 815
672 879
672 918
672 958
672 960
673 169
673 272
673 642
673 676
673 721
673 744
673 791
673 878
673 916
673 971
674 363
674 382
674 81
674 835
674 846
674 871
674 892
674 897
674 948
674 976
675 222
675 391
675 721
675 753
675 822
675 855
675 866
675 948
675 957
675 969
676 567
676 673
676 684
676 777
676 884
676 946
676 967
676 973
676 982
676 998
677 244
677 411
677 472
677 569
677 640
677 735
677 850
677 877
677 975
677 982
678 330
678 459
678 510
678 528
678 537
678 705
678 724
678 751
678 944
678 946
679 261
679 412
679 461
679 493
679 847
679 896
679 904
679 949
679 988
679 999
68 44
68 778
68 807
68 927
680 554
680 874
680 877
680 924
680 931
680 939
680 979
680 981
680 984
680 992
681 108
681 177
681 19
681 43
681 73
681 848
681 891
681 927
681 965
681 973
682 320
682 55
682 580
682 868
682 949
682 961
682 967
682 973
682 984
682 987
683 12
683 132
683 381
683 475
683 485
683 520
683 798
683 920
683 929
683 935
683 955
684 351
684 602
684 636
684 676
684 775
684 787
684 921
684 955
684 964
684 990
684 998
685 631
685 690
685 694
685 77
685 771
685 936
685 950
685 971
685 975
685 993
685 994
686 406
686 481
686 585
686 670
686 687
686 724
686 914
686 916
686 920
686 959
686 993
687 525
687 686
687 767
687 815
687 866
687 921
687 932
687 940
687 963
687 982
687 994
688 185
688 205
688 538
688 614
688 802
688 827
688 843
688 925
688 936
688 962
688 995
689 119
689 256
689 472
689 480
689 514
689 521
689 562
689 874
689 924
689 965
689 978
69 773
69 901
69 935
69 938
690 127
690 220
690 504
690 670
690 685
690 819
690 915
690 941
690 950
690 981
690 990
691 146
691 162
691 515
691 709
691 836
691 857
691 871
691 912
691 934
691 964
691 966
692 152
692 222
692 336
692 796
692 863
692 895
692 910
692 958
692 966
692 987
692 989
693 218
693 601
693 616
693 62
693 777
693 868
693 891
693 946
693 960
693 965
693 976
694 380
694 479
694 522
694 615
694 685
694 737
694 809
694 880
694 938
694 985
694 991
695 164
695 182
695 237
695 378
695 433
695 742
695 776
695 796
695 9
695 917
695 998
696 199
696 380
696 41
696 610
696 711
696 752
696 883
696 903
696 948
696 969
696 986
697 126
697 252
697 289
697 485
697 598
697 635
697 728
697 801
697 829
697 839
697 971
698 668
698 671
698 761
698 834
698 848
698 870
698 876
698 891
698 965
698 979
698 980
699 216
699 271
699 419
699 444
699 722
699 779
699 784
699 824
699 852
699 979
699 984
7 327
7 498
7 716
7 945
70 874
70 934
70 974
70 983
700 11
700 111
700 655
700 724
700 733
700 882
700 917
700 923
700 961
700 968
700 997
701 13
701 135
701 452
701 601
701 709
701 730
701 834
701 848
701 946
701 949
701 997
702 198
702 44
702 497
702 661
702 704
702 748
702 887
702 939
702 942
702 980
702 992
703 142
703 159
703 167
703 324
703 623
703 817
703 896
703 902
703 909
703 928
703 938
704 130
704 402
704 407
704 632
704 644
704 702
704 772
704 858
704 911
704 912
704 916
705 484
705 524
705 654
705 678
705 719
705 751
705 767
705 850
705 884
705 977
705 991
706 112
706 296
706 337
706 502
706 707
706 82
706 822
706 947
706 960
706 962
706 976
707 243
707 282
707 3
707 331
707 454
707 499
707 706
707 80
707 834
707 841
707 999
708 173
708 273
708 29
708 3
708 561
708 606
708 727
708 749
708 760
708 815
708 970
709 241
709 245
709 53
709 601
709 691
709 701
709 730
709 795
709 946
709 949
709 965
71 431
71 653
71 92
71 991
710 145
710 267
710 650
710 737
710 803
710 809
710 865
710 894
710 928
710 985
710 986
711 476
711 543
711 574
711 696
711 752
711 900
711 931
711 939
711 969
711 975
711 988
712 565
712 763
712 840
712 859
712 880
712 892
712 950
712 961
712 971
712 972
712 992
713 476
713 507
713 560
713 753
713 788
713 855
713 869
713 879
713 977
713 996
713 997
714 17
714 507
714 587
714 589
714 644
714 927
714 939
714 941
714 958
714 974
714 988
715 290
715 403
715 430
715 672
715 728
715 757
715 766
715 845
715 872
715 922
715 979
715 984
716 126
716 31
716 389
716 7
716 768
716 834
716 861
716 885
716 886
716 892
716 927
716 972
717 109
717 209
717 472
717 511
717 831
717 895
717 902
717 903
717 937
717 977
717 992
717 999
718 319
718 357
718 480
718 833
718 879
718 885
718 903
718 912
718 936
718 962
718 968
718 994
719 113
719 296
719 466
719 590
719 705
719 734
719 744
719 816
719 821
719 954
719 961
719 993
72 645
72 753
72 855
72 957
720 11
720 180
720 329
720 381
720 448
720 50
720 515
720 837
720 912
720 919
720 951
720 974
721 462
721 673
721 675
721 800
721 906
721 910
721 937
721 940
721 963
721 979
721 983
721 995
722 1000
722 174
722 228
722 555
722 589
722 699
722 762
722 771
722 884
722 957
722 979
722 984
723 190
723 382
723 541
723 660
723 668
723 670
723 935
723 941
723 950
723 981
723 984
723 989
724 1000
724 31
724 51
724 678
724 686
724 700
724 751
724 876
724 942
724 959
724 989
724 995
725 17
725 23
725 376
725 563
725 750
725 757
725 797
725 871
725 966
725 988
725 998
725 999
726 209
726 342
726 861
726 888
726 927
726 928
726 948
726 956
726 969
726 971
726 977
726 983
727 1000
727 204
727 220
727 394
727 561
727 642
727 659
727 708
727 746
727 811
727 953
727 977
728 163
728 236
728 352
728 504
728 508
728 697
728 715
728 815
728 930
728 967
728 981
728 999
729 1000
729 180
729 300
729 477
729 516
729 561
729 767
729 875
729 91
729 946
729 948
729 993
73 681
73 891
73 965
73 991
730 430
730 601
730 701
730 709
730 740
730 834
730 848
730 864
730 939
730 949
730 950
730 975
731 181
731 275
731 405
731 447
731 633
731 652
731 829
731 896
731 920
731 939
731 982
731 987
732 100
732 337
732 410
732 767
732 862
732 887
732 889
732 924
732 962
732 969
732 973
732 994
733 1
733 171
733 39
733 520
733 700
733 747
733 771
733 859
733 876
733 950
733 981
733 997
734 327
734 478
734 615
734 719
734 742
734 793
734 808
734 813
734 833
734 906
734 925
734 944
734 996
735 1000
735 363
735 428
735 517
735 532
735 568
735 677
735 885
735 890
735 891
735 915
735 961
735 998
736 171
736 446
736 46
736 487
736 60
736 839
736 846
736 857
736 886
736 952
736 964
736 982
736 990
737 117
737 176
737 615
737 628
737 694
737 710
737 750
737 782
737 787
737 850
737 938
737 946
737 995
738 133
738 361
738 4
738 452
738 534
738 590
738 639
738 665
738 776
738 852
738 934
738 960
738 972
739 190
739 27
739 455
739 488
739 527
739 645
739 818
739 906
739 922
739 952
739 953
739 968
739 991
74 205
74 933
74 965
74 991
740 249
740 528
740 563
740 656
740 730
740 780
740 813
740 864
740 891
740 921
740 944
740 965
740 982
741 104
741 262
741 523
741 804
741 810
741 821
741 836
741 888
741 943
741 950
741 954
741 969
741 987
742 22
742 349
742 448
742 539
742 584
742 695
742 734
742 823
742 904
742 918
742 941
742 971
742 989
743 133
743 295
743 652
743 769
743 803
743 813
743 843
743 851
743 891
743 906
743 920
743 974
743 999
744 223
744 379
744 673
744 719
744 791
744 878
744 897
744 906
744 943
744 962
744 965
744 989
744 996
745 28
745 509
745 522
745 647
745 780
745 791
745 847
745 872
745 890
745 898
745 905
745 940
745 943
746 292
746 318
746 389
746 418
746 494
746 660
746 727
746 79
746 866
746 876
746 897
746 924
746 990
747 310
747 608
747 619
747 636
747 733
747 806
747 829
747 872
747 887
747 928
747 970
747 98
747 987
748 113
748 195
748 284
748 593
748 702
748 78
748 799
748 865
748 881
748 915
748 959
748 965
748 980
749 285
749 288
749 333
749 505
749 578
749 579
749 708
749 805
749 838
749 839
749 978
749 987
749 993
75 1000
75 279
75 657
75 987
750 269
750 324
750 379
750 382
750 522
750 725
750 737
750 758
750 864
750 898
750 909
750 982
750 987
751 270
751 332
751 510
751 537
751 541
751 657
751 678
751 705
751 724
751 934
751 946
751 987
751 989
752 264
752 308
752 550
752 696
752 711
752 769
752 847
752 883
752 929
752 945
752 963
752 969
752 988
753 283
753 35
753 379
753 606
753 667
753 675
753 713
753 72
753 833
753 855
753 880
753 957
753 968
754 347
754 433
754 603
754 769
754 855
754 875
754 881
754 883
754 900
754 948
754 953
754 980
754 987
755 588
755 608
755 609
755 809
755 813
755 822
755 846
755 952
755 961
755 964
755 987
755 990
755 993
756 257
756 486
756 572
756 666
756 801
756 836
756 838
756 850
756 881
756 924
756 941
756 951
756 967
757 259
757 329
757 424
757 499
757 554
757 591
757 617
757 715
757 725
757 801
757 922
757 923
757 947
758 330
758 360
758 415
758 526
758 750
758 848
758 864
758 935
758 946
758 963
758 970
758 990
758 992
759 142
759 336
759 670
759 847
759 868
759 872
759 887
759 915
759 918
759 943
759 945
759 960
759 995
76 374
76 767
76 828
76 984
760 318
760 393
760 471
760 48
760 500
760 530
760 708
760 874
760 877
760 896
760 933
760 977
760 982
761 125
761 155
761 410
761 432
761 475
761 698
761 794
761 846
761 853
761 949
761 977
761 993
761 996
762 28
762 469
762 47
762 662
762 722
762 775
762 784
762 794
762 814
762 835
762 890
762 900
762 979
763 219
763 384
763 421
763 458
763 712
763 823
763 864
763 882
763 907
763 939
763 961
763 971
763 972
763 996
764 364
764 365
764 389
764 405
764 490
764 594
764 777
764 823
764 861
764 898
764 940
764 949
764 956
764 996
765 249
765 366
765 487
765 512
765 570
765 613
765 647
765 879
765 916
765 922
765 940
765 963
765 976
765 990
766 138
766 252
766 30
766 363
766 545
766 715
766 816
766 911
766 919
766 927
766 939
766 952
766 958
766 980
767 100
767 110
767 198
767 23
767 381
767 66
767 687
767 705
767 729
767 732
767 76
767 828
767 865
767 871
768 154
768 337
768 716
768 807
768 822
768 829
768 891
768 915
768 955
768 957
768 973
768 981
768 985
768 987
769 10
769 437
769 571
769 572
769 743
769 752
769 754
769 770
769 85
769 851
769 901
769 917
769 948
769 967
77 426
77 685
77 931
77 932
770 111
770 140
770 34
770 398
770 440
770 606
770 769
770 831
770 873
770 888
770 917
770 984
770 988
770 989
771 290
771 685
771 722
771 733
771 837
771 869
771 888
771 908
771 934
771 951
771 979
771 985
771 997
772 140
772 306
772 480
772 704
772 808
772 856
772 858
772 872
772 892
772 912
772 917
772 975
772 990
772 993
773 295
773 298
773 306
773 365
773 416
773 495
773 509
773 571
773 599
773 69
773 870
773 872
773 917
773 938
774 158
774 300
774 369
774 404
774 608
774 638
774 778
774 920
774 940
774 961
774 963
774 973
774 994
774 996
775 234
775 371
775 571
775 684
775 762
775 804
775 825
775 844
775 860
775 886
775 896
775 898
775 905
775 920
776 124
776 173
776 237
776 306
776 367
776 552
776 611
776 695
776 738
776 810
776 865
776 874
776 901
776 960
777 174
777 183
777 277
777 490
777 635
777 676
777 693
777 764
777 819
777 820
777 903
777 927
777 949
777 962
778 165
778 169
778 44
778 478
778 638
778 660
778 68
778 774
778 780
778 829
778 926
778 927
778 970
778 979
779 398
779 497
779 509
779 611
779 621
779 651
779 699
779 795
779 862
779 901
779 971
779 972
779 974
779 976
78 316
78 748
78 989
78 999
780 1000
780 153
780 165
780 377
780 44
780 515
780 625
780 740
780 745
780 778
780 812
780 879
780 926
780 990
781 104
781 109
781 246
781 418
781 444
781 457
781 818
781 841
781 875
781 889
781 892
781 915
781 929
781 967
781 995
782 150
782 250
782 280
782 36
782 48
782 581
782 737
782 871
782 915
782 938
782 950
782 951
782 965
782 979
782 981
783 218
783 36
783 388
783 510
783 547
783 658
783 802
783 838
783 841
783 892
783 915
783 947
783 950
783 980
783 985
784 201
784 470
784 651
784 699
784 762
784 794
784 801
784 814
784 854
784 916
784 938
784 949
784 962
784 983
784 984
785 108
785 443
785 483
785 544
785 607
785 621
785 663
785 797
785 87
785 876
785 917
785 932
785 958
785 973
785 998
786 105
786 38
786 388
786 498
786 530
786 618
786 628
786 854
786 879
786 887
786 888
786 907
786 937
786 956
786 962
787 249
787 515
787 610
787 684
787 737
787 795
787 849
787 873
787 915
787 921
787 931
787 942
787 950
787 977
787 995
788 133
788 137
788 182
788 312
788 438
788 529
788 643
788 713
788 792
788 826
788 885
788 892
788 896
788 966
788 991
789 189
789 356
789 832
789 837
789 880
789 893
789 930
789 937
789 949
789 966
789 974
789 976
789 978
789 982
789 993
79 669
79 746
79 836
79 933
790 196
790 202
790 368
790 405
790 407
790 549
790 564
790 641
790 803
790 816
790 841
790 881
790 898
790 905
790 976
791 213
791 4
791 534
791 569
791 578
791 598
791 624
791 646
791 673
791 744
791 745
791 797
791 974
791 982
791 993
792 182
792 231
792 277
792 43
792 464
792 495
792 586
792 788
792 824
792 835
792 847
792 849
792 899
792 908
792 968
793 164
793 213
793 239
793 479
793 508
793 734
793 810
793 840
793 847
793 858
793 881
793 919
793 920
793 93
793 944
794 251
794 467
794 572
794 637
794 670
794 761
794 762
794 784
794 853
794 868
794 889
794 949
794 951
794 977
794 996
795 148
795 187
795 254
795 330
795 385
795 471
795 709
795 779
795 787
795 805
795 862
795 944
795 970
796 237
796 555
796 637
796 692
796 695
796 843
796 890
796 907
796 925
796 933
796 934
796 940
796 963
796 980
796 984
797 339
797 529
797 635
797 670
797 725
797 785
797 791
797 818
797 823
797 845
797 943
797 945
797 954
797 962
797 988
798 12
798 174
798 28
798 342
798 358
798 475
798 586
798 642
798 683
798 857
798 865
798 920
798 929
798 935
798 949
798 972
799 149
799 203
799 410
799 411
799 440
799 483
799 494
799 748
799 821
799 868
799 911
799 918
799 922
799 932
799 965
799 991
8 879
8 948
8 963
8 975
80 624
80 707
80 813
80 854
800 208
800 247
800 392
800 436
800 46
800 487
800 617
800 721
800 863
800 875
800 904
800 916
800 932
800 934
800 973
800 993
801 328
801 397
801 520
801 526
801 63
801 697
801 756
801 757
801 784
801 865
801 894
801 923
801 933
801 957
801 968
801 983
802 183
802 191
802 289
802 370
802 383
802 535
802 67
802 688
802 783
802 838
802 843
802 937
802 950
802 981
802 986
802 988
803 278
803 358
803 396
803 505
803 596
803 617
803 665
803 710
803 743
803 790
803 809
803 825
803 830
803 839
803 894
803 974
804 257
804 262
804 322
804 465
804 493
804 560
804 575
804 671
804 741
804 775
804 824
804 836
804 863
804 897
804 987
804 996
805 131
805 189
805 214
805 282
805 499
805 576
805 588
805 629
805 749
805 795
805 819
805 833
805 853
805 862
805 964
805 975
806 112
806 223
806 424
806 426
806 488
806 593
806 620
806 747
806 824
806 872
806 900
806 944
806 953
806 965
806 972
806 975
807 162
807 441
807 554
807 576
807 68
807 768
807 818
807 849
807 874
807 937
807 939
807 953
807 958
807 964
807 989
807 993
808 116
808 413
808 425
808 632
808 734
808 772
808 857
808 873
808 885
808 923
808 928
808 931
808 935
808 971
808 972
808 996
809 210
809 317
809 325
809 458
809 523
809 665
809 694
809 710
809 755
809 803
809 830
809 839
809 929
809 946
809 955
809 978
81 674
81 840
81 915
81 975
810 1000
810 110
810 168
810 486
810 516
810 578
810 741
810 776
810 793
810 836
810 905
810 925
810 929
810 937
810 944
810 964
811 351
811 368
811 444
811 501
811 634
811 727
811 813
811 855
811 893
811 898
811 930
811 936
811 942
811 978
811 979
811 980
812 176
812 253
812 317
812 348
812 449
812 459
812 586
812 780
812 840
812 853
812 885
812 936
812 984
812 988
812 989
812 990
813 124
813 288
813 348
813 361
813 495
813 552
813 734
813 740
813 743
813 755
813 80
813 811
813 880
813 909
813 957
813 970
813 993
814 1000
814 420
814 47
814 579
814 762
814 784
814 865
814 883
814 89
814 890
814 932
814 936
814 971
814 972
814 976
814 978
814 992
815 160
815 212
815 271
815 294
815 413
815 455
815 541
815 648
815 672
815 687
815 708
815 728
815 918
815 929
815 946
815 973
815 992
816 215
816 245
816 356
816 413
816 420
816 557
816 719
816 766
816 790
816 837
816 906
816 911
816 925
816 941
816 944
816 984
816 998
817 1000
817 114
817 120
817 323
817 416
817 430
817 444
817 623
817 642
817 663
817 703
817 849
817 909
817 940
817 942
817 964
817 998
818 149
818 5
818 663
818 739
818 781
818 797
818 807
818 827
818 833
818 847
818 865
818 892
818 903
818 908
818 980
818 990
818 996
819 299
819 326
819 372
819 548
819 585
819 603
819 654
819 690
819 777
819 805
819 877
819 940
819 966
819 976
819 989
819 995
819 996
82 173
82 604
82 706
82 983
820 140
820 214
820 235
820 251
820 313
820 33
820 379
820 406
820 41
820 449
820 489
820 513
820 568
820 777
820 84
820 863
820 954
821 265
821 611
821 639
821 719
821 741
821 799
821 825
821 836
821 844
821 876
821 952
821 959
821 965
821 976
821 978
821 980
821 982
822 20
822 322
822 341
822 468
822 592
822 675
822 706
822 755
822 768
822 826
822 855
822 883
822 910
822 935
822 952
822 991
822 996
823 248
823 279
823 531
823 559
823 582
823 600
823 742
823 763
823 764
823 797
823 861
823 909
823 913
823 917
823 921
823 929
823 939
824 107
824 2
824 238
824 347
824 528
824 569
824 586
824 651
824 699
824 792
824 804
824 806
824 847
824 895
824 964
824 978
824 984
825 265
825 346
825 387
825 394
825 399
825 417
825 523
825 597
825 622
825 775
825 803
825 821
825 830
825 894
825 947
825 964
825 977
826 266
826 399
826 400
826 514
826 52
826 653
826 671
826 788
826 822
826 860
826 919
826 922
826 936
826 956
826 959
826 960
826 991
827 321
827 341
827 387
827 447
827 56
827 62
827 64
827 688
827 818
827 867
827 897
827 914
827 938
827 945
827 99
827 990
827 998
828 100
828 137
828 198
828 21
828 481
828 564
828 565
828 585
828 625
828 636
828 661
828 76
828 767
828 865
828 87
828 981
828 989
829 209
829 255
829 284
829 321
829 333
829 335
829 439
829 697
829 731
829 747
829 768
829 778
829 871
829 956
829 979
829 980
829 995
83 231
83 973
83 981
83 994
830 301
830 445
830 592
830 640
830 664
830 665
830 803
830 809
830 825
830 859
830 889
830 894
830 899
830 929
830 943
830 955
830 974
831 144
831 150
831 196
831 294
831 388
831 405
831 439
831 472
831 562
831 581
831 717
831 770
831 852
831 859
831 934
831 960
831 970
831 988
832 128
832 457
832 469
832 470
832 566
832 572
832 666
832 789
832 882
832 911
832 912
832 916
832 924
832 926
832 932
832 941
832 967
832 985
833 255
833 319
833 414
833 473
833 517
833 622
833 718
833 734
833 753
833 805
833 818
833 903
833 934
833 936
833 962
833 966
833 97
833 981
834 249
834 414
834 454
834 480
834 556
834 698
834 701
834 707
834 716
834 730
834 863
834 892
834 903
834 948
834 959
834 972
834 983
834 994
835 138
835 334
835 341
835 527
835 556
835 633
835 659
835 674
835 762
835 792
835 896
835 939
835 942
835 953
835 971
835 979
835 990
835 999
836 104
836 262
836 465
836 513
836 593
836 691
836 741
836 756
836 79
836 804
836 810
836 821
836 877
836 888
836 971
836 983
836 987
836 996
837 248
837 257
837 720
837 771
837 789
837 816
837 869
837 888
837 908
837 934
837 951
837 979
837 985
837 997
838 307
838 344
838 592
838 652
838 749
838 756
838 783
838 802
838 883
838 896
838 926
838 937
838 939
838 969
838 982
838 984
838 986
838 990
839 1000
839 218
839 375
839 430
839 434
839 453
839 697
839 736
839 749
839 803
839 809
839 87
839 885
839 951
839 974
839 982
839 986
839 992
84 489
84 493
84 820
84 982
84 995
840 239
840 291
840 346
840 396
840 568
840 574
840 599
840 712
840 793
840 81
840 812
840 859
840 899
840 920
840 933
840 944
840 96
840 987
841 280
841 334
841 351
841 358
841 403
841 670
841 707
841 781
841 783
841 790
841 878
841 882
841 905
841 913
841 962
841 967
841 983
841 993
842 101
842 282
842 413
842 593
842 604
842 856
842 858
842 885
842 900
842 902
842 942
842 958
842 962
842 965
842 979
842 982
842 985
842 998
843 216
843 250
843 302
843 303
843 322
843 518
843 538
843 551
843 600
843 641
843 688
843 743
843 796
843 802
843 886
843 906
843 925
843 955
844 338
844 533
844 540
844 589
844 607
844 618
844 775
844 821
844 846
844 888
844 894
844 908
844 946
844 958
844 972
844 974
844 979
844 985
845 151
845 170
845 274
845 313
845 358
845 423
845 513
845 627
845 650
845 715
845 797
845 855
845 872
845 894
845 912
845 942
845 943
845 944
846 1000
846 263
846 357
846 440
846 487
846 576
846 617
846 674
846 736
846 755
846 761
846 844
846 926
846 927
846 932
846 946
846 955
846 958
847 247
847 383
847 6
847 630
847 646
847 679
847 745
847 752
847 759
847 792
847 793
847 818
847 824
847 904
847 908
847 918
847 951
847 967
848 167
848 193
848 339
848 681
848 698
848 701
848 730
848 758
848 903
848 916
848 935
848 937
848 945
848 965
848 971
848 978
848 982
848 992
849 182
849 326
849 411
849 438
849 493
849 536
849 551
849 62
849 787
849 792
849 807
849 817
849 868
849 884
849 964
849 974
849 978
849 989
85 10
85 438
85 769
85 851
850 135
850 263
850 533
850 596
850 615
850 616
850 677
850 705
850 737
850 756
850 861
850 886
850 900
850 909
850 916
850 948
850 960
850 998
851 106
851 245
851 302
851 574
851 592
851 625
851 642
851 658
851 743
851 769
851 85
851 917
851 932
851 935
851 946
851 948
851 953
851 966
851 970
852 1000
852 255
852 434
852 475
852 500
852 582
852 612
852 617
852 626
852 630
852 637
852 699
852 738
852 831
852 9
852 921
852 927
852 942
852 960
853 417
853 536
853 577
853 607
853 612
853 761
853 794
853 805
853 812
853 859
853 861
853 862
853 878
853 886
853 895
853 928
853 933
853 966
853 979
854 113
854 123
854 133
854 140
854 247
854 501
854 503
854 633
854 637
854 664
854 784
854 786
854 80
854 859
854 899
854 902
854 907
854 919
854 926
855 254
855 316
855 378
855 544
855 591
855 658
855 675
855 713
855 72
855 753
855 754
855 811
855 822
855 845
855 884
855 932
855 946
855 948
855 957
856 1000
856 121
856 175
856 282
856 324
856 409
856 594
856 628
856 657
856 659
856 772
856 842
856 887
856 901
856 986
856 987
856 993
856 994
856 999
857 459
857 581
857 596
857 691
857 736
857 798
857 808
857 858
857 864
857 871
857 887
857 889
857 892
857 921
857 922
857 926
857 991
857 993
857 994
858 206
858 25
858 319
858 389
858 402
858 436
858 453
858 525
858 632
858 704
858 772
858 793
858 842
858 857
858 912
858 916
858 926
858 931
858 990
858 993
859 131
859 203
859 224
859 258
859 291
859 309
859 401
859 437
859 443
859 578
859 712
859 733
859 830
859 831
859 840
859 853
859 854
859 944
859 971
859 972
86 291
86 870
86 904
86 928
860 108
860 353
860 396
860 493
860 503
860 519
860 555
860 602
860 617
860 628
860 656
860 666
860 775
860 826
860 869
860 873
860 882
860 910
860 936
860 940
861 210
861 246
861 364
861 443
861 490
861 521
861 553
861 716
861 726
861 764
861 823
861 850
861 853
861 867
861 904
861 914
861 92
861 939
861 966
861 999
862 14
862 145
862 148
862 174
862 330
862 385
862 446
862 471
862 499
862 525
862 643
862 67
862 732
862 779
862 795
862 805
862 853
862 960
862 982
862 998
863 12
863 272
863 294
863 559
863 573
863 595
863 646
863 692
863 800
863 804
863 820
863 834
863 878
863 885
863 889
863 932
863 960
863 971
863 972
863 999
864 166
864 175
864 375
864 376
864 438
864 497
864 580
864 730
864 740
864 750
864 758
864 763
864 857
864 898
864 900
864 906
864 918
864 949
864 958
864 985
865 195
865 284
865 286
865 479
865 500
865 659
865 710
865 748
865 767
865 776
865 798
865 801
865 814
865 818
865 828
865 870
865 897
865 919
865 982
865 990
866 144
866 477
866 57
866 593
866 624
866 639
866 675
866 687
866 746
866 877
866 904
866 918
866 920
866 942
866 949
866 955
866 958
866 959
866 966
866 992
867 122
867 20
867 468
867 569
867 633
867 641
867 653
867 827
867 861
867 876
867 914
867 92
867 93
867 949
867 959
867 970
867 989
867 994
867 997
867 998
868 103
868 228
868 303
868 432
868 614
868 682
868 693
868 759
868 794
868 799
868 849
868 877
868 896
868 908
868 924
868 925
868 951
868 967
868 977
868 980
868 987
869 288
869 33
869 348
869 372
869 482
869 574
869 582
869 609
869 713
869 771
869 837
869 860
869 888
869 908
869 930
869 934
869 951
869 979
869 981
869 985
869 997
87 321
87 785
87 828
87 839
870 112
870 232
870 416
870 422
870 640
870 667
870 698
870 773
870 86
870 865
870 901
870 911
870 931
870 938
870 967
870 973
870 976
870 978
870 983
870 989
870 995
871 142
871 16
871 185
871 253
871 277
871 287
871 298
871 318
871 449
871 509
871 63
871 663
871 674
871 691
871 725
871 767
871 782
871 829
871 857
871 889
871 995
872 170
872 206
872 274
872 35
872 373
872 374
872 38
872 412
872 49
872 547
872 648
872 650
872 715
872 745
872 747
872 759
872 772
872 773
872 806
872 845
872 943
873 247
873 260
873 309
873 316
873 365
873 398
873 412
873 459
873 495
873 505
873 535
873 549
873 59
873 609
873 615
873 770
873 787
873 808
873 860
873 931
873 975
874 14
874 141
874 317
874 439
874 469
874 474
874 498
874 502
874 505
874 517
874 667
874 680
874 689
874 70
874 760
874 776
874 807
874 963
874 974
874 983
874 988
875 1000
875 102
875 195
875 278
875 297
875 312
875 37
875 389
875 390
875 477
875 603
875 630
875 729
875 754
875 781
875 800
875 945
875 961
875 985
875 986
875 998
876 147
876 24
876 277
876 321
876 444
876 478
876 489
876 604
876 64
876 668
876 698
876 724
876 733
876 746
876 785
876 821
876 867
876 914
876 945
876 98
876 998
877 104
877 307
877 329
877 40
877 472
877 484
877 501
877 556
877 591
877 632
877 677
877 680
877 760
877 819
877 836
877 866
877 868
877 901
877 927
877 959
877 999
878 239
878 308
878 365
878 456
878 514
878 538
878 542
878 573
878 595
878 642
878 673
878 744
878 841
878 853
878 863
878 889
878 899
878 910
878 917
878 945
878 951
879 185
879 314
879 374
879 512
879 613
879 647
879 672
879 713
879 718
879 765
879 780
879 786
879 8
879 910
879 940
879 952
879 961
879 963
879 975
879 985
879 99
88 916
88 924
88 967
88 999
880 124
880 34
880 359
880 522
880 550
880 604
880 643
880 649
880 658
880 694
880 712
880 753
880 789
880 813
880 883
880 933
880 957
880 966
880 967
880 969
880 971
880 972
881 232
881 307
881 486
881 576
881 640
881 647
881 748
881 754
881 756
881 790
881 793
881 898
881 905
881 918
881 927
881 931
881 951
881 959
881 967
881 973
881 984
881 995
882 163
882 218
882 301
882 463
882 599
882 604
882 700
882 763
882 832
882 841
882 860
882 887
882 902
882 913
882 917
882 928
882 949
882 952
882 954
882 959
882 979
882 993
883 212
883 384
883 543
883 550
883 696
883 752
883 754
883 814
883 822
883 838
883 880
883 919
883 929
883 931
883 940
883 945
883 948
883 969
883 975
883 976
883 986
883 988
884 458
884 557
884 594
884 676
884 705
884 722
884 849
884 855
884 899
884 911
884 948
884 949
884 95
884 961
884 974
884 980
884 982
884 987
884 990
884 992
884 994
884 995
885 229
885 264
885 293
885 408
885 450
885 454
885 476
885 578
885 619
885 716
885 718
885 735
885 788
885 808
885 812
885 839
885 842
885 863
885 894
885 969
885 987
885 993
886 391
886 46
886 487
886 607
886 626
886 646
886 716
886 736
886 775
886 843
886 850
886 853
886 888
886 902
886 916
886 921
886 927
886 929
886 962
886 973
886 996
886 999
887 171
887 230
887 275
887 291
887 308
887 376
887 383
887 534
887 643
887 702
887 732
887 747
887 759
887 786
887 856
887 857
887 882
887 896
887 919
887 928
887 933
887 934
888 492
888 542
888 574
888 575
888 581
888 613
888 726
888 741
888 770
888 771
888 786
888 836
888 837
888 844
888 869
888 886
888 912
888 932
888 940
888 953
888 963
888 994
889 174
889 248
889 33
889 413
889 476
889 521
889 6
889 611
889 635
889 732
889 781
889 794
889 830
889 857
889 863
889 871
889 878
889 892
889 914
889 917
889 952
889 964
89 814
89 933
89 963
89 976
890 13
890 139
890 157
890 269
890 285
890 308
890 47
890 735
890 745
890 762
890 796
890 814
890 90
890 910
890 914
890 966
890 970
890 979
890 989
890 992
890 993
890 998
891 249
891 309
891 341
891 350
891 529
891 668
891 681
891 693
891 698
891 73
891 735
891 740
891 743
891 768
891 914
891 938
891 965
891 973
891 979
891 980
891 998
891 999
892 31
892 344
892 441
892 557
892 587
892 594
892 674
892 712
892 716
892 772
892 781
892 783
892 788
892 818
892 834
892 857
892 889
892 894
892 927
892 954
892 980
892 995
893 315
893 584
893 644
893 789
893 811
893 895
893 900
893 908
893 911
893 930
893 954
893 955
893 957
893 970
893 985
893 991
893 996
894 348
894 35
894 519
894 523
894 573
894 633
894 710
894 801
894 803
894 825
894 830
894 844
894 845
894 885
894 892
894 897
894 908
894 930
894 947
894 956
894 959
894 982
895 199
895 2
895 34
895 450
895 466
895 622
895 653
895 692
895 717
895 824
895 853
895 893
895 900
895 902
895 91
895 926
895 938
895 942
895 964
895 967
895 981
895 984
895 989
896 119
896 155
896 275
896 39
896 506
896 621
896 633
896 634
896 652
896 679
896 703
896 731
896 760
896 775
896 788
896 835
896 838
896 868
896 887
896 920
896 933
896 956
896 982
897 1000
897 24
897 463
897 533
897 538
897 562
897 586
897 620
897 64
897 657
897 674
897 744
897 746
897 804
897 827
897 865
897 894
897 933
897 936
897 938
897 945
897 954
897 998
898 196
898 333
898 335
898 368
898 407
898 443
898 552
898 661
898 671
898 745
898 750
898 764
898 775
898 790
898 811
898 864
898 881
898 902
898 905
898 923
898 941
898 944
898 960
899 197
899 36
899 51
899 595
899 792
899 830
899 840
899 854
899 878
899 884
899 902
899 910
899 921
899 922
899 926
899 93
899 930
899 939
899 942
899 961
899 974
899 991
899 994
9 695
9 852
9 927
9 939
9 977
90 166
90 890
90 910
90 976
900 137
900 2
900 340
900 391
900 453
900 568
900 598
900 711
900 754
900 762
900 806
900 842
900 850
900 864
900 893
900 895
900 902
900 944
900 957
900 96
900 961
900 965
900 992
901 155
901 304
901 354
901 527
901 545
901 590
901 662
901 69
901 769
901 776
901 779
901 856
901 870
901 877
901 910
901 926
901 928
901 941
901 946
901 950
901 959
901 981
901 999
902 181
902 317
902 434
902 474
902 500
902 55
902 609
902 664
902 703
902 717
902 842
902 854
902 882
902 886
902 895
902 898
902 899
902 900
902 913
902 926
902 967
902 972
902 993
903 1000
903 107
903 155
903 319
903 357
903 414
903 473
903 494
903 527
903 61
903 696
903 717
903 718
903 777
903 818
903 833
903 834
903 848
903 912
903 934
903 936
903 94
903 962
904 132
904 258
904 261
904 362
904 461
904 510
904 532
904 547
904 626
904 640
904 642
904 679
904 742
904 800
904 847
904 86
904 861
904 866
904 920
904 934
904 949
904 967
904 970
904 988
905 1
905 175
905 196
905 297
905 333
905 335
905 368
905 400
905 407
905 433
905 52
905 587
905 593
905 631
905 662
905 745
905 775
905 790
905 810
905 841
905 881
905 898
905 925
905 941
906 147
906 276
906 466
906 483
906 518
906 538
906 600
906 721
906 734
906 739
906 743
906 744
906 816
906 843
906 864
906 908
906 925
906 926
906 929
906 936
906 968
906 970
906 983
906 990
907 227
907 305
907 311
907 345
907 390
907 434
907 567
907 610
907 664
907 763
907 786
907 796
907 854
907 908
907 919
907 954
907 956
907 962
907 971
907 972
907 978
907 979
907 985
907 999
908 187
908 203
908 331
908 509
908 518
908 771
908 792
908 818
908 837
908 844
908 847
908 868
908 869
908 893
908 894
908 906
908 907
908 930
908 944
908 952
908 959
908 970
908 983
908 990
909 114
909 154
909 170
909 21
909 241
909 427
909 430
909 544
909 546
909 623
909 703
909 750
909 813
909 817
909 823
909 850
909 919
909 920
909 928
909 938
909 942
909 956
909 957
909 998
91 334
91 729
91 895
91 945
910 118
910 32
910 420
910 512
910 525
910 555
910 572
910 595
910 692
910 721
910 822
910 860
910 878
910 879
910 890
910 899
910 90
910 901
910 940
910 941
910 947
910 969
910 990
910 997
911 386
911 614
911 704
911 766
911 799
911 816
911 832
911 870
911 884
911 893
911 912
911 918
911 919
911 924
911 930
911 951
911 954
911 958
911 971
911 972
911 973
911 980
911 987
911 994
912 193
912 402
912 451
912 470
912 473
912 49
912 691
912 704
912 718
912 720
912 772
912 832
912 845
912 858
912 888
912 903
912 911
912 918
912 933
912 943
912 962
912 974
912 978
912 982
912 987
913 179
913 181
913 217
913 24
913 245
913 325
913 411
913 415
913 434
913 445
913 463
913 519
913 530
913 531
913 534
913 586
913 625
913 648
913 667
913 823
913 841
913 882
913 902
913 968
913 977
914 156
914 200
914 222
914 391
914 435
914 481
914 559
914 609
914 686
914 827
914 861
914 867
914 876
914 889
914 890
914 891
914 920
914 937
914 965
914 969
914 982
914 988
914 989
914 993
914 995
915 123
915 190
915 259
915 306
915 369
915 504
915 562
915 578
915 645
915 690
915 735
915 748
915 759
915 768
915 781
915 782
915 783
915 787
915 81
915 935
915 938
915 949
915 950
915 965
915 981
916 19
916 253
916 354
916 386
916 428
916 597
916 61
916 632
916 673
916 686
916 704
916 765
916 784
916 800
916 832
916 848
916 850
916 858
916 88
916 886
916 924
916 931
916 967
916 986
916 997
917 256
917 272
917 347
917 369
917 529
917 540
917 621
917 655
917 695
917 700
917 769
917 770
917 772
917 773
917 785
917 823
917 851
917 878
917 882
917 889
917 928
917 930
917 951
917 952
917 977
918 10
918 231
918 375
918 378
918 442
918 491
918 539
918 634
918 648
918 672
918 742
918 759
918 799
918 815
918 847
918 864
918 866
918 881
918 911
918 912
918 934
918 938
918 954
918 958
918 973
918 987
919 50
919 511
919 534
919 584
919 587
919 603
919 609
919 624
919 720
919 766
919 793
919 826
919 854
919 865
919 883
919 887
919 907
919 909
919 911
919 922
919 949
919 958
919 962
919 964
919 991
919 997
92 490
92 71
92 861
92 867
920 244
920 395
920 40
920 570
920 604
920 663
920 683
920 686
920 731
920 743
920 774
920 775
920 793
920 798
920 840
920 866
920 896
920 904
920 909
920 914
920 944
920 950
920 982
920 990
920 997
921 355
921 418
921 448
921 491
921 503
921 528
921 583
921 596
921 667
921 684
921 687
921 740
921 787
921 823
921 852
921 857
921 886
921 899
921 929
921 931
921 960
921 961
921 974
921 986
921 988
921 994
922 266
922 400
922 435
922 496
922 51
922 514
922 52
922 653
922 655
922 715
922 739
922 757
922 765
922 799
922 826
922 857
922 899
922 919
922 928
922 959
922 960
922 961
922 969
922 983
922 988
922 991
923 116
923 328
923 361
923 372
923 397
923 444
923 504
923 515
923 520
923 533
923 557
923 599
923 63
923 671
923 700
923 757
923 801
923 808
923 898
923 933
923 957
923 968
923 975
923 983
923 985
923 986
923 988
924 128
924 227
924 236
924 327
924 360
924 455
924 470
924 485
924 486
924 540
924 605
924 680
924 689
924 732
924 746
924 756
924 832
924 868
924 88
924 911
924 916
924 926
924 951
924 955
924 964
924 967
924 985
925 127
925 139
925 223
925 401
925 460
925 486
925 495
925 505
925 518
925 592
925 600
925 614
925 630
925 688
925 734
925 796
925 810
925 816
925 843
925 868
925 905
925 906
925 929
925 935
925 970
925 985
925 989
926 107
926 202
926 292
926 358
926 429
926 436
926 48
926 563
926 778
926 780
926 832
926 838
926 846
926 854
926 857
926 858
926 895
926 899
926 901
926 902
926 906
926 924
926 944
926 955
926 967
926 972
926 986
926 996
927 225
927 31
927 447
927 478
927 557
927 638
927 64
927 68
927 681
927 714
927 716
927 726
927 766
927 777
927 778
927 846
927 852
927 877
927 881
927 886
927 892
927 9
927 958
927 970
927 975
927 983
927 992
927 995
928 225
928 323
928 397
928 410
928 425
928 462
928 508
928 531
928 545
928 566
928 608
928 635
928 703
928 710
928 726
928 747
928 808
928 853
928 86
928 882
928 887
928 901
928 909
928 917
928 922
928 938
928 953
928 996
929 186
929 229
929 349
929 403
929 475
929 491
929 55
929 599
929 683
929 752
929 781
929 798
929 809
929 810
929 815
929 823
929 830
929 883
929 886
929 906
929 921
929 925
929 935
929 945
929 969
929 983
929 992
929 993
93 793
93 867
93 899
93 944
930 163
930 315
930 41
930 423
930 479
930 525
930 590
930 612
930 642
930 728
930 789
930 811
930 869
930 893
930 894
930 899
930 908
930 911
930 917
930 954
930 955
930 957
930 970
930 973
930 978
930 992
930 994
930 997
931 157
931 242
931 260
931 415
931 441
931 562
931 582
931 596
931 597
931 680
931 711
931 77
931 787
931 808
931 858
931 870
931 873
931 881
931 883
931 916
931 921
931 953
931 961
931 971
931 973
931 975
931 978
931 986
932 158
932 163
932 294
932 328
932 386
932 440
932 498
932 517
932 607
932 621
932 687
932 77
932 785
932 799
932 800
932 814
932 832
932 846
932 851
932 855
932 863
932 888
932 935
932 954
932 964
932 973
932 993
932 997
933 239
933 240
933 265
933 387
933 397
933 448
933 669
933 74
933 760
933 79
933 796
933 801
933 840
933 853
933 880
933 887
933 89
933 896
933 897
933 912
933 923
933 949
933 953
933 960
933 966
933 968
933 976
933 982
933 997
934 136
934 233
934 234
934 254
934 355
934 362
934 461
934 566
934 641
934 645
934 691
934 70
934 738
934 751
934 771
934 796
934 800
934 831
934 833
934 837
934 869
934 887
934 903
934 904
934 918
934 97
934 989
934 994
934 997
935 10
935 15
935 475
935 479
935 506
935 593
935 649
935 655
935 660
935 683
935 69
935 723
935 758
935 798
935 808
935 822
935 848
935 851
935 915
935 925
935 929
935 932
935 948
935 957
935 979
935 981
935 984
935 992
935 993
936 143
936 216
936 391
936 548
936 555
936 582
936 605
936 650
936 67
936 685
936 688
936 718
936 811
936 812
936 814
936 826
936 833
936 860
936 897
936 903
936 906
936 949
936 951
936 955
936 963
936 974
936 988
936 995
936 997
937 105
937 131
937 152
937 16
937 192
937 246
937 289
937 349
937 39
937 412
937 445
937 502
937 572
937 634
937 717
937 721
937 786
937 789
937 802
937 807
937 810
937 838
937 848
937 914
937 956
937 982
937 983
937 986
937 993
938 1000
938 295
938 416
938 456
938 488
938 521
938 539
938 617
938 69
938 694
938 703
938 737
938 773
938 782
938 784
938 827
938 870
938 891
938 895
938 897
938 909
938 915
938 918
938 928
938 943
938 950
938 975
938 981
938 998
939 311
939 331
939 371
939 461
939 524
939 553
939 565
939 587
939 643
939 652
939 680
939 702
939 711
939 714
939 730
939 731
939 763
939 766
939 807
939 823
939 835
939 838
939 861
939 899
939 9
939 942
939 960
939 971
939 972
939 981
94 548
94 903
94 995
94 997
940 172
940 18
940 299
940 316
940 512
940 567
940 570
940 613
940 647
940 687
940 721
940 745
940 764
940 765
940 774
940 796
940 817
940 819
940 860
940 879
940 883
940 888
940 910
940 941
940 963
940 975
940 976
940 985
940 987
940 991
941 136
941 147
941 287
941 296
941 410
941 411
941 470
941 560
941 589
941 690
941 714
941 723
941 742
941 756
941 816
941 832
941 898
941 901
941 905
941 910
941 940
941 958
941 961
941 962
941 967
941 975
941 979
941 981
941 986
941 989
942 152
942 274
942 37
942 373
942 374
942 408
942 425
942 575
942 623
942 627
942 656
942 664
942 702
942 724
942 787
942 811
942 817
942 835
942 842
942 845
942 852
942 866
942 895
942 899
942 909
942 939
942 943
942 958
942 998
942 999
943 121
943 151
943 170
943 18
943 202
943 208
943 213
943 22
943 346
943 363
943 373
943 374
943 382
943 451
943 49
943 564
943 627
943 741
943 744
943 745
943 759
943 797
943 830
943 845
943 872
943 912
943 938
943 942
943 945
943 995
944 194
944 197
944 203
944 239
944 283
944 395
944 415
944 491
944 526
944 542
944 546
944 580
944 678
944 734
944 740
944 793
944 795
944 806
944 810
944 816
944 840
944 845
944 859
944 898
944 900
944 908
944 920
944 926
944 93
944 96
945 1000
945 121
945 29
945 304
945 334
945 336
945 395
945 546
945 595
945 656
945 7
945 752
945 759
945 797
945 827
945 848
945 875
945 876
945 878
945 883
945 897
945 91
945 929
945 943
945 950
945 951
945 952
945 969
945 973
945 999
946 1000
946 177
946 219
946 231
946 28
946 340
946 440
946 510
946 537
946 618
946 661
946 666
946 676
946 678
946 693
946 701
946 709
946 729
946 737
946 751
946 758
946 809
946 815
946 844
946 846
946 851
946 855
946 901
946 979
946 992
947 1000
947 133
947 148
947 188
947 217
947 290
947 381
947 435
947 437
947 509
947 54
947 553
947 557
947 580
947 605
947 637
947 652
947 668
947 706
947 757
947 783
947 825
947 894
947 910
947 960
947 966
947 968
947 974
947 975
947 982
947 994
948 120
948 230
948 302
948 351
948 356
948 395
948 405
948 410
948 426
948 441
948 557
948 563
948 674
948 675
948 696
948 726
948 729
948 754
948 769
948 8
948 834
948 850
948 851
948 855
948 883
948 884
948 935
948 959
948 969
948 980
948 997
949 118
949 356
949 362
949 467
949 553
949 568
949 665
949 679
949 682
949 701
949 709
949 730
949 761
949 764
949 777
949 784
949 789
949 794
949 798
949 864
949 866
949 867
949 882
949 884
949 904
949 915
949 919
949 933
949 936
949 982
949 988
95 884
95 953
95 961
95 964
950 168
950 252
950 259
950 379
950 498
950 504
950 533
950 562
950 569
950 660
950 685
950 690
950 712
950 723
950 730
950 733
950 741
950 782
950 783
950 787
950 802
950 901
950 915
950 920
950 938
950 945
950 966
950 981
950 993
950 994
950 998
951 108
951 144
951 312
951 329
951 516
951 53
951 560
951 600
951 651
951 670
951 720
951 756
951 771
951 782
951 794
951 837
951 839
951 847
951 868
951 869
951 878
951 881
951 911
951 917
951 924
951 936
951 945
951 954
951 966
951 967
951 969
951 985
952 106
952 168
952 191
952 199
952 210
952 222
952 263
952 297
952 310
952 344
952 508
952 549
952 552
952 569
952 611
952 625
952 650
952 736
952 739
952 755
952 766
952 821
952 822
952 879
952 882
952 889
952 908
952 917
952 945
952 959
952 975
952 978
953 1000
953 117
953 13
953 135
953 137
953 190
953 245
953 271
953 273
953 320
953 349
953 378
953 455
953 458
953 546
953 561
953 57
953 579
953 659
953 727
953 739
953 754
953 806
953 807
953 835
953 851
953 888
953 928
953 931
953 933
953 95
953 985
953 990
954 313
954 315
954 375
954 403
954 497
954 508
954 513
954 526
954 563
954 588
954 620
954 639
954 645
954 719
954 741
954 797
954 820
954 882
954 892
954 893
954 897
954 907
954 911
954 918
954 930
954 932
954 951
954 966
954 968
954 970
954 980
955 1000
955 160
955 233
955 303
955 315
955 370
955 371
955 392
955 415
955 517
955 527
955 577
955 634
955 669
955 683
955 684
955 768
955 809
955 830
955 843
955 846
955 866
955 893
955 924
955 926
955 930
955 936
955 957
955 970
955 974
955 977
955 986
955 997
956 1
956 1000
956 127
956 276
956 293
956 347
956 351
956 364
956 378
956 489
956 521
956 524
956 549
956 59
956 608
956 623
956 629
956 633
956 652
956 726
956 764
956 786
956 826
956 829
956 894
956 896
956 907
956 909
956 937
956 957
956 980
956 985
956 992
957 1000
957 173
957 176
957 32
957 328
957 332
957 404
957 412
957 452
957 455
957 586
957 661
957 675
957 72
957 722
957 753
957 768
957 801
957 813
957 855
957 880
957 893
957 900
957 909
957 923
957 930
957 935
957 955
957 956
957 970
957 984
957 989
957 992
958 138
958 152
958 16
958 38
958 424
958 488
958 493
958 567
958 571
958 577
958 587
958 589
958 592
958 657
958 658
958 672
958 692
958 714
958 766
958 785
958 807
958 842
958 844
958 846
958 864
958 866
958 911
958 918
958 919
958 927
958 941
958 942
958 978
958 999
959 120
959 186
959 214
959 252
959 303
959 338
959 339
959 481
959 492
959 507
959 550
959 561
959 611
959 686
959 724
959 748
959 821
959 826
959 834
959 866
959 867
959 877
959 881
959 882
959 894
959 901
959 908
959 922
959 948
959 952
959 972
959 988
959 989
959 991
96 840
96 900
96 944
96 992
960 164
960 188
960 241
960 348
960 4
960 514
960 544
960 602
960 627
960 666
960 672
960 693
960 706
960 738
960 759
960 776
960 826
960 831
960 850
960 852
960 862
960 863
960 898
960 921
960 922
960 933
960 939
960 947
960 966
960 968
960 975
960 988
960 991
960 999
961 130
961 32
961 481
961 612
961 655
961 670
961 682
961 700
961 712
961 719
961 735
961 755
961 763
961 774
961 875
961 879
961 884
961 899
961 900
961 921
961 922
961 931
961 941
961 95
961 968
961 970
961 971
961 972
961 977
961 979
961 985
961 989
961 994
961 996
961 998
962 102
962 204
962 250
962 252
962 270
962 279
962 387
962 392
962 473
962 490
962 579
962 580
962 629
962 645
962 688
962 706
962 718
962 732
962 744
962 777
962 784
962 786
962 797
962 833
962 841
962 842
962 886
962 903
962 907
962 912
962 919
962 941
962 989
962 994
962 995
963 115
963 140
963 163
963 253
963 299
963 401
963 432
963 512
963 566
963 568
963 570
963 606
963 613
963 628
963 647
963 687
963 721
963 752
963 758
963 765
963 774
963 796
963 8
963 874
963 879
963 888
963 89
963 936
963 940
963 975
963 982
963 985
963 99
963 990
963 991
963 998
964 123
964 214
964 244
964 27
964 278
964 287
964 456
964 458
964 466
964 511
964 551
964 56
964 577
964 622
964 649
964 684
964 691
964 736
964 755
964 805
964 807
964 810
964 817
964 824
964 825
964 849
964 889
964 895
964 919
964 924
964 932
964 95
964 981
964 987
964 993
964 997
965 117
965 145
965 241
965 277
965 345
965 350
965 395
965 414
965 43
965 500
965 503
965 527
965 681
965 689
965 693
965 698
965 709
965 73
965 74
965 740
965 744
965 748
965 782
965 799
965 806
965 821
965 842
965 848
965 891
965 900
965 914
965 915
965 973
965 980
965 990
965 999
966 11
966 159
966 188
966 240
966 265
966 281
966 329
966 359
966 383
966 399
966 423
966 58
966 600
966 636
966 644
966 691
966 692
966 725
966 788
966 789
966 819
966 833
966 851
966 853
966 861
966 866
966 880
966 890
966 933
966 947
966 950
966 951
966 954
966 960
966 968
966 976
966 985
967 121
967 20
967 211
967 227
967 234
967 283
967 470
967 486
967 605
967 636
967 640
967 676
967 682
967 728
967 756
967 769
967 781
967 832
967 841
967 847
967 868
967 870
967 88
967 880
967 881
967 895
967 902
967 904
967 916
967 924
967 926
967 941
967 951
967 968
967 972
967 976
967 985
968 123
968 200
968 290
968 291
968 328
968 394
968 402
968 403
968 427
968 497
968 538
968 541
968 559
968 600
968 614
968 631
968 655
968 700
968 718
968 739
968 753
968 792
968 801
968 906
968 913
968 923
968 933
968 947
968 954
968 960
968 961
968 966
968 967
968 971
968 975
968 977
968 997
969 111
969 174
969 217
969 449
969 501
969 502
969 543
969 550
969 552
969 566
969 57
969 590
969 61
969 610
969 639
969 675
969 696
969 711
969 726
969 732
969 741
969 752
969 838
969 880
969 883
969 885
969 910
969 914
969 922
969 929
969 945
969 948
969 951
969 975
969 986
969 988
969 995
97 139
97 184
97 833
97 934
970 161
970 261
970 320
970 366
970 372
970 452
970 453
970 460
970 508
970 517
970 600
970 668
970 708
970 747
970 758
970 778
970 795
970 813
970 831
970 851
970 867
970 890
970 893
970 904
970 906
970 908
970 925
970 927
970 930
970 954
970 955
970 957
970 961
970 984
970 986
970 988
970 992
971 108
971 206
971 219
971 286
971 351
971 353
971 399
971 421
971 437
971 488
971 558
971 565
971 673
971 685
971 697
971 712
971 726
971 742
971 763
971 779
971 808
971 814
971 835
971 836
971 848
971 859
971 863
971 880
971 907
971 911
971 931
971 939
971 961
971 968
971 972
971 973
971 979
971 996
972 111
972 143
972 194
972 219
972 270
972 346
972 421
972 424
972 439
972 444
972 474
972 505
972 565
972 712
972 716
972 738
972 763
972 779
972 798
972 806
972 808
972 814
972 834
972 844
972 859
972 863
972 880
972 902
972 907
972 911
972 926
972 939
972 959
972 961
972 967
972 971
972 973
972 996
973 119
973 243
973 332
973 337
973 421
973 426
973 565
973 571
973 574
973 621
973 662
973 676
973 681
973 682
973 732
973 768
973 774
973 785
973 800
973 815
973 83
973 870
973 881
973 886
973 891
973 911
973 918
973 930
973 931
973 932
973 945
973 965
973 971
973 972
973 978
973 980
973 987
973 999
974 11
974 238
974 242
974 256
974 26
974 355
974 433
974 45
974 573
974 59
974 624
974 65
974 665
974 70
974 714
974 720
974 743
974 779
974 789
974 791
974 803
974 830
974 839
974 844
974 849
974 874
974 884
974 899
974 912
974 921
974 936
974 947
974 955
974 978
974 981
974 983
974 992
974 994
975 100
975 19
975 260
975 270
975 290
975 394
975 398
975 426
975 472
975 535
975 610
975 677
975 685
975 711
975 730
975 772
975 8
975 805
975 806
975 81
975 873
975 879
975 883
975 923
975 927
975 931
975 938
975 940
975 941
975 947
975 952
975 960
975 963
975 968
975 969
975 983
975 988
975 990
975 993
976 116
976 240
976 258
976 265
976 286
976 361
976 382
976 393
976 401
976 413
976 417
976 442
976 449
976 459
976 464
976 469
976 507
976 547
976 567
976 580
976 661
976 674
976 693
976 706
976 765
976 779
976 789
976 790
976 814
976 819
976 821
976 870
976 883
976 89
976 90
976 933
976 940
976 966
976 967
977 160
977 210
977 221
977 27
977 282
977 343
977 371
977 404
977 443
977 457
977 556
977 618
977 624
977 655
977 66
977 669
977 671
977 705
977 713
977 717
977 726
977 727
977 760
977 761
977 787
977 794
977 825
977 868
977 9
977 913
977 917
977 955
977 961
977 968
977 978
977 983
977 990
977 996
977 997
978 146
978 157
978 212
978 286
978 354
978 382
978 492
978 585
978 589
978 629
978 636
978 637
978 648
978 65
978 689
978 749
978 789
978 809
978 811
978 814
978 821
978 824
978 848
978 849
978 870
978 907
978 912
978 930
978 931
978 952
978 958
978 973
978 974
978 977
978 979
978 986
978 987
978 993
978 994
979 213
979 350
979 606
979 636
979 653
979 680
979 698
979 699
979 715
979 721
979 722
979 762
979 771
979 778
979 782
979 811
979 829
979 835
979 837
979 842
979 844
979 853
979 869
979 882
979 890
979 891
979 907
979 935
979 941
979 946
979 961
979 971
979 978
979 984
979 985
979 996
979 997
979 998
979 999
98 492
98 747
98 876
98 995
980 15
980 195
980 205
980 243
980 268
980 274
980 298
980 409
980 415
980 420
980 424
980 431
980 442
980 464
980 524
980 537
980 566
980 586
980 639
980 698
980 702
980 748
980 754
980 766
980 783
980 796
980 811
980 818
980 821
980 829
980 868
980 884
980 891
980 892
980 911
980 948
980 954
980 956
980 965
980 973
981 107
981 159
981 172
981 208
981 259
981 285
981 33
981 352
981 353
981 406
981 442
981 504
981 571
981 627
981 645
981 660
981 680
981 690
981 723
981 728
981 733
981 768
981 782
981 802
981 828
981 83
981 833
981 869
981 895
981 901
981 915
981 935
981 938
981 939
981 941
981 950
981 964
981 974
981 990
981 999
982 134
982 192
982 356
982 563
982 567
982 590
982 633
982 676
982 677
982 687
982 731
982 736
982 740
982 750
982 760
982 789
982 791
982 821
982 838
982 839
982 84
982 842
982 848
982 862
982 865
982 884
982 894
982 896
982 912
982 914
982 920
982 933
982 937
982 947
982 949
982 963
982 986
982 987
982 991
982 994
983 187
983 232
983 262
983 293
983 311
983 406
983 437
983 445
983 465
983 572
983 59
983 614
983 618
983 626
983 63
983 657
983 70
983 721
983 726
983 784
983 801
983 82
983 834
983 836
983 841
983 870
983 874
983 906
983 908
983 922
983 923
983 927
983 929
983 937
983 974
983 975
983 977
983 995
983 996
983 999
984 176
984 194
984 3
984 304
984 312
984 327
984 352
984 419
984 424
984 437
984 477
984 502
984 533
984 585
984 594
984 606
984 643
984 648
984 651
984 680
984 682
984 699
984 715
984 722
984 723
984 76
984 770
984 784
984 796
984 812
984 816
984 824
984 838
984 881
984 895
984 935
984 957
984 970
984 979
984 999
985 227
985 287
985 457
985 461
985 464
985 492
985 541
985 570
985 626
985 636
985 647
985 649
985 694
985 710
985 768
985 771
985 783
985 832
985 837
985 842
985 844
985 864
985 869
985 875
985 879
985 893
985 907
985 923
985 924
985 925
985 940
985 951
985 953
985 956
985 961
985 963
985 966
985 967
985 979
985 997
985 998
986 143
986 178
986 192
986 26
986 283
986 289
986 354
986 515
986 516
986 536
986 543
986 545
986 548
986 550
986 60
986 610
986 629
986 637
986 696
986 710
986 802
986 838
986 839
986 856
986 875
986 883
986 916
986 921
986 923
986 926
986 931
986 937
986 941
986 955
986 969
986 970
986 978
986 982
986 995
986 996
986 997
987 276
987 305
987 315
987 432
987 451
987 497
987 539
987 560
987 57
987 575
987 619
987 639
987 682
987 692
987 731
987 741
987 747
987 749
987 75
987 750
987 751
987 754
987 755
987 768
987 804
987 836
987 840
987 856
987 868
987 884
987 885
987 911
987 912
987 918
987 940
987 964
987 973
987 978
987 982
987 996
987 997
988 132
988 23
988 230
988 311
988 400
988 408
988 445
988 451
988 461
988 506
988 543
988 597
988 653
988 668
988 679
988 711
988 714
988 725
988 752
988 770
988 797
988 802
988 812
988 831
988 874
988 883
988 904
988 914
988 921
988 922
988 923
988 936
988 949
988 959
988 960
988 969
988 970
988 975
988 991
988 998
989 160
989 251
989 254
989 270
989 320
989 327
989 34
989 388
989 422
989 450
989 501
989 529
989 560
989 564
989 641
989 667
989 692
989 723
989 724
989 742
989 744
989 751
989 770
989 78
989 807
989 812
989 819
989 828
989 849
989 867
989 870
989 890
989 895
989 914
989 925
989 934
989 941
989 957
989 959
989 961
989 962
989 994
989 995
99 601
99 827
99 879
99 963
990 109
990 197
990 223
990 26
990 273
990 339
990 418
990 429
990 436
990 485
990 495
990 503
990 570
990 579
990 604
990 659
990 684
990 690
990 736
990 746
990 755
990 758
990 765
990 772
990 780
990 812
990 818
990 827
990 835
990 838
990 858
990 865
990 884
990 906
990 908
990 910
990 920
990 953
990 963
990 965
990 975
990 977
990 981
991 242
991 266
991 308
991 314
991 32
991 331
991 346
991 400
991 405
991 439
991 452
991 496
991 51
991 514
991 517
991 518
991 52
991 548
991 553
991 566
991 653
991 663
991 694
991 705
991 71
991 73
991 739
991 74
991 788
991 799
991 822
991 826
991 857
991 893
991 899
991 919
991 922
991 940
991 959
991 960
991 963
991 982
991 988
991 997
992 201
992 207
992 226
992 241
992 288
992 301
992 340
992 35
992 360
992 396
992 449
992 453
992 47
992 474
992 483
992 499
992 540
992 569
992 599
992 620
992 630
992 680
992 702
992 712
992 717
992 758
992 814
992 815
992 839
992 848
992 866
992 884
992 890
992 900
992 927
992 929
992 930
992 935
992 946
992 956
992 957
992 96
992 970
992 974
993 115
993 184
993 206
993 306
993 357
993 447
993 483
993 516
993 532
993 539
993 584
993 611
993 622
993 659
993 685
993 686
993 719
993 729
993 749
993 755
993 761
993 772
993 789
993 791
993 800
993 807
993 813
993 841
993 856
993 857
993 858
993 882
993 885
993 890
993 902
993 914
993 929
993 932
993 935
993 937
993 950
993 964
993 975
993 978
994 105
994 191
994 202
994 250
994 281
994 319
994 345
994 357
994 384
994 414
994 429
994 433
994 552
994 564
994 577
994 582
994 619
994 65
994 656
994 667
994 685
994 687
994 718
994 732
994 774
994 83
994 834
994 856
994 857
994 867
994 884
994 888
994 899
994 911
994 921
994 930
994 934
994 947
994 950
994 961
994 962
994 974
994 978
994 982
994 989
995 1000
995 136
995 178
995 266
995 344
995 380
995 417
995 450
995 477
995 484
995 493
995 503
995 522
995 548
995 6
995 615
995 618
995 641
995 688
995 721
995 724
995 737
995 759
995 781
995 787
995 819
995 829
995 84
995 870
995 871
995 881
995 884
995 892
995 914
995 927
995 936
995 94
995 943
995 962
995 969
995 98
995 983
995 986
995 989
995 997
996 125
996 156
996 169
996 225
996 278
996 298
996 377
996 387
996 421
996 425
996 446
996 467
996 536
996 562
996 565
996 575
996 623
996 625
996 654
996 671
996 713
996 734
996 744
996 761
996 763
996 764
996 774
996 794
996 804
996 808
996 818
996 819
996 822
996 836
996 886
996 893
996 926
996 928
996 961
996 971
996 972
996 977
996 979
996 983
996 986
996 987
997 17
997 178
997 194
997 21
997 317
997 392
997 406
997 464
997 494
997 529
997 530
997 548
997 551
997 584
997 655
997 669
997 700
997 701
997 713
997 733
997 771
997 837
997 867
997 869
997 910
997 916
997 919
997 920
997 930
997 932
997 933
997 934
997 936
997 94
997 948
997 955
997 964
997 968
997 977
997 979
997 985
997 986
997 987
997 991
997 995
997 998
997 999
998 1000
998 167
998 187
998 211
998 23
998 235
998 260
998 420
998 428
998 489
998 524
998 542
998 578
998 617
998 623
998 666
998 670
998 676
998 684
998 695
998 725
998 735
998 785
998 816
998 817
998 827
998 842
998 850
998 862
998 867
998 875
998 876
998 890
998 891
998 897
998 909
998 938
998 942
998 950
998 961
998 963
998 979
998 985
998 988
998 997
999 112
999 141
999 199
999 350
999 352
999 43
999 448
999 453
999 474
999 492
999 523
999 567
999 573
999 602
999 616
999 626
999 629
999 646
999 661
999 666
999 679
999 707
999 717
999 725
999 728
999 743
999 78
999 835
999 856
999 861
999 863
999 877
999 88
999 886
999 891
999 901
999 907
999 942
999 945
999 958
999 960
999 965
999 973
999 979
999 981
999 983
999 984
999 997
