# The links inside the communities at k=10
# from G:\Dropbox\Raghda\CNA\Final Project\other methods\CFinder-2.0.6--1448\G:\Dropbox\Raghda\CNA\Final Project\Datasets\binary_networks\LFR1\networ_LFR1_Om6.dat
# at no lower link weight threshold,
# and at no upper link weight threshold.
# Links were treated as undirected.
# No time limit was set for the clique search.

0:
1000 698
1000 705
1000 736
1000 751
1000 820
1000 828
1000 879
1000 906
1000 918
1000 936
1000 981
1000 991
1000 997
698 828
698 879
698 906
698 918
698 936
698 981
698 991
698 997
705 828
705 879
705 906
705 918
705 936
705 981
705 991
705 997
736 828
736 879
736 906
736 918
736 936
736 981
736 991
736 997
751 820
751 828
751 879
751 906
751 918
751 936
751 981
751 991
751 997
820 828
820 879
820 906
820 918
820 936
820 981
820 991
820 997
828 879
828 906
828 918
828 936
828 981
828 991
828 997
879 906
879 918
879 936
879 981
879 991
879 997
906 918
906 936
906 981
906 991
906 997
918 936
918 981
918 991
918 997
936 981
936 991
936 997
981 991
981 997
991 997
1:
947 961
947 966
947 970
947 933
947 782
947 932
947 758
947 689
947 745
961 966
961 970
961 933
961 782
961 932
961 758
961 689
961 745
966 970
966 933
966 782
966 932
966 758
966 689
966 745
970 933
970 782
970 932
970 758
970 689
970 745
933 782
933 932
933 758
933 689
933 745
782 932
782 758
782 689
782 745
932 758
932 689
932 745
758 689
758 745
689 745
2:
944 972
944 990
944 986
944 787
944 913
944 939
944 876
944 935
944 941
944 693
944 726
944 790
972 990
972 986
972 787
972 913
972 939
972 876
972 935
972 941
972 693
972 726
972 790
990 986
990 787
990 913
990 939
990 876
990 935
990 941
990 693
990 726
990 790
986 787
986 913
986 939
986 876
986 935
986 941
986 693
986 726
986 790
787 913
787 939
787 876
787 935
787 941
787 726
787 790
913 939
913 876
913 935
913 941
913 693
913 726
913 790
939 876
939 935
939 941
939 693
939 726
939 790
876 935
876 941
876 693
876 726
876 790
935 941
935 693
935 726
935 790
941 693
941 726
941 790
3:
977 964
977 992
977 959
977 825
977 859
977 928
977 863
977 722
977 776
964 992
964 959
964 825
964 859
964 928
964 863
964 722
964 776
992 959
992 825
992 859
992 928
992 863
992 722
992 776
959 825
959 859
959 928
959 863
959 722
959 776
825 859
825 928
825 863
825 722
825 776
859 928
859 863
859 722
859 776
928 863
928 722
928 776
863 722
863 776
722 776
4:
976 967
976 955
976 960
976 948
976 946
976 858
976 834
976 732
976 797
967 955
967 960
967 948
967 946
967 858
967 834
967 732
967 797
955 960
955 948
955 946
955 858
955 834
955 732
955 797
960 948
960 946
960 858
960 834
960 732
960 797
948 946
948 858
948 834
948 732
948 797
946 858
946 834
946 732
946 797
858 834
858 732
858 797
834 732
834 797
732 797
5:
999 942
999 957
999 969
999 927
999 938
999 811
999 774
999 794
999 729
999 816
999 833
942 957
942 969
942 927
942 938
942 811
942 774
942 794
942 729
942 816
942 833
957 969
957 927
957 938
957 811
957 774
957 794
957 729
957 816
957 833
969 927
969 938
969 811
969 774
969 794
969 729
969 816
969 833
927 938
927 811
927 774
927 794
927 729
927 816
927 833
938 811
938 774
938 794
938 729
938 816
938 833
811 774
811 794
811 729
811 816
811 833
774 794
774 816
774 833
794 729
794 816
794 833
729 816
729 833
816 833
