# The communities at k=3
# from G:\Dropbox\Raghda\CNA\Final Project\other methods\CFinder-2.0.6--1448\G:\Dropbox\Raghda\CNA\Final Project\Datasets\binary_networks\LFR2\networ_LFR2_Om3.dat
# at no lower link weight threshold,
# and at no upper link weight threshold.
# Links were treated as undirected.
# No time limit was set for the clique search.

0: 190 119 816 980 321 538 382 467 883 
1: 50 98 108 661 720 761 325 455 432 533 578 492 
2: 303 921 902 937 940 997 100 832 978 983 993 1000 105 230 235 270 271 302 324 336 344 374 389 416 428 471 525 559 560 572 610 612 619 626 650 701 703 712 749 750 755 762 766 773 787 836 847 867 880 895 935 94 945 948 977 986 992 998 999 719 794 982 103 842 963 104 316 884 949 555 876 113 444 537 634 786 989 11 666 793 931 224 264 892 938 872 853 951 966 449 520 987 115 244 953 985 116 874 875 994 408 988 479 980 885 878 913 941 930 808 123 233 744 852 124 710 851 505 706 726 952 995 517 128 971 129 777 813 845 990 535 782 133 784 790 134 358 636 745 936 558 211 450 924 956 139 728 789 996 14 679 838 857 140 954 141 770 142 460 910 911 143 611 692 844 144 973 145 843 146 908 148 868 920 654 15 810 974 984 150 391 846 151 887 896 490 153 972 154 711 783 917 925 155 483 667 156 962 970 957 257 488 724 965 16 384 877 689 849 162 829 850 163 362 534 905 164 259 835 165 464 357 167 906 916 168 976 169 576 919 943 278 979 172 683 964 727 176 637 501 179 568 748 402 427 180 550 837 698 183 918 184 889 185 929 991 208 944 888 969 191 575 629 968 194 926 635 197 823 863 198 22 697 781 2 828 939 975 20 757 469 526 297 613 205 961 206 663 798 207 955 209 900 915 21 351 498 213 214 932 215 617 799 923 942 216 825 217 529 658 898 218 718 904 220 370 826 901 221 693 222 686 708 907 922 607 881 225 739 226 227 228 593 927 763 894 886 232 251 58 840 234 489 602 817 833 879 677 236 821 237 400 735 864 238 812 239 772 865 24 491 702 775 242 641 890 507 522 246 248 684 249 250 811 253 831 933 254 255 627 751 871 258 552 648 26 260 261 263 704 967 326 792 266 497 819 903 269 958 27 34 606 631 272 638 273 274 616 675 860 277 814 279 320 541 28 281 335 334 284 806 285 286 287 289 290 294 601 668 870 296 580 652 605 299 421 458 800 30 960 300 547 315 304 912 305 96 307 592 796 308 31 687 314 385 476 43 317 319 32 841 603 323 780 328 329 404 330 897 331 600 862 753 561 339 514 340 608 341 342 343 453 79 834 35 85 350 502 352 354 355 359 74 36 620 736 365 493 369 37 660 371 373 477 377 587 669 380 586 665 90 390 388 579 431 562 791 84 99 500 542 644 4 423 403 548 57 695 406 422 856 409 730 41 425 411 815 412 869 581 584 417 418 622 656 742 883 419 42 420 434 662 758 596 566 574 424 429 430 801 436 437 439 785 44 595 463 452 873 882 461 465 590 466 468 673 47 820 473 478 485 486 723 487 597 670 66 523 60 495 509 700 496 614 504 506 747 508 623 765 528 511 513 52 521 858 928 92 530 551 532 633 740 544 722 565 554 802 571 624 899 604 59 752 759 95 609 61 615 653 746 632 639 640 642 649 65 655 696 716 72 779 86 
3: 25 106 705 768 818 130 349 776 147 645 195 39 46 
4: 110 177 456 
5: 111 685 892 938 646 157 367 201 859 223 76 714 252 318 366 470 510 78 
6: 112 159 827 872 401 512 734 557 210 647 714 268 48 368 
7: 643 118 707 807 891 131 946 950 981 839 161 689 175 589 182 698 969 939 527 442 588 625 327 671 293 870 332 518 364 372 482 475 481 691 725 577 97 
8: 12 484 733 778 127 729 741 803 515 256 598 751 503 657 717 
9: 120 941 947 861 804 909 917 245 310 337 824 387 743 544 585 721 628 599 88 
10: 866 121 311 
11: 945 338 13 681 934 959 178 848 212 397 219 301 573 886 680 313 347 493 381 462 49 523 68 87 
12: 563 135 499 767 81 375 664 676 688 415 83 
13: 987 885 137 924 956 809 570 202 914 806 855 89 438 582 594 459 788 540 822 545 618 70 71 
14: 983 149 654 809 830 905 398 556 295 621 715 737 309 383 665 760 
15: 970 160 447 877 174 192 262 181 939 536 7 
16: 805 666 360 170 754 188 267 283 51 
17: 866 732 777 576 186 494 764 247 756 445 414 64 441 
18: 291 189 771 969 792 276 91 443 448 758 
19: 809 19 651 769 893 774 23 356 671 265 569 678 282 620 45 9 
20: 674 854 353 456 196 672 774 797 275 472 55 
21: 203 394 73 
22: 709 683 54 591 393 791 
23: 583 630 56 386 396 433 690 516 
24: 539 939 379 75 
25: 659 393 6 
26: 713 682 699 399 93 451 405 440 80 
27: 976 41 425 
28: 346 850 629 
29: 480 348 894 
30: 265 569 792 
31: 768 932 298 
32: 947 754 317 
33: 969 443 333 862 609 
34: 659 345 392 
35: 834 361 446 
36: 877 435 411 567 
37: 959 841 795 738 519 694 731 546 564 
38: 877 637 687 474 
39: 531 939 765 
40: 854 907 552 
41: 980 950 497 
42: 992 981 767 
43: 978 810 881 
44: 969 961 922 
