# The graph of at k=5
# from G:\Dropbox\Raghda\CNA\Final Project\other methods\CFinder-2.0.6--1448\G:\Dropbox\Raghda\CNA\Final Project\Datasets\binary_networks\LFR1\networ_LFR1_Om5.dat
# at no lower link weight threshold,
# and at no upper link weight threshold.
# Links were treated as undirected.
# No time limit was set for the clique search.

0 11 1
0 12 1
0 28 1
0 29 1
1 2 2
1 5 1
1 7 1
1 12 1
1 15 1
1 19 1
1 22 1
1 40 1
1 48 1
1 50 1
2 7 1
2 10 1
2 12 1
2 22 1
2 25 2
2 33 1
2 50 1
3 4 1
3 10 1
3 15 1
3 19 1
3 26 1
4 5 1
4 10 1
4 15 1
4 17 1
4 20 1
4 39 1
5 17 1
5 20 1
5 39 1
7 12 1
8 49 4
9 10 1
9 11 1
9 14 1
9 15 1
9 16 1
9 24 1
10 14 1
10 15 1
10 16 1
10 24 1
10 25 1
10 26 1
10 28 1
10 33 1
10 47 1
10 50 1
11 15 1
11 29 1
12 14 2
12 15 1
12 16 1
12 26 1
12 28 1
12 32 4
12 37 2
12 38 1
12 41 1
12 44 1
12 52 1
14 15 1
14 16 1
14 24 1
14 26 1
14 37 1
14 44 1
15 17 1
15 19 2
15 22 1
15 24 1
15 26 1
15 37 1
15 44 1
16 24 1
16 32 1
16 37 1
16 38 1
17 20 1
17 39 1
18 22 1
18 31 1
18 35 1
19 22 1
19 24 1
19 26 1
19 44 1
20 39 1
21 48 3
22 25 1
22 31 1
22 35 1
23 26 1
23 38 1
23 43 1
24 26 1
24 40 1
24 44 1
25 33 1
25 50 1
26 28 1
26 37 1
26 38 1
26 40 1
26 47 1
28 47 1
29 34 4
31 35 1
32 37 1
32 38 1
32 41 1
32 52 1
33 50 1
37 38 1
40 48 1
40 50 1
41 52 3
48 50 1
