# The links inside the communities at k=7
# from G:\Dropbox\Raghda\CNA\Final Project\other methods\CFinder-2.0.6--1448\G:\Dropbox\Raghda\CNA\Final Project\Datasets\binary_networks\LFR5\network_LFR5_Om2.dat
# at no lower link weight threshold,
# and at no upper link weight threshold.
# Links were treated as undirected.
# No time limit was set for the clique search.

0:
853 844
853 644
853 785
853 734
853 852
853 723
853 579
853 664
844 644
844 785
844 734
844 852
844 723
844 579
844 664
644 785
644 734
644 852
644 664
785 734
785 852
785 723
785 579
785 664
734 852
734 723
734 579
734 664
852 723
852 579
852 664
723 579
723 664
1:
964 993
964 730
964 781
964 971
964 859
964 662
993 730
993 781
993 971
993 859
993 662
730 781
730 971
730 859
730 662
781 971
781 859
781 662
971 859
971 662
859 662
2:
925 952
925 984
925 967
925 770
925 960
925 991
925 919
925 970
952 984
952 967
952 770
952 960
952 991
952 919
952 970
984 967
984 770
984 960
984 991
984 919
984 970
967 960
967 991
967 919
967 970
770 991
770 919
770 970
960 991
960 919
960 970
991 919
991 970
919 970
3:
922 845
922 974
922 979
922 995
922 947
922 953
922 827
845 974
845 979
845 995
845 947
845 953
974 979
974 995
974 947
974 953
974 827
979 995
979 947
979 953
979 827
995 947
995 953
995 827
947 953
947 827
953 827
4:
864 980
864 996
864 958
864 843
864 848
864 892
980 996
980 958
980 843
980 848
980 892
996 958
996 843
996 848
996 892
958 843
958 848
958 892
843 848
843 892
848 892
