# The communities at k=5
# from G:\Dropbox\Raghda\CNA\Final Project\other methods\CFinder-2.0.6--1448\G:\Dropbox\Raghda\CNA\Final Project\Datasets\binary_networks\LFR3\network_LFR3_Om4.dat
# at no lower link weight threshold,
# and at no upper link weight threshold.
# Links were treated as undirected.
# No time limit was set for the clique search.

0: 1000 312 50 500 679 700 705 751 792 813 832 851 865 884 901 913 928 969 984 987 990 995 877 952 880 436 704 722 
1: 111 785 805 862 907 607 670 830 489 845 165 268 458 384 534 
2: 968 979 925 112 789 920 932 879 818 929 890 950 810 624 
3: 909 971 550 717 945 12 808 942 592 181 512 866 326 765 796 341 346 367 716 378 439 721 
4: 949 980 944 957 997 870 919 672 926 904 847 940 972 150 982 964 974 479 902 267 981 933 574 900 317 571 339 698 340 533 402 469 485 803 894 557 586 609 631 640 648 
5: 936 831 992 973 986 882 961 176 895 202 492 231 285 753 821 3 417 562 748 633 511 655 537 677 659 88 643 811 
6: 987 916 962 730 912 758 185 922 938 253 294 320 39 410 428 549 825 431 740 447 487 8 
7: 909 935 948 668 198 941 975 673 874 277 647 824 292 837 861 335 873 943 584 407 746 434 752 600 610 711 
8: 527 966 993 505 991 801 892 848 543 934 658 238 621 896 325 757 468 858 
9: 802 817 886 965 650 829 836 348 653 756 567 379 541 
10: 876 937 947 988 773 781 983 911 646 946 564 656 775 823 729 249 644 798 526 666 
11: 454 787 791 888 276 783 852 846 558 764 645 
12: 859 923 881 930 627 951 956 959 961 927 939 889 741 559 733 560 712 815 822 302 855 893 697 408 422 616 463 515 699 
13: 999 996 569 415 985 955 978 723 850 776 906 576 843 457 689 318 577 826 833 459 671 517 
14: 980 994 921 998 446 696 924 953 465 750 
15: 566 678 840 903 772 844 709 437 406 
16: 999 985 978 442 451 
17: 988 983 806 729 491 
18: 795 958 528 998 582 953 834 841 
19: 678 840 903 772 580 662 508 
20: 947 988 749 823 666 
21: 778 747 868 736 703 
22: 867 967 977 786 788 839 860 804 759 
23: 960 849 970 828 878 
24: 979 879 929 890 827 
