# The links inside the communities at k=10
# from G:\Dropbox\Raghda\CNA\Final Project\other methods\CFinder-2.0.6--1448\G:\Dropbox\Raghda\CNA\Final Project\Datasets\binary_networks\LFR3\network_LFR3_Om6.dat
# at no lower link weight threshold,
# and at no upper link weight threshold.
# Links were treated as undirected.
# No time limit was set for the clique search.

0:
953 852
953 887
953 987
953 846
953 909
953 932
953 847
953 879
953 676
852 887
852 987
852 846
852 909
852 932
852 847
852 879
852 676
887 987
887 846
887 909
887 932
887 847
887 879
887 676
987 846
987 909
987 932
987 847
987 879
987 676
846 909
846 932
846 847
846 879
846 676
909 932
909 847
909 879
909 676
932 847
932 879
932 676
847 879
847 676
879 676
1:
923 989
923 991
923 999
923 967
923 893
923 896
923 718
923 791
923 788
923 798
923 776
923 742
989 991
989 999
989 967
989 893
989 896
989 718
989 791
989 788
989 798
989 776
989 742
991 999
991 967
991 893
991 896
991 718
991 791
991 788
991 798
991 776
991 742
999 967
999 893
999 896
999 718
999 791
999 788
999 798
999 776
999 742
967 893
967 896
967 718
967 791
967 788
967 798
967 776
967 742
893 896
893 718
893 791
893 788
893 798
893 776
893 742
896 718
896 791
896 788
896 798
896 776
896 742
718 798
718 742
791 798
791 776
788 798
788 776
788 742
798 776
798 742
776 742
