# The communities at k=5
# from G:\Dropbox\Raghda\CNA\Final Project\other methods\CFinder-2.0.6--1448\G:\Dropbox\Raghda\CNA\Final Project\Datasets\binary_networks\LFR4\network_LFR4_Om3.dat
# at no lower link weight threshold,
# and at no upper link weight threshold.
# Links were treated as undirected.
# No time limit was set for the clique search.

0: 1000 849 20 559 742 758 876 897 908 960 979 
1: 102 783 936 977 998 
2: 887 999 989 910 896 972 857 902 16 561 850 950 947 862 865 903 478 556 739 581 
3: 803 885 978 200 877 298 456 
4: 971 847 767 970 935 983 203 732 932 406 764 527 674 
5: 634 952 215 594 98 
6: 988 611 773 29 382 
7: 955 937 472 939 427 70 
8: 987 884 637 807 428 85 
9: 924 859 968 993 862 744 667 78 
10: 331 997 690 964 867 848 371 567 
11: 953 871 843 983 889 919 928 985 335 941 713 838 762 810 
12: 905 982 925 246 424 453 306 844 319 785 
13: 872 900 261 301 492 
14: 977 943 736 804 875 923 262 921 
15: 576 805 797 430 316 
16: 803 885 978 851 828 375 
17: 876 994 949 678 381 776 
18: 991 868 995 861 694 755 394 402 565 
19: 972 888 884 978 851 794 911 956 839 863 961 454 921 733 
20: 996 937 990 820 981 818 726 949 840 907 973 944 893 806 796 841 864 835 784 433 719 
21: 965 991 959 845 440 707 759 
22: 959 831 878 743 443 
23: 936 977 998 735 923 880 685 455 
24: 967 971 980 929 966 934 948 840 697 921 460 558 
25: 912 984 895 781 945 829 608 963 904 689 682 515 535 618 
26: 788 965 991 959 997 716 699 537 759 
27: 931 988 986 995 985 673 799 621 760 
28: 912 957 994 952 610 625 
29: 915 661 858 879 752 941 844 922 821 
30: 944 942 641 930 715 
31: 971 888 894 882 722 669 812 
32: 831 878 696 909 720 
33: 987 926 945 918 940 711 
34: 897 979 974 987 888 920 993 795 
35: 984 895 856 963 822 
