# The links inside the communities at k=5
# from G:\Dropbox\Raghda\CNA\Final Project\other methods\CFinder-2.0.6--1448\G:\Dropbox\Raghda\CNA\Final Project\Datasets\binary_networks\LFR4\network_LFR4_Om3.dat
# at no lower link weight threshold,
# and at no upper link weight threshold.
# Links were treated as undirected.
# No time limit was set for the clique search.

0:
1000 849
1000 20
1000 559
1000 742
1000 758
1000 876
1000 897
1000 908
1000 960
1000 979
849 897
849 908
849 960
20 908
20 960
20 979
559 742
559 876
559 908
559 960
559 979
742 897
742 908
742 960
742 979
758 908
758 960
758 979
876 908
876 960
876 979
897 908
897 960
897 979
908 960
908 979
960 979
1:
102 783
102 936
102 977
102 998
783 936
783 977
783 998
936 977
936 998
977 998
2:
887 999
887 989
887 910
887 857
887 950
887 947
999 989
999 910
999 896
999 972
999 857
999 902
999 16
999 561
999 850
999 950
999 947
999 862
999 865
999 903
999 478
999 556
999 739
999 581
989 910
989 857
989 902
989 850
989 950
989 947
989 862
989 903
989 739
989 581
910 896
910 972
910 857
910 902
910 561
910 850
910 950
910 947
910 862
910 865
910 903
910 739
896 972
896 857
896 950
972 857
972 850
972 950
972 947
972 865
972 581
857 850
857 950
857 903
857 478
857 556
857 739
857 581
902 850
902 950
902 478
16 561
16 850
16 950
561 850
561 950
561 739
850 950
850 947
850 865
850 903
850 478
850 556
850 739
950 947
950 865
950 903
950 478
950 556
950 739
950 581
947 581
862 739
556 739
739 581
3:
803 885
803 978
803 200
803 877
803 298
803 456
885 978
885 200
885 877
885 298
885 456
978 200
978 877
978 298
978 456
200 877
877 456
298 456
4:
971 847
971 970
971 935
971 983
971 732
971 932
971 406
971 674
847 970
847 935
847 983
847 203
847 732
847 932
847 406
847 527
847 674
767 970
767 935
767 527
767 674
970 935
970 983
970 203
970 732
970 932
970 406
970 764
970 527
970 674
935 983
935 203
935 732
935 932
935 406
935 764
935 527
935 674
983 732
983 932
983 406
983 527
203 732
732 932
732 764
732 674
932 764
527 674
5:
634 952
634 215
634 594
634 98
952 215
952 594
952 98
215 594
215 98
594 98
6:
988 611
988 773
988 29
988 382
611 773
611 29
611 382
773 29
773 382
29 382
7:
955 937
955 472
955 939
955 427
955 70
937 472
937 939
937 427
937 70
472 939
472 427
472 70
939 427
427 70
8:
987 884
987 637
987 807
987 428
987 85
884 637
884 807
884 428
884 85
637 807
637 428
637 85
807 428
428 85
9:
924 859
924 968
924 993
924 862
924 744
924 667
924 78
859 968
859 993
859 862
859 744
859 667
859 78
968 993
968 744
968 667
993 862
993 744
993 667
993 78
862 744
744 667
744 78
10:
331 997
331 690
331 964
331 848
997 690
997 964
997 867
997 848
997 371
997 567
690 964
690 867
690 848
690 371
690 567
964 867
964 848
964 371
964 567
867 848
867 567
371 567
11:
953 983
953 919
953 928
953 985
953 941
953 762
953 810
871 983
871 889
871 919
871 928
871 985
871 335
871 941
871 713
871 838
871 810
843 889
843 928
843 713
843 810
983 889
983 919
983 928
983 985
983 941
983 838
983 762
983 810
889 919
889 928
889 335
889 941
889 713
889 838
889 810
919 928
919 985
919 335
919 941
919 713
919 838
919 762
928 985
928 335
928 941
928 713
928 762
928 810
985 941
985 762
985 810
941 810
713 838
713 810
838 810
12:
905 982
905 925
905 246
905 424
905 453
905 306
905 844
905 319
905 785
982 925
982 246
982 424
982 453
982 306
982 844
982 319
982 785
925 246
925 424
925 453
925 306
925 844
925 319
925 785
246 424
246 453
424 319
424 785
453 306
306 844
844 319
13:
872 900
872 261
872 301
872 492
900 261
900 301
900 492
261 301
261 492
301 492
14:
977 943
977 736
977 804
977 875
977 923
977 262
977 921
943 804
943 875
943 923
943 262
943 921
736 804
736 875
736 923
736 921
804 875
804 923
804 921
875 923
875 262
875 921
262 921
15:
576 805
576 797
576 430
576 316
805 797
805 430
805 316
797 430
797 316
430 316
16:
803 885
803 978
803 851
803 828
803 375
885 978
885 851
885 828
885 375
978 851
978 828
978 375
851 828
851 375
17:
876 994
876 949
876 678
876 381
994 949
994 678
994 381
994 776
949 678
949 381
949 776
678 381
678 776
381 776
18:
991 868
991 995
991 861
991 694
991 755
991 394
991 402
991 565
868 995
868 861
868 694
868 755
868 394
868 402
868 565
995 861
995 694
995 755
995 394
995 402
995 565
861 694
861 755
861 565
755 394
755 402
755 565
402 565
19:
972 884
972 978
972 794
972 911
972 956
972 839
972 863
972 961
888 978
888 839
888 961
888 921
884 794
884 911
884 956
884 961
884 921
978 851
978 911
978 956
978 839
978 863
978 961
978 921
851 911
851 956
851 863
851 961
794 911
794 956
794 839
794 961
911 956
911 839
911 863
911 961
911 454
911 921
956 839
956 863
956 961
956 454
956 921
956 733
839 863
839 961
839 921
839 733
863 961
863 454
863 733
961 454
961 921
961 733
20:
996 990
996 820
996 981
996 907
996 973
996 944
996 893
996 796
996 841
996 864
996 719
937 990
937 726
937 907
937 973
937 893
937 806
937 796
990 820
990 981
990 818
990 726
990 949
990 840
990 907
990 973
990 944
990 893
990 806
990 796
990 841
990 864
990 835
990 784
990 433
990 719
820 981
820 949
820 907
820 973
981 818
981 907
981 973
981 893
981 796
981 841
981 864
981 835
981 719
818 949
818 907
818 973
818 893
818 796
818 864
818 433
818 719
726 949
726 907
726 973
949 907
949 973
949 893
949 835
949 719
840 973
840 893
840 864
840 719
907 973
907 806
907 841
907 864
907 433
973 944
973 893
973 806
973 796
973 841
973 864
973 835
973 784
973 433
973 719
944 893
944 841
944 864
944 433
893 806
893 796
893 841
893 864
893 433
893 719
796 841
796 864
796 719
841 864
841 784
864 784
835 719
21:
965 991
965 959
965 845
965 440
965 707
965 759
991 845
991 707
991 759
959 845
959 440
959 707
959 759
845 440
845 707
845 759
440 707
707 759
22:
959 831
959 878
959 743
959 443
831 878
831 743
831 443
878 743
878 443
743 443
23:
936 977
936 998
936 735
936 923
936 880
936 685
977 998
977 735
977 923
977 880
977 685
998 735
998 923
998 880
998 685
998 455
735 923
735 880
735 685
735 455
923 880
923 455
880 455
24:
967 980
967 929
967 934
967 948
967 558
971 980
971 929
971 948
971 697
971 921
971 460
971 558
980 929
980 966
980 934
980 948
980 840
980 697
980 921
980 460
980 558
929 966
929 934
929 948
929 921
929 558
966 934
966 948
966 840
966 921
934 948
934 840
948 840
948 697
948 921
948 460
948 558
697 921
697 460
25:
912 984
912 895
912 945
912 829
912 963
912 904
912 618
984 895
984 781
984 945
984 829
984 608
984 963
984 904
984 689
984 682
984 515
984 535
984 618
895 781
895 945
895 829
895 608
895 963
895 904
895 689
895 515
895 535
781 963
781 515
945 608
945 963
945 682
945 618
829 963
608 963
963 904
963 689
963 682
963 515
963 535
963 618
904 682
904 515
904 535
689 682
689 515
689 535
682 535
682 618
26:
788 965
788 991
788 959
788 997
788 759
965 991
965 959
965 997
965 716
965 699
965 537
965 759
991 997
991 699
991 537
991 759
959 997
959 759
997 716
997 699
997 537
997 759
716 699
716 537
699 537
537 759
27:
931 988
931 986
931 995
931 985
931 673
931 799
931 621
931 760
988 995
988 985
988 760
986 995
986 985
986 673
986 799
986 621
986 760
995 985
995 799
995 621
995 760
985 673
985 799
985 760
673 799
799 621
28:
912 994
912 952
912 610
912 625
957 994
957 952
957 610
957 625
994 952
994 610
994 625
952 610
952 625
610 625
29:
915 661
915 858
915 879
915 752
915 941
915 844
915 922
915 821
661 858
661 879
661 941
661 922
661 821
858 879
858 752
858 941
858 844
858 922
879 752
879 941
879 844
879 922
879 821
752 844
844 922
922 821
30:
944 942
944 641
944 930
944 715
942 641
942 930
942 715
641 930
641 715
930 715
31:
971 888
971 894
971 882
971 722
971 669
971 812
888 894
888 722
888 669
894 882
894 722
894 669
894 812
882 722
882 669
882 812
722 669
669 812
32:
831 878
831 696
831 909
831 720
878 696
878 909
878 720
696 909
696 720
909 720
33:
987 926
987 945
987 918
987 940
987 711
926 945
926 918
926 940
926 711
945 918
945 940
945 711
918 711
940 711
34:
897 979
897 974
897 987
897 920
897 795
979 974
979 987
979 993
979 795
974 987
974 888
974 920
974 993
974 795
987 888
987 920
987 993
987 795
888 993
888 795
920 993
920 795
993 795
35:
984 895
984 856
984 963
984 822
895 856
895 963
895 822
856 963
856 822
963 822
