# The contained cliques in the communities at k=3
# from G:\Dropbox\Raghda\CNA\Final Project\other methods\CFinder-2.0.6--1448\G:\Dropbox\Raghda\CNA\Final Project\Datasets\binary_networks\LFR5\network_LFR5_Om5.dat
# at no lower link weight threshold,
# and at no upper link weight threshold.
# Links were treated as undirected.
# No time limit was set for the clique search.

0: 0 714 715 955 978 957 780 956 1135 1137 1197 584 1095 24 155 305 569 156 570 964 544 963 543 545 1019 369 733 368 732 734 67 118 307 470 943 944 945 1014 1146 68 535 1102 1107 815 814 816 817 12 1103 983 564 294 563 293 292 377 137 1040 230 970 1038 136 43 333 969 982 1082 1083 304 1031 1148 645 63 284 285 464 465 466 467 646 647 801 802 803 809 855 883 994 1115 1150 856 1020 1051 1151 857 153 845 154 276 635 1045 277 634 343 344 408 624 636 737 1044 1124 1133 1142 345 356 357 358 621 622 623 736 973 346 409 1048 1209 395 393 394 1149 439 187 443 573 702 876 186 240 157 239 10 158 701 703 704 11 942 941 1211 1203 796 950 1104 1181 1200 1202 1204 794 1065 1086 1201 119 1064 1066 1067 1085 1087 1088 101 291 917 961 1068 1185 830 960 1129 1158 831 832 749 826 750 1132 1210 249 1110 1131 248 65 92 958 64 31 485 39 850 91 144 167 221 481 683 723 743 143 220 166 721 722 20 195 849 355 608 859 947 1073 1108 1109 1111 224 353 354 222 223 1009 581 1004 582 499 898 1049 1008 33 940 1182 32 936 530 937 14 254 529 531 885 948 1093 389 1092 889 1191 1192 890 891 21 748 106 565 640 567 568 566 769 984 680 766 767 768 774 2 180 716 775 980 1 776 981 1153 869 1154 1160 870 871 479 17 454 480 16 127 487 771 863 1155 264 327 444 488 56 887 1091 54 55 888 489 626 246 490 247 446 447 625 627 590 659 660 661 684 1167 1214 40 658 1165 1196 41 1193 315 790 918 931 182 183 268 388 833 882 919 921 922 923 1156 1157 1194 880 881 1159 536 1106 537 534 753 977 1212 1190 191 472 751 1188 190 669 473 474 1173 1187 1189 370 475 476 727 371 336 372 719 337 617 760 843 904 1097 1096 1098 1100 893 894 895 897 550 549 164 546 120 402 547 121 122 260 48 403 404 320 666 667 321 322 406 407 324 697 1012 1074 241 323 698 699 700 1032 745 1053 90 746 89 744 1035 302 765 1164 300 301 928 877 587 717 873 588 878 916 610 874 875 611 365 909 1059 498 1186 495 496 494 497 522 523 524 169 525 675 168 1042 758 974 1130 1174 971 49 173 827 867 929 959 972 1123 211 1069 592 1071 451 676 738 841 840 838 868 125 381 461 820 844 508 575 655 791 1080 1119 484 172 453 574 678 677 601 679 1079 600 442 729 1179 1180 258 730 1198 1199 259 665 741 579 663 664 338 580 361 286 662 913 1017 1121 243 287 517 518 242 556 554 420 555 999 1169 419 642 987 641 643 644 1207 178 347 416 417 434 435 538 539 694 795 842 1023 1183 179 432 915 450 807 914 1047 147 160 828 114 986 1030 113 884 985 165 829 161 162 1046 1178 1094 348 695 993 1081 351 352 910 433 764 1205 425 112 785 103 1022 786 788 181 649 787 789 651 602 650 548 59 607 989 280 281 491 1010 415 1127 134 1128 1138 1152 133 509 519 6 399 1195 5 100 398 400 401 1140 445 912 1139 328 325 329 326 1208 864 886 865 773 98 99 163 278 279 340 341 376 532 533 728 819 861 901 911 992 1134 84 319 616 1171 615 232 557 1170 233 335 558 107 1175 511 514 879 510 512 513 595 596 515 516 597 1037 1041 1036 1043 427 1101 428 907 1060 976 1061 1029 754 1028 752 755 639 656 638 637 572 712 219 218 35 22 245 711 713 848 244 836 747 847 594 405 1027 996 1026 411 438 410 527 995 429 528 478 1062 477 1054 1177 83 108 204 205 552 628 652 718 731 792 1055 1056 82 553 653 654 953 1105 1213 586 585 952 954 620 951 1089 449 448 707 908 50 619 705 706 51 132 821 860 520 521 1058 1118 839 896 812 810 813 200 1057 75 463 1050 1163 672 673 671 965 966 967 19 501 682 692 1018 1162 502 681 693 696 299 468 1099 70 1143 104 1141 188 189 274 275 735 837 174 273 1184 47 598 991 990 612 783 1072 1114 1116 782 784 9 459 781 457 458 412 460 614 413 414 935 932 934 296 500 930 975 297 298 334 316 317 318 88 1070 462 1113 946 23 149 1021 1117 1112 151 197 793 196 578 577 290 576 431 583 562 561 436 437 1025 1176 1039 757 430 1126 1147 933 1145 440 846 1136 364 385 441 363 905 1063 383 384 210 208 209 629 34 988 237 238 1206 1013 593 1024 540 418 1000 1002 927 1001 1003 1034 926 924 997 998 105 541 925 1052 1168 1075 1011 7 8 339 818 61 94 95 375 215 374 808 214 373 800 799 288 289 686 687 184 256 688 892 968 185 212 213 689 152 657 255 257 25 906 342 804 1033 632 1122 263 633 262 631 1125 862 129 80 613 79 203 202 201 306 872 1006 1007 1120 1078 206 979 1015 207 382 1016 1005 709 1090 630 506 177 392 504 505 176 390 391 710 726 526 806 116 199 1076 115 117 854 145 823 962 111 146 761 822 234 57 175 648 58 853 938 939 1077 668 920 140 198 60 139 762 763 1161 1166 313 456 900 1144 18 599 899 852 367 851 797 87 271 86 85 36 778 37 486 170 314 228 825 824 469 138 422 618 266 421 265 261 349 331 386 772 609 123 551 309 308 670 13 295 250 759 66 303 1172 866 
1: 3 4 53 81 777 
2: 15 
3: 26 
4: 27 126 192 724 725 359 858 
5: 28 235 
6: 29 30 
7: 38 
8: 42 
9: 44 
10: 45 46 
11: 52 193 194 216 267 742 805 834 835 1084 217 
12: 62 142 
13: 69 674 
14: 71 251 
15: 72 73 
16: 74 426 603 604 605 606 690 691 
17: 76 77 
18: 78 
19: 93 
20: 96 97 
21: 102 110 
22: 109 131 231 
23: 124 
24: 128 
25: 130 
26: 135 
27: 141 
28: 148 
29: 150 
30: 159 
31: 171 
32: 225 
33: 226 
34: 227 
35: 229 
36: 236 
37: 252 
38: 253 
39: 269 
40: 270 
41: 272 
42: 282 
43: 283 
44: 310 311 
45: 312 
46: 330 
47: 332 
48: 350 
49: 360 
50: 362 
51: 366 902 
52: 378 
53: 379 
54: 380 
55: 387 
56: 396 
57: 397 
58: 423 424 
59: 452 
60: 455 
61: 471 
62: 482 
63: 483 
64: 492 493 
65: 503 
66: 507 
67: 542 560 559 
68: 571 
69: 589 
70: 591 
71: 685 
72: 708 
73: 720 
74: 739 740 
75: 756 
76: 770 
77: 779 
78: 798 
79: 811 
80: 903 
81: 949 
