# The communities at k=3
# from G:\Dropbox\Raghda\CNA\Final Project\other methods\CFinder-2.0.6--1448\G:\Dropbox\Raghda\CNA\Final Project\Datasets\binary_networks\LFR5\network_LFR5_Om5.dat
# at no lower link weight threshold,
# and at no upper link weight threshold.
# Links were treated as undirected.
# No time limit was set for the clique search.

0: 733 905 956 10 769 85 918 935 732 828 975 1000 178 271 323 37 409 415 487 511 516 532 542 561 574 578 659 663 722 724 727 729 735 780 810 814 817 839 846 852 856 875 897 903 938 945 946 947 953 955 957 995 998 138 551 842 463 962 610 868 104 741 781 836 877 105 786 937 994 626 851 952 824 926 981 681 785 860 951 971 717 990 11 700 720 966 974 770 969 972 706 806 870 999 259 748 854 114 909 963 993 808 923 976 737 965 910 949 119 621 896 973 12 683 798 863 120 948 959 121 943 967 867 915 964 968 124 776 813 880 125 573 761 996 716 690 925 128 832 924 589 583 890 464 704 961 294 859 132 904 988 738 743 788 982 392 850 395 934 941 900 766 835 958 97 254 667 772 650 703 759 871 936 986 831 866 710 691 978 876 906 799 818 980 782 151 627 845 152 692 942 768 901 597 613 914 157 931 774 932 566 160 815 977 989 284 970 354 807 728 882 930 669 793 960 165 436 638 778 864 848 950 714 997 170 872 736 887 940 708 777 889 465 176 812 984 179 325 531 661 913 564 614 181 731 902 792 849 802 688 879 929 187 908 983 188 540 789 916 190 723 739 192 494 912 518 944 195 865 899 428 702 696 895 2 622 604 822 422 784 992 203 467 510 651 206 858 207 360 419 632 800 726 809 861 211 489 883 979 816 699 843 373 693 783 219 763 22 451 742 579 664 675 744 225 425 927 928 633 227 907 985 232 881 658 775 648 796 611 239 840 878 933 240 991 243 496 920 847 873 559 823 837 249 740 765 787 834 891 250 794 855 430 608 833 618 917 756 804 757 260 535 261 553 679 262 414 752 265 821 825 266 826 922 671 750 270 751 455 403 615 273 359 274 275 602 987 803 745 762 377 841 753 285 660 749 869 289 290 715 771 291 380 543 299 570 645 819 481 830 302 595 306 838 512 31 892 637 747 939 954 466 497 315 893 760 319 718 682 827 322 575 657 734 328 801 329 678 758 460 655 336 337 844 797 34 340 452 344 362 754 894 390 350 684 811 352 355 582 921 356 357 641 364 764 555 371 374 375 539 478 694 911 672 596 886 394 629 666 550 397 520 398 779 4 400 402 560 686 639 652 584 853 606 421 450 473 646 43 537 71 432 433 434 491 437 523 44 68 440 567 623 445 453 457 474 486 884 857 46 538 461 721 490 47 470 668 475 711 713 477 49 705 571 92 888 514 607 653 919 500 504 528 599 508 51 517 52 521 522 687 587 536 545 636 647 617 548 94 665 680 562 557 565 712 676 572 65 640 586 605 755 600 99 63 685 64 72 698 79 670 73 93 8 89 96 88 95 
1: 100 732 767 828 865 198 76 
2: 116 808 923 
3: 144 624 866 
4: 385 805 862 148 471 795 330 499 779 853 
5: 15 268 431 980 537 
6: 831 150 581 782 
7: 910 890 90 
8: 177 251 257 
9: 943 18 564 
10: 788 182 792 849 
11: 905 941 196 790 898 881 775 745 841 333 335 407 811 368 
12: 955 216 303 843 
13: 998 988 725 23 797 
14: 998 816 235 420 
15: 776 695 237 796 
16: 946 949 701 864 848 601 709 740 834 53 730 
17: 820 845 313 513 954 
18: 945 334 91 
19: 926 48 563 
20: 720 624 50 919 
21: 974 874 983 59 70 
22: 938 870 416 295 773 69 
23: 376 17 725 
24: 14 667 874 
25: 981 33 869 
26: 163 728 930 
27: 964 805 214 
28: 965 241 709 
29: 248 559 823 
30: 850 263 616 
31: 856 842 282 
32: 995 84 493 
33: 820 489 84 
34: 852 927 9 
35: 1000 435 947 
36: 408 885 476 
37: 953 851 245 
38: 971 558 353 
39: 990 746 418 
40: 869 482 609 
41: 976 674 382 
42: 975 806 426 
43: 707 834 454 
44: 975 877 677 472 
45: 717 831 472 
46: 507 976 464 
47: 554 591 757 
48: 887 534 919 
49: 972 806 424 
50: 658 549 665 
51: 956 980 829 524 
52: 877 591 501 
53: 860 656 503 
54: 990 965 503 
55: 923 986 515 
56: 901 928 545 
57: 783 658 547 
58: 875 603 630 754 
59: 982 740 563 
60: 886 853 607 
61: 830 640 592 
62: 974 624 791 
63: 996 654 819 
64: 619 885 987 747 
65: 999 616 629 
66: 897 620 954 
67: 673 791 744 878 642 
68: 923 898 671 
69: 981 939 680 
70: 998 684 676 
71: 757 922 715 
72: 748 959 881 
73: 918 759 847 
74: 864 898 750 758 
75: 806 872 747 
76: 952 822 755 
77: 780 990 812 
78: 778 829 979 
79: 781 967 841 
80: 995 871 829 
81: 850 916 886 
