# The graph of at k=3
# from G:\Dropbox\Raghda\CNA\Final Project\other methods\CFinder-2.0.6--1448\G:\Dropbox\Raghda\CNA\Final Project\Datasets\binary_networks\LFR5\network_LFR5_Om5.dat
# at no lower link weight threshold,
# and at no upper link weight threshold.
# Links were treated as undirected.
# No time limit was set for the clique search.

0 1 3
0 2 2
0 3 1
0 4 2
0 5 2
0 6 2
0 7 2
0 9 2
0 10 3
0 11 7
0 12 2
0 13 3
0 14 2
0 15 2
0 16 6
0 17 2
0 18 1
0 19 1
0 20 2
0 21 2
0 22 2
0 24 1
0 25 2
0 26 2
0 27 1
0 28 1
0 29 2
0 30 1
0 31 2
0 32 1
0 33 1
0 34 2
0 35 2
0 37 2
0 38 1
0 39 1
0 40 1
0 41 1
0 42 2
0 43 1
0 44 2
0 45 2
0 46 2
0 47 1
0 48 2
0 49 2
0 50 2
0 51 2
0 52 1
0 53 1
0 54 2
0 55 2
0 56 3
0 57 2
0 58 2
0 59 2
0 60 3
0 61 2
0 62 1
0 63 2
0 64 2
0 65 2
0 66 2
0 67 2
0 68 2
0 69 3
0 70 3
0 71 3
0 72 3
0 73 3
0 74 3
0 75 3
0 76 3
0 77 3
0 78 2
0 79 3
0 80 2
0 81 3
2 55 1
2 68 1
3 20 1
3 62 1
4 27 1
4 60 1
5 51 1
6 45 1
11 68 1
11 72 1
11 74 1
11 79 1
13 14 1
13 23 1
13 70 1
14 70 1
16 28 1
16 43 1
16 59 1
16 74 1
17 33 1
17 66 1
19 59 1
20 48 1
20 62 1
21 24 1
21 62 1
25 40 1
25 69 1
28 54 1
30 65 1
30 81 1
32 33 1
32 80 1
36 64 1
39 54 1
39 77 1
41 46 1
42 44 1
42 49 1
42 75 1
44 45 1
44 52 1
47 52 1
47 71 1
49 75 1
50 57 1
51 78 1
51 80 1
53 54 1
54 77 1
55 68 1
60 81 1
62 67 1
64 75 1
68 74 1
78 80 1
