# The links inside the communities at k=6
# from G:\Dropbox\Raghda\CNA\Final Project\other methods\CFinder-2.0.6--1448\G:\Dropbox\Raghda\CNA\Final Project\Datasets\binary_networks\LFR3\network_LFR3_Om5.dat
# at no lower link weight threshold,
# and at no upper link weight threshold.
# Links were treated as undirected.
# No time limit was set for the clique search.

0:
899 908
899 619
899 688
899 349
899 725
908 619
908 688
908 349
908 725
619 688
619 349
619 725
688 349
688 725
349 725
1:
873 893
873 930
873 653
873 876
873 924
873 787
873 851
873 863
873 545
873 377
873 400
873 815
873 436
873 723
893 930
893 653
893 876
893 924
893 787
893 851
893 863
893 545
893 377
893 400
893 815
893 436
893 723
930 653
930 876
930 924
930 787
930 851
930 863
930 545
930 377
930 400
930 815
930 436
930 723
653 876
653 787
653 851
653 863
653 815
876 924
876 787
876 851
876 863
876 545
876 377
876 400
876 815
876 723
924 851
787 851
787 863
787 815
787 723
851 863
851 400
851 815
851 436
851 723
863 545
863 377
863 815
863 436
863 723
545 815
400 815
815 723
2:
446 869
446 919
446 797
446 841
446 614
869 858
869 919
869 797
869 841
869 526
869 614
858 919
858 797
858 841
858 526
858 614
919 797
919 841
919 526
919 614
797 841
797 526
797 614
841 526
841 614
526 614
3:
640 932
640 955
640 972
640 943
640 954
640 958
932 955
932 909
932 972
932 828
932 943
932 954
932 958
932 920
932 793
932 905
932 689
932 800
932 539
932 633
955 909
955 972
955 828
955 943
955 954
955 958
955 920
955 536
955 767
955 793
955 905
955 453
955 689
955 800
955 539
955 518
955 633
909 972
909 828
909 943
909 954
909 958
909 920
909 767
909 905
909 453
909 689
909 800
909 521
909 633
972 943
972 954
972 958
972 920
972 536
972 767
972 793
972 905
972 689
972 800
972 539
972 518
972 521
972 633
828 954
828 958
828 920
828 905
828 453
828 521
943 954
943 958
943 920
943 536
943 767
943 793
943 905
943 800
943 518
943 633
954 958
954 920
954 767
954 793
954 905
954 453
954 800
954 518
954 521
958 920
958 767
958 905
958 689
958 800
958 539
958 521
958 633
920 453
920 689
920 539
920 518
920 521
920 633
536 767
536 800
767 800
767 518
793 905
793 800
4:
796 864
796 916
796 988
796 805
796 866
796 393
796 686
796 585
796 631
796 703
796 672
796 700
864 916
864 988
864 805
864 866
864 393
864 686
864 585
864 631
864 703
864 672
864 700
916 988
916 805
916 866
916 393
916 686
916 585
916 631
916 703
916 672
916 700
988 805
988 866
988 703
988 672
988 700
805 866
805 393
805 686
805 585
805 631
805 703
805 672
805 700
866 393
866 686
866 585
866 631
866 703
866 672
866 700
393 686
686 700
585 631
585 703
631 703
631 672
703 700
672 700
5:
963 976
963 987
963 768
963 867
963 910
963 986
963 818
963 959
963 988
963 762
963 917
963 844
963 824
963 948
963 744
963 412
963 802
963 544
963 886
976 987
976 768
976 867
976 910
976 986
976 959
976 762
976 917
976 846
976 844
976 824
976 704
976 948
976 663
976 744
976 449
976 802
976 779
976 533
976 886
987 768
987 867
987 910
987 986
987 818
987 959
987 988
987 917
987 846
987 844
987 824
987 948
987 663
987 744
987 412
987 449
987 802
987 779
987 533
987 886
768 959
768 988
768 917
768 846
768 779
768 886
867 910
867 986
867 959
867 917
867 948
867 663
867 802
867 544
867 886
910 986
910 959
910 917
910 846
910 824
910 704
910 948
910 663
910 802
910 886
986 818
986 959
986 762
986 917
986 844
986 824
986 704
986 948
986 663
986 412
986 449
986 802
986 533
986 544
986 886
818 959
818 844
818 412
818 802
959 762
959 917
959 846
959 844
959 704
959 948
959 744
959 412
959 533
959 886
988 917
988 824
988 948
988 744
988 886
762 917
762 846
762 886
917 846
917 844
917 824
917 704
917 948
917 744
917 449
917 779
917 886
846 886
844 948
844 449
844 802
844 779
844 544
844 886
824 948
824 744
704 948
948 663
948 412
948 802
948 779
948 533
948 544
948 886
802 779
779 886
544 886
6:
949 978
949 970
949 988
949 847
949 907
949 439
949 780
949 717
949 646
978 970
978 988
978 847
978 439
978 780
978 717
978 646
970 988
970 847
970 907
970 439
970 780
970 717
970 646
988 847
988 907
988 780
988 717
847 907
847 439
847 780
847 646
907 439
907 780
907 717
907 646
439 780
780 717
780 646
7:
992 990
992 933
992 903
992 485
992 936
990 933
990 903
990 485
990 936
933 903
933 485
933 936
903 485
903 936
485 936
8:
523 899
523 908
523 725
523 567
523 573
899 908
899 688
899 725
899 567
899 573
908 688
908 725
908 567
908 573
688 725
688 567
688 573
725 567
725 573
567 573
9:
572 789
572 853
572 756
572 676
572 551
765 789
765 853
765 756
765 676
765 551
789 853
789 756
789 676
789 551
853 756
853 676
853 551
756 676
756 551
676 551
10:
589 845
589 896
589 898
589 658
589 495
845 896
845 898
845 658
845 495
896 898
896 658
896 495
898 658
898 495
658 495
11:
975 998
975 974
975 764
975 922
975 895
975 830
975 588
975 528
998 974
998 764
998 922
998 895
998 830
998 588
998 528
974 764
974 922
974 895
974 830
974 588
974 528
764 895
764 830
922 830
922 588
922 528
895 830
895 528
830 588
830 528
12:
961 981
961 991
961 957
961 993
961 995
961 685
961 985
961 880
961 792
961 926
961 906
961 645
961 532
961 632
981 991
981 957
981 993
981 985
981 926
981 906
981 532
981 632
991 957
991 993
991 995
991 685
991 985
991 880
991 792
991 632
957 993
957 995
957 685
957 985
957 880
957 792
957 906
957 645
957 632
993 995
993 685
993 985
993 880
993 792
993 926
993 906
993 645
993 630
993 632
995 985
995 880
995 792
995 926
995 906
995 645
995 630
995 532
995 632
685 985
685 880
685 906
985 880
985 926
985 906
985 645
985 630
985 532
880 792
880 926
880 906
792 906
926 906
926 630
926 532
906 645
906 630
906 532
13:
989 962
989 921
989 749
989 829
989 952
989 897
989 935
989 911
989 647
989 891
989 608
989 652
962 921
962 749
962 829
962 952
962 897
962 935
962 911
962 647
962 608
962 652
921 940
921 952
921 897
921 935
921 911
921 647
921 891
921 608
921 652
749 897
749 935
749 911
749 647
749 891
829 940
829 952
829 897
829 935
829 911
829 891
940 952
940 897
940 935
940 911
952 897
952 935
952 911
952 608
952 652
897 935
897 911
897 647
897 891
935 911
935 891
935 608
935 652
911 647
911 891
14:
975 998
975 974
975 922
975 612
975 698
975 743
998 974
998 922
998 612
998 698
998 743
974 922
974 612
974 698
922 612
922 698
922 743
612 698
612 743
698 743
15:
967 951
967 877
967 994
967 980
967 790
967 835
967 842
967 635
967 603
967 735
967 721
967 750
967 611
865 951
865 877
865 904
865 994
865 980
865 790
865 842
865 721
951 877
951 904
951 994
951 980
951 790
951 835
951 635
951 735
951 721
951 611
877 904
877 994
877 980
877 790
877 835
877 603
877 735
904 994
904 980
904 790
904 842
904 721
904 611
994 980
994 790
994 835
994 842
994 635
994 603
994 735
994 721
994 750
994 611
980 790
980 835
980 842
980 635
980 603
980 735
980 721
980 750
980 611
790 835
790 842
790 611
835 842
835 635
835 603
835 735
835 750
842 635
842 735
735 721
735 750
16:
1000 644
1000 697
1000 730
1000 753
1000 781
1000 784
1000 785
1000 849
1000 857
1000 882
1000 900
1000 927
1000 942
1000 964
1000 966
1000 968
1000 997
644 753
644 784
644 966
644 968
644 997
644 874
697 730
697 784
697 882
697 927
697 997
730 882
730 927
730 997
753 781
753 942
753 966
753 968
753 997
753 874
781 785
781 900
781 942
781 964
781 966
781 968
781 997
784 849
784 857
784 882
784 927
784 964
784 966
784 968
784 997
784 874
785 942
785 964
785 968
785 997
785 661
849 857
849 882
849 964
849 997
857 882
857 927
857 964
882 927
882 964
882 997
900 964
900 968
900 997
927 964
927 966
927 997
942 964
942 966
942 968
942 997
942 661
964 966
964 968
964 997
964 661
966 968
966 997
966 661
966 874
968 997
968 661
968 874
997 661
997 874
17:
992 759
992 990
992 933
992 946
992 836
992 643
992 903
992 786
992 807
992 799
992 737
992 977
992 731
759 990
759 933
759 903
759 786
759 807
759 799
759 977
759 731
990 933
990 946
990 836
990 643
990 903
990 786
990 807
990 799
990 737
990 977
990 731
933 836
933 643
933 903
933 786
933 807
933 799
933 737
933 731
946 903
946 807
946 799
836 643
836 903
836 786
836 731
643 786
903 807
903 799
903 737
903 731
786 807
786 731
807 799
807 977
807 731
799 737
799 977
18:
694 845
694 977
694 777
694 896
694 898
694 658
845 977
845 777
845 896
845 898
845 658
977 777
977 896
977 898
777 896
777 898
777 658
896 898
896 658
898 658
19:
973 979
973 996
973 763
973 901
973 950
973 883
973 684
979 996
979 763
979 801
979 901
979 950
979 883
979 683
979 684
996 763
996 801
996 901
996 950
996 883
996 683
996 684
763 801
763 950
763 684
801 950
801 684
901 950
901 883
901 683
901 684
950 883
950 683
950 684
883 683
20:
713 761
713 969
713 941
713 885
713 870
713 878
713 659
713 738
761 969
761 941
761 889
761 885
761 870
761 878
761 804
761 706
761 670
969 941
969 889
969 872
969 885
969 870
969 878
969 804
969 659
969 706
969 670
969 738
969 682
941 872
941 885
941 870
941 878
941 804
941 659
941 706
941 670
941 738
941 682
889 872
889 885
889 870
889 878
889 804
889 706
889 670
889 738
889 682
872 885
872 870
872 878
872 804
872 738
872 682
885 870
885 878
885 706
885 670
885 682
870 878
870 804
870 659
870 738
870 682
878 804
878 659
878 670
878 738
878 682
804 659
804 682
706 670
21:
888 975
888 998
888 974
888 922
888 671
975 998
975 974
975 922
975 671
998 974
998 922
998 671
974 922
974 671
922 671
22:
868 982
868 881
868 960
868 939
868 803
868 894
982 881
982 960
982 939
982 803
982 894
881 939
881 803
881 894
960 939
960 803
960 894
939 803
939 894
803 894
