# The communities at k=6
# from G:\Dropbox\Raghda\CNA\Final Project\other methods\CFinder-2.0.6--1448\G:\Dropbox\Raghda\CNA\Final Project\Datasets\binary_networks\LFR3\network_LFR3_Om5.dat
# at no lower link weight threshold,
# and at no upper link weight threshold.
# Links were treated as undirected.
# No time limit was set for the clique search.

0: 899 908 619 688 349 725 
1: 873 893 930 653 876 924 787 851 863 545 377 400 815 436 723 
2: 446 869 858 919 797 841 526 614 
3: 640 932 955 909 972 828 943 954 958 920 536 767 793 905 453 689 800 539 518 521 633 
4: 796 864 916 988 805 866 393 686 585 631 703 672 700 
5: 963 976 987 768 867 910 986 818 959 988 762 917 846 844 824 704 948 663 744 412 449 802 779 533 544 886 
6: 949 978 970 988 847 907 439 780 717 646 
7: 992 990 933 903 485 936 
8: 523 899 908 688 725 567 573 
9: 572 765 789 853 756 676 551 
10: 589 845 896 898 658 495 
11: 975 998 974 764 922 895 830 588 528 
12: 961 981 991 957 993 995 685 985 880 792 926 906 645 630 532 632 
13: 989 962 921 749 829 940 952 897 935 911 647 891 608 652 
14: 975 998 974 922 612 698 743 
15: 967 865 951 877 904 994 980 790 835 842 635 603 735 721 750 611 
16: 1000 644 697 730 753 781 784 785 849 857 882 900 927 942 964 966 968 997 661 874 
17: 992 759 990 933 946 836 643 903 786 807 799 737 977 731 
18: 694 845 977 777 896 898 658 
19: 973 979 996 763 801 901 950 883 683 684 
20: 713 761 969 941 889 872 885 870 878 804 659 706 670 738 682 
21: 888 975 998 974 922 671 
22: 868 982 881 960 939 803 894 
