# The contained cliques in the communities at k=5
# from G:\Dropbox\Raghda\CNA\Final Project\other methods\CFinder-2.0.6--1448\G:\Dropbox\Raghda\CNA\Final Project\Datasets\binary_networks\LFR1\networ_LFR1_Om4.dat
# at no lower link weight threshold,
# and at no upper link weight threshold.
# Links were treated as undirected.
# No time limit was set for the clique search.

0: 11 750 868 899 952 953 968 969 995 996 997 998 999 1021 1041 1042 1044 1058 1101 94 461 462 501 1060 1095 
1: 13 93 412 451 458 540 608 650 657 745 749 824 909 1113 18 322 323 554 
2: 16 299 535 646 667 768 769 770 819 820 882 883 884 1013 1033 1093 374 494 450 1094 619 1034 620 621 504 237 517 21 81 319 
3: 17 316 326 344 464 521 529 536 628 658 673 674 675 751 833 869 908 966 1040 1079 1103 1105 1117 1131 466 
4: 31 332 134 
5: 32 726 918 542 
6: 44 457 539 572 634 886 1014 1015 1047 1127 1129 160 251 285 298 543 1130 499 1109 
7: 56 755 847 575 
8: 68 
9: 77 294 317 329 487 767 1092 
10: 80 389 672 827 1081 406 
11: 86 303 488 518 519 522 644 651 678 732 752 754 831 987 991 1018 1020 1128 142 304 422 
12: 88 437 691 436 
13: 91 314 538 
14: 113 123 307 325 475 479 633 668 790 825 826 832 877 885 907 945 1050 1061 1080 1106 
15: 114 992 1024 425 609 643 666 829 830 859 860 958 993 1000 1001 1016 1017 1039 1073 1107 136 234 1074 
16: 118 159 324 453 534 670 671 828 970 988 1036 1089 386 537 1110 
17: 165 230 946 947 986 1068 472 727 813 814 815 821 879 880 910 911 1064 1065 1066 1123 728 878 881 306 353 500 1067 
18: 179 795 211 393 640 794 842 925 1087 1088 641 731 305 342 
19: 184 232 318 395 526 617 682 686 687 753 834 835 905 906 962 963 964 965 1045 1046 1048 1049 1077 1096 1097 286 618 627 629 729 758 759 981 982 980 1098 1099 1078 
20: 196 844 845 808 697 
21: 204 260 441 
22: 210 990 1006 756 757 778 823 917 989 977 781 914 780 782 913 783 915 822 779 912 
23: 221 384 679 871 984 983 456 611 870 971 973 612 320 297 302 
24: 257 896 939 894 897 895 938 898 961 890 940 960 889 
25: 277 367 394 545 652 864 442 865 443 591 592 700 424 645 515 546 
26: 290 558 559 
27: 300 
28: 327 837 766 836 556 
29: 365 366 862 942 544 631 954 858 632 630 955 
30: 375 
31: 387 388 791 581 582 792 
32: 398 851 843 
33: 407 585 
34: 432 
35: 449 486 590 662 589 661 
36: 469 788 786 787 653 785 654 655 656 1023 1003 1004 553 
37: 476 948 949 740 872 950 741 560 874 957 875 873 649 648 
38: 524 525 930 931 927 951 849 926 1069 850 626 1070 615 614 742 
39: 530 659 660 705 707 
40: 532 533 928 852 
41: 541 
42: 547 737 738 
43: 563 
44: 593 811 746 
45: 599 
46: 623 624 680 1083 772 681 
47: 636 789 
48: 718 
49: 800 
50: 923 924 932 
