# The communities at k=5
# from G:\Dropbox\Raghda\CNA\Final Project\other methods\CFinder-2.0.6--1448\G:\Dropbox\Raghda\CNA\Final Project\Datasets\binary_networks\LFR1\networ_LFR1_Om4.dat
# at no lower link weight threshold,
# and at no upper link weight threshold.
# Links were treated as undirected.
# No time limit was set for the clique search.

0: 1000 798 804 823 832 889 917 931 957 963 983 989 999 102 945 815 157 844 840 334 335 644 367 685 557 749 650 757 690 755 
1: 104 909 928 944 961 11 897 156 920 293 879 321 330 417 431 434 484 495 548 552 821 594 763 769 90 92 
2: 107 921 939 951 960 111 850 856 608 146 838 845 26 270 320 360 373 774 383 411 445 787 481 504 588 937 632 63 84 
3: 1000 867 877 946 962 965 973 980 981 992 995 996 109 990 849 365 984 336 338 646 391 401 412 463 498 843 513 514 516 559 624 672 677 78 782 846 829 851 99 
4: 117 378 643 668 959 185 343 
5: 118 714 733 780 803 932 762 423 563 
6: 991 954 126 899 953 955 886 862 848 984 205 907 853 988 454 916 31 329 903 364 888 416 424 467 5 764 61 637 761 
7: 915 131 656 722 772 799 493 686 570 579 
8: 733 780 803 137 369 
9: 1000 311 628 634 710 729 855 859 873 906 886 143 354 56 79 
10: 987 994 999 959 145 852 883 885 280 290 908 635 511 605 
11: 987 915 986 990 969 150 978 979 195 966 925 298 353 385 386 392 756 748 476 486 577 519 929 564 567 617 66 67 830 892 812 
12: 152 555 581 647 936 840 306 405 
13: 999 945 154 725 932 415 81 
14: 949 998 993 815 849 169 975 977 176 622 919 896 831 687 967 345 349 964 466 808 940 663 505 902 891 598 601 620 636 669 7 834 866 94 
15: 947 952 972 924 938 934 17 777 857 189 844 920 640 258 860 301 820 435 475 502 713 612 754 937 771 750 786 797 
16: 976 956 912 933 172 923 848 204 278 914 324 410 414 732 507 510 881 610 893 937 708 819 880 788 93 
17: 695 942 854 936 997 935 950 208 814 872 901 388 249 900 342 718 903 366 747 568 593 658 604 89 
18: 948 999 653 864 922 991 692 294 876 216 590 833 239 282 473 571 96 
19: 974 994 530 982 854 932 800 970 985 841 219 968 809 251 842 284 737 396 444 560 913 462 464 50 524 818 565 576 627 697 839 666 684 80 
20: 958 837 674 945 807 584 228 730 587 
21: 234 485 554 664 699 309 35 
22: 681 932 596 603 785 918 702 794 752 765 828 869 238 739 572 592 
23: 738 945 988 243 813 858 887 895 276 328 731 743 655 437 520 59 8 86 
24: 997 691 836 878 759 868 778 34 711 826 688 639 649 700 
25: 904 926 997 971 558 267 673 890 283 689 300 314 477 397 426 43 482 487 
26: 455 575 942 526 657 438 64 
27: 905 822 861 648 69 
28: 1000 265 457 609 662 709 751 948 976 994 
29: 724 898 911 728 971 667 916 266 665 712 781 425 717 465 
30: 735 822 861 272 648 
31: 987 948 783 936 789 591 279 509 
32: 651 652 790 796 661 988 286 683 
33: 742 971 920 291 515 451 
34: 984 678 698 304 355 
35: 758 540 694 716 491 318 638 352 500 
36: 976 795 930 959 982 817 886 910 775 600 971 340 430 489 
37: 994 776 811 827 941 478 905 578 863 346 703 641 719 483 542 
38: 990 854 642 675 943 705 988 916 701 395 874 816 825 440 459 544 
39: 793 982 865 801 848 746 535 706 402 499 
40: 741 976 744 847 631 676 753 409 
41: 959 727 870 422 446 
42: 724 898 911 971 665 427 533 
43: 651 452 661 988 679 
44: 942 875 805 884 773 449 550 586 
45: 736 745 903 441 488 
46: 882 927 990 619 835 671 456 523 937 
47: 871 991 626 721 779 468 
48: 991 613 792 784 574 
49: 991 984 595 792 784 
50: 991 696 982 997 721 779 908 
