# The links inside the communities at k=5
# from G:\Dropbox\Raghda\CNA\Final Project\other methods\CFinder-2.0.6--1448\G:\Dropbox\Raghda\CNA\Final Project\Datasets\binary_networks\LFR1\networ_LFR1_Om4.dat
# at no lower link weight threshold,
# and at no upper link weight threshold.
# Links were treated as undirected.
# No time limit was set for the clique search.

0:
1000 798
1000 804
1000 823
1000 832
1000 889
1000 917
1000 931
1000 957
1000 963
1000 983
1000 989
1000 999
798 823
798 832
798 889
798 917
798 931
798 957
798 963
798 983
798 989
798 757
804 823
804 832
804 917
804 931
804 957
804 963
804 983
804 989
804 999
804 945
804 749
804 755
823 832
823 889
823 917
823 931
823 957
823 963
823 983
823 989
823 999
823 749
823 757
832 889
832 917
832 931
832 957
832 963
832 983
832 989
832 685
832 650
832 755
889 917
889 931
889 957
889 963
889 983
889 989
889 999
889 644
889 685
889 557
889 749
889 650
889 757
889 690
889 755
917 931
917 957
917 963
917 983
917 989
917 999
917 945
917 644
917 685
917 557
917 749
917 650
917 757
917 690
917 755
931 957
931 963
931 983
931 989
931 999
931 102
931 945
931 815
931 840
931 644
931 685
931 557
931 749
931 650
931 757
931 690
931 755
957 963
957 983
957 989
957 999
957 102
957 945
957 157
957 844
957 840
957 334
957 335
957 644
957 367
957 685
957 557
957 749
957 650
957 757
957 690
957 755
963 983
963 989
963 999
963 945
963 815
963 157
963 844
963 334
963 335
963 644
963 367
963 685
963 557
963 749
963 650
963 757
963 690
963 755
983 989
983 999
983 102
983 945
983 815
983 157
983 844
983 840
983 334
983 335
983 644
983 367
983 685
983 557
983 749
983 650
983 757
983 690
983 755
989 999
989 102
989 945
989 815
989 157
989 844
989 840
989 334
989 335
989 644
989 367
989 685
989 557
989 749
989 650
989 757
989 690
989 755
999 945
999 690
644 749
685 757
690 755
1:
104 909
104 928
104 944
104 961
909 928
909 944
909 961
909 897
909 156
909 920
909 293
909 879
909 321
909 330
909 417
909 434
909 484
909 495
909 548
909 552
909 821
909 594
909 763
909 769
909 90
909 92
928 944
928 961
928 11
928 897
928 156
928 920
928 293
928 879
928 321
928 330
928 417
928 431
928 434
928 484
928 495
928 548
928 552
928 821
928 594
928 763
928 769
944 961
944 11
944 897
944 156
944 920
944 293
944 879
944 321
944 330
944 417
944 431
944 434
944 484
944 495
944 548
944 552
944 821
944 594
944 763
944 769
944 90
944 92
961 11
961 897
961 156
961 920
961 293
961 879
961 321
961 330
961 417
961 431
961 434
961 484
961 495
961 548
961 552
961 821
961 594
961 763
961 769
961 90
961 92
11 897
897 920
897 879
897 417
897 431
897 434
897 495
897 548
897 552
897 821
897 594
897 763
897 769
897 90
897 92
920 879
293 879
879 321
879 330
879 484
879 548
879 552
879 821
879 594
879 763
879 769
821 594
821 763
821 769
763 769
2:
107 921
107 939
107 951
107 960
921 939
921 951
921 960
921 111
921 850
921 856
921 608
921 838
921 845
921 26
921 373
921 774
921 383
921 411
921 787
921 481
921 504
921 588
921 632
921 63
939 951
939 960
939 850
939 856
939 608
939 146
939 838
939 845
939 26
939 270
939 320
939 360
939 373
939 774
939 383
939 411
939 787
939 481
939 504
939 588
939 632
939 63
939 84
951 960
951 850
951 856
951 608
951 146
951 838
951 845
951 270
951 320
951 360
951 774
951 383
951 411
951 445
951 787
951 481
951 504
951 588
951 937
951 632
951 63
951 84
960 111
960 850
960 856
960 608
960 146
960 838
960 845
960 26
960 270
960 320
960 360
960 373
960 774
960 411
960 445
960 787
960 481
960 504
960 588
960 937
960 632
960 63
960 84
111 850
111 856
850 856
850 608
850 838
850 845
850 270
850 360
850 411
850 445
850 588
850 937
850 632
856 146
856 838
856 845
856 774
856 383
856 445
856 787
856 588
856 937
856 84
608 774
608 787
838 845
838 270
838 320
838 373
838 774
838 787
838 481
838 937
845 26
845 360
845 383
845 787
845 504
845 937
845 632
373 774
774 445
774 588
774 632
445 787
787 937
787 632
3:
1000 867
1000 877
1000 946
1000 962
1000 965
1000 973
1000 980
1000 981
1000 992
1000 995
1000 996
867 877
867 946
867 962
867 965
867 973
867 980
867 981
867 992
867 995
867 996
867 843
867 782
867 846
867 829
867 851
877 946
877 962
877 965
877 973
877 980
877 981
877 992
877 995
877 996
877 990
877 843
877 782
877 846
877 829
877 851
946 962
946 965
946 973
946 980
946 981
946 992
946 995
946 996
946 990
946 984
946 843
946 677
946 782
946 846
946 829
946 851
962 965
962 973
962 980
962 981
962 992
962 995
962 996
962 990
962 984
962 646
962 843
962 672
962 677
962 782
962 846
962 829
962 851
965 973
965 980
965 981
965 992
965 995
965 996
965 990
965 984
965 646
965 843
965 624
965 672
965 677
965 782
965 846
965 829
965 851
973 980
973 981
973 992
973 995
973 996
973 990
973 984
973 646
973 463
973 843
973 513
973 514
973 559
973 624
973 672
973 677
973 782
973 846
973 829
973 851
980 981
980 992
980 995
980 996
980 109
980 990
980 849
980 365
980 984
980 336
980 646
980 391
980 401
980 412
980 463
980 498
980 843
980 513
980 514
980 516
980 559
980 624
980 672
980 677
980 78
980 782
980 846
980 829
980 851
980 99
981 992
981 995
981 996
981 990
981 984
981 336
981 338
981 646
981 391
981 463
981 498
981 843
981 513
981 514
981 516
981 559
981 624
981 672
981 677
981 782
981 846
981 829
981 851
992 995
992 996
992 109
992 990
992 849
992 365
992 984
992 336
992 338
992 646
992 391
992 401
992 412
992 463
992 498
992 843
992 513
992 514
992 516
992 559
992 624
992 672
992 677
992 78
992 782
992 846
992 829
992 851
992 99
995 996
995 109
995 990
995 849
995 365
995 984
995 336
995 338
995 646
995 391
995 401
995 412
995 463
995 498
995 843
995 513
995 514
995 516
995 559
995 624
995 672
995 677
995 78
995 782
995 846
995 829
995 851
995 99
996 109
996 990
996 849
996 365
996 984
996 336
996 338
996 646
996 391
996 401
996 412
996 463
996 498
996 843
996 513
996 514
996 516
996 559
996 624
996 672
996 677
996 78
996 782
996 846
996 829
996 851
996 99
843 846
843 829
843 851
782 846
846 829
846 851
829 851
4:
117 378
117 643
117 668
117 959
378 643
378 668
378 959
378 343
643 668
643 959
643 185
643 343
668 959
668 185
668 343
959 185
959 343
185 343
5:
118 714
118 733
118 780
118 803
714 733
714 780
714 803
714 932
714 762
714 563
733 780
733 803
733 932
733 762
733 423
733 563
780 803
780 932
780 762
780 563
803 932
803 762
803 423
803 563
932 762
762 423
762 563
423 563
6:
991 954
991 899
991 953
991 955
991 862
991 984
991 907
991 853
991 888
991 764
991 761
954 126
954 899
954 953
954 955
954 886
954 862
954 848
954 984
954 205
954 907
954 853
954 988
954 454
954 916
954 31
954 329
954 903
954 364
954 888
954 416
954 424
954 467
954 5
954 764
954 637
954 761
126 899
126 953
126 955
899 953
899 955
899 886
899 862
899 984
899 907
899 853
899 988
899 454
899 916
899 329
899 888
899 416
899 467
899 764
899 61
899 637
899 761
953 955
953 886
953 862
953 848
953 984
953 205
953 907
953 853
953 988
953 454
953 916
953 31
953 329
953 903
953 364
953 888
953 416
953 424
953 467
953 5
953 764
953 61
953 637
953 761
955 886
955 862
955 848
955 984
955 205
955 907
955 853
955 988
955 454
955 916
955 31
955 329
955 903
955 364
955 888
955 416
955 424
955 467
955 5
955 764
955 61
955 637
955 761
886 907
862 984
862 907
862 853
862 988
862 888
862 764
862 637
862 761
848 888
984 907
984 853
984 888
205 907
907 853
907 988
907 916
907 31
907 903
907 888
907 416
907 424
907 467
907 5
907 764
907 61
907 637
907 761
853 988
853 888
853 764
853 637
853 761
988 888
988 764
988 761
454 888
916 888
903 888
364 888
888 424
888 764
888 637
888 761
764 761
7:
915 656
915 722
915 772
915 799
915 493
915 686
131 656
131 722
131 772
131 799
656 722
656 772
656 799
656 686
656 570
656 579
722 772
722 799
722 493
722 686
722 570
722 579
772 799
772 493
772 686
772 570
772 579
799 493
799 686
799 570
799 579
493 686
686 570
686 579
570 579
8:
733 780
733 803
733 137
733 369
780 803
780 137
780 369
803 137
803 369
137 369
9:
1000 311
1000 628
1000 634
1000 710
1000 729
1000 855
1000 859
1000 873
1000 906
311 855
311 859
311 873
311 906
628 634
628 710
628 729
628 855
628 859
628 873
628 906
634 710
634 729
634 855
634 859
634 873
634 906
710 729
710 855
710 859
710 873
710 906
729 855
729 859
729 873
729 906
855 859
855 873
855 906
855 886
855 143
855 354
855 56
855 79
859 873
859 906
859 886
859 143
859 354
859 56
859 79
873 906
873 886
873 143
873 354
873 56
873 79
906 886
906 143
906 354
906 56
906 79
10:
987 994
987 999
987 959
987 852
987 883
987 885
987 908
987 635
987 511
987 605
994 999
994 959
994 852
994 883
994 885
994 280
994 290
994 908
994 635
994 511
994 605
999 959
999 145
999 852
999 883
999 885
999 280
999 908
999 635
999 511
999 605
959 852
959 883
959 885
959 635
959 605
145 852
145 883
145 885
852 883
852 885
852 280
852 290
852 908
852 635
852 511
852 605
883 885
883 280
883 290
883 908
883 635
883 511
883 605
885 280
885 290
885 908
885 635
885 511
885 605
635 605
11:
987 986
987 969
987 978
987 979
987 966
987 925
987 929
987 830
987 892
987 812
915 986
915 969
915 978
915 979
915 966
915 925
986 990
986 969
986 150
986 978
986 979
986 195
986 966
986 925
986 298
986 353
986 385
986 386
986 392
986 756
986 748
986 476
986 486
986 577
986 519
986 929
986 564
986 567
986 617
986 66
986 67
986 830
986 892
986 812
990 969
990 978
990 979
990 966
990 925
990 929
990 830
990 892
990 812
969 150
969 978
969 979
969 195
969 966
969 925
969 298
969 353
969 385
969 386
969 392
969 756
969 748
969 476
969 486
969 577
969 519
969 929
969 564
969 567
969 617
969 66
969 830
969 892
969 812
150 978
150 979
978 979
978 195
978 966
978 925
978 353
978 385
978 386
978 392
978 756
978 748
978 476
978 486
978 577
978 519
978 929
978 564
978 567
978 617
978 66
978 67
978 830
978 892
978 812
979 966
979 925
979 298
979 353
979 385
979 386
979 392
979 756
979 748
979 476
979 486
979 577
979 519
979 929
979 564
979 567
979 617
979 66
979 67
979 830
979 892
979 812
195 966
966 925
966 298
966 353
966 386
966 392
966 756
966 748
966 476
966 486
966 577
966 519
966 929
966 564
966 567
966 617
966 67
966 830
966 892
966 812
925 756
925 748
925 476
925 577
925 929
925 564
925 567
925 617
925 830
925 892
925 812
756 929
756 830
756 892
748 929
748 830
748 892
929 564
929 617
929 830
929 892
929 812
830 892
830 812
892 812
12:
152 555
152 581
152 647
152 936
555 581
555 647
555 936
555 840
555 306
555 405
581 647
581 936
581 840
581 405
647 936
647 840
647 306
647 405
936 840
936 306
936 405
306 405
13:
999 945
999 154
999 725
999 932
999 415
999 81
945 154
945 725
945 932
945 415
945 81
154 725
154 932
725 932
725 415
725 81
932 415
932 81
14:
949 998
949 993
949 975
949 977
949 622
949 919
949 896
949 831
949 687
949 967
949 964
949 940
949 663
949 902
949 891
949 598
949 601
949 620
949 636
949 669
949 834
949 866
998 993
998 815
998 849
998 169
998 975
998 977
998 176
998 622
998 919
998 896
998 831
998 687
998 967
998 345
998 349
998 964
998 466
998 808
998 940
998 663
998 505
998 902
998 891
998 598
998 601
998 620
998 636
998 669
998 7
998 834
998 866
998 94
993 815
993 849
993 169
993 975
993 977
993 176
993 622
993 919
993 896
993 831
993 687
993 967
993 345
993 349
993 964
993 466
993 808
993 940
993 663
993 505
993 902
993 891
993 598
993 601
993 620
993 636
993 669
993 7
993 834
993 866
993 94
815 975
815 977
849 975
849 977
169 975
169 977
975 977
975 176
975 622
975 919
975 896
975 831
975 687
975 967
975 345
975 349
975 964
975 466
975 808
975 940
975 663
975 505
975 902
975 891
975 598
975 601
975 620
975 636
975 669
975 7
975 834
975 866
975 94
977 176
977 622
977 919
977 896
977 831
977 687
977 967
977 345
977 349
977 964
977 466
977 808
977 940
977 663
977 505
977 902
977 891
977 598
977 601
977 620
977 636
977 669
977 7
977 834
977 866
977 94
622 967
622 964
919 896
919 831
919 687
919 967
919 964
919 940
919 902
919 891
919 834
919 866
896 831
896 967
896 964
896 940
896 902
896 891
896 834
896 866
831 967
831 964
831 940
831 902
831 891
831 834
831 866
687 967
687 964
687 940
967 345
967 349
967 964
967 466
967 940
967 663
967 505
967 902
967 891
967 598
967 601
967 620
967 636
967 669
967 834
967 866
964 940
964 663
964 505
964 902
964 891
964 598
964 601
964 620
964 636
964 669
964 834
964 866
940 663
940 902
940 891
940 601
940 636
940 669
940 834
940 866
902 891
902 834
902 866
891 834
891 866
834 866
15:
947 952
947 972
947 924
947 938
947 934
947 17
947 777
947 857
947 189
947 920
947 640
947 258
947 860
947 301
947 820
947 435
947 475
947 502
947 713
947 612
947 754
947 937
947 771
947 750
947 786
947 797
952 972
952 924
952 938
952 934
952 777
952 857
952 844
952 920
952 640
952 258
952 860
952 301
952 820
952 475
952 502
952 713
952 612
952 754
952 937
952 771
952 750
952 786
952 797
972 924
972 938
972 934
972 777
972 857
972 189
972 844
972 920
972 860
972 301
972 820
972 435
972 475
972 502
972 713
972 612
972 754
972 937
972 771
972 750
972 786
972 797
924 938
924 934
924 777
924 857
924 920
924 640
924 860
924 301
924 820
924 435
924 475
924 502
924 713
924 612
924 754
924 937
924 771
924 750
924 786
924 797
938 934
938 17
938 777
938 857
938 189
938 640
938 860
938 820
938 435
938 475
938 502
938 713
938 612
938 754
938 937
938 771
938 750
938 786
938 797
934 777
934 857
934 189
934 920
934 640
934 258
934 860
934 301
934 820
934 435
934 475
934 502
934 713
934 612
934 937
934 771
934 750
934 786
934 797
17 777
17 857
777 857
777 860
777 754
777 750
777 786
857 258
857 860
857 820
857 612
857 754
857 937
857 771
857 797
844 860
844 820
920 820
640 860
640 820
640 713
860 820
860 713
860 754
860 771
860 750
860 786
860 797
820 435
820 771
820 797
713 771
612 754
754 797
771 786
750 786
750 797
786 797
16:
976 956
976 912
976 933
976 923
976 914
976 881
976 893
976 819
976 880
956 912
956 933
956 172
956 923
956 848
956 204
956 278
956 914
956 324
956 410
956 414
956 732
956 507
956 510
956 881
956 610
956 893
956 937
956 708
956 819
956 880
956 788
956 93
912 933
912 172
912 923
912 848
912 204
912 914
912 324
912 410
912 732
912 507
912 510
912 881
912 610
912 893
912 937
912 708
912 819
912 880
912 788
912 93
933 172
933 923
933 848
933 204
933 278
933 914
933 324
933 410
933 414
933 732
933 507
933 510
933 881
933 610
933 893
933 937
933 708
933 819
933 880
933 788
933 93
172 923
923 204
923 278
923 914
923 324
923 410
923 414
923 732
923 507
923 510
923 881
923 610
923 893
923 937
923 708
923 819
923 880
923 788
923 93
848 914
278 914
914 414
914 732
914 507
914 510
914 881
914 610
914 893
914 937
914 708
914 819
914 880
914 788
732 881
732 893
732 819
732 880
732 788
881 610
881 893
881 937
881 708
881 819
881 880
881 788
610 893
893 937
893 708
893 819
893 880
893 788
708 819
708 880
819 880
819 788
880 788
17:
695 997
695 935
695 950
695 872
695 901
695 900
695 747
695 658
695 89
942 936
942 997
942 935
942 950
942 814
942 901
942 900
942 366
942 658
854 997
854 935
854 814
854 872
936 935
936 814
936 872
936 901
936 900
936 593
997 935
997 814
997 872
997 901
997 900
997 903
997 747
997 593
935 950
935 208
935 814
935 872
935 901
935 388
935 249
935 900
935 342
935 718
935 903
935 366
935 747
935 568
935 593
935 658
935 604
935 89
950 814
950 872
950 901
950 900
950 718
950 604
208 814
208 872
208 901
814 872
814 901
814 249
814 900
814 718
814 747
814 658
872 901
872 249
872 900
872 342
872 718
872 903
872 747
872 568
872 593
872 604
901 388
901 249
901 900
901 342
901 718
901 903
901 366
901 747
901 568
901 593
901 658
901 604
901 89
388 900
388 747
900 342
900 718
900 903
900 366
900 747
900 568
900 593
900 658
900 604
900 89
342 718
718 747
718 604
903 658
747 658
568 593
568 658
593 604
18:
948 999
948 864
948 922
948 876
948 833
948 473
999 653
999 864
999 922
999 991
999 692
999 294
999 876
999 590
999 833
999 239
653 864
653 922
653 991
653 590
653 833
864 922
864 991
864 692
864 294
864 876
864 590
864 833
864 239
864 282
864 473
864 571
922 991
922 692
922 876
922 216
922 590
922 833
922 239
922 282
922 473
922 571
922 96
991 876
991 833
991 282
692 294
692 876
692 833
692 571
692 96
294 876
876 216
876 590
876 833
876 282
876 473
876 571
876 96
216 590
216 833
590 833
833 239
833 282
833 473
833 96
473 571
19:
974 994
974 530
974 982
974 854
974 932
974 800
974 970
974 985
974 841
974 219
974 968
974 809
974 251
974 842
974 284
974 737
974 396
974 444
974 560
974 913
974 464
974 50
974 524
974 818
974 565
974 576
974 627
974 697
974 839
974 666
974 684
974 80
994 970
994 985
994 841
994 968
994 809
994 842
994 913
994 818
994 627
994 839
994 684
530 970
530 985
530 841
530 968
530 818
982 932
982 800
982 970
982 985
982 841
982 968
982 842
982 818
854 985
854 968
854 818
932 970
932 968
932 842
932 737
932 839
800 970
800 985
800 968
800 842
800 737
800 913
800 524
800 576
800 697
800 839
800 684
970 985
970 841
970 219
970 968
970 809
970 251
970 842
970 284
970 396
970 444
970 913
970 462
970 524
970 818
970 565
970 576
970 627
970 697
970 839
970 666
970 684
970 80
985 841
985 219
985 968
985 809
985 251
985 842
985 284
985 737
985 396
985 444
985 560
985 913
985 462
985 464
985 50
985 524
985 818
985 565
985 576
985 627
985 697
985 839
985 666
985 684
985 80
841 968
841 809
841 842
841 737
841 913
841 462
841 565
841 627
841 839
219 968
968 809
968 251
968 842
968 284
968 737
968 396
968 444
968 560
968 913
968 462
968 464
968 50
968 524
968 818
968 565
968 627
968 697
968 839
968 666
968 684
968 80
809 913
809 818
809 565
809 697
809 839
809 684
842 737
842 560
842 913
842 464
842 839
842 666
737 913
737 464
737 839
444 560
444 913
560 913
913 462
913 464
913 50
913 818
913 565
913 576
913 697
913 839
913 666
913 684
818 576
818 697
818 839
627 697
627 839
839 666
666 684
20:
958 837
958 674
958 945
958 807
958 584
958 228
958 730
958 587
837 674
837 945
837 807
837 228
837 730
837 587
674 945
674 807
674 228
674 730
945 807
807 584
807 228
807 730
807 587
584 730
584 587
730 587
21:
234 485
234 554
234 664
234 699
485 554
485 664
485 699
485 309
485 35
554 664
554 699
554 309
554 35
664 699
664 309
664 35
699 309
699 35
22:
681 932
681 785
681 918
681 702
681 752
681 765
681 828
681 739
681 592
932 918
932 794
932 765
932 828
932 869
596 918
596 794
596 828
596 869
596 592
603 785
603 918
603 702
603 752
603 869
603 739
603 592
785 918
785 702
785 752
785 828
785 869
785 739
918 702
918 794
918 752
918 765
918 828
918 869
918 238
918 739
918 572
918 592
702 752
794 752
794 765
794 828
794 869
794 238
794 739
794 572
752 828
752 869
752 572
765 828
765 869
765 238
765 739
828 869
828 739
828 572
828 592
869 238
869 739
869 572
869 592
739 572
739 592
23:
738 945
738 988
738 858
738 887
738 895
738 731
738 655
738 59
945 858
945 887
945 895
945 731
945 743
945 437
988 813
988 858
988 887
988 895
988 328
988 731
988 743
988 437
988 86
243 813
243 858
243 887
243 895
813 858
813 887
813 895
813 276
813 731
813 743
813 655
813 520
813 8
858 887
858 895
858 276
858 731
858 743
858 655
858 437
858 520
858 59
858 86
887 895
887 276
887 328
887 731
887 743
887 655
887 437
887 520
887 59
887 8
887 86
895 276
895 328
895 731
895 743
895 655
895 437
895 520
895 59
895 8
895 86
328 731
328 743
731 743
731 655
743 655
743 520
655 8
24:
997 868
997 778
997 826
997 688
997 639
997 700
691 836
691 878
691 759
691 868
691 778
691 711
691 826
836 878
836 759
836 868
836 778
836 34
836 711
836 826
836 688
836 649
836 700
878 759
878 868
878 778
878 34
878 711
878 826
878 688
878 649
878 700
759 868
759 649
759 700
868 778
868 34
868 711
868 688
868 639
868 649
778 711
778 826
778 688
778 639
778 700
34 711
711 826
711 649
826 688
826 639
826 649
826 700
688 639
688 700
639 700
649 700
25:
904 926
904 997
904 971
904 558
904 267
904 673
904 890
904 283
904 689
904 300
904 314
904 477
904 397
904 426
904 43
904 482
904 487
926 997
926 971
926 558
926 267
926 673
926 890
926 283
926 689
926 300
926 314
926 477
926 397
926 426
926 43
926 482
926 487
997 267
997 673
997 890
997 283
997 689
997 426
997 43
997 487
971 673
971 890
971 397
971 426
971 482
558 890
558 689
558 300
267 673
267 890
673 890
673 689
673 314
890 283
890 689
890 300
890 314
890 477
890 397
890 426
890 43
890 482
890 487
283 689
689 477
689 487
314 477
477 482
26:
455 575
455 942
455 526
455 657
455 438
575 942
575 526
575 657
575 438
575 64
942 526
942 657
942 64
526 657
526 438
526 64
657 438
657 64
27:
905 822
905 861
905 648
905 69
822 861
822 648
822 69
861 648
861 69
648 69
28:
1000 265
1000 457
1000 609
1000 662
1000 709
1000 751
1000 948
1000 976
1000 994
265 751
265 948
265 994
457 609
457 662
457 976
609 662
609 976
609 994
662 709
662 751
662 948
662 976
662 994
709 751
709 994
751 948
751 976
751 994
948 976
948 994
976 994
29:
724 898
724 911
724 667
724 465
898 911
898 728
898 971
898 667
898 916
898 266
898 665
898 712
898 781
898 425
898 717
898 465
911 728
911 971
911 667
911 916
911 266
911 665
911 712
911 781
911 425
911 717
911 465
728 916
728 665
728 712
728 781
728 425
728 717
728 465
971 916
971 717
667 781
667 717
667 465
916 781
916 717
266 665
266 712
266 781
665 712
712 781
781 425
781 717
781 465
425 717
30:
735 822
735 861
735 272
735 648
822 861
822 272
822 648
861 272
861 648
272 648
31:
987 948
987 783
987 936
987 789
987 591
987 279
948 783
948 789
948 591
948 279
948 509
783 936
783 789
783 591
783 279
783 509
936 789
936 591
936 509
789 591
789 279
789 509
591 509
279 509
32:
651 652
651 790
651 661
651 988
651 683
652 790
652 796
652 661
652 988
652 683
790 796
790 661
790 988
790 286
790 683
796 988
796 286
796 683
661 988
661 683
988 286
988 683
286 683
33:
742 971
742 920
742 291
742 515
742 451
971 920
971 291
971 515
971 451
920 291
920 515
920 451
291 515
515 451
34:
984 678
984 698
984 304
984 355
678 698
678 304
678 355
698 304
698 355
304 355
35:
758 540
758 694
758 716
758 491
758 318
758 638
758 352
758 500
540 694
540 491
540 638
540 500
694 716
694 491
694 318
694 638
694 352
694 500
716 491
716 318
716 638
716 352
716 500
491 638
318 638
638 352
638 500
36:
976 795
976 930
976 982
976 817
976 910
976 600
976 971
976 489
795 930
795 959
795 982
795 910
795 600
795 971
930 959
930 982
930 817
930 886
930 910
930 775
930 600
930 971
930 340
930 430
930 489
959 982
959 817
959 910
959 600
959 340
982 910
982 775
982 600
982 971
817 910
817 775
817 600
817 340
817 430
817 489
886 910
886 775
886 971
910 775
910 600
910 971
910 340
910 430
910 489
775 971
775 430
775 489
971 489
37:
994 811
994 827
994 941
994 905
994 863
994 346
994 703
994 641
994 542
776 811
776 941
776 578
776 863
776 703
776 719
776 483
811 827
811 941
811 478
811 578
811 863
811 703
811 641
811 719
811 483
811 542
827 941
827 863
827 703
827 641
941 478
941 905
941 578
941 863
941 346
941 703
941 641
941 719
941 483
941 542
478 863
478 719
905 863
905 703
905 641
905 719
578 483
863 346
863 703
863 641
863 719
863 542
346 703
703 483
641 719
719 542
38:
990 675
990 943
990 705
990 701
990 874
990 816
990 440
990 544
854 943
854 988
854 874
854 816
642 675
642 943
642 874
642 816
642 825
642 459
675 943
675 988
675 701
675 874
675 816
675 440
943 705
943 988
943 916
943 701
943 395
943 874
943 816
943 825
943 440
943 459
943 544
705 701
705 395
705 874
705 816
705 825
705 544
988 701
988 395
988 874
988 816
988 825
916 874
916 816
916 825
916 440
701 395
701 874
701 816
701 825
395 874
874 816
874 825
874 440
874 459
874 544
816 825
825 440
825 459
39:
793 982
793 865
793 801
793 746
793 535
793 706
793 499
982 865
982 801
982 848
982 746
982 402
982 499
865 801
865 848
865 746
865 535
865 706
865 402
865 499
801 848
801 746
801 535
801 402
801 499
848 499
746 535
746 706
746 402
746 499
535 706
40:
741 744
741 847
741 676
741 753
741 409
976 744
976 847
976 631
976 676
976 753
744 847
744 631
744 676
744 753
744 409
847 631
847 676
847 753
847 409
631 676
631 753
631 409
676 753
753 409
41:
959 727
959 870
959 422
959 446
727 870
727 422
727 446
870 422
870 446
422 446
42:
724 898
724 911
724 971
724 427
724 533
898 911
898 971
898 665
898 427
898 533
911 971
911 665
911 427
911 533
971 665
971 427
971 533
665 533
43:
651 452
651 661
651 988
651 679
452 661
452 988
452 679
661 988
661 679
988 679
44:
942 875
942 805
942 884
942 773
942 550
942 586
875 805
875 884
875 773
875 449
875 550
875 586
805 884
805 773
805 449
805 586
884 773
884 449
884 550
884 586
773 449
773 550
773 586
550 586
45:
736 745
736 903
736 441
736 488
745 903
745 441
745 488
903 441
903 488
441 488
46:
882 927
882 990
882 619
882 835
882 671
882 456
882 523
882 937
927 990
927 835
927 671
927 456
927 523
927 937
990 619
990 835
990 456
990 523
990 937
619 835
619 456
619 937
835 671
835 456
835 523
835 937
671 523
47:
871 991
871 626
871 721
871 779
871 468
991 626
991 721
991 779
626 721
626 779
626 468
721 779
721 468
779 468
48:
991 613
991 792
991 784
991 574
613 792
613 784
613 574
792 784
792 574
784 574
49:
991 984
991 595
991 792
991 784
984 595
984 792
984 784
595 792
595 784
792 784
50:
991 696
991 982
991 721
991 779
991 908
696 982
696 997
696 779
696 908
982 997
982 721
982 779
982 908
997 779
997 908
721 779
721 908
779 908
