# The graph of at k=5
# from G:\Dropbox\Raghda\CNA\Final Project\other methods\CFinder-2.0.6--1448\G:\Dropbox\Raghda\CNA\Final Project\Datasets\binary_networks\LFR1\networ_LFR1_Om4.dat
# at no lower link weight threshold,
# and at no upper link weight threshold.
# Links were treated as undirected.
# No time limit was set for the clique search.

0 3 1
0 9 1
0 10 1
0 12 1
0 13 2
0 14 1
0 15 1
0 18 1
0 20 1
0 23 1
0 28 1
1 15 1
1 33 1
2 15 1
2 16 1
2 46 1
3 6 1
3 9 1
3 11 1
3 14 1
3 28 1
3 34 1
3 38 1
3 46 1
3 49 1
4 10 1
4 36 1
4 41 1
5 8 3
5 13 1
5 19 1
5 22 1
6 9 1
6 16 1
6 17 1
6 18 1
6 23 1
6 29 1
6 32 1
6 34 1
6 36 1
6 38 2
6 39 1
6 43 1
6 45 1
6 47 1
6 48 1
6 49 2
6 50 1
7 11 1
9 28 1
9 36 1
10 11 1
10 13 1
10 18 1
10 19 1
10 28 1
10 31 1
10 36 1
10 37 1
10 41 1
10 50 1
11 31 1
11 38 1
11 46 1
12 17 1
12 31 1
13 18 1
13 19 1
13 20 1
13 22 1
13 23 1
15 16 1
15 33 1
15 46 1
16 28 1
16 36 1
16 39 1
16 40 1
16 46 1
17 19 1
17 24 1
17 25 1
17 26 1
17 31 1
17 38 1
17 44 1
17 45 1
17 50 1
18 28 1
18 31 1
18 47 1
18 48 1
18 49 1
18 50 1
19 22 1
19 28 1
19 36 1
19 37 1
19 38 1
19 39 1
19 50 1
20 23 1
23 32 1
23 38 1
23 43 1
24 25 1
24 50 1
25 29 1
25 33 1
25 36 1
25 42 1
25 50 1
26 44 1
27 30 3
27 37 1
28 31 1
28 36 1
28 37 1
28 40 1
29 33 1
29 36 1
29 38 1
29 42 5
32 38 1
32 43 3
33 36 1
33 42 1
34 49 1
36 39 1
36 40 1
36 41 1
36 42 1
36 50 1
38 43 1
38 46 1
39 50 1
47 48 1
47 49 1
47 50 3
48 49 3
48 50 1
49 50 1
