# The links inside the communities at k=9
# from G:\Dropbox\Raghda\CNA\Final Project\other methods\CFinder-2.0.6--1448\G:\Dropbox\Raghda\CNA\Final Project\Datasets\binary_networks\LFR2\networ_LFR2_Om6.dat
# at no lower link weight threshold,
# and at no upper link weight threshold.
# Links were treated as undirected.
# No time limit was set for the clique search.

0:
925 980
925 983
925 964
925 973
925 738
925 956
925 894
925 785
925 741
980 983
980 964
980 973
980 738
980 956
980 894
980 785
980 741
983 964
983 973
983 738
983 956
983 894
983 785
983 741
964 973
964 738
964 956
964 894
964 785
964 741
973 738
973 956
973 894
973 785
973 741
738 956
738 894
738 785
956 894
956 785
956 741
894 785
894 741
785 741
1:
864 917
864 927
864 987
864 998
864 778
864 799
864 721
864 807
917 927
917 987
917 998
917 778
917 799
917 721
917 807
927 987
927 998
927 778
927 799
927 721
927 807
987 998
987 778
987 799
987 721
987 807
998 778
998 799
998 721
998 807
778 799
778 721
778 807
799 721
799 807
721 807
2:
988 978
988 996
988 847
988 954
988 926
988 905
988 844
988 789
988 870
988 854
988 811
978 996
978 847
978 954
978 926
978 905
978 844
978 789
978 870
978 854
978 811
996 847
996 954
996 926
996 905
996 844
996 789
996 870
996 854
996 811
847 954
847 926
847 905
847 844
847 789
847 870
847 854
847 811
954 926
954 905
954 844
954 789
954 870
954 854
954 811
926 905
926 844
926 789
926 870
926 854
926 811
905 844
905 789
905 870
905 854
905 811
844 789
844 870
844 854
789 870
870 854
870 811
854 811
