# The contained cliques in the communities at k=3
# from G:\Dropbox\Raghda\CNA\Final Project\other methods\CFinder-2.0.6--1448\G:\Dropbox\Raghda\CNA\Final Project\Datasets\binary_networks\LFR6\network_LFR6_Om6.dat
# at no lower link weight threshold,
# and at no upper link weight threshold.
# Links were treated as undirected.
# No time limit was set for the clique search.

0: 0 1 2 5 572 578 3 4 6 148 573 574 823 828 829 575 724 871 371 576 370 147 261 858 939 1010 1177 774 859 126 166 193 359 360 503 754 755 1037 1074 1075 1076 1077 1078 168 213 501 167 1079 194 758 1116 1117 212 757 211 509 835 1185 1199 1200 508 510 873 34 872 874 875 35 36 37 248 249 1073 1105 1106 191 485 672 995 192 164 355 498 499 500 673 923 924 925 85 96 188 354 486 671 850 994 84 86 189 903 771 1052 1179 1047 1051 1017 1186 25 183 26 27 184 378 379 58 59 198 697 1128 197 199 200 93 391 477 505 92 531 532 392 506 935 934 936 445 469 621 670 937 1166 1191 470 402 471 400 401 399 539 891 892 561 767 315 459 271 270 457 80 182 222 223 456 458 608 728 735 821 912 1025 1026 1071 1121 1142 1046 1139 1174 1045 254 161 238 1119 1136 1138 77 239 424 426 236 237 279 294 327 425 473 749 853 952 1194 295 1150 255 537 810 852 927 1062 1063 1102 1132 1195 124 256 335 1050 1060 1064 1065 123 1066 1009 1122 137 299 1008 136 297 298 1007 883 884 545 546 629 630 904 905 907 74 78 90 91 490 542 544 628 165 489 491 942 627 943 837 906 838 839 666 836 1093 447 664 665 1042 1058 453 480 723 1036 1039 1041 1054 452 814 961 1197 640 808 809 812 813 815 217 887 1140 1157 888 889 787 890 1158 1196 586 745 788 789 587 588 632 635 636 747 633 634 743 1188 1189 1175 1176 944 1184 231 560 639 783 945 946 949 290 313 948 289 1000 314 312 381 1144 1145 382 115 380 638 1012 262 311 1011 1178 263 264 265 800 1193 340 341 343 794 1162 344 583 684 721 780 1168 580 582 585 22 60 245 323 516 581 584 741 795 983 1067 1069 1070 1182 94 750 901 1169 1172 1173 95 247 398 801 998 1170 804 1057 113 803 951 1171 304 706 781 825 959 302 303 305 727 726 68 427 689 725 970 971 67 69 1087 1088 329 1103 1149 328 330 687 1082 229 688 690 691 226 228 227 799 857 798 565 708 975 564 567 1124 566 568 1126 589 590 591 592 849 868 921 1053 1146 1151 118 847 65 81 144 845 846 848 171 172 173 1086 244 333 722 116 117 334 414 415 416 437 438 439 519 520 521 522 626 881 913 1027 720 719 880 1072 1089 528 1016 996 997 492 999 493 1085 530 529 877 910 661 662 663 876 50 878 56 926 869 463 597 870 964 967 120 243 644 759 963 965 966 121 533 534 39 209 389 540 579 599 772 785 786 973 40 273 740 1005 1125 541 958 1006 283 957 960 109 422 423 108 807 1003 1004 1081 1083 156 411 897 918 988 1080 1095 1096 1097 1098 1099 1100 1101 31 157 158 32 71 72 131 403 412 681 692 791 1049 1056 1094 1133 1143 1192 1153 1154 1134 1040 1135 882 1043 376 440 444 605 441 442 658 383 443 41 931 38 21 1123 1155 102 275 325 338 648 674 675 819 979 1014 1032 1033 103 677 326 676 678 1031 1030 1034 284 701 285 132 404 405 358 367 700 702 844 160 570 790 61 73 625 782 1035 1180 280 982 1164 151 980 9 48 981 8 10 914 919 978 49 623 257 624 388 461 617 698 730 778 802 909 57 917 855 854 705 856 1120 776 818 99 276 647 496 143 342 497 693 709 713 777 894 916 928 1013 1156 1152 1198 87 660 88 659 614 615 321 318 320 322 319 1163 1107 428 1038 1104 153 429 152 154 430 738 1190 52 593 595 596 736 737 51 594 535 717 739 956 307 955 308 235 766 558 559 141 288 356 357 685 765 985 1113 291 122 419 668 940 1111 1112 301 418 300 230 792 150 293 292 655 654 1028 66 105 989 1029 104 106 976 1127 495 494 977 515 368 464 646 824 860 864 893 898 922 1108 1109 465 475 704 1159 1161 476 1160 250 100 712 714 484 827 683 826 1147 682 616 232 641 1021 1110 1023 1024 332 1019 1022 1018 1068 986 1020 517 987 518 601 793 600 350 76 348 550 551 552 553 770 784 840 1141 75 349 762 763 764 251 841 410 169 761 1048 208 699 645 45 44 420 851 1181 421 432 433 434 287 127 286 885 886 225 224 569 1084 110 363 487 1129 1131 1137 488 523 524 525 1130 733 33 990 107 703 667 140 843 274 602 842 1044 816 865 695 817 241 696 240 242 317 316 734 214 679 185 218 324 353 431 42 43 752 219 1114 1001 938 933 507 657 372 11 64 70 642 656 775 796 915 1165 417 63 694 306 929 930 1055 246 1092 1090 1091 413 920 252 369 862 1167 134 351 352 210 773 23 24 138 1115 139 760 556 606 974 133 707 409 195 408 196 482 611 612 613 968 346 448 619 347 483 449 450 451 454 455 618 1148 953 954 1061 620 831 993 830 89 155 467 1059 1183 543 941 972 479 554 947 187 744 186 669 748 746 394 962 393 395 511 512 513 278 514 267 481 637 900 899 557 30 631 902 992 991 536 538 811 472 20 474 19 396 281 397 282 950 181 820 1118 607 98 609 97 504 502 339 478 598 822 610 1187 756 277 101 622 215 216 1002 
1: 7 149 
2: 12 
3: 13 
4: 14 
5: 15 16 54 114 125 142 145 174 177 361 460 649 710 715 716 729 753 832 895 908 969 984 1015 652 768 653 259 258 650 651 
6: 17 18 82 373 374 83 221 162 163 466 53 
7: 28 202 203 386 731 833 834 879 46 718 47 680 385 387 643 797 861 863 742 
8: 29 
9: 55 129 336 337 
10: 62 
11: 79 362 
12: 111 112 159 
13: 119 296 751 866 867 
14: 128 
15: 130 
16: 135 
17: 146 
18: 170 204 205 206 
19: 175 176 201 
20: 178 179 
21: 180 
22: 190 
23: 207 
24: 220 
25: 233 234 
26: 253 
27: 260 
28: 266 
29: 268 603 604 
30: 269 435 
31: 272 
32: 309 310 406 686 527 407 526 
33: 331 
34: 345 
35: 364 365 366 769 896 
36: 375 
37: 377 
38: 384 
39: 390 
40: 436 
41: 446 
42: 462 
43: 468 
44: 547 549 548 
45: 555 
46: 562 
47: 563 
48: 571 
49: 577 
50: 711 
51: 732 
52: 779 
53: 805 806 
54: 911 
55: 932 
