# The links inside the communities at k=3
# from G:\Dropbox\Raghda\CNA\Final Project\other methods\CFinder-2.0.6--1448\G:\Dropbox\Raghda\CNA\Final Project\Datasets\binary_networks\LFR6\network_LFR6_Om6.dat
# at no lower link weight threshold,
# and at no upper link weight threshold.
# Links were treated as undirected.
# No time limit was set for the clique search.

0:
369 958
369 997
908 901
908 928
908 993
908 990
908 937
908 988
908 939
908 968
908 921
908 963
908 976
908 821
908 971
908 533
908 801
908 844
960 924
960 905
960 935
960 962
960 995
960 126
960 866
960 887
960 929
960 839
960 991
960 829
960 992
960 996
960 983
960 788
960 941
960 249
960 25
960 266
960 966
960 920
960 881
960 923
960 952
960 339
960 723
960 906
960 360
960 666
960 503
970 997
970 885
970 977
970 842
970 984
970 313
970 708
970 949
970 341
970 38
970 474
970 634
970 833
970 71
901 869
901 990
901 968
901 998
901 976
901 953
901 972
901 945
901 724
901 853
901 433
901 491
901 834
901 553
978 690
978 967
978 840
978 142
978 988
978 14
978 999
978 929
978 944
978 973
978 770
978 912
978 507
978 659
978 932
978 975
978 661
978 291
978 748
978 340
978 830
978 621
978 650
978 642
978 744
878 879
878 983
878 972
878 427
878 803
878 834
918 807
918 879
918 962
918 995
918 988
918 973
918 829
918 897
918 971
918 938
918 547
1000 120
1000 225
1000 241
1000 384
1000 401
1000 527
1000 682
1000 686
1000 70
1000 726
1000 781
1000 795
1000 808
1000 815
1000 846
1000 848
1000 865
1000 909
1000 928
1000 933
1000 958
1000 997
120 686
120 795
225 686
225 795
225 808
241 384
241 795
241 808
384 795
384 808
384 997
401 997
527 848
527 909
610 947
610 838
617 988
617 999
617 830
635 916
635 982
635 991
635 941
677 899
677 636
682 686
682 795
682 808
682 909
682 928
682 958
682 997
686 70
686 928
686 933
686 997
70 795
70 808
704 982
704 959
704 911
704 517
726 808
726 846
726 998
726 926
726 889
726 948
730 947
730 838
757 954
757 875
757 976
757 775
781 795
781 981
781 998
781 991
781 891
781 193
781 974
781 946
781 938
781 320
795 808
795 865
795 933
795 997
808 815
808 909
808 933
815 935
815 947
815 838
815 223
815 632
846 962
846 995
846 998
846 40
846 953
846 782
846 724
846 526
865 958
865 940
865 956
865 937
865 571
865 871
865 955
865 957
865 779
865 980
865 971
865 917
865 662
894 989
894 993
894 967
894 654
894 950
894 969
894 888
894 860
894 169
894 732
894 842
894 762
894 778
894 920
894 945
894 595
894 353
894 645
895 982
895 608
895 926
895 753
895 979
895 953
895 996
895 638
895 354
895 810
895 906
895 666
895 438
895 717
909 872
909 794
909 934
909 850
909 998
909 927
909 915
909 857
928 997
928 869
928 854
928 939
928 968
928 921
928 948
928 938
928 553
933 965
933 936
933 967
933 988
933 660
933 934
933 921
933 998
933 845
933 914
933 832
933 932
933 814
933 771
933 724
933 893
933 776
933 713
933 581
958 997
958 872
958 982
958 441
958 995
958 904
958 946
958 980
958 971
958 287
958 986
958 778
958 896
958 900
958 826
958 392
997 989
997 879
997 936
997 623
997 774
997 959
997 911
997 860
997 976
997 912
997 764
997 975
997 971
997 746
997 983
997 775
997 778
997 984
997 272
997 966
997 858
997 517
997 803
997 574
997 512
997 949
997 466
997 826
997 520
997 474
997 634
997 833
997 71
997 744
807 898
807 995
807 136
807 888
807 843
930 841
930 962
930 955
930 152
930 652
930 824
930 973
930 832
930 731
930 856
930 611
930 709
981 916
981 839
981 891
981 646
981 814
981 882
981 941
981 629
981 778
981 938
981 796
981 742
981 798
981 536
981 673
103 872
103 877
103 989
103 993
872 877
872 794
872 982
872 942
872 996
872 616
872 906
872 856
872 581
877 989
877 993
877 150
877 813
877 839
877 821
877 843
989 990
989 959
989 988
989 939
989 968
989 811
989 944
989 925
989 963
989 147
989 790
989 150
989 860
989 957
989 976
989 766
989 974
989 530
989 953
989 843
989 983
989 842
989 966
989 446
989 533
989 510
989 836
989 873
989 627
989 800
989 856
989 765
989 667
989 579
993 990
993 961
993 654
993 969
993 959
993 939
993 968
993 755
993 947
993 813
993 839
993 608
993 784
993 821
993 838
993 740
993 971
993 843
993 986
993 754
993 772
993 972
993 785
993 945
993 802
993 410
993 590
993 511
993 544
993 82
993 717
323 764
323 376
758 940
758 956
758 947
758 838
841 977
841 824
841 980
841 731
869 967
869 934
869 868
869 752
869 674
869 858
869 457
869 834
869 553
869 543
812 822
812 951
812 977
812 715
812 860
812 932
812 946
924 959
924 618
924 998
924 911
924 839
924 182
924 25
924 52
924 629
924 920
924 859
924 699
924 844
943 936
943 951
943 888
943 904
943 180
943 198
943 797
943 932
943 200
943 226
943 819
943 6
943 80
619 755
619 991
884 973
884 983
884 948
884 900
884 799
884 857
884 798
884 58
987 964
987 934
987 927
987 942
987 793
987 64
987 980
987 301
987 863
987 475
987 689
987 692
987 767
987 531
879 564
879 937
879 888
879 931
879 953
879 983
879 938
879 810
879 900
879 505
905 887
905 992
905 237
905 788
905 360
905 720
954 108
954 626
954 706
954 875
954 995
954 937
954 977
954 813
954 178
954 185
954 772
954 972
954 858
954 575
954 680
964 934
964 927
964 942
964 793
964 170
964 753
964 992
964 475
964 689
964 692
964 767
964 531
964 645
964 673
990 962
990 937
990 890
990 988
990 131
990 346
990 939
990 968
990 921
990 963
990 976
990 763
990 186
990 971
990 789
990 514
990 785
990 881
990 533
990 712
990 729
990 801
990 99
990 544
990 844
108 626
108 706
108 875
626 706
626 875
626 977
626 972
706 875
706 977
706 178
706 185
706 972
706 984
706 858
875 977
875 813
875 178
875 185
875 772
875 972
875 858
875 680
794 934
885 949
885 38
885 833
916 839
916 860
916 891
916 992
916 986
916 882
916 941
916 945
916 742
916 326
916 799
916 667
591 867
591 991
591 238
591 396
591 799
591 599
591 727
690 840
940 982
940 956
940 937
940 988
940 955
940 813
940 975
940 917
940 712
940 825
940 809
940 445
940 713
940 844
940 720
940 96
822 951
822 977
822 715
822 904
822 946
822 620
982 961
982 995
982 959
982 618
982 991
982 975
982 941
982 778
982 984
982 264
982 896
982 920
982 638
982 737
982 354
982 856
982 72
982 478
982 699
441 971
441 972
441 491
441 532
899 961
899 967
899 643
899 920
899 61
899 636
899 494
899 589
899 691
965 944
965 883
965 265
965 562
965 678
965 687
965 718
965 801
965 713
965 691
880 944
880 911
880 914
880 783
880 339
880 723
880 756
880 751
935 596
935 867
935 561
935 223
935 266
935 945
935 583
935 649
935 675
935 632
935 818
961 967
961 654
961 950
961 969
961 133
961 929
961 860
961 973
961 926
961 736
961 979
961 643
961 896
961 966
961 920
961 638
961 862
961 737
961 590
961 494
898 995
898 696
898 136
898 843
898 649
898 355
936 813
936 976
936 835
936 971
936 953
936 972
936 920
936 819
936 881
936 952
936 388
936 893
936 91
936 639
936 422
962 937
962 769
962 931
962 963
962 955
962 824
962 973
962 991
962 829
962 175
962 731
962 738
962 782
962 984
962 923
962 320
962 952
962 651
962 773
119 279
119 623
119 774
279 774
279 966
279 446
623 774
623 992
623 966
774 992
774 555
774 733
956 937
956 950
956 988
956 939
956 618
956 813
956 991
956 917
956 712
956 825
956 809
956 406
956 445
956 713
956 844
956 720
956 96
995 937
995 967
995 988
995 130
995 786
995 888
995 944
995 998
995 698
995 991
995 992
995 855
995 602
995 897
995 971
995 986
995 716
995 852
995 263
995 896
995 881
995 296
995 649
995 900
831 959
831 929
831 977
831 889
831 892
831 915
831 919
831 580
831 938
831 805
121 937
121 967
564 953
870 996
870 614
870 858
870 849
870 952
870 664
937 967
937 988
937 939
937 921
937 931
937 957
937 186
937 992
937 983
937 913
937 917
937 798
937 681
967 934
967 14
967 999
967 931
967 929
967 957
967 770
967 992
967 747
967 397
967 697
967 913
967 920
967 674
967 863
967 825
967 506
967 543
967 645
967 751
364 269
364 973
364 971
364 547
840 999
840 944
840 770
840 976
840 912
840 941
840 291
840 748
840 340
840 830
840 621
840 59
123 654
123 950
123 969
654 950
654 969
654 986
654 595
950 969
950 959
950 888
950 169
950 980
950 746
950 986
950 229
950 762
950 945
950 952
950 353
950 825
950 798
951 888
951 571
951 160
951 904
951 797
951 915
951 932
951 975
951 979
951 665
951 972
951 938
951 923
951 317
951 392
969 959
969 133
969 169
969 980
969 732
969 746
969 843
969 229
969 508
969 772
969 920
969 945
969 849
969 952
969 353
969 410
969 798
361 782
361 526
959 911
959 977
959 973
959 608
959 182
959 892
959 919
959 980
959 551
959 938
959 859
959 404
959 805
959 844
142 929
142 944
487 453
487 684
854 919
854 938
126 518
126 866
126 890
518 866
518 890
518 628
518 912
518 249
866 168
866 628
866 912
866 983
866 249
866 881
866 714
890 988
890 968
890 828
890 513
988 968
988 660
988 999
988 998
988 845
988 839
988 976
988 683
988 829
988 797
988 932
988 210
988 917
988 881
988 923
988 724
988 830
988 776
988 75
269 973
655 760
655 941
655 800
655 651
655 773
722 792
722 953
728 984
728 920
816 925
816 926
816 974
816 979
816 996
816 906
816 648
130 786
696 136
696 888
696 355
696 377
786 929
786 915
786 896
786 900
786 826
131 346
131 939
131 968
346 976
346 789
346 533
939 968
939 921
939 963
939 927
939 976
939 763
939 186
939 971
939 719
939 948
939 881
939 533
939 712
939 406
968 921
968 963
968 927
968 821
968 186
968 971
968 514
968 719
968 948
968 301
968 99
968 844
755 998
755 991
755 942
755 753
755 754
811 530
811 453
811 510
811 627
811 684
947 813
947 164
947 558
947 838
947 868
947 762
947 656
947 802
947 714
947 511
660 845
660 839
660 883
660 932
660 801
907 835
907 247
907 966
907 751
136 888
888 698
888 973
888 707
888 641
888 797
888 983
888 670
888 952
888 900
888 587
215 931
215 672
618 991
618 52
934 850
934 998
934 903
934 64
934 832
934 868
934 433
934 692
934 767
934 543
571 923
571 662
887 992
887 237
887 788
887 859
887 360
887 720
14 921
14 999
921 999
921 925
921 991
921 942
921 766
921 974
921 932
921 828
921 922
921 621
921 853
921 648
921 581
999 944
999 770
999 976
999 683
999 507
999 659
999 974
999 975
999 747
999 397
999 291
999 819
999 748
999 340
999 830
999 37
999 621
999 853
999 650
999 776
999 462
999 463
999 679
999 744
140 534
140 931
534 931
534 506
769 925
769 764
769 974
769 923
769 425
931 953
931 672
931 810
931 825
931 506
141 761
141 768
141 850
141 902
761 768
761 850
761 902
761 710
761 733
761 783
761 411
761 563
761 467
768 902
768 252
768 710
768 306
768 783
768 411
768 563
768 467
850 925
850 897
850 852
850 873
850 363
850 729
850 765
902 914
902 252
902 710
902 733
902 796
902 306
902 783
902 411
902 563
902 467
929 770
929 829
929 892
929 915
929 322
929 975
929 979
929 923
929 448
929 331
929 826
929 601
929 669
944 955
944 977
944 915
944 775
944 972
944 678
944 966
944 900
944 723
944 830
944 699
944 756
998 698
998 911
998 845
998 991
998 889
998 903
998 183
998 40
998 210
998 953
998 56
998 828
998 771
998 762
998 782
998 859
998 320
998 724
998 526
998 417
998 433
998 699
998 713
871 911
871 914
871 779
871 721
871 69
146 925
146 963
925 963
925 790
925 766
925 974
925 980
925 984
925 529
925 343
925 729
925 648
925 834
925 461
925 741
963 926
963 927
963 903
963 915
963 974
963 979
963 234
963 514
963 984
963 750
963 304
963 873
963 316
963 800
963 765
963 651
963 773
147 790
698 670
790 984
790 729
911 914
911 779
911 721
911 499
911 983
911 25
911 984
911 859
911 945
911 517
911 826
911 69
955 652
955 824
955 976
955 915
955 731
955 738
955 725
955 775
955 842
955 274
955 952
955 699
955 773
977 715
977 832
977 980
977 972
977 762
977 984
977 949
977 620
977 601
977 474
977 634
977 833
845 839
845 932
845 814
845 801
845 776
914 779
914 657
914 710
914 783
914 923
914 849
914 477
914 893
914 756
150 813
813 802
813 639
151 715
151 860
715 860
715 762
839 957
839 913
839 629
860 903
860 986
860 775
860 920
860 574
152 652
152 824
152 973
652 824
652 973
652 832
652 731
652 856
824 175
824 731
824 856
824 611
824 806
824 709
973 926
973 883
973 832
973 736
973 979
973 731
973 552
973 984
973 670
973 966
973 938
973 945
973 799
973 547
973 387
973 480
973 599
973 404
973 744
596 867
596 818
867 991
867 561
867 223
867 972
867 984
867 266
867 948
867 583
867 675
867 818
867 516
957 904
957 927
957 992
957 409
957 711
957 240
957 913
957 966
957 881
957 863
957 412
957 434
608 979
991 835
991 946
991 725
991 986
991 552
991 828
991 941
991 762
991 984
991 896
991 296
991 737
991 3
991 945
991 649
991 675
991 799
991 818
991 699
991 516
707 992
707 915
707 900
707 624
707 528
770 748
770 830
770 621
926 883
926 903
926 915
926 975
926 20
926 736
926 979
926 953
926 665
926 248
926 948
926 862
926 810
926 923
926 316
926 573
926 751
160 904
904 797
904 946
904 226
904 986
904 913
904 863
904 620
904 80
927 697
927 514
927 966
927 301
927 863
927 400
927 857
927 99
927 692
927 767
779 657
779 499
889 919
889 580
889 996
889 862
889 566
889 906
889 417
745 912
745 984
745 300
745 339
745 723
745 399
745 756
760 976
760 903
760 738
760 800
760 952
760 776
760 651
760 773
641 791
641 983
641 587
792 953
792 776
792 505
164 558
558 838
976 821
976 971
976 775
976 828
976 941
976 46
976 752
976 920
976 759
976 800
976 830
976 388
976 893
976 853
976 463
976 773
784 740
784 544
784 82
942 753
942 19
942 892
942 919
942 922
942 653
942 601
942 669
942 692
942 767
942 581
942 844
942 645
168 628
168 912
683 979
683 859
912 764
912 932
912 975
912 791
912 264
912 896
912 966
912 737
912 425
912 399
912 59
829 971
829 923
829 324
829 605
829 662
170 753
753 19
753 653
753 717
763 946
763 670
763 705
821 828
821 368
891 814
891 882
891 941
891 778
891 938
891 796
891 742
891 799
891 798
891 536
891 673
883 932
883 975
883 678
883 687
883 387
597 678
597 687
903 40
903 979
903 953
903 986
903 316
903 600
903 417
903 420
903 651
659 974
659 842
180 198
180 797
198 797
797 932
797 819
797 6
797 80
395 980
395 948
395 500
838 868
838 762
838 656
838 802
838 714
838 511
183 40
764 858
764 376
764 425
764 466
835 975
835 247
835 966
835 945
835 388
740 544
740 82
992 855
992 205
992 897
992 555
992 658
992 711
992 237
992 788
992 913
992 941
992 257
992 820
992 852
992 612
992 446
992 863
992 900
992 360
992 412
992 434
992 624
992 751
992 673
191 892
191 919
832 984
832 893
892 919
892 65
892 212
892 374
892 580
892 601
892 669
892 805
915 979
915 952
915 900
915 893
915 857
915 805
919 65
919 980
919 212
919 374
919 580
919 938
919 810
919 857
919 601
919 669
919 806
919 805
193 766
193 974
766 974
766 980
766 648
766 702
974 980
974 295
974 842
974 984
974 881
974 729
974 648
974 461
974 462
974 741
932 200
932 881
932 748
932 923
932 6
932 59
855 602
855 897
855 986
855 700
855 716
855 257
855 820
855 852
855 612
855 922
855 806
855 741
561 972
946 984
946 670
946 938
946 705
946 923
946 328
946 620
946 480
946 833
197 322
197 975
322 975
322 448
975 20
975 736
975 979
975 287
975 746
975 941
975 896
975 966
975 862
975 448
975 358
975 331
975 512
975 830
975 825
975 415
975 577
975 495
975 463
868 802
868 543
530 510
530 836
530 952
20 736
20 979
736 979
736 665
736 248
736 316
736 573
979 234
979 665
979 248
979 948
979 638
979 862
979 819
979 859
979 316
979 438
979 573
979 751
633 754
633 834
646 673
980 374
980 508
980 697
980 913
980 343
980 945
980 863
980 729
980 500
980 601
980 412
980 648
980 669
980 702
980 805
980 679
205 381
205 602
205 897
381 897
381 716
381 820
381 852
602 897
602 986
602 700
602 852
897 791
897 986
897 233
897 700
897 716
897 820
897 852
897 263
897 612
897 922
897 472
897 741
643 636
731 806
971 771
971 972
971 920
971 759
971 862
971 819
971 945
971 923
971 512
971 547
971 893
971 639
971 392
971 605
971 662
210 953
953 672
953 750
953 945
953 873
953 600
953 893
953 765
953 505
953 506
56 526
212 374
212 580
580 862
287 896
287 638
295 881
721 984
738 842
738 256
738 274
738 800
738 776
738 773
791 983
791 852
791 966
791 737
555 733
555 446
661 748
725 842
725 984
843 966
226 986
226 996
986 996
986 754
986 941
986 972
986 820
986 852
986 920
986 881
986 945
986 326
986 348
986 640
986 906
986 420
986 421
986 666
986 491
986 447
986 667
986 717
996 966
996 858
996 922
996 566
996 810
996 616
996 348
996 640
996 78
996 906
996 421
996 666
996 503
996 717
614 952
614 664
814 513
814 853
229 508
508 353
658 446
882 941
882 938
882 742
882 536
983 249
983 266
983 920
983 945
983 836
983 873
983 849
983 900
983 520
983 714
983 765
983 798
983 681
983 579
983 587
983 717
754 972
754 701
754 457
754 834
233 700
233 716
700 716
700 257
700 852
700 612
700 472
716 820
716 852
716 612
234 665
665 248
665 948
665 819
665 818
235 409
235 711
409 711
409 913
409 801
711 913
711 966
711 863
711 412
711 434
237 788
788 360
238 396
396 599
552 945
552 799
775 966
775 520
828 476
828 513
828 368
828 853
842 595
842 800
842 949
240 697
240 913
697 913
697 881
697 863
913 966
913 863
913 801
913 412
913 434
913 673
514 948
771 972
771 782
771 581
941 972
941 896
941 266
941 742
941 800
941 478
972 701
972 583
972 317
972 803
972 952
972 818
972 893
972 91
972 491
972 532
972 447
25 52
453 684
252 710
710 783
710 411
710 563
762 945
762 417
782 320
782 526
782 433
256 274
917 96
257 820
257 852
820 852
820 263
820 612
820 922
820 472
820 806
852 922
852 472
46 476
46 853
778 896
778 595
778 744
984 896
984 529
984 948
984 920
984 300
984 313
984 708
984 328
984 949
984 818
984 480
984 404
984 634
984 833
984 756
551 670
551 404
263 612
264 896
896 638
896 296
896 737
896 72
896 478
265 562
265 678
265 687
265 718
562 678
562 687
562 801
562 713
678 687
678 691
687 691
670 404
752 853
752 553
272 966
948 533
948 675
948 923
948 799
948 818
948 500
948 727
948 631
948 573
966 446
966 737
966 863
966 358
966 512
966 616
966 906
966 415
966 577
966 495
966 503
966 751
750 873
750 765
938 705
938 923
938 742
938 536
938 806
938 805
920 61
920 844
759 819
759 639
638 296
638 72
674 834
674 720
862 331
862 512
862 547
291 819
819 776
881 863
881 729
881 893
296 737
737 478
858 849
858 906
858 466
858 553
858 543
859 573
859 751
859 720
510 836
922 616
922 906
922 415
922 495
3 945
476 513
476 853
945 849
945 818
945 853
354 856
583 675
566 640
566 78
566 906
566 666
575 680
836 952
836 856
427 803
427 50
427 520
796 306
304 873
649 818
873 765
873 667
306 783
783 563
783 467
810 906
810 400
810 857
810 805
748 830
748 37
748 642
675 632
863 412
863 434
517 466
923 849
923 324
923 477
923 51
923 392
923 605
923 662
923 75
317 803
803 50
803 520
803 834
627 856
627 735
627 684
708 341
742 536
320 724
724 834
724 699
376 466
849 952
849 818
849 392
574 520
477 605
800 952
51 662
513 853
358 415
358 577
331 512
952 400
952 893
952 857
952 422
952 447
952 651
952 58
802 511
616 640
616 906
616 421
949 474
949 634
949 833
949 71
900 528
900 579
900 717
339 723
723 399
723 756
340 830
830 37
830 679
636 589
636 691
348 640
348 78
348 906
640 906
640 503
78 906
906 421
906 666
906 503
799 599
799 727
799 631
353 825
355 377
415 495
577 495
363 729
729 648
729 461
37 621
400 857
417 433
388 893
388 91
893 639
893 422
853 650
500 631
599 727
857 58
601 805
411 563
563 467
735 684
421 666
666 503
776 505
765 667
457 834
834 461
834 720
669 806
669 805
702 679
651 773
474 634
474 833
634 833
833 71
475 689
475 692
475 767
689 692
689 767
689 531
692 767
692 531
767 531
631 573
553 543
544 82
756 751
713 844
581 844
1:
101 389
101 671
389 671
389 440
671 440
2:
109 794
109 885
794 885
3:
110 470
110 982
470 982
4:
905 112
905 429
112 429
5:
593 987
593 985
593 994
593 97
704 985
704 910
704 739
730 985
730 861
815 985
815 994
909 985
909 910
909 874
909 703
987 97
985 910
985 115
985 861
985 874
985 994
985 777
985 995
985 955
985 158
985 889
985 843
985 244
985 876
985 32
985 809
985 41
985 482
985 694
985 676
985 703
985 74
985 87
910 861
910 874
910 994
910 777
910 955
910 255
910 244
910 876
910 41
910 482
910 739
910 676
910 703
115 861
115 874
115 994
861 874
861 994
861 117
861 777
861 955
861 158
861 889
861 876
861 749
861 32
861 482
861 676
861 703
874 994
874 117
874 777
874 255
874 876
874 834
874 482
874 676
874 703
874 87
994 777
994 955
994 158
994 889
994 843
994 255
994 244
994 876
994 749
994 32
994 809
994 41
994 834
994 482
994 739
994 844
994 97
994 694
994 676
994 703
994 74
117 777
777 955
777 255
777 876
777 482
777 703
777 74
995 676
244 876
876 41
876 676
876 703
876 87
844 676
676 703
6:
895 540
895 886
895 157
588 787
588 945
118 540
118 787
118 886
118 962
540 787
540 886
540 945
787 886
787 203
787 327
787 523
787 258
787 945
886 962
886 157
886 203
886 523
886 309
203 327
203 523
327 258
327 945
523 309
7:
918 780
918 851
918 578
918 864
918 785
743 780
743 804
743 851
743 149
743 578
743 864
743 275
743 709
127 780
127 804
127 851
780 804
780 851
780 944
780 149
780 864
780 693
780 275
804 851
804 944
804 578
804 864
804 732
804 785
804 275
804 806
851 578
851 864
851 772
851 275
851 806
851 664
851 709
944 578
944 864
944 275
149 578
149 864
578 864
864 732
864 772
864 693
864 785
864 664
8:
870 13
870 728
13 728
9:
159 556
159 991
556 991
556 814
556 826
556 456
556 86
991 456
991 86
814 456
826 456
456 86
10:
968 174
968 270
174 270
11:
981 864
981 2
981 492
864 2
864 492
12:
885 817
885 319
817 839
817 319
817 29
839 29
319 29
13:
848 929
848 860
848 827
848 733
848 36
848 688
848 823
848 776
929 827
929 688
929 823
860 827
860 823
827 36
827 688
827 823
733 823
36 688
36 823
688 823
823 776
14:
982 935
982 44
935 44
15:
967 809
967 47
809 47
16:
817 891
817 55
891 55
17:
931 89
931 92
89 92
18:
407 951
407 276
407 281
407 920
951 276
951 281
452 281
452 920
281 920
19:
977 308
977 750
273 308
273 750
273 938
308 750
750 938
20:
609 968
609 975
609 245
968 245
975 245
21:
977 821
977 246
821 246
22:
260 749
260 984
749 984
23:
990 286
990 67
286 67
24:
928 588
928 309
588 309
25:
935 644
935 486
935 328
644 328
486 328
26:
732 986
732 373
986 373
27:
978 372
978 954
372 954
28:
730 443
730 836
443 836
29:
695 904
695 496
695 868
695 663
904 663
496 663
868 663
30:
930 804
930 469
930 509
804 509
469 509
31:
993 987
993 483
987 483
32:
918 907
918 586
958 907
958 554
958 708
958 391
890 907
890 586
890 391
907 554
907 708
907 586
907 391
554 586
33:
914 883
914 419
883 419
34:
974 859
974 455
859 455
35:
847 942
847 835
847 837
847 809
847 739
847 607
942 837
942 607
835 837
835 607
837 809
837 735
837 739
837 607
735 607
36:
970 564
970 625
564 625
37:
564 854
564 922
854 922
38:
541 819
541 600
819 600
39:
890 538
890 587
538 587
40:
878 871
878 502
871 502
41:
964 974
964 521
974 521
42:
610 996
610 873
996 873
43:
613 983
613 806
983 806
44:
869 791
869 622
722 992
722 791
722 622
992 622
791 622
45:
946 598
946 727
598 727
46:
987 606
987 694
606 694
47:
910 973
910 625
973 625
48:
1000 677
1000 730
677 730
49:
1000 685
1000 895
685 895
50:
934 756
934 691
756 691
51:
728 792
728 771
792 771
52:
758 927
758 953
927 953
53:
963 972
963 752
963 796
972 752
752 796
54:
886 816
886 835
816 835
55:
998 904
998 825
904 825
