# The communities at k=5
# from G:\Dropbox\Raghda\CNA\Final Project\other methods\CFinder-2.0.6--1448\G:\Dropbox\Raghda\CNA\Final Project\Datasets\binary_networks\LFR3\network_LFR3_Om6.dat
# at no lower link weight threshold,
# and at no upper link weight threshold.
# Links were treated as undirected.
# No time limit was set for the clique search.

0: 980 1000 115 255 339 347 431 435 453 459 462 475 510 527 535 554 600 604 617 666 688 692 755 838 894 941 219 
1: 705 962 995 108 805 969 117 601 785 193 685 538 880 356 731 448 548 501 79 
2: 114 789 851 919 933 169 845 724 308 665 316 438 678 556 563 
3: 952 977 823 123 630 868 822 517 
4: 895 931 965 127 889 155 951 722 276 694 390 41 444 765 481 49 497 531 559 
5: 141 832 833 917 935 160 950 266 787 292 518 752 542 631 714 627 70 
6: 923 989 991 999 142 951 187 967 555 220 893 896 741 24 247 256 267 718 429 791 433 447 788 463 798 536 545 547 557 591 628 776 7 742 
7: 780 835 942 949 511 837 924 144 892 930 939 927 671 196 940 573 326 719 696 721 323 774 358 586 464 642 515 576 
8: 349 682 954 955 150 712 996 164 860 215 656 217 723 254 262 764 278 310 319 644 346 376 395 408 420 489 669 629 84 
9: 970 767 434 986 993 997 998 153 934 957 976 902 740 848 243 529 911 615 948 312 856 314 828 903 370 374 484 382 526 530 637 404 818 417 439 45 715 469 836 483 618 564 567 595 652 86 
10: 825 876 154 815 865 871 728 401 929 441 499 528 523 584 62 
11: 861 899 958 172 663 772 265 328 797 334 522 345 659 771 36 361 454 472 61 
12: 840 914 946 184 814 875 230 244 844 287 327 826 380 734 488 686 92 
13: 953 852 887 987 927 846 909 198 932 950 305 269 847 879 321 324 337 407 520 532 544 550 650 609 65 676 
14: 973 990 746 877 910 960 747 863 988 915 928 945 22 937 950 843 869 302 777 872 367 783 639 589 413 640 552 490 504 551 727 638 
15: 651 668 975 970 938 961 978 981 920 761 959 419 817 983 277 754 807 283 29 855 857 455 707 471 824 626 505 624 575 
16: 648 820 786 299 66 
17: 743 784 524 968 922 985 886 399 972 737 908 636 271 275 297 403 770 341 378 387 533 467 733 47 502 674 540 583 
18: 994 862 884 897 708 912 794 749 773 83 
19: 888 806 974 802 748 950 263 657 97 
20: 870 970 795 964 699 992 762 891 907 947 670 296 782 363 925 391 697 883 816 443 480 543 793 558 561 597 610 616 726 758 
21: 994 884 912 330 757 
22: 646 716 842 864 918 732 759 494 801 812 606 412 664 599 
23: 966 943 971 970 709 809 703 704 901 496 582 500 571 
24: 598 647 916 927 750 831 813 437 521 585 457 653 
25: 961 978 981 983 778 456 
26: 866 906 918 796 466 
27: 725 900 963 979 830 849 956 982 821 984 751 729 936 660 672 706 476 766 829 569 745 756 
28: 853 921 841 913 477 
29: 614 866 662 667 906 633 796 621 503 508 
30: 693 820 786 568 570 
31: 994 884 603 808 794 
32: 810 944 873 878 744 874 859 710 
