# The contained cliques in the communities at k=5
# from G:\Dropbox\Raghda\CNA\Final Project\other methods\CFinder-2.0.6--1448\G:\Dropbox\Raghda\CNA\Final Project\Datasets\binary_networks\LFR3\network_LFR3_Om6.dat
# at no lower link weight threshold,
# and at no upper link weight threshold.
# Links were treated as undirected.
# No time limit was set for the clique search.

0: 2 523 963 524 701 1067 702 298 520 526 706 708 843 845 846 1066 1224 297 518 519 162 522 521 707 525 704 304 705 303 
1: 23 32 124 1092 737 1093 1132 738 849 291 772 466 630 692 
2: 29 415 817 824 825 993 818 994 95 399 619 826 620 
3: 39 793 794 
4: 43 79 247 255 359 502 628 678 695 797 822 876 1292 
5: 67 86 349 750 1035 1210 746 747 953 954 1279 381 380 279 
6: 68 193 616 649 801 812 813 931 1053 1054 1199 1200 1263 1264 1305 1382 114 164 278 350 615 629 727 819 1415 202 334 
7: 70 1557 128 326 650 709 792 841 911 1027 1086 1087 1095 1096 1097 1098 1161 1175 1311 1312 1360 1361 1467 1468 1493 651 652 710 791 840 842 1160 1088 424 1094 423 1162 467 725 
8: 76 362 685 1050 1071 91 449 686 999 450 159 281 333 510 593 306 594 342 606 1051 404 416 417 982 157 983 
9: 77 1484 1485 1505 1506 1566 197 479 535 583 591 604 605 621 659 740 763 888 932 1062 1063 1064 1206 1207 1209 1242 1247 1248 1249 1313 1314 1315 1316 1317 1321 1322 1459 1460 1481 1482 1483 1507 1508 1512 1537 1538 1539 1540 1541 1542 1569 682 486 830 933 1243 1319 1320 934 1246 1318 1326 1327 1244 1013 1245 1250 1014 761 1325 762 1323 1324 1328 409 1208 1251 660 251 739 494 764 294 1567 827 413 920 
10: 78 269 696 789 796 517 622 1466 
11: 100 980 759 981 1333 435 760 434 239 348 448 471 268 635 634 
12: 110 180 1011 198 293 373 426 490 684 
13: 131 332 425 795 798 811 814 945 1043 1125 270 592 1514 351 1513 418 440 
14: 163 1238 1356 1358 1496 1497 1523 1543 687 782 816 890 1057 1216 1239 1401 1403 1544 781 815 1215 1058 1059 1060 1008 1355 1402 1009 1230 598 1010 1031 1570 1032 1499 393 1359 1498 394 1234 1232 1231 1233 1357 1404 1405 446 779 
15: 219 1335 1337 370 581 838 908 1334 1336 1452 1530 1536 580 1445 1450 1274 1443 1446 923 1272 360 1461 836 906 1178 1454 1526 1534 1581 837 839 1524 1525 1179 1572 1182 1529 1181 1531 909 907 561 1528 1535 959 958 1451 1453 784 1455 1444 584 956 
16: 221 
17: 253 986 1240 984 989 441 985 987 1223 1293 487 655 926 1222 1294 1348 388 928 1119 697 799 929 1120 698 1241 800 988 927 1118 353 358 714 765 766 316 495 
18: 280 1158 1278 1379 1380 1381 
19: 285 343 992 990 991 
20: 386 387 936 937 946 1111 1112 1345 1392 1394 947 1102 1113 1306 1308 823 1077 1103 1307 627 948 950 951 1396 1417 503 677 1219 1309 1397 1398 1554 504 676 1393 1416 809 938 939 949 1218 1395 1399 808 1079 1220 820 1078 821 1076 472 
21: 429 
22: 582 588 941 943 969 1136 968 967 1135 896 942 1134 897 900 901 899 898 940 
23: 611 693 780 1141 1172 1434 1140 916 
24: 617 618 771 910 966 854 965 640 
25: 637 638 
26: 653 
27: 669 1365 1366 1201 1367 1370 1368 1437 1439 1438 1440 1442 1441 1473 1472 1469 1488 1255 1470 1486 1252 1256 1253 1363 1254 1364 1487 1257 1295 1106 1296 1105 834 997 1164 1298 835 833 1489 1126 1127 1300 1301 1371 998 995 1166 1163 
28: 670 
29: 699 857 978 856 787 914 
30: 741 
31: 852 
32: 1194 1195 1427 1236 
