# The cliques from G:\Dropbox\Raghda\CNA\Final Project\other methods\CFinder-2.0.6--1448\G:\Dropbox\Raghda\CNA\Final Project\Datasets\binary_networks\LFR2\networ_LFR2_Om4.dat
# at no lower link weight threshold,
# and at no upper link weight threshold.
# Links were treated as undirected.
# No time limit was set for the clique search.

0: 938 103 969 
1: 15 975 985 
2: 1 145 953 
3: 1 579 953 
4: 145 953 144 
5: 10 732 879 
6: 100 748 866 927 
7: 990 1000 11 
8: 1000 11 891 
9: 990 1000 124 778 
10: 990 1000 160 92 
11: 186 941 987 
12: 990 1000 79 
13: 1000 79 891 
14: 101 837 887 974 
15: 953 102 217 
16: 953 102 717 
17: 20 901 582 769 
18: 953 217 753 
19: 104 359 941 987 
20: 105 832 965 967 
21: 106 824 992 
22: 938 969 107 603 
23: 108 946 991 
24: 108 991 997 
25: 879 109 818 
26: 110 951 982 
27: 111 772 867 917 
28: 988 112 667 963 
29: 957 965 113 913 
30: 114 821 918 
31: 986 115 950 
32: 116 568 811 
33: 118 542 966 
34: 118 623 966 
35: 976 119 783 
36: 976 119 999 
37: 12 757 977 
38: 953 717 120 
39: 953 120 74 
40: 953 74 376 
41: 121 814 995 
42: 122 229 949 
43: 229 949 869 
44: 125 789 857 858 
45: 887 974 126 912 
46: 127 822 880 907 
47: 941 129 935 
48: 13 881 934 998 
49: 842 130 742 
50: 930 133 968 
51: 170 852 792 848 
52: 938 969 134 878 
53: 134 692 878 
54: 986 950 135 
55: 991 997 945 136 
56: 946 951 54 954 
57: 880 907 137 635 
58: 998 138 970 
59: 14 342 675 
60: 941 987 140 
61: 968 200 849 
62: 982 141 893 932 
63: 982 142 954 
64: 143 775 864 
65: 143 775 971 
66: 953 144 749 
67: 994 993 976 146 
68: 879 147 203 
69: 879 147 444 
70: 879 818 203 
71: 930 148 725 
72: 148 725 890 
73: 149 923 940 960 
74: 968 150 278 
75: 968 150 849 
76: 69 964 440 
77: 963 151 899 961 
78: 994 993 153 981 
79: 979 956 154 978 
80: 974 912 155 
81: 974 155 355 
82: 156 476 905 
83: 424 157 964 
84: 58 861 616 
85: 839 158 595 
86: 839 158 662 
87: 983 159 962 996 
88: 999 949 161 869 
89: 994 981 162 714 
90: 983 996 163 
91: 949 164 280 
92: 949 164 802 
93: 732 879 818 165 463 
94: 994 993 976 166 
95: 925 168 874 
96: 700 168 874 
97: 725 890 169 
98: 941 987 171 
99: 909 964 173 537 
100: 943 947 175 
101: 975 985 176 
102: 975 985 177 898 
103: 623 7 354 
104: 178 735 741 785 
105: 968 849 179 795 
106: 18 333 341 
107: 933 180 310 
108: 861 181 338 610 
109: 735 785 182 823 
110: 579 953 183 
111: 184 316 720 743 
112: 807 185 915 
113: 856 185 836 
114: 909 855 187 
115: 855 187 810 
116: 983 962 996 188 
117: 983 962 996 189 
118: 918 808 19 
119: 918 19 666 
120: 968 19 666 
121: 988 961 190 
122: 988 190 460 
123: 722 191 688 
124: 943 947 193 922 
125: 968 270 195 
126: 968 195 724 
127: 991 997 196 
128: 994 197 876 
129: 725 890 198 
130: 789 857 858 199 
131: 201 771 972 
132: 202 451 841 936 
133: 933 204 928 
134: 866 927 206 565 
135: 999 949 207 
136: 949 802 207 
137: 987 835 208 
138: 987 208 672 
139: 994 976 981 209 
140: 856 836 21 
141: 856 21 774 
142: 887 890 210 
143: 725 890 210 782 
144: 948 211 911 
145: 959 983 996 212 
146: 974 912 214 632 
147: 966 215 358 
148: 938 969 216 598 
149: 968 218 578 
150: 979 978 22 973 
151: 953 749 220 
152: 953 220 332 
153: 864 638 221 892 
154: 964 223 284 
155: 964 223 550 
156: 735 823 224 671 
157: 419 584 225 
158: 584 225 378 
159: 890 627 226 
160: 890 226 523 
161: 921 227 919 
162: 917 228 817 
163: 965 967 913 40 
164: 941 23 587 
165: 988 963 230 804 
166: 907 232 636 
167: 836 232 636 
168: 991 997 945 233 
169: 933 234 760 
170: 933 234 895 
171: 988 963 236 
172: 975 985 916 237 
173: 890 782 238 497 
174: 840 24 391 980 
175: 930 675 240 55 
176: 953 749 241 
177: 670 713 242 
178: 949 869 25 
179: 869 25 751 
180: 991 997 945 26 
181: 968 849 72 
182: 979 956 978 973 27 
183: 987 274 38 
184: 935 274 38 
185: 965 907 9 
186: 276 880 9 
187: 880 907 9 
188: 666 28 527 
189: 941 987 61 
190: 987 281 61 
191: 992 920 76 
192: 951 996 29 
193: 959 983 996 29 
194: 975 985 898 31 
195: 918 808 32 
196: 918 32 65 
197: 987 505 33 
198: 901 336 71 
199: 901 71 586 
200: 948 908 34 
201: 994 976 35 
202: 994 714 35 
203: 852 734 82 
204: 734 755 82 
205: 861 353 51 
206: 841 747 36 
207: 841 36 89 
208: 841 89 494 
209: 909 964 90 
210: 909 90 403 
211: 840 980 767 39 
212: 892 663 59 
213: 988 963 961 4 
214: 630 924 41 
215: 924 766 41 
216: 841 747 42 494 
217: 866 927 43 
218: 989 920 796 97 
219: 928 895 799 44 
220: 446 673 449 47 
221: 992 986 950 45 
222: 965 64 759 
223: 866 927 565 46 
224: 924 766 67 
225: 509 766 67 
226: 994 981 49 
227: 968 849 795 81 
228: 887 974 912 5 
229: 923 940 960 50 
230: 846 826 669 60 
231: 748 927 83 
232: 927 502 83 
233: 901 769 52 
234: 992 986 679 53 
235: 902 913 56 
236: 913 534 56 
237: 830 644 721 57 
238: 987 835 80 
239: 987 597 80 
240: 975 985 916 87 
241: 841 747 86 
242: 986 950 925 91 
243: 988 961 888 66 
244: 957 958 98 
245: 707 958 98 
246: 987 835 62 
247: 835 935 62 
248: 986 950 63 
249: 950 843 63 
250: 755 872 70 
251: 755 654 70 
252: 941 995 68 
253: 941 935 68 
254: 968 724 78 
255: 968 746 78 
256: 959 962 996 73 
257: 959 980 73 
258: 929 900 93 
259: 789 857 858 84 
260: 983 996 85 
261: 991 997 945 88 
262: 990 1000 248 851 
263: 1000 248 851 891 
264: 254 959 983 962 996 
265: 765 276 822 
266: 276 822 880 
267: 994 993 976 266 794 
268: 946 982 273 954 
269: 994 993 305 981 
270: 957 335 958 
271: 703 339 852 
272: 703 339 872 
273: 339 755 872 
274: 968 278 543 
275: 968 278 258 
276: 979 956 375 978 973 
277: 252 856 774 602 
278: 887 974 355 
279: 994 993 981 262 
280: 999 949 280 713 
281: 968 270 795 
282: 270 795 464 
283: 993 976 696 348 
284: 333 287 622 
285: 933 310 928 
286: 993 981 365 876 
287: 316 720 743 585 
288: 964 275 699 798 
289: 964 275 440 
290: 901 336 600 
291: 542 966 358 
292: 623 966 358 
293: 953 332 376 
294: 964 284 798 
295: 584 378 673 
296: 943 947 922 329 
297: 235 840 846 
298: 879 996 245 
299: 948 859 984 247 
300: 859 984 247 860 
301: 965 903 250 
302: 965 250 555 
303: 771 892 251 
304: 892 251 546 
305: 933 895 253 799 
306: 750 895 253 799 
307: 989 974 255 
308: 974 912 255 571 
309: 975 985 898 256 897 
310: 623 966 354 
311: 968 724 258 
312: 968 578 258 
313: 946 991 259 
314: 946 951 982 954 259 
315: 890 782 260 
316: 890 260 386 
317: 979 956 978 261 
318: 991 997 945 873 263 
319: 987 980 264 
320: 987 264 639 
321: 995 264 639 
322: 979 956 978 973 267 
323: 924 268 298 
324: 924 268 468 
325: 924 298 581 
326: 909 964 271 
327: 476 905 271 
328: 905 964 271 
329: 905 271 410 
330: 969 983 272 
331: 975 985 897 277 
332: 987 980 281 
333: 935 980 281 
334: 999 875 303 
335: 608 856 282 
336: 856 282 684 
337: 933 960 283 
338: 933 895 283 
339: 933 283 322 
340: 933 928 322 
341: 923 940 960 285 
342: 977 998 286 900 
343: 998 286 291 
344: 998 970 291 939 
345: 451 841 936 288 747 
346: 968 724 289 
347: 968 543 289 
348: 991 997 945 295 
349: 988 963 961 804 292 
350: 748 866 927 293 
351: 866 927 566 293 
352: 884 946 982 932 294 
353: 994 981 296 
354: 988 961 804 349 
355: 933 928 895 299 
356: 977 998 970 900 300 
357: 983 962 996 301 
358: 781 427 302 777 
359: 781 302 653 
360: 923 940 960 304 
361: 959 983 962 996 306 
362: 822 907 307 
363: 822 307 680 
364: 907 307 553 
365: 308 533 886 
366: 308 788 853 886 
367: 824 992 950 309 828 
368: 992 986 950 309 828 
369: 994 993 981 311 521 
370: 839 662 312 392 744 
371: 974 912 313 780 
372: 701 314 801 
373: 314 510 801 
374: 991 997 945 315 
375: 630 813 317 
376: 813 549 317 
377: 813 317 704 
378: 957 913 318 958 
379: 913 318 707 958 
380: 946 951 982 327 
381: 910 882 921 919 320 
382: 979 956 978 973 321 
383: 881 998 324 
384: 998 324 690 
385: 839 595 744 328 
386: 595 744 328 458 
387: 732 879 818 444 330 
388: 968 578 331 
389: 968 746 331 
390: 331 583 719 
391: 834 886 345 592 
392: 953 749 376 
393: 887 974 334 
394: 974 780 334 
395: 965 967 334 
396: 830 393 337 
397: 830 644 337 
398: 754 709 801 340 
399: 754 701 801 340 
400: 607 405 343 
401: 607 343 514 
402: 992 986 925 346 
403: 991 997 945 873 347 
404: 982 954 350 
405: 982 350 809 
406: 996 826 351 
407: 846 826 351 669 
408: 957 958 352 
409: 957 695 352 
410: 948 811 356 
411: 948 859 356 
412: 970 859 356 
413: 772 917 360 
414: 917 874 360 
415: 905 855 361 
416: 989 992 986 362 
417: 999 984 363 
418: 984 363 599 
419: 943 947 922 364 
420: 948 908 984 366 
421: 978 984 366 
422: 994 976 981 794 367 
423: 917 889 817 368 
424: 938 969 829 369 
425: 792 872 370 
426: 850 872 370 
427: 840 391 371 767 
428: 994 993 976 372 
429: 923 940 960 805 373 
430: 792 872 374 
431: 727 872 374 
432: 995 789 857 858 377 
433: 990 1000 414 851 894 
434: 990 1000 422 711 778 
435: 990 1000 422 851 
436: 424 964 596 
437: 424 855 810 
438: 424 855 596 
439: 990 1000 481 711 
440: 990 1000 481 752 
441: 446 402 449 
442: 956 438 937 
443: 438 795 746 
444: 988 467 899 961 888 
445: 439 959 983 962 996 
446: 830 393 729 721 
447: 384 663 763 
448: 717 749 491 
449: 426 911 984 
450: 426 984 503 
451: 426 984 457 
452: 988 963 899 460 
453: 477 980 788 853 886 
454: 975 985 844 450 897 
455: 840 391 980 767 
456: 890 497 386 
457: 781 971 427 777 
458: 813 924 712 468 
459: 813 509 468 
460: 935 587 430 
461: 935 980 430 
462: 795 746 464 
463: 966 842 410 
464: 842 736 410 
465: 624 861 429 719 
466: 499 429 719 
467: 966 964 440 
468: 689 834 404 853 
469: 834 980 404 853 
470: 957 967 768 445 958 
471: 974 380 780 
472: 974 380 512 
473: 839 595 392 744 
474: 988 963 961 474 
475: 988 961 888 474 
476: 917 889 874 475 820 
477: 662 744 458 
478: 975 985 898 897 486 
479: 682 399 816 
480: 864 399 764 816 
481: 975 985 916 844 447 
482: 884 951 982 954 379 
483: 977 970 381 955 
484: 977 381 611 955 
485: 857 858 387 
486: 991 997 945 873 383 
487: 959 983 962 996 385 
488: 998 929 690 479 
489: 998 929 955 479 
490: 904 889 388 
491: 867 889 874 388 
492: 889 817 388 
493: 840 767 389 525 
494: 938 969 829 390 
495: 938 969 680 390 
496: 972 394 764 
497: 568 729 721 395 
498: 830 729 721 395 
499: 735 741 785 823 396 
500: 979 956 978 973 397 
501: 814 995 634 412 
502: 814 594 412 
503: 975 985 898 916 400 790 
504: 975 985 916 844 897 401 
505: 867 917 406 820 
506: 917 817 406 820 
507: 781 971 762 407 730 
508: 781 762 407 683 730 
509: 971 926 407 
510: 991 997 945 873 408 
511: 982 893 932 926 409 
512: 964 798 470 
513: 810 798 470 
514: 951 954 926 413 
515: 954 926 413 535 
516: 670 949 485 
517: 999 949 485 
518: 999 485 488 
519: 630 924 417 
520: 924 915 417 
521: 856 774 602 684 448 
522: 975 985 916 897 790 420 
523: 908 984 831 421 
524: 978 984 831 421 
525: 911 984 831 421 
526: 941 987 423 
527: 941 935 423 
528: 987 601 423 
529: 935 601 423 
530: 904 846 826 425 526 
531: 846 826 669 425 526 
532: 745 984 457 
533: 999 984 457 
534: 984 539 457 
535: 987 505 428 
536: 987 980 428 
537: 811 984 431 
538: 908 984 431 786 
539: 772 867 889 432 
540: 867 889 874 432 
541: 979 956 978 973 433 
542: 977 973 435 
543: 842 736 435 462 
544: 842 736 435 572 
545: 842 742 736 462 
546: 938 969 878 829 437 
547: 959 983 962 996 441 
548: 923 940 960 805 442 
549: 957 965 641 472 
550: 957 965 958 472 
551: 777 762 683 452 
552: 832 967 903 453 
553: 832 871 903 453 
554: 967 903 958 453 
555: 871 903 958 453 
556: 910 882 921 919 455 
557: 959 983 962 996 456 
558: 994 993 976 981 459 
559: 949 869 802 461 
560: 949 713 461 
561: 869 802 751 461 
562: 713 751 461 
563: 988 963 961 465 
564: 988 963 465 687 
565: 901 769 838 600 469 
566: 910 882 921 919 471 862 
567: 992 986 920 478 
568: 992 986 875 478 
569: 988 888 800 480 812 
570: 957 871 482 
571: 880 907 635 482 
572: 880 626 482 
573: 994 993 976 981 484 
574: 999 869 488 
575: 869 802 488 
576: 861 610 487 
577: 499 865 487 
578: 814 995 972 490 
579: 995 972 936 490 
580: 988 963 819 493 
581: 988 888 819 493 
582: 824 992 492 
583: 992 986 868 492 
584: 990 1000 530 711 
585: 990 1000 530 738 
586: 990 1000 530 773 
587: 563 907 636 
588: 866 927 566 706 
589: 866 927 566 502 
590: 990 1000 570 647 
591: 990 1000 570 731 
592: 1000 570 731 891 
593: 568 644 729 721 
594: 987 511 505 
595: 813 971 549 924 
596: 813 549 924 712 
597: 909 537 855 
598: 905 964 537 
599: 905 537 855 
600: 999 949 556 
601: 866 927 706 565 
602: 968 849 578 
603: 905 964 550 
604: 890 782 523 497 
605: 890 523 770 
606: 499 719 616 
607: 968 795 543 746 
608: 883 959 983 962 996 532 
609: 909 964 519 
610: 964 519 779 
611: 807 509 766 
612: 965 902 871 555 
613: 965 871 555 695 
614: 892 546 663 
615: 974 912 791 571 
616: 933 799 569 
617: 978 973 504 
618: 978 504 831 
619: 910 882 921 919 544 862 
620: 908 859 984 539 
621: 666 527 697 
622: 923 940 960 805 518 
623: 703 852 848 734 522 
624: 979 978 506 
625: 940 960 506 
626: 834 533 886 562 
627: 533 886 613 
628: 994 993 783 981 521 
629: 709 510 801 
630: 709 510 513 
631: 693 510 801 
632: 693 510 513 
633: 994 904 993 560 
634: 994 993 976 794 560 
635: 811 984 503 
636: 984 860 503 786 
637: 979 956 978 973 944 538 
638: 837 887 974 912 512 
639: 717 840 525 
640: 834 980 525 
641: 840 980 767 525 500 
642: 771 577 604 
643: 903 577 604 
644: 763 577 604 
645: 893 932 954 926 535 
646: 965 903 526 
647: 821 918 575 
648: 918 808 575 
649: 918 575 803 
650: 842 742 736 572 
651: 934 998 726 939 559 
652: 998 952 726 939 559 
653: 989 987 574 
654: 992 986 920 915 561 
655: 992 986 614 561 
656: 934 998 955 558 
657: 934 998 558 508 
658: 998 952 955 558 
659: 998 952 558 508 
660: 979 978 547 
661: 966 909 495 
662: 909 855 495 
663: 855 810 495 
664: 748 866 927 706 496 
665: 866 927 496 502 
666: 933 928 631 498 
667: 933 928 895 498 
668: 750 928 631 498 
669: 750 928 895 498 
670: 977 881 998 939 955 501 
671: 994 993 976 696 876 507 
672: 977 934 998 508 
673: 977 998 952 508 
674: 754 709 513 
675: 754 693 701 513 
676: 991 997 945 873 865 541 
677: 946 982 932 954 926 515 
678: 821 918 516 576 
679: 821 918 516 694 
680: 918 808 576 
681: 957 965 967 958 517 
682: 957 965 871 958 517 
683: 975 985 898 916 536 
684: 941 987 835 612 520 
685: 941 995 612 520 
686: 995 858 520 
687: 988 982 524 
688: 988 899 961 819 524 
689: 982 809 524 
690: 757 952 900 939 528 
691: 998 952 900 939 528 
692: 946 951 982 893 809 531 
693: 969 852 562 
694: 834 788 853 886 562 
695: 933 928 895 799 534 
696: 750 928 895 799 534 
697: 842 742 736 540 
698: 933 928 545 
699: 821 918 694 548 
700: 821 918 697 548 
701: 918 808 697 548 
702: 957 965 967 551 
703: 965 967 551 759 
704: 883 959 983 962 996 552 
705: 948 999 911 984 554 
706: 948 908 984 554 
707: 879 996 557 
708: 983 996 557 
709: 720 743 936 585 564 
710: 988 963 961 800 573 
711: 963 582 573 
712: 579 953 717 
713: 1000 580 731 
714: 1000 580 737 894 
715: 1000 580 752 
716: 1000 580 948 
717: 990 1000 593 733 851 
718: 990 1000 593 738 851 
719: 1000 593 738 851 891 
720: 1000 593 979 
721: 1000 605 754 
722: 608 856 774 
723: 608 774 779 
724: 938 969 603 878 829 
725: 677 620 970 
726: 620 998 970 929 
727: 620 998 952 929 
728: 628 722 688 
729: 629 846 826 
730: 630 813 924 
731: 987 601 597 
732: 935 970 601 
733: 935 601 597 
734: 839 905 595 
735: 624 861 610 616 
736: 624 861 719 616 
737: 901 582 769 600 
738: 989 974 791 632 
739: 974 912 791 632 
740: 938 969 878 598 829 739 
741: 941 987 587 
742: 941 935 587 
743: 987 587 597 
744: 935 587 597 
745: 909 964 596 798 
746: 909 855 596 798 
747: 905 964 596 
748: 905 855 596 
749: 722 688 622 
750: 930 675 626 
751: 971 924 581 
752: 979 956 978 973 619 944 
753: 948 984 583 
754: 992 796 583 
755: 992 984 583 
756: 689 834 788 853 886 592 
757: 948 908 984 609 
758: 948 911 984 609 
759: 908 984 860 609 
760: 911 984 860 609 
761: 948 811 984 599 
762: 984 860 599 
763: 938 969 878 972 589 
764: 938 969 878 589 698 739 
765: 977 934 998 611 955 
766: 977 998 611 702 
767: 814 995 972 634 615 
768: 995 972 936 634 615 
769: 987 639 597 
770: 935 639 597 
771: 901 838 606 
772: 745 911 984 625 
773: 745 984 625 588 
774: 911 984 860 625 
775: 984 860 625 588 
776: 992 986 950 875 614 
777: 990 996 617 
778: 983 996 617 
779: 990 996 529 
780: 978 973 529 
781: 915 886 613 
782: 980 788 853 886 613 
783: 775 816 604 
784: 771 816 604 
785: 901 769 838 586 
786: 838 586 784 
787: 745 908 984 588 
788: 908 859 984 860 588 
789: 943 947 896 922 906 914 590 
790: 867 820 591 
791: 859 831 591 
792: 994 993 976 783 618 
793: 994 993 976 758 618 
794: 879 939 633 
795: 977 998 970 939 633 
796: 977 998 970 702 633 
797: 998 970 939 825 633 
798: 845 991 997 945 873 865 678 
799: 677 977 934 970 955 
800: 677 934 970 955 825 
801: 990 1000 647 733 773 
802: 990 1000 647 773 894 
803: 1000 647 659 894 
804: 1000 659 668 
805: 1000 659 752 797 891 
806: 1000 659 891 894 
807: 990 1000 668 731 
808: 990 1000 668 733 
809: 990 1000 668 738 
810: 670 949 802 
811: 670 949 713 
812: 670 949 787 
813: 988 667 963 961 812 
814: 988 667 961 888 812 
815: 988 667 961 980 
816: 648 883 959 983 962 996 854 
817: 948 676 831 
818: 933 676 928 
819: 822 880 907 635 656 
820: 880 907 635 885 656 
821: 772 917 674 889 
822: 917 674 889 972 817 820 
823: 923 940 960 637 805 664 833 
824: 953 717 749 658 
825: 953 658 779 
826: 918 666 694 
827: 918 666 697 
828: 957 965 967 902 641 
829: 957 965 967 641 903 
830: 943 947 672 
831: 976 792 672 
832: 976 672 705 
833: 735 741 785 823 671 
834: 735 671 895 
835: 822 880 907 636 656 
836: 830 644 729 721 
837: 992 986 999 640 
838: 992 986 868 640 
839: 992 868 640 843 
840: 987 835 639 
841: 835 935 639 
842: 992 986 925 868 679 
843: 781 971 653 762 730 
844: 781 653 762 683 730 
845: 957 965 967 902 650 958 
846: 832 965 967 650 
847: 988 963 961 819 649 812 
848: 988 961 980 649 
849: 976 847 673 
850: 864 892 663 763 
851: 883 959 983 962 996 854 657 
852: 957 967 902 913 958 661 
853: 957 967 913 768 958 661 
854: 943 947 896 922 906 914 643 
855: 852 792 848 654 
856: 852 848 727 654 
857: 792 848 755 654 
858: 848 727 755 654 
859: 910 882 921 919 862 815 
860: 884 951 982 893 932 954 926 665 
861: 923 940 960 805 664 833 652 
862: 772 867 917 889 646 
863: 867 917 889 874 820 646 
864: 989 975 985 898 916 897 651 
865: 883 959 983 962 996 854 655 
866: 992 986 950 999 875 660 
867: 992 986 920 660 
868: 682 993 981 
869: 990 1000 686 
870: 686 839 744 
871: 689 915 886 
872: 990 1000 711 778 894 
873: 709 708 801 
874: 967 703 848 
875: 703 852 792 848 
876: 703 792 848 872 
877: 703 848 734 872 
878: 884 946 951 982 691 954 926 
879: 884 946 951 982 691 954 740 
880: 681 934 985 
881: 994 993 976 696 981 876 
882: 977 998 692 970 900 939 
883: 977 998 692 952 900 939 
884: 998 692 787 
885: 754 693 701 801 
886: 693 915 701 801 
887: 930 725 782 
888: 772 917 700 889 
889: 917 700 889 874 972 
890: 917 700 889 972 817 
891: 994 993 981 714 876 
892: 994 993 981 714 758 
893: 968 849 724 
894: 992 708 723 
895: 970 901 708 
896: 970 929 708 
897: 909 964 699 798 
898: 909 855 699 798 
899: 807 712 704 
900: 807 712 766 
901: 813 924 712 704 
902: 924 712 766 
903: 856 684 803 
904: 938 969 878 680 698 739 
905: 938 969 878 680 698 685 
906: 807 971 704 
907: 807 885 704 
908: 813 971 924 704 
909: 965 902 913 707 958 
910: 965 913 903 707 958 
911: 977 998 970 929 939 690 
912: 957 965 967 695 
913: 957 965 871 695 
914: 832 965 967 695 
915: 832 965 871 695 
916: 781 777 762 683 
917: 837 887 974 995 912 791 710 
918: 995 936 710 
919: 912 919 710 
920: 988 963 899 687 800 
921: 988 899 888 687 800 
922: 988 899 980 687 
923: 997 963 687 
924: 918 694 803 
925: 962 756 694 
926: 824 992 723 
927: 949 802 723 
928: 983 854 723 
929: 943 947 896 922 906 870 914 718 
930: 994 993 976 783 981 705 
931: 994 993 976 999 981 705 
932: 999 869 705 
933: 977 998 970 929 702 
934: 977 998 952 929 702 
935: 938 969 878 972 829 685 
936: 943 947 896 922 906 870 914 715 
937: 946 951 982 893 932 954 926 716 
938: 925 893 716 
939: 732 879 904 818 
940: 990 1000 731 773 
941: 990 1000 731 797 
942: 1000 731 745 
943: 1000 731 797 891 
944: 990 1000 733 752 851 
945: 990 1000 737 797 
946: 990 1000 737 851 894 
947: 1000 737 797 891 
948: 1000 737 851 891 894 
949: 990 1000 738 851 894 
950: 1000 738 851 891 894 
951: 1000 745 948 
952: 745 948 908 984 
953: 745 948 911 984 
954: 966 842 742 
955: 818 934 726 
956: 977 881 934 998 726 939 
957: 977 881 998 952 726 939 
958: 998 726 784 
959: 852 848 727 734 
960: 848 727 734 755 872 
961: 968 849 795 746 
962: 954 936 747 
963: 884 946 951 982 932 954 740 
964: 884 946 951 982 932 809 740 
965: 879 818 728 
966: 992 986 728 
967: 992 930 728 
968: 946 991 728 
969: 991 997 728 
970: 990 1000 752 797 
971: 1000 752 851 891 
972: 1000 754 979 
973: 990 1000 765 
974: 765 837 974 
975: 765 932 926 
976: 990 1000 773 778 894 
977: 990 773 996 
978: 990 1000 778 797 
979: 778 894 847 
980: 957 967 913 768 903 958 
981: 957 768 871 903 958 
982: 757 977 934 970 900 939 955 
983: 757 977 952 900 939 955 
984: 775 864 892 764 816 
985: 775 971 892 
986: 775 972 764 816 
987: 946 982 756 
988: 952 756 895 
989: 756 895 799 
990: 864 771 892 816 
991: 771 972 816 
992: 979 978 753 973 
993: 992 950 753 
994: 992 753 973 
995: 975 985 753 
996: 821 918 760 
997: 901 838 760 
998: 921 919 760 
999: 921 760 944 
1000: 869 751 784 
1001: 781 971 777 762 
1002: 932 971 777 
1003: 807 971 766 
1004: 807 915 766 
1005: 971 924 766 
1006: 924 915 766 
1007: 792 848 755 872 
1008: 971 892 763 
1009: 864 936 764 816 
1010: 877 973 764 
1011: 972 936 764 816 
1012: 994 993 976 999 981 758 
1013: 994 993 976 981 794 758 
1014: 918 808 770 
1015: 940 960 770 
1016: 832 965 967 903 759 
1017: 832 965 871 903 759 
1018: 965 967 902 958 759 
1019: 965 967 903 958 759 
1020: 965 902 871 958 759 
1021: 965 871 903 958 759 
1022: 935 958 759 
1023: 989 956 833 
1024: 989 805 833 
1025: 979 931 956 978 937 973 942 944 776 
1026: 992 973 776 
1027: 881 934 998 970 929 939 955 761 
1028: 881 998 952 929 939 955 761 
1029: 998 853 761 
1030: 972 939 955 761 
1031: 994 993 976 783 981 876 
1032: 994 993 976 783 981 794 
1033: 995 789 858 885 
1034: 989 992 986 920 925 796 
1035: 992 986 999 925 796 
1036: 992 986 920 925 796 868 
1037: 999 949 796 
1038: 989 837 887 974 995 791 
1039: 989 837 974 995 791 780 
1040: 989 975 791 
1041: 837 974 995 912 791 780 
1042: 943 947 896 922 906 863 870 827 914 
1043: 881 947 863 
1044: 855 810 798 
1045: 943 947 787 
1046: 846 787 826 
1047: 834 980 788 853 886 
1048: 894 974 780 
1049: 989 975 985 898 916 844 897 790 
1050: 948 999 911 984 786 
1051: 948 908 859 984 786 
1052: 948 859 911 984 786 
1053: 908 859 984 860 786 
1054: 859 911 984 860 786 
1055: 953 999 779 
1056: 991 997 779 
1057: 997 999 779 
1058: 997 964 779 
1059: 988 963 899 961 800 
1060: 988 963 961 800 812 
1061: 988 899 961 888 800 
1062: 988 961 888 800 812 
1063: 864 984 800 
1064: 979 931 956 978 877 937 973 942 944 793 
1065: 951 971 793 
1066: 971 978 793 
1067: 951 982 784 
1068: 949 869 784 
1069: 824 992 950 925 806 828 843 
1070: 948 811 999 911 984 
1071: 948 811 911 984 831 
1072: 905 855 810 
1073: 905 810 847 
1074: 988 963 899 961 804 819 
1075: 988 899 961 888 804 819 
1076: 992 986 950 925 806 828 
1077: 992 986 920 925 868 806 
1078: 992 986 925 868 806 828 
1079: 992 920 925 868 806 843 
1080: 992 925 868 806 828 843 
1081: 988 961 888 819 812 
1082: 884 946 951 982 893 932 926 809 
1083: 917 889 874 972 820 
1084: 988 904 812 
1085: 956 961 812 
1086: 995 857 858 803 
1087: 995 856 803 
1088: 966 934 998 955 825 
1089: 966 998 952 955 825 
1090: 934 998 970 939 955 825 
1091: 998 952 939 955 825 
1092: 832 965 967 913 903 
1093: 941 835 935 
1094: 987 835 980 
1095: 835 935 980 
1096: 835 935 958 
1097: 966 842 964 
1098: 930 968 849 
1099: 991 997 836 
1100: 938 997 829 
1101: 989 950 844 
1102: 983 922 870 
1103: 992 986 950 925 875 828 
1104: 992 986 925 868 875 828 
1105: 992 950 925 875 828 843 
1106: 992 881 828 
1107: 992 925 868 875 828 843 
1108: 993 976 981 847 
1109: 905 964 847 
1110: 948 908 859 984 831 
1111: 948 859 911 984 831 
1112: 991 984 831 
1113: 908 859 984 860 831 
1114: 859 911 984 860 831 
1115: 990 943 873 
1116: 969 878 852 
1117: 995 856 896 
1118: 988 963 850 
1119: 988 850 955 
1120: 933 850 872 
1121: 881 929 850 955 
1122: 995 912 860 
1123: 957 965 902 871 958 
1124: 957 965 871 903 958 
1125: 947 985 896 
1126: 948 999 875 
1127: 992 986 950 999 925 875 
1128: 950 999 949 875 
1129: 925 875 980 
1130: 994 993 976 999 981 876 
1131: 933 895 872 
1132: 879 904 899 
1133: 879 899 996 
1134: 884 946 951 982 893 932 954 926 
1135: 884 954 936 
1136: 989 887 950 
1137: 989 887 890 
1138: 979 989 931 986 
1139: 979 989 931 956 978 937 973 942 944 
1140: 977 881 934 998 970 929 939 955 
1141: 977 881 998 952 929 939 955 
1142: 977 881 947 
1143: 975 985 885 916 
1144: 990 894 920 
1145: 979 899 961 
1146: 988 904 899 
1147: 988 899 961 980 
1148: 999 975 898 
1149: 957 903 892 
1150: 981 903 892 
1151: 989 995 897 
1152: 977 995 900 
1153: 977 934 998 970 929 900 939 955 
1154: 977 998 952 929 900 939 955 
1155: 994 904 993 981 
1156: 957 965 967 902 913 958 
1157: 966 909 964 
1158: 957 965 967 913 903 958 
1159: 956 964 944 
1160: 997 945 915 
1161: 989 992 986 950 925 
1162: 977 996 929 
1163: 946 951 982 932 954 971 926 
1164: 997 951 926 
1165: 998 954 926 
1166: 938 934 998 
1167: 990 1000 943 
1168: 966 977 934 998 955 
1169: 954 971 936 
1170: 957 959 980 
1171: 948 999 981 
1172: 990 951 996 
1173: 999 949 981 
1174: 966 977 998 952 955 
1175: 979 956 961 
1176: 988 961 955 
1177: 969 983 996 
1178: 992 986 966 
1179: 979 977 973 
1180: 989 992 973 
1181: 1000 979 989 
1182: 987 981 980 
1183: 988 982 980 
1184: 992 999 984 
1185: 993 986 999 
