# The links from G:\Dropbox\Raghda\CNA\Final Project\other methods\CFinder-2.0.6--1448\G:\Dropbox\Raghda\CNA\Final Project\Datasets\binary_networks\LFR2\networ_LFR2_Om4.dat
# at no lower link weight threshold,
# and at no upper link weight threshold.
# Links were treated as undirected.
# No time limit was set for the clique search.
# (mutual links and self-links were removed)

1 145
1 579
1 677
1 953
10 732
10 879
10 884
10 994
100 748
100 866
100 927
100 990
1000 11
1000 124
1000 160
1000 186
1000 248
1000 254
1000 414
1000 422
1000 424
1000 481
1000 530
1000 563
1000 566
1000 570
1000 580
1000 593
1000 605
1000 608
1000 647
1000 659
1000 668
1000 682
1000 686
1000 689
1000 711
1000 731
1000 733
1000 737
1000 738
1000 745
1000 752
1000 754
1000 765
1000 773
1000 778
1000 79
1000 797
1000 851
1000 891
1000 894
1000 92
1000 938
1000 943
1000 948
1000 957
1000 979
1000 988
1000 989
1000 990
101 837
101 845
101 887
101 974
102 20
102 217
102 717
102 953
103 670
103 938
103 969
104 359
104 419
104 941
104 987
105 832
105 835
105 965
105 967
106 824
106 904
106 931
106 992
107 603
107 938
107 969
107 993
108 807
108 946
108 991
108 997
109 75
109 818
109 879
109 945
11 1000
11 454
11 891
11 990
110 473
110 709
110 951
110 982
111 325
111 772
111 867
111 917
112 667
112 902
112 963
112 988
113 913
113 957
113 965
113 986
114 172
114 768
114 821
114 918
115 648
115 703
115 950
115 986
116 568
116 620
116 811
116 830
117 834
117 871
117 967
117 976
118 542
118 623
118 781
118 966
119 357
119 783
119 976
119 999
12 276
12 691
12 757
12 977
120 717
120 74
120 908
120 953
121 706
121 814
121 842
121 995
122 229
122 681
122 949
122 956
123 416
123 628
123 930
123 933
124 1000
124 511
124 778
124 990
125 696
125 789
125 857
125 858
126 887
126 910
126 912
126 974
127 822
127 880
127 883
127 907
128 265
128 266
128 446
128 584
129 273
129 629
129 935
129 941
13 881
13 891
13 934
13 998
130 742
130 839
130 842
130 989
131 676
131 920
131 950
131 976
132 265
132 505
132 630
132 941
133 170
133 438
133 930
133 968
134 692
134 878
134 938
134 969
135 813
135 909
135 950
135 986
136 54
136 945
136 991
136 997
137 635
137 880
137 907
137 943
138 305
138 467
138 970
138 998
139 172
139 335
139 925
139 947
14 342
14 675
14 952
14 992
140 200
140 645
140 941
140 987
141 439
141 893
141 932
141 982
142 319
142 601
142 954
142 982
143 775
143 864
143 959
143 971
144 145
144 693
144 749
144 953
145 1
145 144
145 726
145 953
146 873
146 976
146 993
146 994
147 203
147 444
147 879
147 983
148 674
148 725
148 890
148 930
149 339
149 923
149 940
149 960
15 700
15 975
15 985
150 278
150 69
150 849
150 968
151 511
151 899
151 961
151 963
152 375
152 852
152 889
152 927
152 965
153 393
153 981
153 993
153 994
154 648
154 956
154 978
154 979
155 252
155 355
155 912
155 974
156 3
156 476
156 489
156 905
157 249
157 424
157 58
157 964
158 595
158 662
158 839
158 856
159 290
159 962
159 983
159 996
16 549
16 931
16 949
16 962
16 997
160 1000
160 859
160 92
160 990
161 384
161 869
161 949
161 999
162 714
162 891
162 981
162 994
163 262
163 355
163 983
163 996
164 280
164 802
164 888
164 949
165 463
165 732
165 818
165 879
166 637
166 976
166 993
166 994
167 270
167 839
167 924
167 957
168 700
168 797
168 874
168 925
169 725
169 832
169 890
169 940
17 252
17 608
17 796
17 871
170 133
170 792
170 848
170 852
171 192
171 868
171 941
171 987
172 114
172 139
172 749
172 808
173 537
173 909
173 957
173 964
174 348
174 658
174 901
174 963
175 556
175 855
175 943
175 947
176 624
176 627
176 975
176 985
177 7
177 898
177 975
177 985
178 563
178 735
178 741
178 785
179 727
179 795
179 849
179 968
18 333
18 341
18 722
18 791
180 310
180 750
180 861
180 933
181 338
181 610
181 861
181 954
182 365
182 735
182 785
182 823
183 483
183 491
183 579
183 953
184 316
184 426
184 720
184 743
185 807
185 836
185 856
185 915
186 1000
186 896
186 941
186 987
187 810
187 855
187 875
187 909
188 962
188 975
188 983
188 996
189 720
189 962
189 983
189 996
19 666
19 808
19 918
19 968
190 460
190 882
190 961
190 988
191 6
191 688
191 722
191 921
192 171
192 612
192 630
192 935
193 922
193 929
193 943
193 947
194 689
194 850
194 866
194 921
194 964
195 270
195 724
195 968
195 988
196 477
196 802
196 991
196 997
197 756
197 810
197 876
197 994
198 275
198 725
198 885
198 890
199 742
199 789
199 857
199 858
2 443
2 641
2 736
2 966
20 102
20 582
20 769
20 901
200 140
200 438
200 849
200 968
201 638
201 771
201 877
201 972
202 451
202 841
202 936
202 937
203 147
203 785
203 818
203 879
204 316
204 889
204 928
204 933
205 836
205 902
205 903
205 975
206 565
206 830
206 866
206 927
207 802
207 949
207 967
207 999
208 672
208 713
208 835
208 987
209 810
209 976
209 981
209 994
21 774
21 836
21 856
21 970
210 725
210 782
210 887
210 890
211 753
211 802
211 911
211 948
212 878
212 959
212 983
212 996
213 631
213 821
213 984
213 997
214 336
214 632
214 912
214 974
215 358
215 7
215 884
215 966
216 598
216 920
216 938
216 969
217 102
217 753
217 932
217 953
218 578
218 627
218 829
218 968
219 743
219 885
219 962
219 979
22 973
22 978
22 979
22 998
220 332
220 749
220 952
220 953
221 638
221 864
221 892
221 910
222 905
222 929
222 968
222 984
223 284
223 550
223 734
223 964
224 671
224 735
224 823
224 995
225 378
225 419
225 584
225 916
226 523
226 627
226 805
226 890
227 499
227 543
227 919
227 921
228 40
228 607
228 817
228 917
229 122
229 869
229 906
229 949
23 274
23 587
23 866
23 941
230 804
230 943
230 963
230 988
231 708
231 838
231 845
231 917
232 278
232 636
232 836
232 907
233 844
233 945
233 991
233 997
234 329
234 760
234 895
234 933
235 840
235 846
235 928
235 938
235 996
236 450
236 926
236 963
236 988
237 596
237 916
237 975
237 985
238 497
238 644
238 782
238 890
239 532
239 846
239 967
239 994
24 391
24 840
24 980
24 993
240 55
240 675
240 737
240 930
241 273
241 640
241 749
241 953
242 670
242 713
242 869
242 943
243 519
243 699
243 905
243 967
244 810
244 841
244 956
244 960
244 967
245 353
245 839
245 879
245 947
245 996
246 863
246 893
246 970
246 993
246 996
247 859
247 860
247 948
247 952
247 984
248 1000
248 712
248 851
248 891
248 990
249 157
249 677
249 727
249 907
249 953
25 751
25 869
25 949
25 996
250 509
250 555
250 903
250 927
250 965
251 546
251 771
251 865
251 892
251 988
252 155
252 17
252 602
252 774
252 856
253 750
253 799
253 870
253 895
253 933
254 1000
254 959
254 962
254 983
254 996
255 571
255 896
255 912
255 974
255 989
256 897
256 898
256 975
256 985
256 991
257 354
257 542
257 682
257 921
257 949
258 278
258 578
258 724
258 968
258 982
259 946
259 951
259 954
259 982
259 991
26 757
26 945
26 991
26 997
260 386
260 72
260 782
260 854
260 890
261 460
261 746
261 956
261 978
261 979
262 163
262 981
262 993
262 994
262 998
263 542
263 873
263 945
263 991
263 997
264 569
264 639
264 980
264 987
264 995
265 128
265 132
265 398
265 419
265 995
266 128
266 794
266 976
266 993
266 994
267 427
267 956
267 973
267 978
267 979
268 298
268 468
268 807
268 924
268 959
269 430
269 504
269 605
269 985
269 995
27 956
27 973
27 978
27 979
270 167
270 195
270 464
270 795
270 968
271 410
271 476
271 905
271 909
271 964
272 429
272 928
272 969
272 974
272 983
273 129
273 241
273 946
273 954
273 982
274 23
274 38
274 544
274 935
274 987
275 198
275 440
275 699
275 798
275 964
276 12
276 765
276 822
276 880
276 9
277 404
277 897
277 975
277 982
277 985
278 150
278 232
278 258
278 543
278 968
279 539
279 787
279 973
279 982
279 983
279 997
28 527
28 666
28 806
28 963
280 164
280 713
280 720
280 949
280 999
281 303
281 61
281 935
281 980
281 987
282 608
282 684
282 821
282 856
282 998
283 322
283 587
283 895
283 933
283 960
284 223
284 701
284 798
284 912
284 964
285 838
285 923
285 940
285 960
285 969
286 291
286 900
286 917
286 977
286 998
287 290
287 333
287 445
287 518
287 622
288 451
288 747
288 76
288 841
288 936
289 522
289 543
289 724
289 826
289 968
29 951
29 959
29 983
29 996
290 159
290 287
290 688
290 930
290 942
291 286
291 295
291 939
291 970
291 998
292 804
292 848
292 961
292 963
292 988
293 355
293 566
293 748
293 866
293 927
294 884
294 932
294 946
294 982
294 993
295 291
295 945
295 950
295 991
295 997
296 506
296 626
296 679
296 981
296 994
297 895
297 971
297 973
297 993
297 996
298 268
298 349
298 581
298 75
298 924
299 861
299 895
299 928
299 933
299 988
3 156
3 947
3 964
3 976
30 814
30 819
30 969
30 984
300 619
300 900
300 970
300 977
300 998
301 380
301 729
301 962
301 983
301 996
302 427
302 600
302 653
302 777
302 781
303 281
303 679
303 806
303 875
303 999
304 923
304 940
304 960
304 974
304 987
305 138
305 473
305 981
305 993
305 994
306 898
306 959
306 962
306 983
306 996
307 553
307 680
307 822
307 907
307 935
308 533
308 724
308 788
308 853
308 886
309 824
309 828
309 950
309 986
309 992
31 898
31 974
31 975
31 985
310 180
310 732
310 928
310 931
310 933
311 521
311 827
311 981
311 993
311 994
312 392
312 600
312 662
312 744
312 839
313 365
313 585
313 780
313 912
313 974
314 474
314 510
314 650
314 701
314 801
315 944
315 945
315 991
315 997
315 998
316 184
316 204
316 585
316 720
316 743
317 549
317 630
317 704
317 813
317 981
318 327
318 707
318 913
318 957
318 958
319 142
319 594
319 877
319 924
319 952
32 560
32 65
32 808
32 918
320 750
320 882
320 910
320 919
320 921
321 497
321 956
321 973
321 978
321 979
322 283
322 475
322 766
322 928
322 933
323 675
323 684
323 762
323 858
323 949
324 638
324 690
324 840
324 881
324 998
325 111
325 631
325 695
325 895
325 99
326 405
326 416
326 688
326 799
326 930
327 318
327 946
327 951
327 982
327 985
328 458
328 595
328 744
328 839
328 970
329 234
329 794
329 922
329 943
329 947
33 505
33 912
33 935
33 987
330 444
330 732
330 818
330 879
330 968
331 578
331 583
331 719
331 746
331 968
332 220
332 345
332 376
332 874
332 953
333 18
333 287
333 341
333 622
333 999
334 780
334 887
334 965
334 967
334 974
335 139
335 571
335 681
335 957
335 958
336 214
336 543
336 600
336 71
336 901
337 393
337 644
337 699
337 830
337 961
338 181
338 610
338 860
338 861
338 997
339 149
339 703
339 755
339 852
339 872
34 567
34 908
34 948
34 965
340 701
340 709
340 754
340 801
340 938
341 18
341 333
341 37
341 930
341 950
342 14
342 37
342 675
342 933
342 964
343 405
343 514
343 603
343 607
343 722
344 402
344 584
344 847
344 888
344 904
345 332
345 592
345 834
345 886
345 998
346 581
346 847
346 925
346 986
346 992
347 873
347 882
347 945
347 991
347 997
348 174
348 503
348 696
348 976
348 993
349 298
349 804
349 867
349 961
349 988
35 609
35 714
35 976
35 994
350 809
350 954
350 966
350 974
350 982
351 669
351 826
351 846
351 968
351 996
352 695
352 82
352 950
352 957
352 958
353 245
353 51
353 569
353 830
353 861
354 257
354 623
354 7
354 737
354 966
355 155
355 163
355 293
355 887
355 974
356 741
356 811
356 859
356 948
356 970
357 119
357 720
357 792
357 990
357 997
358 215
358 542
358 623
358 966
358 991
359 104
359 904
359 941
359 975
359 987
36 747
36 841
36 89
36 985
360 486
360 772
360 874
360 917
360 966
361 519
361 527
361 855
361 905
361 950
362 795
362 827
362 986
362 989
362 992
363 599
363 741
363 974
363 984
363 999
364 399
364 922
364 932
364 943
364 947
365 182
365 313
365 876
365 981
365 993
366 404
366 908
366 948
366 978
366 984
367 794
367 838
367 976
367 981
367 994
368 817
368 824
368 889
368 917
368 997
369 447
369 675
369 829
369 938
369 969
37 341
37 342
37 785
37 979
370 522
370 792
370 836
370 850
370 872
371 391
371 645
371 755
371 767
371 840
372 538
372 649
372 976
372 993
372 994
373 782
373 805
373 923
373 940
373 960
374 589
374 727
374 792
374 872
374 978
375 152
375 956
375 973
375 978
375 979
376 332
376 656
376 74
376 749
376 953
377 704
377 789
377 857
377 858
377 995
378 225
378 402
378 584
378 673
378 967
379 884
379 916
379 951
379 954
379 982
379 999
38 274
38 750
38 935
38 987
380 301
380 512
380 77
380 780
380 925
380 974
381 464
381 611
381 912
381 955
381 970
381 977
382 387
382 872
382 901
382 932
382 966
382 997
383 873
383 90
383 936
383 945
383 991
383 997
384 161
384 638
384 663
384 763
384 771
384 788
385 479
385 916
385 959
385 962
385 983
385 996
386 260
386 497
386 823
386 890
386 930
386 999
387 382
387 857
387 858
387 886
387 921
387 977
388 817
388 867
388 874
388 889
388 904
388 948
389 434
389 519
389 525
389 767
389 809
389 840
39 767
39 840
39 980
39 985
390 680
390 753
390 829
390 938
390 958
390 969
391 24
391 371
391 634
391 767
391 840
391 980
392 312
392 595
392 662
392 744
392 839
392 952
393 153
393 337
393 709
393 721
393 729
393 830
394 577
394 59
394 638
394 764
394 941
394 972
395 568
395 721
395 729
395 830
395 864
395 987
396 491
396 735
396 741
396 785
396 823
396 876
397 412
397 945
397 956
397 973
397 978
397 979
398 265
398 763
398 785
398 948
398 969
398 973
399 364
399 629
399 682
399 764
399 816
399 864
4 868
4 961
4 963
4 988
40 228
40 913
40 965
40 967
400 790
400 898
400 916
400 975
400 976
400 985
401 781
401 844
401 897
401 916
401 975
401 985
402 344
402 378
402 446
402 449
402 505
402 978
403 743
403 876
403 90
403 909
403 952
403 974
404 277
404 366
404 689
404 834
404 853
404 980
405 326
405 343
405 607
405 621
405 622
405 963
406 817
406 820
406 867
406 917
406 946
406 983
407 683
407 730
407 762
407 781
407 926
407 971
408 758
408 873
408 900
408 945
408 991
408 997
409 893
409 926
409 932
409 965
409 978
409 982
41 630
41 766
41 771
41 924
410 271
410 411
410 736
410 842
410 905
410 966
411 410
411 740
411 810
411 921
411 935
411 956
412 397
412 470
412 594
412 634
412 814
412 995
413 440
413 518
413 535
413 926
413 951
413 954
414 1000
414 500
414 805
414 851
414 894
414 990
415 855
415 870
415 949
415 960
415 990
415 997
416 123
416 326
416 485
416 514
416 622
416 831
417 630
417 885
417 915
417 924
417 977
417 990
418 710
418 741
418 842
418 876
418 969
418 992
419 104
419 225
419 265
419 448
419 584
419 847
42 494
42 747
42 841
42 940
420 535
420 790
420 897
420 916
420 975
420 985
421 831
421 908
421 911
421 969
421 978
421 984
422 1000
422 711
422 778
422 851
422 934
422 990
423 601
423 767
423 858
423 935
423 941
423 987
424 1000
424 157
424 596
424 810
424 855
424 964
425 526
425 669
425 826
425 846
425 904
425 921
426 184
426 457
426 503
426 575
426 911
426 984
427 267
427 302
427 777
427 781
427 858
427 971
428 436
428 505
428 581
428 980
428 987
428 995
429 272
429 499
429 624
429 719
429 775
429 861
43 597
43 823
43 866
43 927
430 269
430 587
430 710
430 719
430 935
430 980
431 616
431 786
431 811
431 908
431 97
431 984
432 566
432 772
432 816
432 867
432 874
432 889
433 956
433 973
433 978
433 979
433 981
433 988
434 389
434 511
434 542
434 577
434 657
434 950
435 462
435 572
435 736
435 842
435 973
435 977
436 428
436 582
436 785
436 814
436 838
436 842
437 606
437 742
437 829
437 878
437 938
437 969
438 133
438 200
438 746
438 795
438 937
438 956
439 141
439 906
439 959
439 962
439 983
439 996
44 512
44 799
44 895
44 928
440 275
440 413
440 69
440 964
440 966
440 982
441 823
441 880
441 959
441 962
441 983
441 996
442 472
442 483
442 805
442 923
442 940
442 960
443 2
443 958
443 968
443 982
443 99
443 997
444 147
444 330
444 537
444 732
444 818
444 879
445 287
445 768
445 957
445 958
445 967
445 979
446 128
446 402
446 449
446 47
446 653
446 673
447 369
447 721
447 844
447 916
447 975
447 985
448 419
448 602
448 684
448 737
448 774
448 856
449 402
449 446
449 47
449 599
449 673
449 830
45 518
45 950
45 986
45 992
450 236
450 789
450 844
450 897
450 975
450 985
451 202
451 288
451 64
451 747
451 841
451 936
452 625
452 683
452 762
452 765
452 777
452 975
453 744
453 832
453 871
453 903
453 958
453 967
454 11
454 606
454 763
454 857
454 869
454 955
455 802
455 882
455 902
455 910
455 919
455 921
456 603
456 744
456 959
456 962
456 983
456 996
457 426
457 539
457 745
457 747
457 984
457 999
458 328
458 559
458 581
458 595
458 662
458 744
459 658
459 937
459 976
459 981
459 993
459 994
46 565
46 866
46 903
46 927
460 190
460 261
460 734
460 899
460 963
460 988
461 559
461 713
461 751
461 802
461 869
461 949
462 435
462 657
462 736
462 742
462 750
462 842
463 165
463 668
463 732
463 782
463 818
463 879
464 270
464 381
464 724
464 746
464 795
464 993
465 687
465 835
465 961
465 963
465 983
465 988
466 550
466 699
466 779
466 800
466 907
466 966
467 138
467 614
467 888
467 899
467 961
467 988
468 268
468 509
468 712
468 813
468 924
468 952
469 600
469 769
469 838
469 847
469 901
469 920
47 446
47 449
47 673
47 972
470 412
470 489
470 793
470 798
470 810
470 964
471 849
471 862
471 882
471 910
471 919
471 921
472 442
472 511
472 641
472 957
472 958
472 965
473 110
473 305
473 514
473 574
473 617
473 722
474 314
474 888
474 893
474 961
474 963
474 988
475 322
475 820
475 874
475 889
475 917
475 975
476 156
476 271
476 760
476 798
476 905
476 980
477 196
477 67
477 788
477 853
477 886
477 980
478 704
478 875
478 918
478 920
478 986
478 992
479 385
479 690
479 785
479 929
479 955
479 998
48 640
48 657
48 782
48 960
48 967
480 800
480 812
480 888
480 988
480 994
480 998
481 1000
481 610
481 711
481 752
481 890
481 990
482 626
482 635
482 871
482 880
482 907
482 957
483 183
483 442
483 719
483 754
483 880
483 986
484 751
484 909
484 976
484 981
484 993
484 994
485 416
485 488
485 561
485 670
485 949
485 999
486 360
486 679
486 897
486 898
486 975
486 985
487 499
487 574
487 610
487 861
487 865
487 911
488 485
488 611
488 802
488 869
488 942
488 999
489 156
489 470
489 550
489 69
489 753
489 960
49 677
49 81
49 981
49 994
490 558
490 661
490 814
490 936
490 972
490 995
491 183
491 396
491 493
491 547
491 717
491 749
492 824
492 868
492 883
492 944
492 986
492 992
493 491
493 650
493 819
493 888
493 963
493 988
494 42
494 614
494 621
494 747
494 841
494 89
494 951
495 810
495 855
495 867
495 909
495 966
495 984
495 994
496 502
496 706
496 748
496 866
496 927
496 941
496 968
497 238
497 321
497 386
497 523
497 782
497 890
497 976
498 631
498 642
498 750
498 895
498 928
498 933
498 994
499 227
499 429
499 487
499 616
499 627
499 719
499 865
5 709
5 887
5 912
5 974
50 823
50 923
50 940
50 960
500 414
500 525
500 645
500 767
500 840
500 974
500 980
501 60
501 603
501 881
501 939
501 955
501 977
501 998
502 496
502 566
502 661
502 83
502 866
502 927
502 947
503 348
503 426
503 786
503 811
503 860
503 984
503 988
504 269
504 663
504 742
504 831
504 973
504 978
504 997
505 132
505 33
505 402
505 428
505 511
505 698
505 987
506 296
506 858
506 940
506 953
506 960
506 978
506 979
507 696
507 781
507 876
507 931
507 976
507 993
507 994
508 558
508 862
508 934
508 945
508 952
508 977
508 998
509 250
509 468
509 67
509 766
509 807
509 813
509 911
51 353
51 774
51 861
51 921
510 314
510 513
510 612
510 693
510 709
510 801
510 849
511 124
511 151
511 434
511 472
511 505
511 987
511 995
512 380
512 44
512 724
512 837
512 887
512 912
512 974
513 510
513 693
513 701
513 709
513 754
513 862
513 949
514 343
514 416
514 473
514 541
514 607
514 628
514 987
515 688
515 922
515 926
515 932
515 946
515 954
515 982
516 576
516 694
516 723
516 821
516 872
516 918
516 987
517 706
517 871
517 957
517 958
517 965
517 967
517 987
518 287
518 413
518 45
518 805
518 923
518 940
518 960
519 243
519 361
519 389
519 779
519 909
519 914
519 964
52 536
52 621
52 769
52 901
520 612
520 835
520 858
520 941
520 973
520 987
520 995
521 311
521 643
521 783
521 860
521 981
521 993
521 994
522 289
522 370
522 703
522 734
522 848
522 852
522 981
523 226
523 497
523 770
523 782
523 790
523 813
523 890
524 809
524 819
524 899
524 913
524 961
524 982
524 988
525 389
525 500
525 717
525 767
525 834
525 840
525 980
526 425
526 669
526 826
526 846
526 903
526 904
526 965
527 28
527 361
527 576
527 65
527 666
527 697
527 971
528 644
528 757
528 826
528 900
528 939
528 952
528 998
529 748
529 928
529 963
529 973
529 978
529 990
529 993
529 996
53 679
53 807
53 986
53 992
530 1000
530 711
530 738
530 773
530 890
530 965
530 990
531 809
531 893
531 939
531 946
531 951
531 982
531 994
532 239
532 883
532 954
532 959
532 962
532 983
532 996
533 308
533 562
533 61
533 613
533 79
533 834
533 886
534 56
534 750
534 799
534 895
534 913
534 928
534 933
535 413
535 420
535 829
535 893
535 926
535 932
535 954
536 52
536 555
536 898
536 916
536 933
536 975
536 985
537 173
537 444
537 640
537 855
537 905
537 909
537 964
538 372
538 919
538 944
538 956
538 973
538 978
538 979
539 279
539 457
539 620
539 859
539 908
539 927
539 984
54 136
54 946
54 951
54 954
540 736
540 742
540 842
540 95
540 969
540 986
540 995
541 514
541 865
541 873
541 945
541 971
541 991
541 997
542 118
542 257
542 263
542 358
542 434
542 966
542 983
543 227
543 278
543 289
543 336
543 746
543 795
543 968
544 274
544 862
544 882
544 910
544 919
544 921
544 996
545 855
545 910
545 928
545 933
545 970
545 990
545 991
546 251
546 550
546 604
546 663
546 892
546 936
546 973
547 491
547 55
547 616
547 934
547 978
547 979
547 996
548 694
548 697
548 808
548 821
548 857
548 918
548 999
549 16
549 317
549 712
549 813
549 851
549 924
549 971
55 240
55 547
55 675
55 930
550 223
550 466
550 489
550 546
550 721
550 905
550 964
551 56
551 759
551 834
551 957
551 965
551 966
551 967
552 883
552 959
552 962
552 970
552 982
552 983
552 996
553 307
553 671
553 850
553 907
553 927
553 934
553 994
554 635
554 899
554 908
554 911
554 948
554 984
554 999
555 250
555 536
555 695
555 738
555 871
555 902
555 965
556 175
556 608
556 880
556 949
556 960
556 974
556 999
557 738
557 844
557 861
557 879
557 905
557 983
557 996
558 490
558 508
558 894
558 934
558 952
558 955
558 998
559 458
559 461
559 726
559 934
559 939
559 952
559 998
56 534
56 551
56 902
56 913
560 32
560 794
560 891
560 904
560 976
560 993
560 994
561 485
561 614
561 696
561 915
561 920
561 986
561 992
562 533
562 788
562 834
562 852
562 853
562 886
562 969
563 1000
563 178
563 636
563 730
563 907
563 963
563 968
564 585
564 642
564 720
564 743
564 910
564 936
564 955
565 206
565 46
565 682
565 706
565 866
565 927
565 928
566 1000
566 293
566 432
566 502
566 706
566 866
566 927
567 34
567 658
567 680
567 763
567 977
567 984
567 987
568 116
568 395
568 644
568 721
568 729
568 811
568 958
569 264
569 353
569 799
569 927
569 933
569 975
569 998
57 644
57 721
57 772
57 830
570 1000
570 647
570 718
570 731
570 811
570 891
570 990
571 255
571 335
571 791
571 794
571 912
571 914
571 974
572 435
572 736
572 742
572 842
572 907
572 95
572 953
573 582
573 620
573 800
573 803
573 961
573 963
573 988
574 473
574 487
574 705
574 921
574 935
574 987
574 989
575 426
575 803
575 808
575 821
575 824
575 918
575 927
576 516
576 527
576 629
576 808
576 821
576 890
576 918
577 394
577 434
577 604
577 763
577 771
577 903
577 948
578 218
578 258
578 331
578 849
578 947
578 968
578 973
579 1
579 183
579 65
579 676
579 717
579 725
579 953
579 964
58 157
58 616
58 861
58 889
580 1000
580 731
580 737
580 752
580 759
580 894
580 897
580 948
581 298
581 346
581 428
581 458
581 924
581 960
581 971
581 997
582 20
582 436
582 573
582 600
582 666
582 769
582 901
582 963
583 331
583 587
583 719
583 796
583 948
583 974
583 984
583 992
584 128
584 225
584 344
584 378
584 419
584 673
584 870
584 994
585 313
585 316
585 564
585 720
585 743
585 806
585 826
585 936
586 71
586 769
586 784
586 790
586 838
586 901
586 935
586 991
587 23
587 283
587 430
587 583
587 597
587 935
587 941
587 987
588 625
588 654
588 745
588 843
588 859
588 860
588 908
588 984
589 374
589 698
589 739
589 865
589 878
589 938
589 969
589 972
59 394
59 663
59 846
59 892
590 628
590 815
590 896
590 906
590 914
590 922
590 943
590 947
591 807
591 820
591 831
591 859
591 867
591 924
591 961
591 974
592 345
592 689
592 788
592 834
592 853
592 886
592 908
592 993
593 1000
593 733
593 738
593 851
593 866
593 891
593 979
593 990
594 319
594 412
594 789
594 814
594 895
594 905
594 957
594 969
595 158
595 328
595 392
595 458
595 744
595 839
595 905
595 919
596 237
596 424
596 798
596 817
596 855
596 905
596 909
596 964
597 43
597 587
597 601
597 639
597 80
597 935
597 987
597 992
598 216
598 739
598 829
598 87
598 878
598 938
598 941
598 969
599 363
599 449
599 811
599 860
599 926
599 948
599 984
599 985
6 191
6 729
6 86
6 970
60 501
60 669
60 826
60 846
600 302
600 312
600 336
600 469
600 582
600 769
600 838
600 901
601 142
601 423
601 597
601 642
601 850
601 935
601 970
601 987
602 252
602 448
602 684
602 733
602 774
602 786
602 856
602 946
603 107
603 343
603 456
603 501
603 829
603 878
603 938
603 969
604 546
604 577
604 763
604 771
604 775
604 816
604 821
604 903
605 1000
605 269
605 681
605 754
605 872
605 887
605 913
605 999
606 437
606 454
606 830
606 831
606 838
606 901
606 953
606 982
607 228
607 343
607 405
607 514
607 627
607 688
607 825
607 91
608 1000
608 17
608 282
608 556
608 774
608 779
608 856
608 982
609 35
609 814
609 860
609 908
609 911
609 948
609 959
609 984
61 281
61 533
61 941
61 987
610 181
610 338
610 481
610 487
610 616
610 624
610 66
610 861
611 381
611 488
611 702
611 934
611 941
611 955
611 977
611 998
612 192
612 510
612 520
612 706
612 835
612 941
612 987
612 995
613 533
613 737
613 788
613 853
613 868
613 886
613 915
613 980
614 467
614 494
614 561
614 858
614 875
614 950
614 986
614 992
615 634
615 693
615 814
615 827
615 936
615 972
615 990
615 995
616 431
616 499
616 547
616 58
616 610
616 624
616 719
616 861
617 473
617 779
617 846
617 967
617 983
617 985
617 990
617 996
618 758
618 783
618 886
618 898
618 917
618 976
618 993
618 994
619 300
619 925
619 944
619 956
619 973
619 978
619 979
619 98
62 835
62 935
62 960
62 987
620 116
620 539
620 573
620 677
620 929
620 952
620 970
620 998
621 405
621 494
621 52
621 693
621 709
621 816
621 968
621 977
622 287
622 333
622 405
622 416
622 688
622 722
622 869
622 984
623 118
623 354
623 358
623 699
623 7
623 770
623 932
623 966
624 176
624 429
624 610
624 616
624 654
624 719
624 790
624 861
625 452
625 588
625 745
625 860
625 900
625 911
625 984
625 986
626 296
626 482
626 675
626 685
626 880
626 921
626 930
626 983
627 176
627 218
627 226
627 499
627 607
627 668
627 706
627 890
628 123
628 514
628 590
628 688
628 708
628 722
628 974
628 997
629 129
629 399
629 576
629 826
629 846
629 857
629 975
629 993
63 843
63 950
63 977
63 986
630 132
630 192
630 317
630 41
630 417
630 807
630 813
630 924
631 213
631 325
631 498
631 71
631 750
631 928
631 933
631 982
632 214
632 791
632 89
632 912
632 957
632 972
632 974
632 989
633 665
633 702
633 825
633 879
633 939
633 970
633 977
633 998
634 391
634 412
634 615
634 665
634 814
634 936
634 972
634 995
635 137
635 482
635 554
635 656
635 822
635 880
635 885
635 907
635 953
636 232
636 563
636 638
636 656
636 786
636 822
636 836
636 880
636 907
637 166
637 664
637 805
637 833
637 872
637 882
637 923
637 940
637 960
638 201
638 221
638 324
638 384
638 394
638 636
638 749
638 864
638 892
639 264
639 597
639 835
639 893
639 917
639 935
639 963
639 987
639 995
64 451
64 759
64 770
64 965
640 241
640 48
640 537
640 843
640 868
640 959
640 986
640 992
640 999
641 2
641 472
641 813
641 902
641 903
641 957
641 965
641 967
641 998
642 498
642 564
642 601
642 670
642 823
642 902
642 927
642 938
642 960
643 521
643 864
643 896
643 906
643 914
643 922
643 943
643 947
643 969
644 238
644 337
644 528
644 568
644 57
644 686
644 721
644 729
644 830
645 140
645 371
645 500
645 786
645 80
645 921
645 990
645 994
645 997
646 763
646 772
646 789
646 820
646 867
646 874
646 889
646 917
646 959
647 1000
647 570
647 659
647 733
647 746
647 773
647 894
647 981
647 990
648 115
648 154
648 816
648 854
648 883
648 959
648 962
648 983
648 996
649 372
649 775
649 812
649 819
649 900
649 961
649 963
649 980
649 988
65 32
65 527
65 579
65 918
650 314
650 493
650 832
650 902
650 957
650 958
650 965
650 967
650 994
651 850
651 897
651 898
651 914
651 916
651 927
651 975
651 985
651 989
652 664
652 805
652 833
652 875
652 915
652 923
652 937
652 940
652 960
653 302
653 446
653 683
653 730
653 762
653 781
653 812
653 897
653 971
654 588
654 624
654 70
654 727
654 755
654 792
654 848
654 852
654 874
655 854
655 856
655 883
655 895
655 949
655 959
655 962
655 983
655 996
656 376
656 635
656 636
656 760
656 822
656 843
656 880
656 885
656 907
657 434
657 462
657 48
657 854
657 883
657 959
657 962
657 983
657 996
658 174
658 459
658 567
658 717
658 749
658 779
658 807
658 932
658 953
659 1000
659 647
659 668
659 752
659 797
659 826
659 891
659 894
659 965
66 610
66 888
66 961
66 988
660 857
660 875
660 913
660 920
660 950
660 985
660 986
660 992
660 999
661 490
661 502
661 739
661 768
661 902
661 913
661 957
661 958
661 967
662 158
662 312
662 392
662 458
662 697
662 744
662 839
662 860
662 971
663 384
663 504
663 546
663 59
663 763
663 864
663 892
663 962
663 972
664 637
664 652
664 805
664 833
664 923
664 926
664 940
664 960
664 972
665 633
665 634
665 884
665 893
665 926
665 932
665 951
665 954
665 982
666 19
666 28
666 527
666 582
666 694
666 697
666 918
666 961
666 968
667 112
667 812
667 888
667 933
667 961
667 963
667 976
667 980
667 988
668 1000
668 463
668 627
668 659
668 731
668 733
668 738
668 960
668 990
669 351
669 425
669 526
669 60
669 808
669 826
669 846
669 859
669 958
67 477
67 509
67 766
67 924
670 103
670 242
670 485
670 642
670 713
670 776
670 787
670 802
670 949
671 224
671 553
671 735
671 741
671 785
671 804
671 823
671 895
671 982
672 208
672 705
672 792
672 834
672 877
672 943
672 947
672 976
672 987
673 378
673 446
673 449
673 47
673 584
673 847
673 936
673 976
673 985
674 148
674 772
674 817
674 820
674 889
674 917
674 961
674 972
674 985
675 14
675 240
675 323
675 342
675 369
675 55
675 626
675 697
675 930
676 131
676 579
676 831
676 847
676 909
676 928
676 933
676 948
676 997
677 1
677 249
677 49
677 620
677 825
677 934
677 955
677 970
677 977
678 809
678 845
678 865
678 873
678 929
678 945
678 991
678 997
679 296
679 303
679 486
679 53
679 868
679 925
679 969
679 986
679 992
68 867
68 935
68 941
68 995
680 307
680 390
680 567
680 685
680 698
680 739
680 822
680 878
680 938
680 969
681 122
681 335
681 605
681 751
681 803
681 915
681 930
681 934
681 965
681 985
682 1000
682 257
682 399
682 565
682 770
682 816
682 930
682 942
682 981
682 993
683 407
683 452
683 653
683 730
683 762
683 777
683 781
683 822
683 871
683 875
684 282
684 323
684 448
684 602
684 698
684 702
684 774
684 803
684 819
684 856
685 626
685 680
685 698
685 829
685 878
685 906
685 938
685 969
685 972
685 975
686 1000
686 644
686 744
686 783
686 822
686 836
686 839
686 866
686 960
686 990
687 465
687 800
687 844
687 888
687 899
687 911
687 963
687 980
687 988
687 997
688 191
688 290
688 326
688 515
688 607
688 622
688 628
688 722
688 898
688 990
689 1000
689 194
689 404
689 592
689 788
689 834
689 853
689 886
689 897
689 915
69 150
69 440
69 489
69 964
690 324
690 479
690 801
690 888
690 929
690 939
690 953
690 970
690 977
690 998
691 12
691 736
691 740
691 884
691 926
691 928
691 946
691 951
691 954
691 982
692 134
692 787
692 878
692 883
692 900
692 939
692 952
692 970
692 977
692 998
693 144
693 510
693 513
693 615
693 621
693 701
693 754
693 777
693 801
693 915
694 516
694 548
694 666
694 756
694 803
694 821
694 918
694 953
694 962
694 986
695 325
695 352
695 555
695 797
695 832
695 871
695 957
695 965
695 967
695 994
696 125
696 348
696 507
696 561
696 876
696 976
696 981
696 993
696 994
696 995
697 527
697 548
697 662
697 666
697 675
697 756
697 808
697 821
697 915
697 918
698 505
698 589
698 680
698 684
698 685
698 739
698 878
698 938
698 946
698 969
699 243
699 275
699 337
699 466
699 623
699 798
699 855
699 909
699 940
699 964
7 177
7 215
7 354
7 623
70 654
70 755
70 868
70 872
700 15
700 168
700 772
700 817
700 874
700 889
700 901
700 917
700 972
700 993
701 284
701 314
701 340
701 513
701 693
701 754
701 801
701 840
701 857
701 915
702 611
702 633
702 684
702 821
702 929
702 936
702 952
702 970
702 977
702 998
703 115
703 339
703 522
703 734
703 792
703 848
703 852
703 872
703 928
703 967
704 317
704 377
704 478
704 712
704 773
704 807
704 813
704 885
704 924
704 971
705 574
705 672
705 783
705 869
705 917
705 976
705 981
705 993
705 994
705 999
706 121
706 496
706 517
706 565
706 566
706 612
706 627
706 748
706 866
706 927
707 318
707 781
707 902
707 903
707 913
707 919
707 958
707 965
707 98
707 985
708 231
708 628
708 709
708 723
708 801
708 901
708 921
708 929
708 970
708 992
709 110
709 340
709 393
709 5
709 510
709 513
709 621
709 708
709 754
709 801
71 336
71 586
71 631
71 901
710 418
710 430
710 791
710 837
710 887
710 912
710 919
710 936
710 974
710 995
711 1000
711 422
711 481
711 530
711 778
711 871
711 894
711 905
711 984
711 990
712 248
712 468
712 549
712 704
712 766
712 768
712 807
712 813
712 924
712 943
713 208
713 242
713 280
713 461
713 670
713 751
713 844
713 884
713 949
713 999
714 162
714 35
714 758
714 814
714 876
714 885
714 981
714 991
714 993
714 994
715 732
715 870
715 896
715 906
715 914
715 917
715 922
715 943
715 947
715 954
716 730
716 770
716 893
716 925
716 926
716 932
716 946
716 951
716 954
716 982
717 102
717 120
717 491
717 525
717 579
717 658
717 749
717 840
717 953
717 987
718 570
718 777
718 870
718 896
718 906
718 914
718 922
718 943
718 947
718 988
719 331
719 429
719 430
719 483
719 499
719 583
719 616
719 624
719 861
719 966
72 260
72 810
72 849
72 968
720 184
720 189
720 280
720 316
720 357
720 564
720 585
720 743
720 893
720 936
721 393
721 395
721 447
721 550
721 568
721 57
721 644
721 729
721 830
721 993
722 18
722 191
722 343
722 473
722 622
722 628
722 688
722 787
722 924
722 932
723 516
723 708
723 802
723 808
723 824
723 854
723 948
723 949
723 983
723 992
724 195
724 258
724 289
724 308
724 464
724 512
724 78
724 849
724 968
724 989
725 148
725 169
725 198
725 210
725 579
725 782
725 824
725 833
725 890
725 930
726 145
726 559
726 784
726 818
726 881
726 918
726 934
726 939
726 952
726 977
726 998
727 179
727 249
727 374
727 654
727 734
727 755
727 848
727 852
727 870
727 872
727 966
728 765
728 818
728 879
728 880
728 930
728 942
728 946
728 986
728 991
728 992
728 997
729 301
729 393
729 395
729 568
729 6
729 644
729 721
729 8
729 830
729 898
729 940
73 959
73 962
73 980
73 996
730 407
730 563
730 653
730 683
730 716
730 756
730 762
730 781
730 876
730 971
730 996
731 1000
731 570
731 580
731 668
731 745
731 773
731 797
731 812
731 891
731 906
731 990
732 10
732 165
732 310
732 330
732 444
732 463
732 715
732 818
732 879
732 904
732 977
733 1000
733 593
733 602
733 647
733 668
733 752
733 773
733 851
733 924
733 956
733 990
734 223
734 460
734 522
734 703
734 727
734 755
734 82
734 848
734 852
734 863
734 872
735 178
735 182
735 224
735 396
735 671
735 741
735 785
735 823
735 895
735 970
735 999
736 2
736 410
736 435
736 462
736 540
736 572
736 691
736 742
736 788
736 842
736 939
737 1000
737 240
737 354
737 448
737 580
737 613
737 797
737 851
737 891
737 894
737 990
738 1000
738 530
738 555
738 557
738 593
738 668
738 851
738 891
738 894
738 945
738 990
739 589
739 598
739 661
739 680
739 698
739 782
739 829
739 878
739 906
739 938
739 969
74 120
74 376
74 852
74 953
740 411
740 691
740 809
740 884
740 914
740 918
740 932
740 946
740 951
740 954
740 982
741 178
741 356
741 363
741 396
741 418
741 671
741 735
741 785
741 823
741 855
741 924
742 130
742 199
742 437
742 462
742 504
742 540
742 572
742 736
742 761
742 842
742 966
743 184
743 219
743 316
743 403
743 564
743 585
743 720
743 805
743 936
743 966
743 973
744 312
744 328
744 392
744 453
744 456
744 458
744 595
744 662
744 686
744 839
744 955
745 1000
745 457
745 588
745 625
745 731
745 780
745 908
745 911
745 928
745 948
745 984
746 261
746 331
746 438
746 464
746 543
746 647
746 78
746 795
746 849
746 882
746 968
747 288
747 36
747 42
747 451
747 457
747 494
747 841
747 86
747 862
747 936
747 954
748 100
748 293
748 496
748 529
748 706
748 83
748 866
748 911
748 927
748 974
748 977
749 144
749 172
749 220
749 241
749 376
749 491
749 638
749 658
749 717
749 770
749 8
749 953
75 109
75 298
75 927
75 947
75 993
750 180
750 253
750 320
750 38
750 462
750 498
750 534
750 631
750 799
750 808
750 895
750 928
751 25
751 461
751 484
751 681
751 713
751 784
751 787
751 802
751 817
751 842
751 869
751 911
752 1000
752 481
752 580
752 659
752 733
752 796
752 797
752 839
752 851
752 891
752 983
752 990
753 211
753 217
753 390
753 489
753 950
753 953
753 973
753 975
753 978
753 979
753 985
753 992
754 1000
754 340
754 483
754 513
754 605
754 693
754 701
754 709
754 801
754 869
754 979
754 995
755 339
755 371
755 654
755 70
755 727
755 734
755 785
755 792
755 82
755 848
755 872
755 885
756 197
756 694
756 697
756 730
756 777
756 789
756 799
756 895
756 946
756 952
756 962
756 982
757 12
757 26
757 528
757 893
757 900
757 908
757 934
757 939
757 952
757 955
757 970
757 977
758 408
758 618
758 714
758 794
758 828
758 880
758 901
758 976
758 981
758 993
758 994
758 999
759 551
759 580
759 64
759 832
759 871
759 902
759 903
759 935
759 958
759 960
759 965
759 967
76 288
76 830
76 920
76 992
760 234
760 476
760 656
760 821
760 838
760 901
760 913
760 918
760 919
760 921
760 933
760 944
761 742
761 803
761 853
761 881
761 929
761 934
761 939
761 952
761 955
761 970
761 972
761 998
762 323
762 407
762 452
762 653
762 683
762 730
762 777
762 781
762 889
762 922
762 971
762 987
763 384
763 398
763 454
763 567
763 577
763 604
763 646
763 663
763 794
763 864
763 892
763 971
764 394
764 399
764 775
764 816
764 864
764 877
764 892
764 928
764 93
764 936
764 972
764 973
765 1000
765 276
765 452
765 728
765 822
765 837
765 926
765 932
765 940
765 968
765 974
765 990
766 322
766 41
766 509
766 67
766 712
766 807
766 896
766 915
766 924
766 929
766 962
766 971
767 371
767 389
767 39
767 391
767 423
767 500
767 525
767 797
767 840
767 907
767 980
767 998
768 114
768 445
768 661
768 712
768 769
768 871
768 903
768 913
768 953
768 957
768 958
768 967
769 20
769 469
769 52
769 582
769 586
769 600
769 768
769 788
769 838
769 884
769 901
769 928
77 380
77 798
77 920
77 929
77 969
770 523
770 623
770 64
770 682
770 716
770 749
770 777
770 808
770 890
770 918
770 940
770 960
771 201
771 251
771 384
771 41
771 577
771 604
771 816
771 864
771 892
771 958
771 972
771 979
772 111
772 360
772 432
772 57
772 646
772 674
772 700
772 828
772 867
772 889
772 917
772 994
773 1000
773 530
773 647
773 704
773 731
773 733
773 778
773 894
773 949
773 990
773 995
773 996
774 21
774 252
774 448
774 51
774 602
774 608
774 684
774 779
774 856
774 884
774 942
774 943
775 143
775 429
775 604
775 649
775 764
775 816
775 864
775 892
775 922
775 952
775 971
775 972
776 670
776 931
776 937
776 942
776 944
776 956
776 958
776 973
776 978
776 979
776 987
776 992
777 302
777 427
777 452
777 683
777 693
777 718
777 756
777 762
777 770
777 781
777 932
777 971
778 1000
778 124
778 422
778 711
778 773
778 797
778 838
778 847
778 894
778 913
778 972
778 990
779 466
779 519
779 608
779 617
779 658
779 774
779 78
779 859
779 953
779 964
779 991
779 997
779 999
78 724
78 746
78 779
78 968
780 313
780 334
780 380
780 745
780 791
780 837
780 882
780 894
780 912
780 974
780 989
780 991
780 995
781 118
781 302
781 401
781 407
781 427
781 507
781 653
781 683
781 707
781 730
781 762
781 777
781 971
782 210
782 238
782 260
782 373
782 463
782 48
782 497
782 523
782 725
782 739
782 890
782 930
782 957
783 119
783 521
783 618
783 686
783 705
783 794
783 876
783 889
783 968
783 976
783 981
783 993
783 994
784 586
784 726
784 751
784 838
784 841
784 869
784 908
784 909
784 924
784 949
784 951
784 982
784 998
785 178
785 182
785 203
785 37
785 396
785 398
785 436
785 479
785 671
785 735
785 741
785 755
785 823
786 431
786 503
786 602
786 636
786 645
786 854
786 859
786 860
786 908
786 911
786 948
786 984
786 999
787 279
787 670
787 692
787 722
787 751
787 812
787 826
787 846
787 943
787 947
787 949
787 987
787 998
788 308
788 384
788 477
788 562
788 592
788 613
788 689
788 736
788 769
788 834
788 853
788 886
788 980
789 125
789 199
789 377
789 450
789 594
789 646
789 756
789 84
789 857
789 858
789 885
789 909
789 995
79 1000
79 533
79 891
79 990
790 400
790 420
790 523
790 586
790 624
790 844
790 877
790 897
790 898
790 916
790 975
790 985
790 989
791 18
791 571
791 632
791 710
791 780
791 815
791 837
791 887
791 912
791 974
791 975
791 989
791 995
792 170
792 357
792 370
792 374
792 654
792 672
792 703
792 755
792 848
792 852
792 872
792 873
792 976
793 470
793 877
793 931
793 937
793 942
793 944
793 951
793 956
793 971
793 973
793 976
793 978
793 979
794 266
794 329
794 367
794 560
794 571
794 758
794 763
794 783
794 886
794 976
794 981
794 993
794 994
795 179
795 270
795 362
795 438
795 464
795 543
795 746
795 81
795 820
795 849
795 965
795 968
795 976
796 17
796 583
796 752
796 868
796 920
796 923
796 925
796 949
796 97
796 986
796 989
796 992
796 999
797 1000
797 168
797 659
797 695
797 731
797 737
797 752
797 767
797 778
797 8
797 891
797 916
797 990
798 275
798 284
798 470
798 476
798 596
798 699
798 77
798 810
798 855
798 909
798 958
798 964
798 988
799 253
799 326
799 44
799 534
799 569
799 750
799 756
799 809
799 895
799 928
799 933
799 937
799 992
8 729
8 749
8 797
8 997
80 597
80 645
80 835
80 987
800 466
800 480
800 573
800 687
800 812
800 864
800 888
800 899
800 954
800 961
800 963
800 984
800 988
801 314
801 340
801 510
801 690
801 693
801 701
801 708
801 709
801 754
801 861
801 906
801 915
801 926
802 164
802 196
802 207
802 211
802 455
802 461
802 488
802 670
802 723
802 751
802 869
802 949
802 986
802 988
803 573
803 575
803 681
803 684
803 694
803 761
803 804
803 856
803 857
803 858
803 86
803 918
803 973
803 995
804 230
804 292
804 349
804 671
804 803
804 819
804 883
804 886
804 888
804 899
804 961
804 963
804 972
804 988
805 226
805 373
805 414
805 442
805 518
805 637
805 652
805 664
805 743
805 833
805 923
805 940
805 960
805 989
806 28
806 303
806 585
806 824
806 828
806 843
806 868
806 871
806 920
806 925
806 950
806 986
806 991
806 992
807 108
807 185
807 268
807 509
807 53
807 591
807 630
807 658
807 704
807 712
807 766
807 885
807 915
807 971
808 172
808 19
808 32
808 548
808 575
808 576
808 669
808 697
808 723
808 750
808 770
808 841
808 918
808 951
809 350
809 389
809 524
809 531
809 678
809 740
809 799
809 884
809 893
809 926
809 932
809 946
809 951
809 982
81 49
81 795
81 849
81 968
810 187
810 197
810 209
810 244
810 411
810 424
810 470
810 495
810 72
810 798
810 847
810 855
810 905
810 910
811 116
811 356
811 431
811 503
811 568
811 570
811 599
811 831
811 85
811 911
811 939
811 948
811 984
811 999
812 480
812 649
812 653
812 667
812 731
812 787
812 800
812 819
812 888
812 904
812 956
812 961
812 963
812 988
813 135
813 317
813 468
813 509
813 523
813 549
813 630
813 641
813 704
813 712
813 888
813 924
813 95
813 971
814 121
814 30
814 412
814 436
814 490
814 594
814 609
814 615
814 634
814 714
814 822
814 972
814 988
814 995
815 590
815 791
815 862
815 882
815 910
815 919
815 921
815 927
815 991
816 399
816 432
816 604
816 621
816 648
816 682
816 764
816 771
816 775
816 851
816 864
816 892
816 936
816 972
817 228
817 368
817 388
817 406
817 596
817 674
817 700
817 751
817 820
817 837
817 889
817 917
817 954
817 972
818 109
818 165
818 203
818 330
818 444
818 463
818 726
818 728
818 732
818 879
818 904
818 925
818 934
818 961
819 30
819 493
819 524
819 649
819 684
819 804
819 812
819 888
819 899
819 953
819 961
819 963
819 967
819 988
82 352
82 734
82 755
82 852
820 406
820 475
820 591
820 646
820 674
820 795
820 817
820 867
820 874
820 889
820 917
820 923
820 972
820 997
821 114
821 213
821 282
821 516
821 548
821 575
821 576
821 604
821 694
821 697
821 702
821 760
821 918
821 94
822 127
822 276
822 307
822 635
822 636
822 656
822 680
822 683
822 686
822 765
822 814
822 880
822 907
822 993
823 182
823 224
823 386
823 396
823 43
823 441
823 50
823 642
823 671
823 735
823 741
823 785
823 931
823 96
824 106
824 309
824 368
824 492
824 575
824 723
824 725
824 806
824 828
824 843
824 925
824 950
824 959
824 992
825 607
825 633
825 677
825 897
825 93
825 934
825 939
825 952
825 955
825 966
825 968
825 970
825 991
825 998
826 289
826 351
826 425
826 526
826 528
826 585
826 60
826 629
826 659
826 669
826 787
826 846
826 904
826 996
827 311
827 362
827 615
827 834
827 863
827 870
827 876
827 896
827 906
827 914
827 922
827 943
827 947
828 309
828 758
828 772
828 806
828 824
828 843
828 868
828 875
828 881
828 925
828 950
828 962
828 986
828 992
828 995
829 218
829 369
829 390
829 437
829 535
829 598
829 603
829 685
829 739
829 856
829 878
829 938
829 969
829 972
829 997
83 502
83 748
83 927
83 959
830 116
830 206
830 337
830 353
830 393
830 395
830 449
830 57
830 606
830 644
830 721
830 729
830 76
830 94
830 998
831 416
831 421
831 504
831 591
831 606
831 676
831 811
831 859
831 860
831 908
831 911
831 948
831 978
831 984
831 991
832 105
832 169
832 453
832 650
832 695
832 759
832 836
832 871
832 879
832 903
832 913
832 947
832 965
832 967
832 986
833 637
833 652
833 664
833 725
833 805
833 904
833 923
833 935
833 940
833 956
833 960
833 989
834 117
834 345
834 404
834 525
834 533
834 551
834 562
834 592
834 672
834 689
834 788
834 827
834 853
834 886
834 980
835 105
835 208
835 465
835 520
835 612
835 62
835 639
835 80
835 849
835 892
835 935
835 941
835 958
835 980
835 987
836 185
836 205
836 21
836 232
836 370
836 636
836 686
836 832
836 856
836 869
836 958
836 966
836 972
836 991
836 997
837 101
837 512
837 710
837 765
837 780
837 791
837 817
837 887
837 912
837 923
837 965
837 974
837 989
837 995
837 998
838 231
838 285
838 367
838 436
838 469
838 586
838 600
838 606
838 760
838 769
838 778
838 784
838 901
838 962
838 986
839 130
839 158
839 167
839 245
839 312
839 328
839 392
839 595
839 662
839 686
839 744
839 752
839 868
839 905
839 973
84 789
84 857
84 858
84 971
840 235
840 24
840 324
840 371
840 389
840 39
840 391
840 500
840 525
840 701
840 717
840 767
840 846
840 966
840 980
841 202
841 244
841 288
841 36
841 42
841 451
841 494
841 747
841 784
841 808
841 86
841 89
841 936
841 945
841 999
842 121
842 130
842 410
842 418
842 435
842 436
842 462
842 540
842 572
842 736
842 742
842 751
842 964
842 966
842 967
843 588
843 63
843 640
843 656
843 806
843 824
843 828
843 868
843 875
843 888
843 910
843 920
843 925
843 950
843 992
844 233
844 401
844 447
844 450
844 557
844 687
844 713
844 790
844 897
844 898
844 916
844 950
844 975
844 985
844 989
845 101
845 231
845 678
845 865
845 873
845 941
845 945
845 954
845 991
845 997
846 235
846 239
846 351
846 425
846 526
846 59
846 60
846 617
846 629
846 669
846 787
846 826
846 840
846 886
846 904
847 344
847 346
847 419
847 469
847 673
847 676
847 778
847 810
847 894
847 897
847 905
847 964
847 976
847 981
847 993
848 170
848 292
848 522
848 654
848 703
848 727
848 734
848 755
848 792
848 852
848 872
848 955
848 967
848 980
848 986
849 150
849 179
849 200
849 471
849 510
849 578
849 72
849 724
849 746
849 795
849 81
849 835
849 930
849 968
849 979
85 811
85 983
85 987
85 996
850 194
850 370
850 553
850 601
850 651
850 852
850 872
850 881
850 912
850 929
850 933
850 941
850 946
850 955
850 963
850 988
851 1000
851 248
851 414
851 422
851 549
851 593
851 733
851 737
851 738
851 752
851 816
851 891
851 894
851 962
851 990
851 992
852 152
852 170
852 339
852 522
852 562
852 654
852 703
852 727
852 734
852 74
852 792
852 82
852 848
852 850
852 878
852 969
853 308
853 404
853 477
853 562
853 592
853 613
853 689
853 761
853 788
853 834
853 886
853 941
853 948
853 953
853 980
853 998
854 260
854 648
854 655
854 657
854 723
854 786
854 883
854 959
854 962
854 983
854 993
854 996
855 175
855 187
855 361
855 415
855 424
855 495
855 537
855 545
855 596
855 699
855 741
855 798
855 810
855 866
855 905
855 909
856 158
856 185
856 21
856 252
856 282
856 448
856 602
856 608
856 655
856 684
856 774
856 803
856 829
856 836
856 896
856 995
857 125
857 199
857 377
857 387
857 454
857 548
857 629
857 660
857 701
857 789
857 803
857 84
857 858
857 901
857 990
857 995
858 125
858 199
858 323
858 377
858 387
858 423
858 427
858 506
858 520
858 614
858 789
858 803
858 84
858 857
858 885
858 891
858 995
859 160
859 247
859 356
859 539
859 588
859 591
859 669
859 779
859 786
859 831
859 860
859 886
859 908
859 911
859 948
859 970
859 984
86 6
86 747
86 803
86 841
860 247
860 338
860 503
860 521
860 588
860 599
860 609
860 625
860 662
860 786
860 831
860 859
860 908
860 911
860 912
860 984
860 995
861 180
861 181
861 299
861 338
861 353
861 429
861 487
861 51
861 557
861 58
861 610
861 616
861 624
861 719
861 801
861 922
861 930
862 471
862 508
862 513
862 544
862 747
862 815
862 882
862 910
862 919
862 921
862 933
862 978
863 246
863 734
863 827
863 870
863 881
863 894
863 896
863 906
863 914
863 922
863 930
863 943
863 947
864 143
864 221
864 395
864 399
864 638
864 643
864 663
864 763
864 764
864 771
864 775
864 800
864 816
864 874
864 892
864 936
864 984
865 251
865 487
865 499
865 541
865 589
865 678
865 845
865 873
865 923
865 945
865 991
865 997
866 100
866 194
866 206
866 23
866 293
866 43
866 46
866 496
866 502
866 565
866 566
866 593
866 686
866 706
866 748
866 855
866 927
867 111
867 349
867 388
867 406
867 432
867 495
867 591
867 646
867 68
867 772
867 820
867 874
867 889
867 894
867 917
867 955
867 96
868 171
868 4
868 492
868 613
868 640
868 679
868 70
868 796
868 806
868 828
868 839
868 843
868 875
868 920
868 925
868 955
868 986
868 992
869 161
869 229
869 242
869 25
869 454
869 461
869 488
869 622
869 705
869 751
869 754
869 784
869 802
869 836
869 926
869 949
869 964
869 999
87 598
87 916
87 975
87 985
870 253
870 415
870 584
870 715
870 718
870 727
870 827
870 863
870 896
870 906
870 914
870 922
870 943
870 947
870 983
871 117
871 17
871 453
871 482
871 517
871 555
871 683
871 695
871 711
871 759
871 768
871 806
871 832
871 902
871 903
871 957
871 958
871 965
872 339
872 370
872 374
872 382
872 516
872 605
872 637
872 70
872 703
872 727
872 734
872 755
872 792
872 848
872 850
872 895
872 933
872 989
873 146
873 263
873 347
873 383
873 408
873 541
873 678
873 792
873 845
873 865
873 934
873 943
873 945
873 990
873 991
873 997
874 168
874 332
874 360
874 388
874 432
874 475
874 646
874 654
874 700
874 820
874 864
874 867
874 889
874 915
874 917
874 925
874 972
874 981
875 187
875 303
875 478
875 614
875 652
875 660
875 683
875 828
875 843
875 868
875 925
875 948
875 949
875 950
875 980
875 986
875 992
875 999
876 197
876 365
876 396
876 403
876 418
876 507
876 696
876 714
876 730
876 783
876 827
876 881
876 920
876 976
876 981
876 993
876 994
876 999
877 201
877 319
877 672
877 764
877 790
877 793
877 931
877 937
877 942
877 944
877 956
877 973
877 978
877 979
878 134
878 212
878 437
878 589
878 598
878 603
878 680
878 685
878 692
878 698
878 739
878 829
878 852
878 913
878 938
878 966
878 969
878 972
879 10
879 109
879 147
879 165
879 203
879 245
879 330
879 444
879 463
879 557
879 633
879 728
879 732
879 818
879 832
879 899
879 904
879 939
879 996
88 945
88 955
88 991
88 997
880 127
880 137
880 276
880 441
880 482
880 483
880 556
880 626
880 635
880 636
880 656
880 728
880 758
880 822
880 885
880 9
880 907
880 914
880 988
881 13
881 324
881 501
881 726
881 761
881 828
881 850
881 863
881 876
881 929
881 934
881 939
881 947
881 952
881 955
881 970
881 977
881 992
881 998
882 190
882 320
882 347
882 455
882 471
882 544
882 637
882 746
882 780
882 815
882 862
882 910
882 919
882 921
882 95
883 127
883 492
883 532
883 552
883 648
883 655
883 657
883 692
883 804
883 854
883 959
883 962
883 971
883 983
883 996
884 10
884 215
884 294
884 379
884 665
884 691
884 713
884 740
884 769
884 774
884 809
884 893
884 926
884 932
884 936
884 946
884 951
884 954
884 982
885 198
885 219
885 417
885 635
885 656
885 704
885 714
885 755
885 789
885 807
885 858
885 880
885 907
885 913
885 916
885 937
885 975
885 985
885 995
886 308
886 345
886 387
886 477
886 533
886 562
886 592
886 613
886 618
886 689
886 788
886 794
886 804
886 834
886 846
886 853
886 859
886 915
886 980
887 101
887 126
887 210
887 334
887 355
887 5
887 512
887 605
887 710
887 791
887 837
887 890
887 912
887 938
887 950
887 964
887 974
887 989
887 995
888 164
888 344
888 467
888 474
888 480
888 493
888 66
888 667
888 687
888 690
888 800
888 804
888 812
888 813
888 819
888 843
888 899
888 961
888 988
889 152
889 204
889 368
889 388
889 432
889 475
889 58
889 646
889 674
889 700
889 762
889 772
889 783
889 817
889 820
889 867
889 874
889 904
889 917
889 972
89 36
89 494
89 632
89 841
890 148
890 169
890 198
890 210
890 226
890 238
890 260
890 386
890 481
890 497
890 523
890 530
890 576
890 627
890 725
890 770
890 782
890 887
890 971
890 989
891 1000
891 11
891 13
891 162
891 248
891 560
891 570
891 593
891 659
891 731
891 737
891 738
891 752
891 79
891 797
891 851
891 858
891 894
891 902
891 999
892 221
892 251
892 546
892 59
892 638
892 663
892 763
892 764
892 771
892 775
892 816
892 835
892 864
892 903
892 918
892 957
892 971
892 981
892 989
892 99
893 141
893 246
893 409
893 474
893 531
893 535
893 639
893 665
893 716
893 720
893 757
893 809
893 884
893 925
893 926
893 932
893 946
893 951
893 954
893 982
894 1000
894 414
894 558
894 580
894 647
894 659
894 711
894 737
894 738
894 773
894 778
894 780
894 847
894 851
894 863
894 867
894 891
894 920
894 974
894 990
895 234
895 253
895 283
895 297
895 299
895 325
895 44
895 498
895 534
895 594
895 655
895 671
895 735
895 750
895 756
895 799
895 872
895 928
895 933
895 952
896 186
896 255
896 590
896 643
896 715
896 718
896 766
896 827
896 856
896 863
896 870
896 906
896 914
896 922
896 943
896 947
896 985
896 995
897 256
897 277
897 401
897 420
897 450
897 486
897 580
897 651
897 653
897 689
897 790
897 825
897 844
897 847
897 898
897 916
897 975
897 985
897 989
897 995
898 177
898 256
898 306
898 31
898 400
898 486
898 536
898 618
898 651
898 688
898 729
898 790
898 844
898 897
898 916
898 945
898 975
898 985
898 989
898 999
899 151
899 460
899 467
899 524
899 554
899 687
899 800
899 804
899 819
899 879
899 888
899 902
899 904
899 961
899 963
899 964
899 979
899 980
899 988
899 996
9 276
9 880
9 907
9 965
90 383
90 403
90 909
90 964
900 286
900 300
900 408
900 528
900 625
900 649
900 692
900 757
900 914
900 929
900 93
900 934
900 939
900 940
900 952
900 955
900 970
900 977
900 995
900 998
901 174
901 20
901 336
901 382
901 469
901 52
901 582
901 586
901 600
901 606
901 700
901 708
901 71
901 758
901 760
901 769
901 838
901 857
901 957
901 970
901 978
902 112
902 205
902 455
902 555
902 56
902 641
902 642
902 650
902 661
902 707
902 759
902 871
902 891
902 899
902 913
902 943
902 957
902 958
902 962
902 965
902 967
903 205
903 250
903 453
903 46
903 526
903 577
903 604
903 641
903 707
903 759
903 768
903 832
903 871
903 892
903 913
903 957
903 958
903 965
903 967
903 972
903 981
904 106
904 344
904 359
904 388
904 425
904 526
904 560
904 732
904 812
904 818
904 826
904 833
904 846
904 879
904 889
904 899
904 927
904 981
904 988
904 993
904 994
905 156
905 222
905 243
905 271
905 361
905 410
905 476
905 537
905 550
905 557
905 594
905 595
905 596
905 711
905 810
905 839
905 847
905 855
905 92
905 951
905 964
906 229
906 439
906 590
906 643
906 685
906 715
906 718
906 731
906 739
906 801
906 827
906 863
906 870
906 896
906 914
906 922
906 943
906 947
906 986
907 127
907 137
907 232
907 249
907 307
907 466
907 482
907 553
907 563
907 572
907 635
907 636
907 656
907 767
907 822
907 880
907 885
907 9
907 965
907 990
907 991
908 120
908 34
908 366
908 421
908 431
908 539
908 554
908 588
908 592
908 609
908 745
908 757
908 784
908 786
908 831
908 859
908 860
908 948
908 971
908 984
908 989
909 135
909 173
909 187
909 271
909 403
909 484
909 495
909 519
909 537
909 596
909 676
909 699
909 784
909 789
909 798
909 855
909 90
909 915
909 964
909 966
909 990
91 607
91 925
91 950
91 986
910 126
910 221
910 320
910 455
910 471
910 544
910 545
910 564
910 810
910 815
910 843
910 862
910 882
910 919
910 921
910 993
911 211
911 421
911 426
911 487
911 509
911 554
911 609
911 625
911 687
911 745
911 748
911 751
911 786
911 811
911 831
911 859
911 860
911 935
911 948
911 964
911 984
911 999
912 126
912 155
912 214
912 255
912 284
912 313
912 33
912 381
912 5
912 512
912 571
912 632
912 710
912 780
912 791
912 837
912 850
912 860
912 887
912 919
912 974
912 995
913 113
913 318
913 40
913 524
913 534
913 56
913 605
913 660
913 661
913 707
913 760
913 768
913 778
913 832
913 878
913 885
913 902
913 903
913 957
913 958
913 965
913 967
914 519
914 571
914 590
914 643
914 651
914 715
914 718
914 740
914 827
914 863
914 870
914 880
914 896
914 900
914 906
914 922
914 943
914 947
915 185
915 417
915 561
915 613
915 652
915 681
915 689
915 693
915 697
915 701
915 766
915 801
915 807
915 874
915 886
915 909
915 920
915 924
915 945
915 986
915 992
915 997
916 225
916 237
916 379
916 385
916 400
916 401
916 420
916 447
916 536
916 651
916 790
916 797
916 844
916 87
916 885
916 897
916 898
916 930
916 975
916 985
916 989
916 997
917 111
917 228
917 231
917 286
917 360
917 368
917 406
917 475
917 618
917 639
917 646
917 674
917 700
917 705
917 715
917 772
917 817
917 820
917 867
917 874
917 889
917 942
917 972
918 114
918 19
918 32
918 478
918 516
918 548
918 575
918 576
918 65
918 666
918 694
918 697
918 726
918 740
918 760
918 770
918 803
918 808
918 821
918 892
918 942
918 947
918 983
919 227
919 320
919 455
919 471
919 538
919 544
919 595
919 707
919 710
919 760
919 815
919 862
919 882
919 910
919 912
919 921
919 937
919 970
92 1000
92 160
92 905
92 990
920 131
920 216
920 469
920 478
920 561
920 660
920 76
920 77
920 796
920 806
920 843
920 868
920 876
920 894
920 915
920 925
920 935
920 967
920 97
920 986
920 989
920 990
920 992
921 191
921 194
921 227
921 257
921 320
921 387
921 411
921 425
921 455
921 471
921 51
921 544
921 574
921 626
921 645
921 708
921 760
921 815
921 862
921 882
921 910
921 919
921 944
921 976
922 193
922 329
922 364
922 515
922 590
922 643
922 715
922 718
922 762
922 775
922 827
922 861
922 863
922 870
922 896
922 906
922 914
922 943
922 947
922 950
922 953
922 983
923 149
923 285
923 304
923 373
923 442
923 50
923 518
923 637
923 652
923 664
923 796
923 805
923 820
923 833
923 837
923 865
923 940
923 958
923 960
923 963
923 984
924 167
924 268
924 298
924 319
924 41
924 417
924 468
924 549
924 581
924 591
924 630
924 67
924 704
924 712
924 722
924 733
924 741
924 766
924 784
924 813
924 915
924 931
924 971
924 995
925 139
925 168
925 346
925 380
925 619
925 679
925 716
925 796
925 806
925 818
925 824
925 828
925 843
925 868
925 874
925 875
925 893
925 91
925 920
925 950
925 980
925 986
925 989
925 992
925 999
926 236
926 407
926 409
926 413
926 515
926 535
926 599
926 664
926 665
926 691
926 716
926 765
926 801
926 809
926 869
926 884
926 893
926 932
926 946
926 951
926 954
926 971
926 982
926 997
926 998
927 100
927 152
927 206
927 250
927 293
927 43
927 46
927 496
927 502
927 539
927 553
927 565
927 566
927 569
927 575
927 642
927 651
927 706
927 748
927 75
927 815
927 83
927 866
927 904
927 979
928 204
928 235
928 272
928 299
928 310
928 322
928 44
928 498
928 529
928 534
928 545
928 565
928 631
928 676
928 691
928 703
928 745
928 750
928 764
928 769
928 799
928 895
928 933
928 94
928 999
929 193
929 222
929 479
929 620
929 678
929 690
929 702
929 708
929 761
929 766
929 77
929 850
929 881
929 900
929 93
929 934
929 939
929 952
929 955
929 970
929 975
929 976
929 977
929 996
929 998
93 764
93 825
93 900
93 929
930 123
930 133
930 148
930 240
930 290
930 326
930 341
930 386
930 55
930 626
930 675
930 681
930 682
930 725
930 728
930 782
930 849
930 861
930 863
930 916
930 94
930 948
930 956
930 968
930 992
931 106
931 16
931 310
931 507
931 776
931 793
931 823
931 877
931 924
931 936
931 937
931 942
931 944
931 956
931 973
931 978
931 979
931 986
931 989
932 141
932 217
932 294
932 364
932 382
932 409
932 515
932 535
932 623
932 658
932 665
932 716
932 722
932 740
932 765
932 777
932 809
932 884
932 893
932 926
932 946
932 951
932 954
932 971
932 982
932 992
933 123
933 180
933 204
933 234
933 253
933 283
933 299
933 310
933 322
933 342
933 498
933 534
933 536
933 545
933 569
933 631
933 667
933 676
933 760
933 799
933 850
933 862
933 872
933 895
933 928
933 960
934 13
934 422
934 508
934 547
934 553
934 558
934 559
934 611
934 677
934 681
934 726
934 757
934 761
934 818
934 825
934 873
934 881
934 900
934 929
934 938
934 939
934 955
934 966
934 970
934 977
934 985
934 998
935 129
935 192
935 274
935 281
935 307
935 33
935 38
935 411
935 423
935 430
935 574
935 586
935 587
935 597
935 601
935 62
935 639
935 68
935 759
935 833
935 835
935 911
935 920
935 941
935 958
935 970
935 980
936 202
936 288
936 383
936 451
936 490
936 546
936 564
936 585
936 615
936 634
936 673
936 702
936 710
936 720
936 743
936 747
936 764
936 816
936 841
936 864
936 884
936 931
936 954
936 971
936 972
936 987
936 995
937 202
937 438
937 459
937 652
937 776
937 793
937 799
937 877
937 885
937 919
937 931
937 942
937 944
937 956
937 962
937 973
937 978
937 979
937 989
938 1000
938 103
938 107
938 134
938 216
938 235
938 340
938 369
938 390
938 437
938 589
938 598
938 603
938 642
938 680
938 685
938 698
938 739
938 829
938 878
938 887
938 934
938 944
938 969
938 972
938 997
938 998
939 291
939 501
939 528
939 531
939 559
939 633
939 690
939 692
939 726
939 736
939 757
939 761
939 811
939 825
939 879
939 881
939 900
939 929
939 934
939 941
939 952
939 955
939 970
939 972
939 977
939 997
939 998
94 821
94 830
94 928
94 930
94 960
940 149
940 169
940 285
940 304
940 373
940 42
940 442
940 50
940 506
940 518
940 637
940 652
940 664
940 699
940 729
940 765
940 770
940 805
940 833
940 900
940 923
940 945
940 951
940 960
941 104
941 129
941 132
941 140
941 171
941 186
941 23
941 359
941 394
941 423
941 496
941 520
941 587
941 598
941 61
941 611
941 612
941 68
941 835
941 845
941 850
941 853
941 935
941 939
941 961
941 987
941 992
941 995
942 290
942 488
942 682
942 728
942 774
942 776
942 793
942 877
942 917
942 918
942 931
942 937
942 944
942 956
942 967
942 973
942 978
942 979
942 989
943 1000
943 137
943 175
943 193
943 230
943 242
943 329
943 364
943 590
943 643
943 672
943 712
943 715
943 718
943 774
943 787
943 827
943 863
943 870
943 873
943 896
943 902
943 906
943 914
943 922
943 947
943 990
944 315
944 492
944 538
944 619
944 760
944 776
944 793
944 877
944 921
944 931
944 937
944 938
944 942
944 955
944 956
944 964
944 973
944 978
944 979
944 983
944 989
945 109
945 136
945 233
945 26
945 263
945 295
945 315
945 347
945 383
945 397
945 408
945 508
945 541
945 678
945 738
945 841
945 845
945 865
945 873
945 88
945 898
945 915
945 940
945 991
945 996
945 997
946 108
946 259
946 273
946 294
946 327
946 406
946 515
946 531
946 54
946 602
946 691
946 698
946 716
946 728
946 740
946 756
946 809
946 850
946 884
946 893
946 926
946 932
946 951
946 954
946 971
946 982
946 991
946 995
946 999
947 139
947 175
947 193
947 245
947 3
947 329
947 364
947 502
947 578
947 590
947 643
947 672
947 715
947 718
947 75
947 787
947 827
947 832
947 863
947 870
947 881
947 896
947 906
947 914
947 918
947 922
947 943
947 977
947 981
947 985
948 1000
948 211
948 247
948 34
948 356
948 366
948 388
948 398
948 554
948 577
948 580
948 583
948 599
948 609
948 676
948 723
948 745
948 786
948 811
948 831
948 853
948 859
948 875
948 908
948 911
948 930
948 966
948 981
948 984
948 999
949 122
949 16
949 161
949 164
949 207
949 229
949 25
949 257
949 280
949 323
949 415
949 461
949 485
949 513
949 556
949 655
949 670
949 713
949 723
949 773
949 784
949 787
949 796
949 802
949 869
949 875
949 950
949 977
949 981
949 999
95 540
95 572
95 813
95 882
950 115
950 131
950 135
950 295
950 309
950 341
950 352
950 361
950 434
950 45
950 614
950 63
950 660
950 753
950 806
950 824
950 828
950 843
950 844
950 875
950 887
950 91
950 922
950 925
950 949
950 960
950 986
950 989
950 992
950 999
951 110
951 259
951 29
951 327
951 379
951 413
951 494
951 531
951 54
951 665
951 691
951 716
951 740
951 784
951 793
951 808
951 809
951 884
951 893
951 905
951 926
951 932
951 940
951 946
951 954
951 971
951 982
951 990
951 996
951 997
952 14
952 220
952 247
952 319
952 392
952 403
952 468
952 508
952 528
952 558
952 559
952 620
952 692
952 702
952 726
952 756
952 757
952 761
952 775
952 825
952 881
952 895
952 900
952 929
952 939
952 955
952 966
952 977
952 989
952 998
953 1
953 102
953 120
953 144
953 145
953 183
953 217
953 220
953 241
953 249
953 332
953 376
953 506
953 572
953 579
953 606
953 635
953 658
953 690
953 694
953 717
953 74
953 749
953 753
953 768
953 779
953 819
953 853
953 922
953 999
954 142
954 181
954 259
954 273
954 350
954 379
954 413
954 515
954 532
954 535
954 54
954 665
954 691
954 715
954 716
954 740
954 747
954 800
954 817
954 845
954 884
954 893
954 926
954 932
954 936
954 946
954 951
954 971
954 982
954 998
955 381
955 454
955 479
955 501
955 558
955 564
955 611
955 677
955 744
955 757
955 761
955 825
955 848
955 850
955 867
955 868
955 88
955 881
955 900
955 929
955 934
955 939
955 944
955 952
955 961
955 966
955 970
955 972
955 977
955 988
955 998
956 122
956 154
956 244
956 261
956 267
956 27
956 321
956 375
956 397
956 411
956 433
956 438
956 538
956 619
956 733
956 776
956 793
956 812
956 833
956 877
956 930
956 931
956 937
956 942
956 944
956 961
956 964
956 973
956 978
956 979
956 989
957 1000
957 113
957 167
957 173
957 318
957 335
957 352
957 445
957 472
957 482
957 517
957 551
957 594
957 632
957 641
957 650
957 661
957 695
957 768
957 782
957 871
957 892
957 901
957 902
957 903
957 913
957 958
957 959
957 965
957 967
957 98
957 980
958 318
958 335
958 352
958 390
958 443
958 445
958 453
958 472
958 517
958 568
958 650
958 661
958 669
958 707
958 759
958 768
958 771
958 776
958 798
958 835
958 836
958 871
958 902
958 903
958 913
958 923
958 935
958 957
958 965
958 967
958 974
958 98
959 143
959 212
959 254
959 268
959 29
959 306
959 385
959 439
959 441
959 456
959 532
959 552
959 609
959 640
959 646
959 648
959 655
959 657
959 73
959 824
959 83
959 854
959 883
959 957
959 962
959 980
959 983
959 994
959 996
96 823
96 867
96 963
96 996
960 149
960 244
960 283
960 285
960 304
960 373
960 415
960 442
960 48
960 489
960 50
960 506
960 518
960 556
960 581
960 62
960 637
960 642
960 652
960 664
960 668
960 686
960 759
960 770
960 805
960 833
960 923
960 933
960 94
960 940
960 950
960 961
961 151
961 190
961 292
961 337
961 349
961 4
961 465
961 467
961 474
961 524
961 573
961 591
961 649
961 66
961 666
961 667
961 674
961 800
961 804
961 812
961 818
961 819
961 888
961 899
961 941
961 955
961 956
961 960
961 963
961 979
961 980
961 988
961 993
962 159
962 16
962 188
962 189
962 219
962 254
962 301
962 306
962 385
962 439
962 441
962 456
962 532
962 552
962 648
962 655
962 657
962 663
962 694
962 73
962 756
962 766
962 828
962 838
962 851
962 854
962 883
962 902
962 937
962 959
962 974
962 983
962 996
963 112
963 151
963 174
963 230
963 236
963 28
963 292
963 4
963 405
963 460
963 465
963 474
963 493
963 529
963 563
963 573
963 582
963 639
963 649
963 667
963 687
963 800
963 804
963 812
963 819
963 850
963 899
963 923
963 96
963 961
963 971
963 988
963 997
964 157
964 173
964 194
964 223
964 271
964 275
964 284
964 3
964 342
964 424
964 440
964 470
964 519
964 537
964 550
964 579
964 596
964 69
964 699
964 779
964 798
964 842
964 847
964 869
964 887
964 899
964 90
964 905
964 909
964 911
964 944
964 956
964 966
964 997
965 105
965 113
965 152
965 250
965 334
965 34
965 40
965 409
965 472
965 517
965 526
965 530
965 551
965 555
965 64
965 641
965 650
965 659
965 681
965 695
965 707
965 759
965 795
965 832
965 837
965 871
965 9
965 902
965 903
965 907
965 913
965 957
965 958
965 967
966 118
966 2
966 215
966 350
966 354
966 358
966 360
966 382
966 410
966 440
966 466
966 495
966 542
966 551
966 623
966 719
966 727
966 742
966 743
966 825
966 836
966 840
966 842
966 878
966 909
966 934
966 948
966 952
966 955
966 964
966 977
966 986
966 992
966 998
967 105
967 117
967 207
967 239
967 243
967 244
967 334
967 378
967 40
967 445
967 453
967 48
967 517
967 551
967 617
967 641
967 650
967 661
967 695
967 703
967 759
967 768
967 819
967 832
967 842
967 848
967 902
967 903
967 913
967 920
967 942
967 957
967 958
967 965
968 133
968 150
968 179
968 19
968 195
968 200
968 218
968 222
968 258
968 270
968 278
968 289
968 330
968 331
968 351
968 443
968 496
968 543
968 563
968 578
968 621
968 666
968 72
968 724
968 746
968 765
968 78
968 783
968 795
968 81
968 825
968 849
968 930
968 978
969 103
969 107
969 134
969 216
969 272
969 285
969 30
969 369
969 390
969 398
969 418
969 421
969 437
969 540
969 562
969 589
969 594
969 598
969 603
969 643
969 679
969 680
969 685
969 698
969 739
969 77
969 829
969 852
969 878
969 938
969 972
969 983
969 99
969 996
97 431
97 796
97 920
97 989
970 138
970 21
970 246
970 291
970 300
970 328
970 356
970 381
970 545
970 552
970 6
970 601
970 620
970 633
970 677
970 690
970 692
970 702
970 708
970 735
970 757
970 761
970 825
970 859
970 881
970 900
970 901
970 919
970 929
970 934
970 935
970 939
970 955
970 977
970 989
970 998
971 143
971 297
971 407
971 427
971 527
971 541
971 549
971 581
971 653
971 662
971 704
971 730
971 762
971 763
971 766
971 775
971 777
971 781
971 793
971 807
971 813
971 84
971 883
971 890
971 892
971 908
971 924
971 926
971 932
971 936
971 946
971 951
971 954
971 963
971 978
971 982
972 201
972 394
972 47
972 490
972 589
972 615
972 632
972 634
972 663
972 664
972 674
972 685
972 700
972 761
972 764
972 771
972 775
972 778
972 804
972 814
972 816
972 817
972 820
972 829
972 836
972 874
972 878
972 889
972 903
972 917
972 936
972 938
972 939
972 955
972 969
972 994
972 995
973 22
973 267
973 27
973 279
973 297
973 321
973 375
973 397
973 398
973 433
973 435
973 504
973 520
973 529
973 538
973 546
973 578
973 619
973 743
973 753
973 764
973 776
973 793
973 803
973 839
973 877
973 931
973 937
973 942
973 944
973 956
973 977
973 978
973 979
973 980
973 989
973 992
974 101
974 126
974 155
974 214
974 255
974 272
974 304
974 31
974 313
974 334
974 350
974 355
974 363
974 380
974 403
974 5
974 500
974 512
974 556
974 571
974 583
974 591
974 628
974 632
974 710
974 748
974 765
974 780
974 791
974 837
974 887
974 894
974 912
974 958
974 962
974 989
974 995
975 15
975 176
975 177
975 188
975 205
975 237
975 256
975 277
975 31
975 359
975 400
975 401
975 420
975 447
975 450
975 452
975 475
975 486
975 536
975 569
975 629
975 651
975 685
975 753
975 790
975 791
975 844
975 87
975 885
975 897
975 898
975 916
975 929
975 980
975 985
975 989
975 999
976 117
976 119
976 131
976 146
976 166
976 209
976 266
976 3
976 348
976 35
976 367
976 372
976 400
976 459
976 484
976 497
976 507
976 560
976 618
976 667
976 672
976 673
976 696
976 705
976 758
976 783
976 792
976 793
976 794
976 795
976 847
976 876
976 921
976 929
976 981
976 993
976 994
976 999
977 12
977 286
977 300
977 381
977 387
977 417
977 435
977 501
977 508
977 567
977 611
977 621
977 63
977 633
977 677
977 690
977 692
977 702
977 726
977 732
977 748
977 757
977 881
977 900
977 929
977 934
977 939
977 947
977 949
977 952
977 955
977 966
977 970
977 973
977 979
977 995
977 996
977 998
978 154
978 22
978 261
978 267
978 27
978 321
978 366
978 374
978 375
978 397
978 402
978 409
978 421
978 433
978 504
978 506
978 529
978 538
978 547
978 619
978 753
978 776
978 793
978 831
978 862
978 877
978 901
978 931
978 937
978 942
978 944
978 956
978 968
978 971
978 973
978 979
978 984
978 989
979 1000
979 154
979 219
979 22
979 261
979 267
979 27
979 321
979 37
979 375
979 397
979 433
979 445
979 506
979 538
979 547
979 593
979 619
979 753
979 754
979 771
979 776
979 793
979 849
979 877
979 899
979 927
979 931
979 937
979 942
979 944
979 956
979 961
979 973
979 977
979 978
979 986
979 989
979 994
98 619
98 707
98 957
98 958
980 24
980 264
980 281
980 39
980 391
980 404
980 428
980 430
980 476
980 477
980 500
980 525
980 613
980 649
980 667
980 687
980 73
980 767
980 788
980 834
980 835
980 840
980 848
980 853
980 875
980 886
980 899
980 925
980 935
980 957
980 959
980 961
980 973
980 975
980 981
980 982
980 984
980 987
980 988
981 153
981 162
981 209
981 262
981 296
981 305
981 311
981 317
981 365
981 367
981 433
981 459
981 484
981 49
981 521
981 522
981 647
981 682
981 696
981 705
981 714
981 758
981 783
981 794
981 847
981 874
981 876
981 892
981 903
981 904
981 947
981 948
981 949
981 976
981 980
981 987
981 993
981 994
981 999
982 110
982 141
982 142
982 258
982 259
982 273
982 277
982 279
982 294
982 327
982 350
982 379
982 409
982 440
982 443
982 515
982 524
982 531
982 552
982 606
982 608
982 631
982 665
982 671
982 691
982 716
982 740
982 756
982 784
982 809
982 884
982 893
982 926
982 932
982 946
982 951
982 954
982 971
982 980
982 988
983 147
983 159
983 163
983 188
983 189
983 212
983 254
983 272
983 279
983 29
983 301
983 306
983 385
983 406
983 439
983 441
983 456
983 465
983 532
983 542
983 552
983 557
983 617
983 626
983 648
983 655
983 657
983 723
983 752
983 85
983 854
983 870
983 883
983 918
983 922
983 944
983 959
983 962
983 969
983 996
984 213
984 222
984 247
984 30
984 363
984 366
984 421
984 426
984 431
984 457
984 495
984 503
984 539
984 554
984 567
984 583
984 588
984 599
984 609
984 622
984 625
984 711
984 745
984 786
984 800
984 811
984 831
984 859
984 860
984 864
984 908
984 911
984 923
984 948
984 978
984 980
984 991
984 992
984 998
984 999
985 15
985 176
985 177
985 237
985 256
985 269
985 277
985 31
985 327
985 36
985 39
985 400
985 401
985 420
985 447
985 450
985 486
985 536
985 599
985 617
985 651
985 660
985 673
985 674
985 681
985 707
985 753
985 790
985 844
985 87
985 885
985 896
985 897
985 898
985 916
985 934
985 947
985 975
985 989
985 99
986 113
986 115
986 135
986 309
986 346
986 362
986 45
986 478
986 483
986 492
986 53
986 540
986 561
986 614
986 625
986 63
986 640
986 660
986 679
986 694
986 728
986 796
986 802
986 806
986 828
986 832
986 838
986 848
986 868
986 875
986 906
986 91
986 915
986 920
986 925
986 931
986 950
986 966
986 979
986 989
986 992
986 993
986 999
987 104
987 140
987 171
987 186
987 208
987 264
987 274
987 281
987 304
987 33
987 359
987 38
987 395
987 423
987 428
987 505
987 511
987 514
987 516
987 517
987 520
987 567
987 574
987 587
987 597
987 601
987 61
987 612
987 62
987 639
987 672
987 717
987 762
987 776
987 787
987 80
987 835
987 85
987 936
987 941
987 980
987 981
987 989
988 1000
988 112
988 190
988 195
988 230
988 236
988 251
988 292
988 299
988 349
988 4
988 433
988 460
988 465
988 467
988 474
988 480
988 493
988 503
988 524
988 573
988 649
988 66
988 667
988 687
988 718
988 798
988 800
988 802
988 804
988 812
988 814
988 819
988 850
988 880
988 888
988 899
988 904
988 955
988 961
988 963
988 980
988 982
988 992
989 1000
989 130
989 255
989 362
989 574
989 632
989 651
989 724
989 780
989 790
989 791
989 796
989 805
989 833
989 837
989 844
989 872
989 887
989 890
989 892
989 897
989 898
989 908
989 916
989 920
989 925
989 931
989 937
989 942
989 944
989 950
989 952
989 956
989 97
989 970
989 973
989 974
989 975
989 978
989 979
989 985
989 986
989 987
989 992
989 995
99 325
99 443
99 892
99 969
99 985
990 100
990 1000
990 11
990 124
990 160
990 248
990 357
990 414
990 415
990 417
990 422
990 481
990 529
990 530
990 545
990 570
990 593
990 615
990 617
990 645
990 647
990 668
990 686
990 688
990 711
990 731
990 733
990 737
990 738
990 752
990 765
990 773
990 778
990 79
990 797
990 851
990 857
990 873
990 894
990 907
990 909
990 92
990 920
990 943
990 951
990 996
991 108
991 136
991 196
991 233
991 256
991 259
991 26
991 263
991 295
991 315
991 347
991 358
991 383
991 408
991 541
991 545
991 586
991 678
991 714
991 728
991 779
991 780
991 806
991 815
991 825
991 831
991 836
991 845
991 865
991 873
991 88
991 907
991 945
991 946
991 984
991 997
992 106
992 14
992 309
992 346
992 362
992 418
992 45
992 478
992 492
992 53
992 561
992 583
992 597
992 614
992 640
992 660
992 679
992 708
992 723
992 728
992 753
992 76
992 776
992 796
992 799
992 806
992 824
992 828
992 843
992 851
992 868
992 875
992 881
992 915
992 920
992 925
992 930
992 932
992 941
992 950
992 966
992 973
992 984
992 986
992 988
992 989
992 999
993 107
993 146
993 153
993 166
993 24
993 246
993 262
993 266
993 294
993 297
993 305
993 311
993 348
993 365
993 372
993 459
993 464
993 484
993 507
993 521
993 529
993 560
993 592
993 618
993 629
993 682
993 696
993 700
993 705
993 714
993 721
993 75
993 758
993 783
993 794
993 822
993 847
993 854
993 876
993 904
993 910
993 961
993 976
993 981
993 986
993 994
993 999
994 10
994 146
994 153
994 162
994 166
994 197
994 209
994 239
994 262
994 266
994 296
994 305
994 311
994 35
994 367
994 372
994 459
994 480
994 484
994 49
994 495
994 498
994 507
994 521
994 531
994 553
994 560
994 584
994 618
994 645
994 650
994 695
994 696
994 705
994 714
994 758
994 772
994 783
994 794
994 876
994 904
994 959
994 972
994 976
994 979
994 981
994 993
994 999
995 121
995 224
995 264
995 265
995 269
995 377
995 412
995 428
995 490
995 511
995 520
995 540
995 612
995 615
995 634
995 639
995 68
995 696
995 710
995 754
995 773
995 780
995 789
995 791
995 803
995 814
995 828
995 837
995 856
995 857
995 858
995 860
995 885
995 887
995 896
995 897
995 900
995 912
995 924
995 936
995 941
995 946
995 972
995 974
995 977
995 989
996 159
996 163
996 188
996 189
996 212
996 235
996 245
996 246
996 25
996 254
996 29
996 297
996 301
996 306
996 351
996 385
996 439
996 441
996 456
996 529
996 532
996 544
996 547
996 552
996 557
996 617
996 648
996 655
996 657
996 73
996 730
996 773
996 826
996 85
996 854
996 879
996 883
996 899
996 929
996 945
996 951
996 959
996 96
996 962
996 969
996 977
996 983
996 990
997 108
997 136
997 16
997 196
997 213
997 233
997 26
997 263
997 279
997 295
997 315
997 338
997 347
997 357
997 368
997 382
997 383
997 408
997 415
997 443
997 504
997 541
997 581
997 628
997 645
997 676
997 678
997 687
997 728
997 779
997 8
997 820
997 829
997 836
997 845
997 865
997 873
997 88
997 915
997 916
997 926
997 938
997 939
997 945
997 951
997 963
997 964
997 991
997 999
998 13
998 138
998 22
998 262
998 282
998 286
998 291
998 300
998 315
998 324
998 345
998 479
998 480
998 501
998 508
998 528
998 558
998 559
998 569
998 611
998 620
998 633
998 641
998 690
998 692
998 702
998 726
998 761
998 767
998 784
998 787
998 825
998 830
998 837
998 853
998 881
998 900
998 926
998 929
998 934
998 938
998 939
998 952
998 954
998 955
998 966
998 970
998 977
998 984
999 119
999 161
999 207
999 280
999 303
999 333
999 363
999 379
999 386
999 457
999 485
999 488
999 548
999 554
999 556
999 605
999 640
999 660
999 705
999 713
999 735
999 758
999 779
999 786
999 796
999 811
999 841
999 869
999 875
999 876
999 891
999 898
999 911
999 925
999 928
999 946
999 948
999 949
999 950
999 953
999 975
999 976
999 981
999 984
999 986
999 992
999 993
999 994
999 997
