# The links inside the communities at k=15
# from G:\Dropbox\Raghda\CNA\Final Project\other methods\CFinder-2.0.6--1448\G:\Dropbox\Raghda\CNA\Final Project\Datasets\binary_networks\LFR1\networ_LFR1_Om3.dat
# at no lower link weight threshold,
# and at no upper link weight threshold.
# Links were treated as undirected.
# No time limit was set for the clique search.

0:
1000 994
1000 999
1000 792
1000 819
1000 871
1000 885
1000 909
1000 917
1000 922
1000 930
1000 938
1000 945
1000 953
1000 954
1000 956
1000 957
1000 962
1000 977
1000 983
994 999
994 792
994 819
994 871
994 885
994 909
994 917
994 922
994 930
994 938
994 945
994 953
994 954
994 956
994 957
994 962
994 977
994 983
999 792
999 819
999 871
999 885
999 909
999 917
999 922
999 930
999 938
999 945
999 953
999 954
999 956
999 957
999 962
999 977
999 983
792 922
792 930
792 938
792 945
792 953
792 954
792 956
792 957
792 962
792 977
792 983
819 922
819 930
819 938
819 945
819 953
819 954
819 956
819 957
819 962
819 977
819 983
871 885
871 909
871 917
871 922
871 930
871 938
871 945
871 953
871 954
871 956
871 957
871 962
871 977
871 983
885 909
885 917
885 922
885 930
885 938
885 945
885 953
885 954
885 956
885 957
885 962
885 977
885 983
909 917
909 922
909 930
909 938
909 945
909 953
909 954
909 956
909 957
909 962
909 977
909 983
917 922
917 930
917 938
917 945
917 953
917 954
917 956
917 957
917 962
917 977
917 983
922 930
922 938
922 945
922 953
922 954
922 956
922 957
922 962
922 977
922 983
930 938
930 945
930 953
930 954
930 956
930 957
930 962
930 977
930 983
938 945
938 953
938 954
938 956
938 957
938 962
938 977
938 983
945 953
945 954
945 956
945 957
945 962
945 977
945 983
953 954
953 956
953 957
953 962
953 977
953 983
954 956
954 957
954 962
954 977
954 983
956 957
956 962
956 977
956 983
957 962
957 977
957 983
962 977
962 983
977 983
