# The links from G:\Dropbox\Raghda\CNA\Final Project\other methods\CFinder-2.0.6--1448\G:\Dropbox\Raghda\CNA\Final Project\Datasets\binary_networks\LFR3\network_LFR3_Om6.dat
# at no lower link weight threshold,
# and at no upper link weight threshold.
# Links were treated as undirected.
# No time limit was set for the clique search.
# (mutual links and self-links were removed)

1 725
1 900
1 963
1 979
10 651
10 668
10 867
10 975
100 888
100 966
100 980
100 994
1000 115
1000 145
1000 146
1000 158
1000 165
1000 177
1000 2
1000 201
1000 255
1000 27
1000 320
1000 339
1000 347
1000 431
1000 435
1000 452
1000 453
1000 459
1000 462
1000 475
1000 510
1000 513
1000 525
1000 527
1000 535
1000 554
1000 562
1000 57
1000 600
1000 604
1000 617
1000 666
1000 687
1000 688
1000 692
1000 743
1000 755
1000 76
1000 784
1000 790
1000 800
1000 838
1000 862
1000 870
1000 894
1000 895
1000 941
1000 980
101 492
101 825
101 876
101 953
102 681
102 943
102 966
102 971
103 668
103 705
103 962
103 995
104 81
104 810
104 923
104 944
105 780
105 835
105 942
105 949
106 349
106 689
106 873
106 878
107 890
107 926
107 952
107 977
108 805
108 962
108 969
108 995
109 511
109 853
109 943
109 973
11 840
11 914
11 946
11 970
110 578
110 862
110 884
110 897
111 451
111 524
111 738
111 884
112 605
112 895
112 931
112 965
113 938
113 961
113 975
113 978
114 789
114 851
114 919
114 933
115 1000
115 666
115 941
115 980
116 249
116 830
116 849
116 979
117 805
117 962
117 969
117 995
118 682
118 852
118 887
118 987
119 38
119 601
119 954
119 978
12 767
12 804
12 811
12 823
120 603
120 804
120 898
120 905
121 300
121 598
121 647
121 916
122 421
122 646
122 716
122 842
123 630
123 868
123 952
123 977
124 445
124 691
124 965
124 990
124 995
125 434
125 956
125 963
125 982
126 173
126 577
126 713
126 853
127 889
127 895
127 931
127 965
128 242
128 426
128 709
128 971
129 67
129 882
129 926
129 977
13 436
13 795
13 953
13 964
130 614
130 746
130 806
130 864
130 953
131 318
131 596
131 854
131 858
132 986
132 989
132 991
132 999
133 681
133 809
133 943
133 966
134 617
134 838
134 941
134 980
135 877
135 910
135 960
135 990
136 281
136 695
136 837
136 924
137 691
137 900
137 963
137 979
138 268
138 703
138 943
138 955
139 699
139 993
139 997
139 998
14 744
14 810
14 854
14 944
140 747
140 863
140 88
140 978
141 832
141 833
141 917
141 935
142 923
142 989
142 991
142 999
143 290
143 491
143 619
143 977
144 892
144 924
144 930
144 939
145 1000
145 921
145 975
145 988
146 1000
146 453
146 941
146 980
147 592
147 768
147 810
147 874
148 202
148 422
148 709
148 971
149 590
149 81
149 904
149 954
15 921
15 961
15 978
15 981
150 712
150 954
150 955
150 996
151 446
151 587
151 643
151 679
152 485
152 920
152 965
152 966
153 934
153 957
153 976
153 993
154 815
154 865
154 871
154 876
155 889
155 895
155 931
155 965
156 386
156 859
156 874
156 904
157 253
157 919
157 966
157 971
158 1000
158 790
158 941
158 980
159 340
159 405
159 611
159 952
16 915
16 928
16 988
16 990
160 832
160 833
160 917
160 935
161 861
161 899
161 927
161 958
162 641
162 804
162 890
162 993
163 957
163 968
163 976
163 997
164 860
164 954
164 955
164 996
165 1000
165 865
165 941
165 980
166 702
166 866
166 902
166 987
167 841
167 921
167 951
167 974
168 851
168 922
168 968
168 985
169 845
169 851
169 919
169 933
17 651
17 717
17 961
17 981
170 846
170 945
170 988
170 990
171 662
171 667
171 866
171 906
172 663
172 772
172 861
172 958
173 126
173 579
173 850
173 9
174 577
174 761
174 978
174 981
175 516
175 864
175 935
175 995
176 958
176 963
176 965
176 978
176 996
177 1000
177 671
177 755
177 980
178 806
178 916
178 933
178 992
179 317
179 769
179 853
179 921
18 64
18 865
18 933
18 966
18 996
180 785
180 902
180 962
180 995
181 808
181 862
181 897
181 994
182 842
182 931
182 961
182 996
183 625
183 943
183 976
183 998
184 814
184 875
184 914
184 946
185 72
185 868
185 887
185 905
186 300
186 594
186 680
186 841
187 967
187 989
187 991
187 999
188 888
188 933
188 979
188 992
189 687
189 802
189 888
189 918
19 909
19 914
19 953
19 987
190 632
190 654
190 841
190 906
191 886
191 922
191 968
191 985
192 410
192 862
192 897
192 994
193 805
193 962
193 969
193 995
194 399
194 968
194 972
194 985
195 750
195 831
195 916
195 991
196 924
196 930
196 939
196 940
197 648
197 693
197 768
197 820
198 909
198 932
198 953
198 987
199 306
199 572
199 962
199 995
2 1000
2 573
2 965
2 994
20 55
20 574
20 748
20 888
200 211
200 596
200 858
200 961
201 1000
201 959
201 996
201 998
202 148
202 737
202 743
202 886
203 821
203 956
203 979
203 984
204 875
204 914
204 946
204 951
205 450
205 555
205 978
205 981
206 375
206 860
206 955
206 996
207 211
207 834
207 859
207 904
208 835
208 930
208 939
208 942
209 684
209 795
209 873
209 878
21 703
21 738
21 884
21 994
210 507
210 740
210 848
210 997
211 200
211 207
211 493
211 904
212 493
212 708
212 912
212 994
213 560
213 71
213 868
213 942
214 270
214 849
214 982
214 984
215 656
215 954
215 955
215 996
216 908
216 922
216 972
216 990
217 723
217 954
217 955
217 996
218 223
218 449
218 962
218 969
219 838
219 894
219 941
219 980
22 937
22 960
22 973
22 988
220 967
220 989
220 991
220 999
221 288
221 956
221 963
221 984
222 377
222 751
222 956
222 984
223 218
223 479
223 722
223 990
224 619
224 690
224 775
224 804
225 625
225 965
225 990
225 992
226 762
226 891
226 907
226 947
227 519
227 794
227 897
227 994
228 409
228 603
228 808
228 994
229 943
229 950
229 966
229 971
23 85
23 893
23 896
23 999
230 814
230 875
230 914
230 946
231 315
231 685
231 753
231 962
232 303
232 357
232 419
232 946
232 996
233 786
233 820
233 827
233 974
234 802
234 805
234 940
234 984
235 646
235 716
235 732
235 864
236 326
236 719
236 804
236 939
237 430
237 553
237 817
237 961
238 257
238 416
238 725
238 982
239 741
239 975
239 981
239 983
24 923
24 989
24 991
24 999
240 285
240 889
240 931
240 965
241 868
241 898
241 952
241 977
242 128
242 822
242 898
242 952
243 976
243 993
243 997
243 998
244 840
244 844
244 875
244 946
245 636
245 696
245 972
245 985
246 249
246 830
246 956
246 979
247 893
247 989
247 991
247 999
248 260
248 415
248 802
248 806
249 116
249 246
249 956
249 984
25 402
25 465
25 962
25 995
250 956
250 963
250 979
250 982
251 305
251 538
251 680
251 996
252 425
252 748
252 965
252 971
252 981
253 157
253 815
253 912
253 987
253 988
254 349
254 723
254 954
254 955
254 996
255 1000
255 535
255 894
255 941
255 980
256 893
256 896
256 967
256 991
256 999
257 238
257 735
257 811
257 819
257 977
258 833
258 897
258 917
258 935
259 681
259 729
259 900
259 963
259 979
26 900
26 936
26 956
26 982
260 248
260 415
260 748
260 802
260 806
261 701
261 843
261 869
261 973
261 988
262 682
262 764
262 954
262 955
262 996
263 581
263 748
263 802
263 806
263 888
264 620
264 868
264 926
264 966
264 977
265 328
265 797
265 861
265 899
265 958
266 787
266 832
266 833
266 917
266 935
267 617
267 967
267 989
267 991
267 999
268 138
268 704
268 949
268 966
268 971
269 424
269 847
269 879
269 953
269 987
27 1000
27 604
27 838
27 989
270 214
270 385
270 529
270 956
270 979
271 737
271 784
271 968
271 972
271 985
272 605
272 721
272 911
272 958
272 965
272 988
273 68
273 785
273 936
273 956
273 984
274 386
274 487
274 683
274 952
274 977
275 743
275 919
275 922
275 968
275 985
276 837
276 889
276 895
276 931
276 965
277 754
277 807
277 817
277 959
277 975
278 712
278 860
278 954
278 955
278 996
279 362
279 568
279 786
279 820
279 969
28 546
28 633
28 796
28 906
280 351
280 820
280 938
280 969
280 979
281 136
281 858
281 871
281 958
281 964
282 865
282 909
282 982
282 994
282 996
283 717
283 959
283 978
283 981
283 983
284 749
284 77
284 939
284 971
284 995
285 240
285 409
285 410
285 794
285 885
286 565
286 607
286 689
286 859
286 901
287 535
287 840
287 844
287 875
287 946
288 221
288 841
288 876
288 888
288 89
288 937
289 724
289 799
289 975
289 982
289 992
29 761
29 978
29 981
29 983
290 143
290 333
290 819
290 823
290 977
291 855
291 959
291 961
291 981
291 983
292 518
292 752
292 833
292 917
292 935
293 392
293 553
293 857
293 975
293 981
294 424
294 622
294 850
294 880
294 913
295 44
295 670
295 813
295 875
295 920
295 987
296 782
296 870
296 947
296 964
296 992
297 403
297 770
297 968
297 972
297 985
298 759
298 849
298 865
298 912
298 946
299 514
299 648
299 66
299 786
299 820
3 853
3 913
3 921
3 968
30 377
30 703
30 943
30 966
300 121
300 186
300 54
300 813
300 831
301 516
301 657
301 869
301 928
301 945
302 869
302 928
302 937
302 973
302 988
303 232
303 809
303 882
303 966
303 971
304 615
304 902
304 948
304 976
304 993
305 251
305 909
305 932
305 953
305 987
306 199
306 542
306 799
306 969
306 995
307 51
307 679
307 886
307 972
307 985
308 665
308 845
308 851
308 919
308 933
309 455
309 707
309 961
309 981
309 983
31 656
31 860
31 954
31 996
310 656
310 682
310 764
310 955
310 996
311 785
311 882
311 962
311 988
311 995
312 856
312 902
312 911
312 976
312 993
313 534
313 660
313 821
313 963
313 979
314 805
314 828
314 848
314 948
314 986
315 231
315 325
315 962
315 984
315 995
316 724
316 789
316 851
316 919
316 933
317 179
317 594
317 680
317 9
317 921
318 131
318 587
318 854
318 944
318 952
319 644
319 682
319 954
319 955
319 996
32 512
32 857
32 978
32 983
320 1000
320 462
320 600
320 688
320 894
321 852
321 879
321 909
321 953
321 987
322 398
322 808
322 850
322 884
322 959
323 696
323 837
323 924
323 940
323 949
324 887
324 909
324 932
324 953
324 987
325 315
325 933
325 962
325 969
325 995
326 236
326 924
326 939
326 940
326 949
327 840
327 844
327 875
327 914
327 946
328 265
328 797
328 861
328 899
328 958
329 549
329 662
329 866
329 903
329 906
33 574
33 736
33 821
33 979
330 398
330 757
330 884
330 912
330 994
331 784
331 886
331 908
331 985
331 987
332 789
332 857
332 938
332 959
332 975
333 290
333 506
333 619
333 926
333 977
334 522
334 797
334 861
334 899
334 958
335 769
335 77
335 841
335 87
335 921
336 685
336 839
336 969
336 970
336 995
337 846
337 852
337 909
337 932
337 953
338 839
338 915
338 971
338 987
338 992
339 1000
339 431
339 692
339 838
339 980
34 778
34 938
34 951
34 983
340 159
340 641
340 71
340 868
340 954
341 908
341 922
341 968
341 972
341 985
342 655
342 694
342 777
342 872
342 945
343 876
343 935
343 954
343 987
343 989
344 367
344 783
344 877
344 928
344 945
345 659
345 771
345 797
345 899
345 958
346 376
346 860
346 954
346 955
346 996
347 1000
347 527
347 600
347 838
347 980
348 863
348 869
348 910
348 915
348 937
349 106
349 254
349 954
349 955
349 996
35 659
35 797
35 899
35 958
350 717
350 728
350 857
350 920
350 981
351 280
351 639
351 872
351 945
351 973
352 681
352 927
352 950
352 966
352 971
353 730
353 807
353 973
353 988
353 990
354 774
354 826
354 837
354 939
354 942
355 589
355 700
355 905
355 952
355 977
356 785
356 880
356 962
356 972
356 995
357 232
357 698
357 713
357 913
357 921
358 780
358 892
358 940
358 942
358 943
359 789
359 845
359 919
359 933
359 993
36 797
36 861
36 899
36 958
360 587
360 643
360 859
360 866
360 873
361 771
361 861
361 899
361 958
361 985
362 279
362 648
362 687
362 693
362 820
363 670
363 787
363 925
363 947
363 992
364 657
364 698
364 809
364 946
364 998
365 560
365 775
365 823
365 926
365 960
366 784
366 886
366 908
366 922
366 972
367 344
367 843
367 973
367 988
367 990
368 440
368 623
368 684
368 810
368 871
369 594
369 613
369 760
369 900
369 921
37 786
37 837
37 913
37 928
370 881
370 934
370 957
370 993
370 998
371 494
371 801
371 812
371 830
371 864
372 546
372 938
372 961
372 978
372 995
373 710
373 878
373 904
373 944
373 95
374 484
374 837
374 976
374 997
374 998
375 206
375 902
375 934
375 976
375 986
376 346
376 509
376 860
376 955
376 996
377 222
377 30
377 384
377 479
377 943
378 471
378 922
378 968
378 972
378 985
379 644
379 717
379 975
379 978
379 983
38 119
38 963
38 984
38 987
380 814
380 840
380 844
380 914
380 946
381 418
381 902
381 903
381 957
381 993
382 734
382 957
382 986
382 993
382 997
383 906
383 939
383 958
383 964
383 994
384 377
384 748
384 849
384 901
384 931
385 270
385 53
385 672
385 963
385 982
386 156
386 274
386 607
386 874
386 878
387 770
387 828
387 908
387 968
387 972
388 716
388 732
388 759
388 842
388 910
389 732
389 759
389 801
389 812
389 877
39 771
39 772
39 861
39 958
390 606
390 889
390 895
390 931
390 965
391 697
391 907
391 947
391 964
391 992
392 293
392 418
392 754
392 920
392 978
393 526
393 530
393 637
393 934
393 976
394 731
394 805
394 930
394 969
394 995
395 723
395 932
395 954
395 955
395 996
396 412
396 732
396 759
396 812
396 864
397 72
397 933
397 965
397 981
397 999
398 322
398 330
398 739
398 749
398 994
399 194
399 743
399 908
399 968
399 972
4 426
4 681
4 754
4 966
40 59
40 718
40 837
40 924
400 427
400 956
400 963
400 979
400 982
401 815
401 825
401 865
401 871
401 93
402 25
402 760
402 796
402 916
402 970
403 297
403 533
403 770
403 968
403 972
403 985
404 898
404 957
404 976
404 986
404 997
404 998
405 159
405 421
405 630
405 634
405 811
405 929
406 632
406 871
406 939
406 962
406 992
406 993
407 847
407 852
407 887
407 932
407 953
407 987
408 723
408 764
408 818
408 954
408 955
408 996
409 228
409 285
409 635
409 702
409 739
409 994
41 889
41 895
41 931
41 965
410 192
410 285
410 792
410 794
410 867
410 994
411 580
411 673
411 824
411 920
411 938
411 983
412 396
412 664
412 801
412 812
412 842
412 864
413 777
413 786
413 915
413 945
413 973
413 990
414 818
414 911
414 968
414 976
414 993
414 998
415 248
415 260
415 748
415 888
415 974
415 979
416 238
416 691
416 900
416 963
416 979
416 982
417 818
417 957
417 986
417 993
417 997
417 998
418 381
418 392
418 903
418 948
418 986
418 997
419 232
419 626
419 938
419 959
419 975
419 983
42 462
42 957
42 993
42 997
420 644
420 764
420 928
420 954
420 955
420 996
421 122
421 405
421 802
421 883
421 949
421 965
421 998
422 148
422 709
422 809
422 90
422 905
422 971
423 823
423 890
423 898
423 905
423 926
423 952
424 269
424 294
424 698
424 760
424 841
424 901
425 252
425 757
425 862
425 867
425 912
425 994
426 128
426 4
426 496
426 782
426 809
426 971
427 400
427 432
427 849
427 956
427 963
427 984
428 68
428 936
428 956
428 965
428 979
428 982
429 752
429 791
429 967
429 989
429 991
429 999
43 958
43 980
43 981
43 997
430 237
430 493
430 807
430 817
430 961
430 975
431 1000
431 339
431 535
431 672
431 894
431 980
432 427
432 539
432 969
432 975
432 993
432 996
433 921
433 923
433 967
433 989
433 991
433 999
434 125
434 948
434 957
434 986
434 993
434 998
435 1000
435 600
435 604
435 894
435 941
435 980
436 13
436 722
436 816
436 925
436 947
436 992
437 521
437 585
437 813
437 831
437 916
437 924
438 678
438 845
438 851
438 919
438 933
438 999
439 560
439 740
439 934
439 948
439 957
439 998
44 295
44 979
44 982
44 984
440 368
440 792
440 938
440 987
440 988
440 993
441 728
441 803
441 815
441 825
441 871
441 876
442 586
442 671
442 719
442 780
442 930
442 949
443 883
443 891
443 907
443 947
443 964
443 992
444 765
444 889
444 895
444 926
444 931
444 965
445 124
445 593
445 810
445 834
445 859
445 904
446 151
446 565
446 607
446 611
446 859
446 904
447 788
447 850
447 967
447 989
447 991
447 999
448 785
448 880
448 957
448 962
448 969
448 970
449 218
449 572
449 805
449 880
449 962
449 973
45 848
45 976
45 986
45 997
450 205
450 857
450 961
450 978
450 981
450 983
451 111
451 708
451 757
451 852
451 862
451 912
452 1000
452 732
452 943
452 949
452 958
452 987
453 1000
453 146
453 554
453 838
453 894
453 980
454 472
454 596
454 663
454 772
454 797
454 958
455 309
455 938
455 959
455 961
455 978
455 981
456 778
456 914
456 961
456 978
456 981
456 983
457 521
457 598
457 750
457 813
457 872
457 916
458 684
458 744
458 81
458 854
458 874
458 878
459 1000
459 666
459 692
459 917
459 941
459 980
46 691
46 706
46 895
46 984
460 661
460 679
460 744
460 858
460 864
460 878
461 636
461 717
461 920
461 959
461 978
461 983
462 1000
462 320
462 42
462 688
462 941
462 980
463 715
463 923
463 967
463 989
463 991
463 999
464 642
464 671
464 924
464 930
464 942
464 949
465 25
465 548
465 566
465 805
465 969
465 995
466 632
466 796
466 818
466 866
466 906
466 918
467 733
467 770
467 922
467 968
467 972
467 985
468 640
468 821
468 918
468 936
468 979
468 984
469 836
469 903
469 957
469 993
469 997
469 998
47 737
47 908
47 922
47 985
470 621
470 654
470 662
470 866
470 906
470 945
471 378
471 857
471 959
471 961
471 975
471 981
472 454
472 771
472 772
472 797
472 861
472 958
473 611
473 890
473 905
473 926
473 956
473 977
474 749
474 845
474 888
474 937
474 989
474 998
475 1000
475 813
475 838
475 894
475 941
475 980
476 507
476 766
476 900
476 936
476 963
476 979
477 625
477 763
477 841
477 853
477 913
477 921
478 635
478 757
478 808
478 862
478 912
478 994
479 223
479 377
479 582
479 800
479 971
479 982
48 512
48 837
48 859
48 930
480 870
480 883
480 891
480 907
480 964
480 992
481 765
481 889
481 895
481 912
481 931
481 965
482 552
482 915
482 928
482 988
482 990
482 997
483 807
483 856
483 948
483 986
483 993
483 998
484 374
484 948
484 976
484 993
484 997
484 998
485 152
485 641
485 890
485 898
485 952
485 977
486 853
486 912
486 934
486 946
486 949
486 995
487 274
487 658
487 898
487 905
487 929
487 977
488 723
488 840
488 844
488 875
488 946
488 952
489 712
489 723
489 860
489 954
489 955
489 996
49 889
49 895
49 931
49 965
490 632
490 877
490 928
490 960
490 973
490 988
491 143
491 701
491 843
491 910
491 915
491 973
492 101
492 623
492 661
492 736
492 768
492 858
493 211
493 212
493 430
493 879
493 933
493 946
493 986
494 371
494 664
494 771
494 801
494 842
494 864
495 501
495 572
495 601
495 880
495 886
495 995
496 426
496 500
496 943
496 951
496 966
496 971
497 765
497 878
497 889
497 895
497 931
497 965
498 618
498 821
498 928
498 935
498 967
498 971
499 815
499 825
499 865
499 871
499 876
499 922
5 876
5 935
5 987
5 992
50 730
50 777
50 937
50 960
500 496
500 539
500 571
500 943
500 966
500 971
501 495
501 705
501 731
501 949
501 962
501 969
502 674
502 733
502 886
502 908
502 968
502 985
503 632
503 633
503 702
503 796
503 866
503 906
504 872
504 910
504 928
504 937
504 960
504 967
504 990
505 546
505 624
505 892
505 920
505 959
505 975
505 983
506 333
506 804
506 811
506 822
506 905
506 926
506 996
507 210
507 476
507 552
507 59
507 804
507 945
507 999
508 632
508 662
508 667
508 796
508 866
508 906
508 991
509 376
509 611
509 925
509 940
509 941
509 991
509 997
51 307
51 968
51 972
51 985
510 1000
510 692
510 755
510 894
510 941
510 965
510 980
511 109
511 642
511 930
511 939
511 940
511 942
511 949
512 32
512 48
512 528
512 834
512 947
512 969
512 985
513 1000
513 661
513 702
513 731
513 898
513 969
513 985
514 299
514 570
514 648
514 693
514 753
514 786
514 801
515 835
515 892
515 93
515 939
515 940
515 942
515 996
516 175
516 301
516 791
516 863
516 877
516 945
516 988
517 630
517 822
517 823
517 868
517 902
517 952
517 977
518 292
518 631
518 752
518 787
518 832
518 917
518 935
519 227
519 649
519 738
519 757
519 867
519 927
519 994
52 69
52 798
52 854
52 858
520 847
520 879
520 887
520 909
520 932
520 953
520 987
521 437
521 457
521 653
521 750
521 813
521 831
521 916
522 334
522 659
522 771
522 772
522 861
522 899
522 958
523 584
523 728
523 815
523 825
523 865
523 871
523 876
524 111
524 737
524 743
524 784
524 886
524 972
524 985
525 1000
525 60
525 888
525 904
525 911
525 935
525 955
526 393
526 856
526 903
526 934
526 986
526 997
526 998
527 1000
527 347
527 549
527 688
527 692
527 838
527 980
528 512
528 728
528 815
528 825
528 865
528 871
528 876
529 270
529 848
529 934
529 976
529 986
529 993
529 997
53 385
53 819
53 822
53 823
530 393
530 715
530 948
530 957
530 976
530 993
530 997
531 694
531 765
531 889
531 895
531 931
531 965
531 970
532 852
532 879
532 887
532 909
532 932
532 953
532 987
533 403
533 540
533 743
533 784
533 908
533 968
533 972
534 313
534 684
534 803
534 865
534 935
534 960
534 988
535 1000
535 255
535 287
535 431
535 755
535 894
535 980
536 794
536 896
536 923
536 967
536 989
536 991
536 999
537 691
537 729
537 829
537 830
537 950
537 974
537 984
538 251
538 592
538 731
538 785
538 962
538 969
538 995
539 432
539 500
539 681
539 703
539 943
539 951
539 966
54 300
54 585
54 831
54 916
540 533
540 552
540 674
540 886
540 968
540 972
540 985
541 608
541 775
541 890
541 899
541 905
541 952
541 977
542 306
542 714
542 787
542 832
542 833
542 917
542 935
543 646
543 697
543 793
543 870
543 883
543 964
543 992
544 800
544 847
544 887
544 909
544 932
544 953
544 987
545 704
545 791
545 923
545 967
545 989
545 991
545 999
546 28
546 372
546 505
546 855
546 920
546 959
546 981
547 836
547 896
547 923
547 967
547 989
547 991
547 999
548 465
548 700
548 833
548 880
548 962
548 969
548 995
549 329
549 527
549 621
549 654
549 796
549 866
549 906
55 20
55 802
55 888
55 927
550 766
550 852
550 887
550 909
550 932
550 953
550 987
551 872
551 910
551 937
551 960
551 980
551 988
551 990
552 482
552 507
552 540
552 915
552 960
552 973
552 988
553 237
553 293
553 761
553 825
553 855
553 975
553 983
554 1000
554 453
554 617
554 755
554 894
554 980
554 986
555 205
555 893
555 896
555 967
555 989
555 991
555 999
556 678
556 724
556 789
556 845
556 851
556 919
556 933
557 893
557 896
557 967
557 981
557 989
557 991
557 999
558 699
558 762
558 883
558 925
558 963
558 964
558 992
559 694
559 765
559 793
559 889
559 895
559 931
559 965
56 691
56 928
56 979
56 982
560 213
560 365
560 439
560 811
560 898
560 926
560 952
561 650
561 782
561 891
561 907
561 925
561 947
561 992
562 1000
562 677
562 739
562 965
562 969
562 978
562 992
563 665
563 678
563 789
563 845
563 851
563 919
563 933
564 618
564 818
564 828
564 947
564 986
564 997
564 998
565 286
565 446
565 689
565 859
565 873
565 904
565 964
566 465
566 660
566 751
566 956
566 963
566 982
566 984
567 612
567 715
567 957
567 974
567 976
567 986
567 998
568 279
568 570
568 683
568 693
568 786
568 820
568 89
569 819
569 900
569 936
569 963
569 979
569 982
569 984
57 1000
57 692
57 799
57 980
570 514
570 568
570 648
570 691
570 693
570 786
570 820
571 500
571 809
571 839
571 898
571 943
571 966
571 971
572 199
572 449
572 495
572 880
572 958
572 962
572 995
573 2
573 642
573 674
573 774
573 930
573 940
573 942
574 20
574 33
574 775
574 825
574 924
574 968
574 996
575 801
575 855
575 959
575 975
575 978
575 981
575 983
576 719
576 780
576 924
576 940
576 942
576 949
576 975
577 126
577 174
577 594
577 760
577 803
577 913
577 921
578 110
578 645
578 661
578 773
578 912
578 918
578 994
579 173
579 63
579 760
579 769
579 832
579 841
579 913
58 642
58 892
58 940
58 949
580 411
580 624
580 761
580 830
580 920
580 975
580 981
580 983
581 263
581 706
581 713
581 780
581 806
581 890
581 946
581 995
582 479
582 681
582 704
582 877
582 943
582 950
582 966
582 971
583 605
583 733
583 737
583 886
583 922
583 968
583 972
583 985
584 523
584 728
584 815
584 825
584 865
584 871
584 876
585 437
585 54
585 598
585 653
585 813
585 831
585 885
585 916
586 442
586 695
586 837
586 892
586 924
586 930
586 942
586 975
587 151
587 318
587 360
587 684
587 834
587 858
587 89
587 944
588 675
588 711
588 897
588 914
588 921
588 938
588 964
588 986
589 355
589 701
589 877
589 960
589 970
589 973
589 988
589 990
59 40
59 507
59 780
59 939
590 149
590 643
590 661
590 689
590 720
590 858
590 859
590 948
591 717
591 893
591 896
591 923
591 967
591 989
591 991
591 999
592 147
592 538
592 69
592 753
592 799
592 834
592 873
592 878
593 445
593 657
593 693
593 876
593 888
593 951
593 982
593 996
594 186
594 317
594 369
594 577
594 711
594 888
594 913
594 974
595 836
595 911
595 948
595 957
595 976
595 983
595 986
595 997
596 131
596 200
596 454
596 661
596 736
596 744
596 874
596 944
597 685
597 793
597 816
597 870
597 925
597 947
597 964
597 992
598 121
598 457
598 585
598 613
598 647
598 750
598 831
598 916
599 606
599 664
599 732
599 759
599 801
599 812
599 842
599 864
6 817
6 961
6 978
6 983
60 525
60 807
60 921
60 996
600 1000
600 320
600 347
600 435
600 755
600 934
600 941
600 980
601 119
601 495
601 731
601 880
601 882
601 962
601 969
601 995
602 607
602 81
602 854
602 858
602 859
602 873
602 944
602 992
603 120
603 228
603 794
603 808
603 862
603 884
603 912
603 994
604 1000
604 27
604 435
604 838
604 894
604 938
604 941
604 980
605 112
605 272
605 583
605 809
605 853
605 927
605 949
605 971
606 390
606 599
606 716
606 732
606 759
606 801
606 812
606 842
607 286
607 386
607 446
607 602
607 744
607 854
607 873
607 944
608 541
608 613
608 787
608 842
608 971
608 973
608 978
608 990
609 727
609 846
609 879
609 887
609 909
609 932
609 953
609 987
61 663
61 771
61 899
61 958
610 762
610 782
610 870
610 925
610 947
610 953
610 964
610 992
611 159
611 446
611 473
611 509
611 690
611 799
611 819
611 926
612 567
612 763
612 888
612 958
612 966
612 981
612 987
612 994
613 369
613 598
613 608
613 63
613 698
613 711
613 853
613 929
614 130
614 632
614 633
614 654
614 662
614 796
614 866
614 906
615 304
615 828
615 845
615 948
615 957
615 986
615 993
615 997
616 793
616 795
616 891
616 901
616 907
616 925
616 947
616 992
617 1000
617 134
617 267
617 554
617 688
617 894
617 941
617 980
618 498
618 564
618 637
618 828
618 848
618 970
618 976
618 986
619 143
619 224
619 333
619 735
619 822
619 856
619 905
619 926
62 815
62 865
62 871
62 876
620 264
620 788
620 811
620 822
620 898
620 905
620 952
620 977
621 470
621 549
621 633
621 654
621 667
621 796
621 854
621 866
622 294
622 63
622 713
622 853
622 87
622 913
622 921
622 929
623 368
623 492
623 768
623 810
623 854
623 874
623 944
623 974
624 505
624 580
624 754
624 817
624 916
624 920
624 959
624 961
625 183
625 225
625 477
625 711
625 816
625 871
625 919
625 931
626 419
626 669
626 707
626 959
626 975
626 978
626 981
626 983
627 631
627 714
627 752
627 787
627 832
627 888
627 917
627 935
628 741
628 776
628 798
628 923
628 967
628 975
628 989
628 991
628 999
629 656
629 669
629 701
629 712
629 764
629 860
629 954
629 955
629 996
63 579
63 613
63 622
63 913
630 123
630 405
630 517
630 641
630 823
630 868
630 926
630 952
630 977
631 518
631 627
631 714
631 730
631 787
631 832
631 833
631 917
631 935
632 190
632 406
632 466
632 490
632 503
632 508
632 614
632 654
632 866
633 28
633 503
633 614
633 621
633 662
633 667
633 796
633 866
633 906
634 405
634 690
634 735
634 811
634 890
634 905
634 909
634 952
634 977
635 409
635 478
635 645
635 792
635 808
635 862
635 867
635 897
635 974
636 245
636 461
636 674
636 737
636 886
636 908
636 922
636 972
636 985
637 393
637 618
637 903
637 911
637 948
637 974
637 986
637 998
637 999
638 746
638 783
638 869
638 872
638 877
638 928
638 935
638 960
638 988
639 351
639 852
639 910
639 915
639 928
639 945
639 960
639 973
639 990
64 18
64 797
64 899
64 958
640 468
640 720
640 747
640 915
640 928
640 945
640 970
640 973
640 990
641 162
641 340
641 485
641 630
641 775
641 792
641 905
641 926
641 995
642 464
642 511
642 573
642 58
642 872
642 924
642 930
642 939
642 949
643 151
643 360
643 590
643 663
643 67
643 710
643 854
643 904
643 944
644 319
644 379
644 420
644 656
644 764
644 860
644 954
644 955
644 996
645 578
645 635
645 738
645 739
645 749
645 773
645 794
645 862
645 994
646 122
646 235
646 543
646 664
646 716
646 759
646 801
646 812
646 864
647 121
647 598
647 653
647 750
647 813
647 831
647 916
647 927
647 960
648 197
648 299
648 362
648 514
648 570
648 66
648 786
648 820
648 883
649 519
649 803
649 808
649 862
649 867
649 884
649 912
649 938
649 994
65 887
65 932
65 953
65 987
650 561
650 846
650 847
650 852
650 887
650 909
650 932
650 953
650 987
651 10
651 17
651 761
651 778
651 804
651 824
651 920
651 959
651 983
652 818
652 847
652 856
652 948
652 976
652 986
652 993
652 997
652 998
653 521
653 585
653 647
653 750
653 813
653 831
653 882
653 916
653 984
654 190
654 470
654 549
654 614
654 621
654 632
654 667
654 700
654 906
655 342
655 701
655 863
655 910
655 913
655 928
655 937
655 945
655 990
656 215
656 31
656 310
656 629
656 644
656 954
656 955
656 982
656 996
657 301
657 364
657 593
657 748
657 802
657 806
657 888
657 950
657 974
658 487
658 807
658 816
658 958
658 969
658 975
658 986
658 989
658 995
659 345
659 35
659 522
659 771
659 861
659 899
659 927
659 957
659 958
66 299
66 648
66 786
66 820
660 313
660 566
660 745
660 900
660 936
660 963
660 966
660 982
660 984
661 460
661 492
661 513
661 578
661 590
661 596
661 679
661 689
661 858
662 171
662 329
662 470
662 508
662 614
662 633
662 866
662 906
662 949
663 172
663 454
663 61
663 643
663 771
663 772
663 861
663 899
663 958
664 412
664 494
664 599
664 646
664 732
664 801
664 812
664 842
664 864
665 308
665 563
665 724
665 789
665 845
665 851
665 919
665 933
665 994
666 1000
666 115
666 459
666 755
666 864
666 881
666 894
666 941
666 980
667 171
667 508
667 621
667 633
667 654
667 796
667 866
667 906
667 929
668 10
668 103
668 778
668 817
668 855
668 857
668 938
668 978
668 983
669 626
669 629
669 712
669 764
669 850
669 860
669 954
669 955
669 996
67 129
67 643
67 834
67 944
670 295
670 363
670 782
670 883
670 891
670 907
670 925
670 947
670 964
670 992
671 177
671 442
671 464
671 835
671 892
671 924
671 927
671 939
671 942
671 949
672 385
672 431
672 751
672 849
672 956
672 963
672 979
672 982
672 984
672 99
673 411
673 708
673 711
673 841
673 924
673 940
673 960
673 973
673 977
673 992
674 502
674 540
674 573
674 636
674 733
674 784
674 886
674 922
674 972
674 985
675 588
675 710
675 721
675 831
675 906
675 916
675 956
675 961
675 982
675 994
676 736
676 846
676 847
676 852
676 879
676 887
676 909
676 932
676 953
676 987
677 562
677 704
677 750
677 911
677 916
677 946
677 966
677 972
677 973
677 990
678 438
678 556
678 563
678 724
678 789
678 851
678 900
678 91
678 919
678 933
679 151
679 307
679 460
679 661
679 710
679 768
679 873
679 874
679 904
679 944
68 273
68 428
68 936
68 984
680 186
680 251
680 317
680 769
680 774
680 841
680 850
680 853
680 9
680 921
681 102
681 133
681 259
681 352
681 4
681 539
681 582
681 704
681 839
681 943
682 118
682 262
682 310
682 319
682 712
682 764
682 860
682 954
682 955
682 996
683 274
683 568
683 727
683 892
683 906
683 930
683 944
683 947
683 960
683 964
684 209
684 368
684 458
684 534
684 587
684 687
684 857
684 873
684 901
684 904
685 231
685 336
685 597
685 705
685 785
685 805
685 880
685 962
685 969
685 995
686 734
686 814
686 826
686 840
686 844
686 875
686 914
686 946
686 955
687 1000
687 189
687 362
687 684
687 802
687 820
687 940
687 943
687 965
687 971
688 1000
688 320
688 462
688 527
688 617
688 838
688 875
688 894
688 941
688 980
689 106
689 286
689 565
689 590
689 661
689 721
689 859
689 874
689 904
689 944
69 52
69 592
69 834
69 873
690 224
690 611
690 634
690 735
690 78
690 823
690 848
690 905
690 926
690 952
691 124
691 137
691 416
691 46
691 537
691 56
691 570
691 803
691 936
691 979
692 1000
692 339
692 459
692 510
692 527
692 57
692 8
692 838
692 941
692 980
693 197
693 362
693 514
693 568
693 570
693 593
693 786
693 791
693 820
693 827
694 342
694 531
694 559
694 722
694 765
694 889
694 895
694 931
694 965
695 136
695 586
695 856
695 878
695 879
695 932
695 947
695 972
695 986
695 989
696 245
696 323
696 721
696 835
696 837
696 924
696 930
696 939
696 940
696 949
697 391
697 543
697 762
697 782
697 795
697 870
697 882
697 947
697 964
697 992
698 357
698 364
698 424
698 613
698 803
698 831
698 913
698 921
698 951
698 974
699 139
699 558
699 726
699 793
699 883
699 925
699 947
699 964
699 970
699 992
7 967
7 989
7 991
7 999
70 714
70 832
70 917
70 935
700 355
700 548
700 654
700 750
700 769
700 858
700 903
700 913
700 916
700 969
700 997
701 261
701 491
701 589
701 629
701 655
701 747
701 843
701 863
701 869
701 877
701 990
702 166
702 409
702 503
702 513
702 739
702 749
702 794
702 862
702 867
702 974
702 994
703 138
703 21
703 30
703 539
703 709
703 842
703 929
703 943
703 966
703 970
703 971
704 268
704 545
704 582
704 677
704 681
704 809
704 881
704 927
704 943
704 966
704 971
705 103
705 501
705 685
705 731
705 785
705 805
705 901
705 962
705 969
705 988
705 995
706 46
706 581
706 725
706 745
706 756
706 766
706 956
706 963
706 969
706 979
706 984
707 309
707 626
707 763
707 855
707 920
707 922
707 959
707 961
707 975
707 981
707 983
708 212
708 451
708 673
708 749
708 773
708 83
708 867
708 897
708 950
708 994
708 999
709 128
709 148
709 422
709 703
709 726
709 809
709 943
709 950
709 966
709 970
709 971
71 213
71 340
71 890
71 952
710 373
710 643
710 675
710 679
710 810
710 834
710 859
710 873
710 878
710 904
710 944
711 588
711 594
711 613
711 625
711 673
711 731
711 77
711 841
711 853
711 913
711 929
712 150
712 278
712 489
712 629
712 669
712 682
712 860
712 954
712 955
712 967
712 996
713 126
713 357
713 581
713 622
713 760
713 769
713 841
713 853
713 9
713 913
713 918
714 542
714 627
714 631
714 70
714 752
714 787
714 832
714 833
714 917
714 935
714 971
715 463
715 530
715 567
715 818
715 902
715 911
715 934
715 948
715 993
715 997
715 998
716 122
716 235
716 388
716 606
716 646
716 759
716 801
716 812
716 842
716 864
716 918
717 17
717 283
717 350
717 379
717 461
717 591
717 824
717 857
717 959
717 975
717 981
718 40
718 741
718 742
718 798
718 893
718 896
718 923
718 967
718 989
718 991
718 999
719 236
719 442
719 576
719 721
719 835
719 924
719 939
719 942
719 949
719 963
719 998
72 185
72 397
72 819
72 977
720 590
720 640
720 769
720 813
720 835
720 910
720 916
720 919
720 933
720 945
720 951
721 272
721 675
721 689
721 696
721 719
721 924
721 929
721 930
721 939
721 940
721 942
722 223
722 436
722 694
722 765
722 889
722 895
722 931
722 965
723 217
723 254
723 395
723 408
723 488
723 489
723 84
723 860
723 954
723 955
723 996
724 289
724 316
724 556
724 665
724 678
724 789
724 800
724 845
724 851
724 919
724 933
725 1
725 238
725 706
725 756
725 821
725 849
725 900
725 904
725 979
725 982
725 984
726 699
726 709
726 790
726 793
726 870
726 883
726 907
726 925
726 964
726 984
726 992
727 609
727 683
727 730
727 869
727 872
727 910
727 928
727 937
727 960
727 988
727 990
728 350
728 441
728 523
728 528
728 584
728 815
728 825
728 865
728 871
728 876
729 259
729 537
729 745
729 756
729 796
729 849
729 936
729 943
729 963
729 982
729 984
73 829
73 849
73 936
73 982
730 353
730 50
730 631
730 727
730 746
730 781
730 863
730 928
730 945
730 960
730 988
731 394
731 501
731 513
731 538
731 601
731 705
731 711
731 850
731 880
731 962
731 969
731 995
732 235
732 388
732 389
732 396
732 452
732 599
732 606
732 664
732 759
732 801
732 842
732 864
733 467
733 502
733 583
733 674
733 770
733 886
733 906
733 908
733 922
733 968
733 972
733 985
734 382
734 686
734 814
734 826
734 840
734 844
734 875
734 914
734 946
735 257
735 619
735 634
735 690
735 792
735 868
735 890
735 926
735 952
735 974
735 977
735 988
736 33
736 492
736 596
736 676
736 781
736 810
736 834
736 854
736 858
736 874
736 944
736 95
737 202
737 271
737 47
737 524
737 583
737 636
737 748
737 886
737 908
737 922
737 968
737 985
738 111
738 21
738 519
738 645
738 757
738 794
738 808
738 862
738 867
738 912
738 915
738 994
739 398
739 409
739 562
739 645
739 702
739 794
739 808
739 867
739 868
739 885
739 897
739 950
74 892
74 908
74 940
74 942
740 210
740 439
740 836
740 903
740 907
740 911
740 934
740 948
740 957
740 986
740 997
740 998
741 239
741 628
741 718
741 788
741 791
741 893
741 896
741 923
741 967
741 989
741 991
741 999
742 718
742 776
742 788
742 798
742 835
742 893
742 896
742 923
742 967
742 989
742 991
742 999
743 1000
743 202
743 275
743 399
743 524
743 533
743 784
743 908
743 922
743 968
743 972
743 985
744 14
744 458
744 460
744 596
744 607
744 763
744 768
744 873
744 874
744 878
744 891
744 944
745 660
745 706
745 729
745 751
745 870
745 900
745 936
745 963
745 974
745 979
745 982
745 984
746 130
746 638
746 730
746 777
746 783
746 863
746 887
746 910
746 928
746 945
746 973
746 990
747 140
747 640
747 701
747 809
747 872
747 877
747 910
747 937
747 960
747 973
747 988
747 990
748 20
748 252
748 260
748 263
748 384
748 415
748 657
748 737
748 802
748 806
748 888
748 97
749 284
749 398
749 474
749 645
749 702
749 708
749 773
749 867
749 884
749 897
749 959
749 994
75 789
75 845
75 919
75 933
750 195
750 457
750 521
750 598
750 647
750 653
750 677
750 700
750 813
750 831
750 916
750 917
751 222
751 566
751 672
751 745
751 829
751 830
751 900
751 956
751 962
751 963
751 979
751 982
752 292
752 429
752 518
752 627
752 714
752 787
752 822
752 832
752 833
752 917
752 935
752 950
753 231
753 514
753 592
753 820
753 844
753 914
753 929
753 970
753 972
753 973
753 989
753 999
754 277
754 392
754 4
754 624
754 778
754 817
754 824
754 885
754 938
754 959
754 961
754 975
755 1000
755 177
755 510
755 535
755 554
755 600
755 666
755 838
755 894
755 941
755 980
755 993
756 706
756 725
756 729
756 766
756 829
756 850
756 900
756 929
756 963
756 982
756 984
756 991
757 330
757 425
757 451
757 478
757 519
757 738
757 849
757 867
757 884
757 912
757 918
757 994
758 782
758 816
758 874
758 883
758 891
758 907
758 918
758 925
758 947
758 964
758 99
758 992
759 298
759 388
759 389
759 396
759 599
759 606
759 646
759 716
759 732
759 812
759 820
759 842
759 864
76 1000
76 915
76 919
76 975
760 369
760 402
760 424
760 577
760 579
760 713
760 839
760 841
760 87
760 885
760 913
760 939
760 974
761 174
761 29
761 553
761 580
761 651
761 824
761 843
761 938
761 959
761 961
761 978
761 981
761 983
762 226
762 558
762 610
762 697
762 797
762 870
762 891
762 918
762 925
762 947
762 964
762 992
762 997
763 477
763 612
763 707
763 744
763 828
763 950
763 953
763 975
763 976
763 987
763 988
763 990
763 995
764 262
764 310
764 408
764 420
764 629
764 644
764 669
764 682
764 839
764 944
764 954
764 955
764 996
765 444
765 481
765 497
765 531
765 559
765 694
765 722
765 889
765 895
765 931
765 951
765 965
766 476
766 550
766 706
766 756
766 821
766 829
766 900
766 936
766 956
766 963
766 974
766 979
766 982
767 12
767 836
767 848
767 856
767 902
767 903
767 911
767 957
767 976
767 986
767 993
767 997
767 998
768 147
768 197
768 492
768 623
768 679
768 744
768 781
768 854
768 858
768 873
768 904
768 918
768 944
769 179
769 335
769 579
769 680
769 700
769 713
769 720
769 790
769 885
769 913
769 974
769 978
769 987
77 284
77 335
77 711
77 921
770 297
770 387
770 403
770 467
770 733
770 784
770 863
770 886
770 908
770 922
770 968
770 972
770 985
771 345
771 361
771 39
771 472
771 494
771 522
771 61
771 659
771 663
771 858
771 861
771 899
771 958
772 172
772 39
772 454
772 472
772 522
772 663
772 797
772 800
772 82
772 861
772 899
772 958
772 982
773 578
773 645
773 708
773 749
773 794
773 83
773 862
773 867
773 884
773 897
773 912
773 970
773 994
774 354
774 573
774 680
774 780
774 837
774 851
774 892
774 924
774 93
774 930
774 940
774 942
774 949
775 224
775 365
775 541
775 574
775 641
775 792
775 804
775 811
775 822
775 926
775 947
775 952
775 977
776 628
776 742
776 788
776 791
776 798
776 857
776 893
776 896
776 923
776 967
776 989
776 991
776 999
777 342
777 413
777 50
777 746
777 855
777 863
777 910
777 928
777 937
777 960
777 973
777 988
777 990
778 34
778 456
778 651
778 668
778 754
778 80
778 807
778 857
778 903
778 961
778 978
778 981
778 983
779 816
779 854
779 858
779 892
779 902
779 914
779 940
779 941
779 946
779 980
779 982
779 984
779 998
78 690
78 804
78 952
78 977
780 105
780 358
780 442
780 576
780 581
780 59
780 774
780 892
780 930
780 939
780 940
780 942
780 949
781 730
781 736
781 768
781 805
781 868
781 880
781 910
781 914
781 926
781 934
781 946
781 948
781 951
781 969
782 296
782 426
782 561
782 610
782 670
782 697
782 758
782 816
782 891
782 907
782 925
782 947
782 964
782 992
783 344
783 638
783 746
783 843
783 863
783 869
783 877
783 910
783 945
783 960
783 973
783 980
783 988
783 990
784 1000
784 271
784 331
784 366
784 524
784 533
784 674
784 743
784 770
784 922
784 945
784 968
784 972
784 985
785 180
785 273
785 311
785 356
785 448
785 538
785 685
785 705
785 805
785 880
785 962
785 969
785 970
785 995
786 233
786 279
786 299
786 37
786 413
786 514
786 568
786 570
786 648
786 66
786 693
786 820
786 840
786 89
787 266
787 363
787 518
787 542
787 608
787 627
787 631
787 714
787 752
787 832
787 833
787 917
787 935
787 950
788 447
788 620
788 741
788 742
788 776
788 798
788 893
788 896
788 923
788 951
788 967
788 989
788 991
788 999
789 114
789 316
789 332
789 359
789 556
789 563
789 665
789 678
789 724
789 75
789 851
789 881
789 919
789 933
79 880
79 962
79 969
79 995
790 1000
790 158
790 726
790 769
790 809
790 812
790 881
790 891
790 921
790 961
790 966
790 967
790 981
790 999
791 429
791 516
791 545
791 693
791 741
791 776
791 798
791 893
791 896
791 923
791 967
791 989
791 991
791 999
792 410
792 440
792 635
792 641
792 735
792 775
792 819
792 822
792 823
792 890
792 898
792 905
792 952
792 977
793 543
793 559
793 597
793 616
793 699
793 726
793 795
793 816
793 870
793 891
793 907
793 925
793 964
793 992
794 227
794 285
794 410
794 536
794 603
794 645
794 702
794 738
794 739
794 773
794 808
794 884
794 897
794 994
795 13
795 209
795 616
795 697
795 793
795 816
795 870
795 883
795 891
795 907
795 939
795 947
795 964
795 992
796 28
796 402
796 466
796 503
796 508
796 549
796 614
796 621
796 633
796 667
796 729
796 866
796 906
796 918
797 265
797 328
797 334
797 345
797 35
797 36
797 454
797 472
797 64
797 762
797 772
797 861
797 899
797 958
798 52
798 628
798 718
798 742
798 776
798 788
798 791
798 893
798 896
798 923
798 967
798 989
798 991
798 999
799 289
799 306
799 57
799 592
799 611
799 821
799 875
799 880
799 898
799 904
799 914
799 920
799 966
799 983
799 995
8 692
8 968
8 972
8 985
80 778
80 938
80 978
80 983
800 1000
800 479
800 544
800 724
800 772
800 851
800 853
800 917
800 919
800 921
800 935
800 958
800 966
800 971
800 980
801 371
801 389
801 412
801 494
801 514
801 575
801 599
801 606
801 646
801 664
801 716
801 732
801 812
801 842
801 864
802 189
802 234
802 248
802 260
802 263
802 421
802 55
802 657
802 687
802 748
802 806
802 873
802 888
802 97
802 974
803 441
803 534
803 577
803 649
803 691
803 698
803 874
803 897
803 936
803 944
803 968
803 984
803 985
803 991
803 999
804 12
804 120
804 162
804 224
804 236
804 506
804 507
804 651
804 775
804 78
804 885
804 890
804 926
804 952
804 977
805 108
805 117
805 193
805 234
805 314
805 394
805 449
805 465
805 685
805 705
805 781
805 785
805 962
805 969
805 995
806 130
806 178
806 248
806 260
806 263
806 581
806 657
806 748
806 802
806 888
806 942
806 950
806 957
806 97
806 974
807 277
807 353
807 430
807 483
807 60
807 658
807 778
807 824
807 857
807 920
807 938
807 959
807 961
807 978
807 981
808 181
808 228
808 322
808 478
808 603
808 635
808 649
808 738
808 739
808 794
808 867
808 884
808 946
808 974
808 994
809 133
809 303
809 364
809 422
809 426
809 571
809 605
809 704
809 709
809 747
809 790
809 901
809 943
809 966
809 971
81 104
81 149
81 458
81 602
810 104
810 14
810 147
810 368
810 445
810 623
810 710
810 736
810 814
810 859
810 873
810 874
810 878
810 935
810 944
811 12
811 257
811 405
811 506
811 560
811 620
811 634
811 775
811 819
811 823
811 898
811 905
811 959
811 974
811 977
812 371
812 389
812 396
812 412
812 599
812 606
812 646
812 664
812 716
812 759
812 790
812 801
812 842
812 864
812 918
813 295
813 300
813 437
813 457
813 475
813 521
813 585
813 647
813 653
813 720
813 750
813 826
813 831
813 916
813 927
814 184
814 230
814 380
814 686
814 734
814 810
814 826
814 840
814 844
814 875
814 914
814 946
815 154
815 253
815 401
815 441
815 499
815 523
815 528
815 584
815 62
815 728
815 825
815 865
815 871
815 876
815 946
816 436
816 597
816 625
816 658
816 758
816 779
816 782
816 793
816 795
816 870
816 883
816 907
816 947
816 964
816 992
817 237
817 277
817 430
817 6
817 624
817 668
817 754
817 824
817 834
817 855
817 938
817 959
817 961
817 975
817 978
818 408
818 414
818 417
818 466
818 564
818 652
818 715
818 902
818 911
818 934
818 948
818 957
818 993
818 997
818 998
819 257
819 290
819 53
819 569
819 611
819 72
819 792
819 811
819 822
819 882
819 890
819 898
819 908
819 952
819 977
82 772
82 861
82 892
82 958
820 197
820 233
820 279
820 280
820 299
820 362
820 568
820 570
820 648
820 66
820 687
820 693
820 753
820 759
820 786
821 203
821 313
821 33
821 468
821 498
821 725
821 766
821 799
821 830
821 849
821 936
821 956
821 963
821 982
821 984
822 242
822 506
822 517
822 53
822 619
822 620
822 752
822 775
822 792
822 819
822 823
822 868
822 926
822 974
822 977
823 12
823 290
823 365
823 423
823 517
823 53
823 630
823 690
823 792
823 811
823 822
823 868
823 952
823 969
823 977
824 411
824 651
824 717
824 754
824 761
824 807
824 817
824 894
824 959
824 961
824 974
824 975
824 978
824 981
824 983
825 101
825 401
825 441
825 499
825 523
825 528
825 553
825 574
825 584
825 728
825 815
825 848
825 865
825 871
825 876
825 929
826 354
826 686
826 734
826 813
826 814
826 840
826 844
826 875
826 914
826 946
827 233
827 693
827 880
827 922
827 932
827 953
827 957
827 968
827 969
827 971
827 977
827 987
827 991
827 995
827 998
827 999
828 314
828 387
828 564
828 615
828 618
828 763
828 848
828 903
828 934
828 948
828 957
828 976
828 986
828 993
828 997
828 998
829 537
829 73
829 751
829 756
829 766
829 830
829 900
829 929
829 936
829 951
829 956
829 979
829 98
829 982
829 984
829 992
83 708
83 773
83 897
83 994
830 116
830 246
830 371
830 537
830 580
830 751
830 821
830 829
830 881
830 900
830 918
830 936
830 956
830 963
830 982
830 984
831 195
831 300
831 437
831 521
831 54
831 585
831 598
831 647
831 653
831 675
831 698
831 750
831 813
831 882
831 916
831 927
832 141
832 160
832 266
832 518
832 542
832 579
832 627
832 631
832 70
832 714
832 752
832 787
832 833
832 917
832 935
832 981
833 141
833 160
833 258
833 266
833 292
833 542
833 548
833 631
833 714
833 752
833 787
833 832
833 917
833 935
833 950
833 974
834 207
834 445
834 512
834 587
834 592
834 67
834 69
834 710
834 736
834 817
834 854
834 856
834 858
834 878
834 904
834 944
835 105
835 208
835 515
835 671
835 696
835 719
835 720
835 742
835 837
835 892
835 924
835 930
835 940
835 942
835 949
835 993
836 469
836 547
836 595
836 740
836 767
836 848
836 856
836 902
836 903
836 934
836 955
836 957
836 974
836 976
836 986
836 993
836 997
837 136
837 276
837 323
837 354
837 37
837 374
837 40
837 48
837 586
837 696
837 774
837 835
837 892
837 930
837 939
837 940
837 949
838 1000
838 134
838 219
838 27
838 339
838 347
838 453
838 475
838 527
838 604
838 688
838 692
838 755
838 894
838 933
838 941
838 980
839 336
839 338
839 571
839 681
839 760
839 764
839 867
839 923
839 930
839 954
839 956
839 969
839 982
839 984
839 989
839 995
839 996
84 723
84 954
84 955
84 996
840 11
840 244
840 287
840 327
840 380
840 488
840 686
840 734
840 786
840 814
840 826
840 844
840 875
840 882
840 914
840 932
840 946
841 167
841 186
841 190
841 288
841 335
841 424
841 477
841 579
841 673
841 680
841 711
841 713
841 760
841 853
841 913
841 921
841 951
842 122
842 182
842 388
842 412
842 494
842 599
842 606
842 608
842 664
842 703
842 716
842 732
842 759
842 801
842 812
842 864
842 918
843 261
843 367
843 491
843 701
843 761
843 783
843 845
843 863
843 877
843 915
843 928
843 937
843 945
843 960
843 973
843 988
843 990
844 244
844 287
844 327
844 380
844 488
844 686
844 734
844 753
844 814
844 826
844 840
844 875
844 914
844 92
844 944
844 946
844 978
845 169
845 308
845 359
845 438
845 474
845 556
845 563
845 615
845 665
845 724
845 75
845 843
845 851
845 881
845 91
845 919
845 933
846 170
846 337
846 609
846 650
846 676
846 847
846 852
846 879
846 887
846 909
846 932
846 953
846 979
846 987
847 269
847 407
847 520
847 544
847 650
847 652
847 676
847 846
847 852
847 879
847 887
847 909
847 927
847 932
847 950
847 953
847 987
847 990
848 210
848 314
848 45
848 529
848 618
848 690
848 767
848 825
848 828
848 836
848 856
848 902
848 948
848 976
848 986
848 993
848 997
848 998
849 116
849 214
849 298
849 384
849 427
849 672
849 725
849 729
849 73
849 757
849 821
849 881
849 936
849 951
849 956
849 963
849 982
849 994
85 23
85 976
85 993
85 997
850 173
850 294
850 322
850 447
850 669
850 680
850 731
850 756
850 860
850 884
850 925
850 931
850 936
850 955
850 962
850 965
850 984
850 995
851 114
851 168
851 169
851 308
851 316
851 438
851 556
851 563
851 665
851 678
851 724
851 774
851 789
851 800
851 845
851 919
851 933
851 98
852 118
852 321
852 337
852 407
852 451
852 532
852 550
852 639
852 650
852 676
852 846
852 847
852 879
852 887
852 909
852 932
852 953
852 987
853 109
853 126
853 179
853 3
853 477
853 486
853 605
853 613
853 622
853 680
853 711
853 713
853 800
853 841
853 913
853 921
853 940
853 951
854 131
854 14
854 318
854 458
854 52
854 602
854 607
854 621
854 623
854 643
854 736
854 768
854 779
854 834
854 878
854 918
854 944
854 978
855 291
855 546
855 553
855 575
855 668
855 707
855 777
855 817
855 881
855 885
855 920
855 938
855 948
855 961
855 970
855 975
855 978
855 981
855 983
856 312
856 483
856 526
856 619
856 652
856 695
856 767
856 834
856 836
856 848
856 902
856 903
856 911
856 934
856 948
856 957
856 976
856 997
856 998
857 293
857 32
857 332
857 350
857 450
857 471
857 668
857 684
857 717
857 776
857 778
857 807
857 920
857 938
857 959
857 961
857 975
857 981
857 983
858 131
858 200
858 281
858 460
858 492
858 52
858 587
858 590
858 602
858 661
858 700
858 736
858 768
858 771
858 779
858 834
858 859
858 874
858 944
859 156
859 207
859 286
859 360
859 445
859 446
859 48
859 565
859 590
859 602
859 689
859 710
859 810
859 858
859 878
859 904
859 918
859 944
859 985
86 911
86 934
86 948
86 998
860 164
860 206
860 278
860 31
860 346
860 376
860 489
860 629
860 644
860 669
860 682
860 712
860 723
860 850
860 906
860 937
860 954
860 955
860 996
861 161
861 172
861 265
861 328
861 334
861 36
861 361
861 39
861 472
861 522
861 659
861 663
861 771
861 772
861 797
861 82
861 873
861 899
861 958
862 1000
862 110
862 181
862 192
862 425
862 451
862 478
862 603
862 635
862 645
862 649
862 702
862 738
862 773
862 867
862 884
862 897
862 929
862 994
863 140
863 348
863 516
863 655
863 701
863 730
863 746
863 770
863 777
863 783
863 843
863 910
863 915
863 928
863 936
863 937
863 960
863 973
863 988
864 130
864 175
864 235
864 371
864 396
864 412
864 460
864 494
864 599
864 646
864 664
864 666
864 716
864 732
864 759
864 801
864 812
864 842
864 918
865 154
865 165
865 18
865 282
865 298
865 401
865 499
865 523
865 528
865 534
865 584
865 62
865 728
865 815
865 825
865 871
865 876
865 929
865 977
866 166
866 171
866 329
866 360
866 466
866 470
866 503
866 508
866 549
866 614
866 621
866 632
866 633
866 662
866 667
866 796
866 906
866 918
866 986
867 10
867 410
867 425
867 519
867 635
867 649
867 702
867 708
867 738
867 739
867 749
867 757
867 773
867 808
867 839
867 862
867 884
867 912
867 961
868 123
868 185
868 213
868 241
868 264
868 340
868 517
868 630
868 735
868 739
868 781
868 822
868 823
868 890
868 898
868 905
868 926
868 952
868 977
869 261
869 301
869 302
869 348
869 638
869 701
869 727
869 783
869 872
869 915
869 937
869 945
869 949
869 960
869 967
869 970
869 973
869 988
869 990
87 335
87 622
87 760
87 913
870 1000
870 296
870 480
870 543
870 597
870 610
870 697
870 726
870 745
870 762
870 793
870 795
870 816
870 885
870 891
870 925
870 947
870 964
870 992
871 154
871 281
871 368
871 401
871 406
871 441
871 499
871 523
871 528
871 584
871 62
871 625
871 728
871 815
871 825
871 865
871 876
871 901
871 929
872 342
872 351
872 457
872 504
872 551
872 638
872 642
872 727
872 747
872 869
872 877
872 910
872 915
872 937
872 945
872 960
872 973
872 988
872 990
873 106
873 209
873 360
873 565
873 592
873 602
873 607
873 679
873 684
873 69
873 710
873 744
873 768
873 802
873 810
873 861
873 874
873 878
873 944
873 95
874 147
874 156
874 386
874 458
874 596
874 623
874 679
874 689
874 736
874 744
874 758
874 803
874 810
874 858
874 873
874 878
874 901
874 904
874 944
874 952
875 184
875 204
875 230
875 244
875 287
875 295
875 327
875 488
875 686
875 688
875 734
875 799
875 814
875 826
875 840
875 844
875 914
875 92
875 946
875 970
876 101
876 154
876 288
876 343
876 441
876 499
876 5
876 523
876 528
876 584
876 593
876 62
876 728
876 815
876 825
876 865
876 871
876 901
876 923
876 929
877 135
877 344
877 389
877 490
877 516
877 582
877 589
877 638
877 701
877 747
877 783
877 843
877 872
877 915
877 937
877 945
877 960
877 973
877 988
877 990
878 106
878 209
878 373
878 386
878 458
878 460
878 497
878 592
878 695
878 710
878 744
878 810
878 834
878 854
878 859
878 873
878 874
878 904
878 944
878 972
879 269
879 321
879 493
879 520
879 532
879 609
879 676
879 695
879 846
879 847
879 852
879 887
879 909
879 927
879 932
879 950
879 953
879 958
879 987
879 996
88 140
88 912
88 933
88 935
880 294
880 356
880 448
880 449
880 495
880 548
880 572
880 601
880 685
880 731
880 781
880 785
880 79
880 799
880 827
880 901
880 912
880 962
880 969
880 995
881 370
881 666
881 704
881 789
881 790
881 830
881 845
881 849
881 855
881 919
881 938
881 941
881 943
881 959
881 967
881 971
881 979
881 980
881 991
881 999
882 129
882 303
882 311
882 601
882 653
882 697
882 819
882 831
882 840
882 908
882 914
882 916
882 937
882 946
882 960
882 972
882 977
882 985
882 990
882 995
883 421
883 443
883 480
883 543
883 558
883 648
883 670
883 699
883 726
883 758
883 795
883 816
883 891
883 907
883 925
883 942
883 947
883 964
883 970
883 992
884 110
884 111
884 21
884 322
884 330
884 603
884 649
884 749
884 757
884 773
884 794
884 808
884 850
884 862
884 867
884 885
884 897
884 912
884 946
884 983
884 994
885 285
885 585
885 739
885 754
885 760
885 769
885 804
885 855
885 870
885 884
885 898
885 901
885 938
885 95
885 964
885 975
885 977
885 989
885 991
885 992
885 999
886 191
886 202
886 307
886 331
886 366
886 495
886 502
886 524
886 540
886 583
886 636
886 674
886 733
886 737
886 770
886 908
886 951
886 968
886 972
886 985
886 995
887 118
887 185
887 324
887 407
887 520
887 532
887 544
887 550
887 609
887 65
887 650
887 676
887 746
887 846
887 847
887 852
887 879
887 909
887 932
887 953
887 987
888 100
888 188
888 189
888 20
888 263
888 288
888 415
888 474
888 525
888 55
888 593
888 594
888 612
888 627
888 657
888 748
888 802
888 806
888 950
888 97
888 974
889 127
889 155
889 240
889 276
889 390
889 41
889 444
889 481
889 49
889 497
889 531
889 559
889 694
889 722
889 765
889 895
889 927
889 931
889 951
889 965
889 985
89 288
89 568
89 587
89 786
890 107
890 162
890 423
890 473
890 485
890 541
890 581
890 634
890 71
890 735
890 792
890 804
890 819
890 868
890 898
890 905
890 926
890 929
890 936
890 967
890 977
891 226
891 443
891 480
891 561
891 616
891 670
891 744
891 758
891 762
891 782
891 790
891 793
891 795
891 870
891 883
891 907
891 925
891 947
891 964
891 976
891 992
892 144
892 358
892 505
892 515
892 58
892 586
892 671
892 683
892 74
892 774
892 779
892 780
892 82
892 835
892 837
892 924
892 930
892 939
892 940
892 942
892 949
893 23
893 247
893 256
893 555
893 557
893 591
893 718
893 741
893 742
893 776
893 788
893 791
893 798
893 896
893 920
893 923
893 967
893 972
893 989
893 991
893 999
894 1000
894 219
894 255
894 320
894 431
894 435
894 453
894 475
894 510
894 535
894 554
894 604
894 617
894 666
894 688
894 755
894 824
894 838
894 941
894 980
894 998
895 1000
895 112
895 127
895 155
895 276
895 390
895 41
895 444
895 46
895 481
895 49
895 497
895 531
895 559
895 694
895 722
895 765
895 889
895 931
895 951
895 965
896 23
896 256
896 536
896 547
896 555
896 557
896 591
896 718
896 741
896 742
896 776
896 788
896 791
896 798
896 893
896 923
896 966
896 967
896 989
896 991
896 998
896 999
897 110
897 181
897 192
897 227
897 258
897 588
897 635
897 708
897 739
897 749
897 773
897 794
897 803
897 83
897 862
897 884
897 901
897 912
897 916
897 950
897 974
897 994
898 120
898 241
898 242
898 404
898 423
898 485
898 487
898 513
898 560
898 571
898 620
898 792
898 799
898 811
898 819
898 868
898 885
898 890
898 905
898 926
898 952
898 956
899 161
899 265
899 328
899 334
899 345
899 35
899 36
899 361
899 522
899 541
899 61
899 64
899 659
899 663
899 771
899 772
899 797
899 861
899 927
899 934
899 950
899 958
9 173
9 317
9 680
9 713
90 422
90 929
90 943
90 966
900 1
900 137
900 259
900 26
900 369
900 416
900 476
900 569
900 660
900 678
900 725
900 745
900 751
900 756
900 766
900 829
900 830
900 956
900 979
900 982
900 984
900 99
901 286
901 384
901 424
901 616
901 684
901 705
901 809
901 871
901 874
901 876
901 880
901 885
901 897
901 913
901 943
901 962
901 964
901 966
901 969
901 971
901 992
901 994
902 166
902 180
902 304
902 312
902 375
902 381
902 517
902 715
902 767
902 779
902 818
902 836
902 848
902 856
902 911
902 934
902 957
902 976
902 986
902 993
902 997
902 998
903 329
903 381
903 418
903 469
903 526
903 637
903 700
903 740
903 767
903 778
903 828
903 836
903 856
903 911
903 934
903 957
903 970
903 976
903 986
903 993
903 997
903 998
904 149
904 156
904 207
904 211
904 373
904 445
904 446
904 525
904 565
904 643
904 679
904 684
904 689
904 710
904 725
904 768
904 799
904 834
904 859
904 874
904 878
904 981
905 120
905 185
905 355
905 422
905 423
905 473
905 487
905 506
905 541
905 619
905 620
905 634
905 641
905 690
905 792
905 811
905 868
905 890
905 898
905 927
905 974
905 977
906 171
906 190
906 28
906 329
906 383
906 466
906 470
906 503
906 508
906 549
906 614
906 633
906 654
906 662
906 667
906 675
906 683
906 733
906 796
906 860
906 866
906 911
906 918
907 226
907 391
907 443
907 480
907 561
907 616
907 670
907 726
907 740
907 758
907 782
907 793
907 795
907 816
907 883
907 891
907 925
907 931
907 947
907 964
907 970
907 976
907 992
908 216
908 331
908 341
908 366
908 387
908 399
908 47
908 502
908 533
908 636
908 733
908 737
908 74
908 743
908 770
908 819
908 882
908 886
908 922
908 96
908 968
908 972
908 985
909 19
909 198
909 282
909 305
909 321
909 324
909 337
909 520
909 532
909 544
909 550
909 609
909 634
909 650
909 676
909 846
909 847
909 852
909 879
909 887
909 932
909 953
909 987
91 678
91 845
91 919
91 933
910 135
910 348
910 388
910 491
910 504
910 551
910 639
910 655
910 720
910 727
910 746
910 747
910 777
910 781
910 783
910 863
910 872
910 925
910 945
910 960
910 962
910 973
910 990
911 272
911 312
911 414
911 525
911 595
911 637
911 677
911 715
911 740
911 767
911 818
911 856
911 86
911 902
911 903
911 906
911 934
911 948
911 960
911 976
911 986
911 997
911 998
912 212
912 253
912 298
912 330
912 425
912 451
912 478
912 481
912 486
912 578
912 603
912 649
912 738
912 757
912 773
912 867
912 88
912 880
912 884
912 897
912 927
912 974
912 994
913 294
913 3
913 357
913 37
913 477
913 577
913 579
913 594
913 622
913 63
913 655
913 698
913 700
913 711
913 713
913 760
913 769
913 841
913 853
913 87
913 901
913 921
913 938
913 974
914 11
914 184
914 19
914 204
914 230
914 327
914 380
914 456
914 588
914 686
914 734
914 753
914 779
914 781
914 799
914 814
914 826
914 840
914 844
914 875
914 882
914 92
914 935
914 946
915 16
915 338
915 348
915 413
915 482
915 491
915 552
915 639
915 640
915 738
915 76
915 843
915 863
915 869
915 872
915 877
915 928
915 937
915 945
915 950
915 960
915 973
915 988
915 990
916 121
916 178
916 195
916 402
916 437
916 457
916 521
916 54
916 585
916 598
916 624
916 647
916 653
916 675
916 677
916 700
916 720
916 750
916 813
916 831
916 882
916 897
916 927
916 976
917 141
917 160
917 258
917 266
917 292
917 459
917 518
917 542
917 627
917 631
917 70
917 714
917 750
917 752
917 787
917 800
917 832
917 833
917 935
917 950
917 998
918 189
918 466
918 468
918 578
918 713
918 716
918 757
918 758
918 762
918 768
918 796
918 812
918 830
918 842
918 854
918 859
918 864
918 866
918 906
918 925
918 941
918 947
918 963
918 979
918 994
919 114
919 157
919 169
919 275
919 308
919 316
919 359
919 438
919 556
919 563
919 625
919 665
919 678
919 720
919 724
919 75
919 76
919 789
919 800
919 845
919 851
919 881
919 91
919 933
919 98
92 844
92 875
92 914
92 946
920 152
920 295
920 350
920 392
920 411
920 461
920 505
920 546
920 580
920 624
920 651
920 707
920 799
920 807
920 855
920 857
920 893
920 938
920 959
920 961
920 970
920 975
920 981
920 983
920 990
921 145
921 15
921 167
921 179
921 3
921 317
921 335
921 357
921 369
921 433
921 477
921 577
921 588
921 60
921 622
921 680
921 698
921 77
921 790
921 800
921 841
921 853
921 913
921 929
921 986
922 168
922 191
922 216
922 275
922 341
922 366
922 378
922 467
922 47
922 499
922 583
922 636
922 674
922 707
922 733
922 737
922 743
922 770
922 784
922 827
922 908
922 951
922 965
922 968
922 972
922 985
923 104
923 142
923 24
923 433
923 463
923 536
923 545
923 547
923 591
923 628
923 718
923 741
923 742
923 776
923 788
923 791
923 798
923 839
923 876
923 893
923 896
923 950
923 967
923 989
923 991
923 999
924 136
924 144
924 196
924 323
924 326
924 40
924 437
924 464
924 574
924 576
924 586
924 642
924 671
924 673
924 696
924 719
924 721
924 774
924 835
924 892
924 930
924 939
924 940
924 942
924 949
924 992
925 363
925 436
925 509
925 558
925 561
925 597
925 610
925 616
925 670
925 699
925 726
925 758
925 762
925 782
925 793
925 850
925 870
925 883
925 891
925 907
925 910
925 918
925 947
925 964
925 989
925 992
926 107
926 129
926 264
926 333
926 365
926 423
926 444
926 473
926 506
926 560
926 611
926 619
926 630
926 641
926 690
926 735
926 775
926 781
926 804
926 822
926 868
926 890
926 898
926 952
926 980
926 985
927 161
927 352
927 519
927 55
927 605
927 647
927 659
927 671
927 704
927 813
927 831
927 847
927 879
927 889
927 899
927 905
927 912
927 916
927 939
927 942
927 943
927 949
927 951
927 953
927 987
927 994
928 16
928 301
928 302
928 344
928 37
928 420
928 482
928 490
928 498
928 504
928 56
928 638
928 639
928 640
928 655
928 727
928 730
928 746
928 777
928 843
928 863
928 915
928 937
928 945
928 970
928 973
928 988
929 405
929 487
929 613
929 622
929 667
929 703
929 711
929 721
929 753
929 756
929 825
929 829
929 862
929 865
929 871
929 876
929 890
929 90
929 921
929 930
929 942
929 949
929 952
929 966
929 971
929 979
929 984
93 401
93 515
93 774
93 942
930 144
930 196
930 208
930 394
930 442
930 464
930 48
930 511
930 573
930 586
930 642
930 683
930 696
930 721
930 774
930 780
930 835
930 837
930 839
930 892
930 924
930 929
930 939
930 940
930 942
930 949
930 983
931 112
931 127
931 155
931 182
931 240
931 276
931 384
931 390
931 41
931 444
931 481
931 49
931 497
931 531
931 559
931 625
931 694
931 722
931 765
931 850
931 889
931 895
931 907
931 951
931 965
932 198
932 305
932 324
932 337
932 395
932 407
932 520
932 532
932 544
932 550
932 609
932 65
932 650
932 676
932 695
932 827
932 840
932 846
932 847
932 852
932 879
932 887
932 909
932 94
932 950
932 953
932 987
933 114
933 169
933 178
933 18
933 188
933 308
933 316
933 325
933 359
933 397
933 438
933 493
933 556
933 563
933 665
933 678
933 720
933 724
933 75
933 789
933 838
933 845
933 851
933 88
933 91
933 919
933 98
933 993
934 153
934 370
934 375
934 393
934 439
934 486
934 526
934 529
934 600
934 715
934 740
934 781
934 818
934 828
934 836
934 856
934 86
934 899
934 902
934 903
934 911
934 948
934 957
934 976
934 980
934 993
934 997
934 998
935 141
935 160
935 175
935 258
935 266
935 292
935 343
935 498
935 5
935 518
935 525
935 534
935 542
935 627
935 631
935 638
935 70
935 714
935 752
935 787
935 800
935 810
935 832
935 833
935 88
935 914
935 917
935 950
936 26
936 273
936 428
936 468
936 476
936 569
936 660
936 68
936 691
936 729
936 73
936 745
936 766
936 803
936 821
936 829
936 830
936 849
936 850
936 863
936 890
936 951
936 956
936 963
936 974
936 979
936 982
936 984
937 22
937 288
937 302
937 348
937 474
937 50
937 504
937 551
937 655
937 727
937 747
937 777
937 843
937 860
937 863
937 869
937 872
937 877
937 882
937 915
937 928
937 945
937 950
937 960
937 962
937 973
937 988
937 990
938 113
938 280
938 332
938 34
938 372
938 411
938 419
938 440
938 455
938 588
938 604
938 649
938 668
938 754
938 761
938 80
938 807
938 817
938 855
938 857
938 881
938 885
938 913
938 920
938 959
938 961
938 978
938 981
938 983
939 144
939 196
939 208
939 236
939 284
939 326
939 354
939 383
939 406
939 511
939 515
939 59
939 642
939 671
939 696
939 719
939 721
939 760
939 780
939 795
939 837
939 892
939 924
939 927
939 930
939 940
939 942
939 949
939 953
94 932
94 953
94 981
94 987
940 196
940 234
940 323
940 326
940 358
940 509
940 511
940 515
940 573
940 576
940 58
940 673
940 687
940 696
940 721
940 74
940 774
940 779
940 780
940 835
940 837
940 853
940 892
940 924
940 930
940 939
940 942
940 949
940 998
941 1000
941 115
941 134
941 146
941 158
941 165
941 219
941 255
941 435
941 459
941 462
941 475
941 509
941 510
941 600
941 604
941 617
941 666
941 688
941 692
941 755
941 779
941 838
941 881
941 894
941 918
941 954
941 968
941 980
942 105
942 208
942 213
942 354
942 358
942 464
942 511
942 515
942 573
942 576
942 586
942 671
942 719
942 721
942 74
942 774
942 780
942 806
942 835
942 883
942 892
942 924
942 927
942 929
942 93
942 930
942 939
942 940
942 949
943 102
943 109
943 133
943 138
943 183
943 229
943 30
943 358
943 377
943 452
943 496
943 500
943 539
943 571
943 582
943 681
943 687
943 703
943 704
943 709
943 729
943 809
943 881
943 90
943 901
943 927
943 951
943 966
943 970
943 971
944 104
944 14
944 318
944 373
944 587
944 596
944 602
944 607
944 623
944 643
944 67
944 679
944 683
944 689
944 710
944 736
944 744
944 764
944 768
944 803
944 810
944 834
944 844
944 854
944 858
944 859
944 873
944 874
944 878
944 990
945 170
945 301
945 342
945 344
945 351
945 413
945 470
945 507
945 516
945 639
945 640
945 655
945 720
945 730
945 746
945 783
945 784
945 843
945 869
945 872
945 877
945 910
945 915
945 928
945 937
945 950
945 960
945 973
945 988
945 990
945 994
946 11
946 184
946 204
946 230
946 232
946 244
946 287
946 298
946 327
946 364
946 380
946 486
946 488
946 493
946 581
946 677
946 686
946 734
946 779
946 781
946 808
946 814
946 815
946 826
946 840
946 844
946 875
946 882
946 884
946 914
946 92
947 226
947 296
947 363
947 391
947 436
947 443
947 512
947 561
947 564
947 597
947 610
947 616
947 670
947 683
947 695
947 697
947 699
947 758
947 762
947 775
947 782
947 795
947 816
947 870
947 883
947 891
947 907
947 918
947 925
947 964
947 992
948 304
948 314
948 418
948 434
948 439
948 483
948 484
948 530
948 590
948 595
948 615
948 637
948 652
948 715
948 740
948 781
948 818
948 828
948 848
948 855
948 856
948 86
948 911
948 934
948 957
948 976
948 986
948 989
948 993
948 997
948 998
949 105
949 268
949 323
949 326
949 421
949 442
949 452
949 464
949 486
949 501
949 511
949 576
949 58
949 605
949 642
949 662
949 671
949 696
949 719
949 774
949 780
949 835
949 837
949 869
949 892
949 924
949 927
949 929
949 930
949 939
949 940
949 942
95 373
95 736
95 873
95 885
950 229
950 352
950 537
950 582
950 657
950 708
950 709
950 739
950 752
950 763
950 787
950 806
950 833
950 847
950 879
950 888
950 897
950 899
950 915
950 917
950 923
950 932
950 935
950 937
950 945
950 953
950 960
950 966
950 974
950 987
950 990
950 994
951 167
951 204
951 34
951 496
951 539
951 593
951 698
951 720
951 765
951 781
951 788
951 829
951 841
951 849
951 853
951 886
951 889
951 895
951 922
951 927
951 931
951 936
951 943
951 956
951 965
951 967
951 968
951 971
951 985
951 989
951 991
951 999
952 107
952 123
952 159
952 241
952 242
952 274
952 318
952 355
952 423
952 485
952 488
952 517
952 541
952 560
952 620
952 630
952 634
952 690
952 71
952 735
952 775
952 78
952 792
952 804
952 819
952 823
952 868
952 874
952 898
952 926
952 929
952 974
952 977
953 101
953 13
953 130
953 19
953 198
953 269
953 305
953 321
953 324
953 337
953 407
953 520
953 532
953 544
953 550
953 609
953 610
953 65
953 650
953 676
953 763
953 827
953 846
953 847
953 852
953 879
953 887
953 909
953 927
953 932
953 939
953 94
953 950
953 987
954 119
954 149
954 150
954 164
954 215
954 217
954 254
954 262
954 278
954 31
954 319
954 340
954 343
954 346
954 349
954 395
954 408
954 420
954 489
954 629
954 644
954 656
954 669
954 682
954 712
954 723
954 764
954 839
954 84
954 860
954 941
954 955
954 984
954 996
955 138
955 150
955 164
955 206
955 215
955 217
955 254
955 262
955 278
955 310
955 319
955 346
955 349
955 376
955 395
955 408
955 420
955 489
955 525
955 629
955 644
955 656
955 669
955 682
955 686
955 712
955 723
955 764
955 836
955 84
955 850
955 860
955 954
955 996
956 125
956 203
956 221
956 222
956 246
956 249
956 250
956 26
956 270
956 273
956 400
956 427
956 428
956 473
956 566
956 672
956 675
956 706
956 751
956 766
956 821
956 829
956 830
956 839
956 849
956 898
956 900
956 936
956 951
956 963
956 973
956 979
956 984
956 99
957 153
957 163
957 370
957 381
957 382
957 404
957 417
957 42
957 434
957 439
957 448
957 469
957 530
957 567
957 595
957 615
957 659
957 740
957 767
957 806
957 818
957 827
957 828
957 836
957 856
957 902
957 903
957 934
957 948
957 970
957 976
957 986
957 993
957 997
957 998
958 161
958 172
958 176
958 265
958 272
958 281
958 328
958 334
958 345
958 35
958 36
958 361
958 383
958 39
958 43
958 452
958 454
958 472
958 522
958 572
958 61
958 612
958 64
958 658
958 659
958 663
958 771
958 772
958 797
958 800
958 82
958 861
958 879
958 899
958 982
959 201
959 277
959 283
959 291
959 322
959 332
959 419
959 455
959 461
959 471
959 505
959 546
959 575
959 624
959 626
959 651
959 707
959 717
959 749
959 754
959 761
959 807
959 811
959 817
959 824
959 857
959 881
959 920
959 938
959 961
959 970
959 975
959 978
959 981
959 983
96 908
96 968
96 972
96 991
960 135
960 22
960 365
960 490
960 50
960 504
960 534
960 551
960 552
960 589
960 638
960 639
960 647
960 673
960 683
960 727
960 730
960 747
960 777
960 783
960 843
960 863
960 869
960 872
960 877
960 882
960 910
960 911
960 915
960 937
960 945
960 950
960 973
960 988
960 990
961 113
961 15
961 17
961 182
961 200
961 237
961 291
961 309
961 372
961 430
961 450
961 455
961 456
961 471
961 6
961 624
961 675
961 707
961 754
961 761
961 778
961 790
961 807
961 817
961 824
961 855
961 857
961 867
961 920
961 938
961 959
961 975
961 978
961 983
961 995
962 103
962 108
962 117
962 180
962 193
962 199
962 218
962 231
962 25
962 311
962 315
962 325
962 356
962 406
962 448
962 449
962 501
962 538
962 548
962 572
962 601
962 685
962 705
962 731
962 751
962 785
962 79
962 805
962 850
962 880
962 901
962 910
962 937
962 969
962 975
962 995
963 1
963 125
963 137
963 176
963 221
963 250
963 259
963 313
963 38
963 385
963 400
963 416
963 427
963 476
963 558
963 566
963 569
963 660
963 672
963 706
963 719
963 729
963 745
963 751
963 756
963 766
963 821
963 830
963 849
963 918
963 936
963 956
963 966
963 974
963 979
963 982
964 13
964 281
964 296
964 383
964 391
964 443
964 480
964 543
964 558
964 565
964 588
964 597
964 610
964 670
964 683
964 697
964 699
964 726
964 758
964 762
964 782
964 793
964 795
964 816
964 870
964 883
964 885
964 891
964 901
964 907
964 925
964 947
964 970
964 973
964 992
964 999
965 112
965 124
965 127
965 152
965 155
965 176
965 2
965 225
965 240
965 252
965 272
965 276
965 390
965 397
965 41
965 421
965 428
965 444
965 481
965 49
965 497
965 510
965 531
965 559
965 562
965 687
965 694
965 722
965 765
965 850
965 889
965 895
965 922
965 931
965 951
965 977
966 100
966 102
966 133
966 152
966 157
966 18
966 229
966 264
966 268
966 30
966 303
966 352
966 4
966 496
966 500
966 539
966 571
966 582
966 612
966 660
966 677
966 703
966 704
966 709
966 790
966 799
966 800
966 809
966 896
966 90
966 901
966 929
966 943
966 950
966 963
966 970
966 971
967 187
967 220
967 256
967 267
967 429
967 433
967 447
967 463
967 498
967 504
967 536
967 545
967 547
967 555
967 557
967 591
967 628
967 7
967 712
967 718
967 741
967 742
967 776
967 788
967 790
967 791
967 798
967 869
967 881
967 890
967 893
967 896
967 923
967 951
967 989
967 991
967 999
968 163
968 168
968 191
968 194
968 271
968 275
968 297
968 3
968 341
968 378
968 387
968 399
968 403
968 414
968 467
968 502
968 51
968 533
968 540
968 574
968 583
968 733
968 737
968 743
968 770
968 784
968 8
968 803
968 827
968 886
968 908
968 922
968 941
968 951
968 96
968 972
968 985
969 108
969 117
969 193
969 218
969 279
969 280
969 306
969 325
969 336
969 394
969 432
969 448
969 465
969 501
969 512
969 513
969 538
969 548
969 562
969 601
969 658
969 685
969 700
969 705
969 706
969 731
969 781
969 785
969 79
969 805
969 823
969 827
969 839
969 880
969 901
969 962
969 970
969 995
97 748
97 802
97 806
97 888
970 11
970 336
970 402
970 448
970 531
970 589
970 618
970 640
970 699
970 703
970 709
970 753
970 773
970 785
970 855
970 869
970 875
970 883
970 903
970 907
970 920
970 928
970 943
970 957
970 959
970 964
970 966
970 969
970 971
970 973
970 975
970 978
970 983
970 986
970 990
970 992
970 993
970 995
971 102
971 128
971 148
971 157
971 229
971 252
971 268
971 284
971 303
971 338
971 352
971 422
971 426
971 479
971 496
971 498
971 500
971 571
971 582
971 605
971 608
971 687
971 703
971 704
971 709
971 714
971 800
971 809
971 827
971 881
971 901
971 929
971 943
971 951
971 966
971 970
971 979
971 997
972 194
972 216
972 245
972 271
972 297
972 307
972 341
972 356
972 366
972 378
972 387
972 399
972 403
972 467
972 51
972 524
972 533
972 540
972 583
972 636
972 674
972 677
972 695
972 733
972 743
972 753
972 770
972 784
972 8
972 878
972 882
972 886
972 893
972 908
972 922
972 96
972 968
972 977
972 985
973 109
973 22
973 261
973 302
973 351
973 353
973 367
973 413
973 449
973 490
973 491
973 552
973 589
973 608
973 639
973 640
973 673
973 677
973 746
973 747
973 753
973 777
973 783
973 843
973 863
973 869
973 872
973 877
973 910
973 915
973 928
973 937
973 945
973 956
973 960
973 964
973 970
973 988
973 990
974 167
974 233
974 415
974 537
974 567
974 594
974 623
974 635
974 637
974 657
974 698
974 702
974 735
974 745
974 760
974 766
974 769
974 802
974 806
974 808
974 811
974 822
974 824
974 833
974 836
974 888
974 897
974 905
974 912
974 913
974 936
974 950
974 952
974 963
974 984
974 986
974 993
974 994
974 998
975 10
975 113
975 145
975 239
975 277
975 289
975 293
975 332
975 379
975 419
975 430
975 432
975 471
975 505
975 553
975 575
975 576
975 580
975 586
975 626
975 628
975 658
975 707
975 717
975 754
975 76
975 763
975 817
975 824
975 855
975 857
975 885
975 920
975 959
975 961
975 962
975 970
975 978
975 983
975 990
976 153
976 163
976 183
976 243
976 304
976 312
976 374
976 375
976 393
976 404
976 414
976 45
976 484
976 529
976 530
976 567
976 595
976 618
976 652
976 763
976 767
976 828
976 836
976 848
976 85
976 856
976 891
976 902
976 903
976 907
976 911
976 916
976 934
976 948
976 957
976 983
976 986
976 993
976 997
976 998
977 107
977 123
977 129
977 143
977 241
977 257
977 264
977 274
977 290
977 333
977 355
977 473
977 485
977 487
977 517
977 541
977 620
977 630
977 634
977 673
977 72
977 735
977 775
977 78
977 792
977 804
977 811
977 819
977 822
977 823
977 827
977 865
977 868
977 882
977 885
977 890
977 905
977 952
977 965
977 972
978 113
978 119
978 140
978 15
978 174
978 176
978 205
978 283
978 29
978 32
978 372
978 379
978 392
978 450
978 455
978 456
978 461
978 562
978 575
978 6
978 608
978 626
978 668
978 761
978 769
978 778
978 80
978 807
978 817
978 824
978 844
978 854
978 855
978 938
978 959
978 961
978 970
978 975
978 981
978 983
979 1
979 116
979 137
979 188
979 203
979 246
979 250
979 259
979 270
979 280
979 313
979 33
979 400
979 415
979 416
979 428
979 44
979 468
979 476
979 56
979 569
979 672
979 691
979 706
979 725
979 745
979 751
979 766
979 829
979 846
979 881
979 900
979 918
979 929
979 936
979 956
979 963
979 971
979 982
979 984
979 997
98 829
98 851
98 919
98 933
980 100
980 1000
980 115
980 134
980 146
980 158
980 165
980 177
980 219
980 255
980 339
980 347
980 43
980 431
980 435
980 453
980 459
980 462
980 475
980 510
980 527
980 535
980 551
980 554
980 57
980 600
980 604
980 617
980 666
980 688
980 692
980 755
980 779
980 783
980 800
980 838
980 881
980 894
980 926
980 934
980 941
981 15
981 17
981 174
981 205
981 239
981 252
981 283
981 29
981 291
981 293
981 309
981 350
981 397
981 43
981 450
981 455
981 456
981 471
981 546
981 557
981 575
981 580
981 612
981 626
981 707
981 717
981 761
981 778
981 790
981 807
981 824
981 832
981 855
981 857
981 904
981 920
981 938
981 94
981 959
981 978
981 983
982 125
982 214
982 238
982 250
982 26
982 282
982 289
982 385
982 400
982 416
982 428
982 44
982 479
982 56
982 566
982 569
982 593
982 656
982 660
982 672
982 675
982 725
982 729
982 73
982 745
982 751
982 756
982 766
982 772
982 779
982 821
982 829
982 830
982 839
982 849
982 900
982 936
982 958
982 963
982 979
982 984
983 239
983 283
983 29
983 291
983 309
983 32
983 34
983 379
983 411
983 419
983 450
983 456
983 461
983 505
983 553
983 575
983 580
983 595
983 6
983 626
983 651
983 668
983 707
983 761
983 778
983 799
983 80
983 824
983 855
983 857
983 884
983 920
983 930
983 938
983 959
983 961
983 970
983 975
983 976
983 978
983 981
984 203
984 214
984 221
984 222
984 234
984 249
984 273
984 315
984 38
984 427
984 44
984 46
984 468
984 537
984 566
984 569
984 653
984 660
984 672
984 68
984 706
984 725
984 726
984 729
984 745
984 756
984 779
984 803
984 821
984 829
984 830
984 839
984 850
984 900
984 929
984 936
984 954
984 956
984 974
984 979
984 982
985 168
985 191
985 194
985 245
985 271
985 275
985 297
985 307
985 331
985 341
985 361
985 378
985 403
985 467
985 47
985 502
985 51
985 512
985 513
985 524
985 540
985 583
985 636
985 674
985 733
985 737
985 743
985 770
985 784
985 8
985 803
985 859
985 882
985 886
985 889
985 908
985 922
985 926
985 951
985 968
985 972
986 132
986 314
986 375
986 382
986 404
986 417
986 418
986 434
986 45
986 483
986 493
986 526
986 529
986 554
986 564
986 567
986 588
986 595
986 615
986 618
986 637
986 652
986 658
986 695
986 740
986 767
986 828
986 836
986 848
986 866
986 902
986 903
986 911
986 921
986 948
986 957
986 970
986 974
986 976
986 993
986 997
986 998
987 118
987 166
987 19
987 198
987 253
987 269
987 295
987 305
987 321
987 324
987 331
987 338
987 343
987 38
987 407
987 440
987 452
987 5
987 520
987 532
987 544
987 550
987 609
987 612
987 65
987 650
987 676
987 763
987 769
987 827
987 846
987 847
987 852
987 879
987 887
987 909
987 927
987 932
987 94
987 950
987 953
987 996
988 145
988 16
988 170
988 22
988 253
988 261
988 272
988 302
988 311
988 353
988 367
988 440
988 482
988 490
988 516
988 534
988 551
988 552
988 589
988 638
988 705
988 727
988 730
988 735
988 747
988 763
988 777
988 783
988 843
988 863
988 869
988 872
988 877
988 915
988 928
988 937
988 945
988 960
988 973
988 990
988 991
988 992
989 132
989 142
989 187
989 220
989 24
989 247
989 267
989 27
989 343
989 429
989 433
989 447
989 463
989 474
989 536
989 545
989 547
989 555
989 557
989 591
989 628
989 658
989 695
989 7
989 718
989 741
989 742
989 753
989 776
989 788
989 791
989 798
989 839
989 885
989 893
989 896
989 923
989 925
989 948
989 951
989 967
989 991
989 999
99 672
99 758
99 900
99 956
990 124
990 135
990 16
990 170
990 216
990 223
990 225
990 353
990 367
990 413
990 482
990 504
990 551
990 589
990 608
990 639
990 640
990 655
990 677
990 701
990 727
990 746
990 747
990 763
990 777
990 783
990 843
990 847
990 869
990 872
990 877
990 882
990 910
990 915
990 920
990 937
990 944
990 945
990 950
990 960
990 970
990 973
990 975
990 988
991 132
991 142
991 187
991 195
991 220
991 24
991 247
991 256
991 267
991 429
991 433
991 447
991 463
991 508
991 509
991 536
991 545
991 547
991 555
991 557
991 591
991 628
991 7
991 718
991 741
991 742
991 756
991 776
991 788
991 791
991 798
991 803
991 827
991 881
991 885
991 893
991 896
991 923
991 951
991 96
991 967
991 988
991 989
991 999
992 178
992 188
992 225
992 289
992 296
992 338
992 363
992 391
992 406
992 436
992 443
992 480
992 5
992 543
992 558
992 561
992 562
992 597
992 602
992 610
992 616
992 670
992 673
992 697
992 699
992 726
992 758
992 762
992 782
992 793
992 795
992 816
992 829
992 870
992 883
992 885
992 891
992 901
992 907
992 924
992 925
992 947
992 964
992 970
992 988
993 139
993 153
993 162
993 243
993 304
993 312
993 359
993 370
993 381
993 382
993 406
993 414
993 417
993 42
993 432
993 434
993 440
993 469
993 483
993 484
993 529
993 530
993 615
993 652
993 715
993 755
993 767
993 818
993 828
993 835
993 836
993 848
993 85
993 902
993 903
993 933
993 934
993 948
993 957
993 970
993 974
993 976
993 986
993 997
993 998
994 100
994 181
994 192
994 2
994 21
994 212
994 227
994 228
994 282
994 330
994 383
994 398
994 409
994 410
994 425
994 478
994 519
994 578
994 603
994 612
994 645
994 649
994 665
994 675
994 702
994 708
994 738
994 749
994 757
994 773
994 794
994 808
994 83
994 849
994 862
994 884
994 897
994 901
994 912
994 918
994 927
994 945
994 950
994 974
994 999
995 103
995 108
995 117
995 124
995 175
995 180
995 193
995 199
995 25
995 284
995 306
995 311
995 315
995 325
995 336
995 356
995 372
995 394
995 465
995 486
995 495
995 538
995 548
995 572
995 581
995 601
995 641
995 658
995 685
995 705
995 731
995 763
995 785
995 79
995 799
995 805
995 827
995 839
995 850
995 880
995 882
995 886
995 961
995 962
995 969
995 970
996 150
996 164
996 176
996 18
996 182
996 201
996 206
996 215
996 217
996 232
996 251
996 254
996 262
996 278
996 282
996 31
996 310
996 319
996 346
996 349
996 376
996 395
996 408
996 420
996 432
996 489
996 506
996 515
996 574
996 593
996 60
996 629
996 644
996 656
996 669
996 682
996 712
996 723
996 764
996 839
996 84
996 860
996 879
996 954
996 955
996 987
997 139
997 163
997 210
997 243
997 374
997 382
997 404
997 417
997 418
997 42
997 43
997 45
997 469
997 482
997 484
997 509
997 526
997 529
997 530
997 564
997 595
997 615
997 652
997 700
997 715
997 740
997 762
997 767
997 818
997 828
997 836
997 848
997 85
997 856
997 902
997 903
997 911
997 934
997 948
997 957
997 971
997 976
997 979
997 986
997 993
997 998
998 139
998 183
998 201
998 243
998 364
998 370
998 374
998 404
998 414
998 417
998 421
998 434
998 439
998 469
998 474
998 483
998 484
998 526
998 564
998 567
998 637
998 652
998 715
998 719
998 740
998 767
998 779
998 818
998 827
998 828
998 848
998 856
998 86
998 894
998 896
998 902
998 903
998 911
998 917
998 934
998 940
998 948
998 957
998 974
998 976
998 986
998 993
998 997
999 132
999 142
999 187
999 220
999 23
999 24
999 247
999 256
999 267
999 397
999 429
999 433
999 438
999 447
999 463
999 507
999 536
999 545
999 547
999 555
999 557
999 591
999 628
999 637
999 7
999 708
999 718
999 741
999 742
999 753
999 776
999 788
999 790
999 791
999 798
999 803
999 827
999 881
999 885
999 893
999 896
999 923
999 951
999 964
999 967
999 989
999 991
999 994
