# The links inside the communities at k=6
# from G:\Dropbox\Raghda\CNA\Final Project\other methods\CFinder-2.0.6--1448\G:\Dropbox\Raghda\CNA\Final Project\Datasets\binary_networks\LFR3\network_LFR3_Om3.dat
# at no lower link weight threshold,
# and at no upper link weight threshold.
# Links were treated as undirected.
# No time limit was set for the clique search.

0:
1000 786
1000 939
1000 963
1000 288
1000 326
1000 461
1000 515
1000 542
1000 569
1000 605
1000 626
1000 643
1000 664
1000 686
1000 714
1000 736
1000 748
1000 756
1000 790
1000 840
1000 883
1000 888
1000 925
1000 927
1000 929
1000 937
1000 961
1000 966
1000 976
1000 999
786 963
786 883
786 888
786 927
786 929
786 937
786 961
786 966
786 976
786 999
939 963
939 643
939 686
939 714
939 756
939 790
939 840
939 883
939 888
939 925
939 927
939 937
939 961
939 976
939 999
939 897
939 285
939 635
963 326
963 515
963 542
963 605
963 626
963 643
963 664
963 686
963 748
963 840
963 883
963 888
963 925
963 927
963 929
963 937
963 966
963 976
963 999
963 897
288 883
288 925
288 976
288 999
326 966
326 976
326 999
461 925
461 927
461 929
461 999
515 790
515 966
515 976
515 999
542 888
542 929
542 961
542 976
542 999
569 664
569 883
569 927
569 961
569 966
605 888
605 937
605 976
626 748
626 888
626 929
626 937
626 961
643 840
643 927
643 937
643 999
664 883
664 888
664 927
664 961
664 966
664 999
686 756
686 937
686 961
686 976
686 999
686 897
714 927
714 929
714 937
714 961
714 976
714 999
736 883
736 927
736 961
736 966
736 976
736 999
736 897
748 925
748 929
748 937
748 961
748 966
748 976
748 999
756 925
756 961
756 976
756 999
756 897
790 840
790 925
790 927
790 929
790 937
790 966
790 976
790 999
790 897
840 888
840 925
840 937
840 961
840 966
840 976
840 897
840 635
883 925
883 927
883 937
883 961
883 966
883 976
883 999
883 285
888 927
888 929
888 937
888 961
888 966
888 976
888 999
888 611
888 897
925 927
925 929
925 937
925 961
925 966
925 976
925 999
925 897
925 635
927 929
927 937
927 961
927 966
927 999
927 897
927 285
929 937
929 961
929 966
929 999
929 611
929 897
937 961
937 966
937 976
937 999
937 611
937 897
937 635
961 966
961 976
961 999
961 611
961 897
961 285
961 635
966 976
966 999
966 897
966 635
976 999
976 635
999 897
999 285
999 635
611 897
1:
857 889
857 941
857 946
857 249
857 801
857 408
857 825
857 662
857 687
857 669
857 676
889 941
889 946
889 670
889 249
889 801
889 408
889 825
889 662
889 687
889 669
889 676
941 946
941 670
941 249
941 801
941 408
941 825
941 662
941 687
941 669
941 676
946 670
946 249
946 801
946 408
946 825
946 662
946 687
946 669
946 676
670 801
670 662
670 687
249 801
801 825
801 662
801 687
801 669
801 676
408 825
825 662
825 687
825 669
825 676
662 669
662 676
687 669
687 676
669 676
2:
992 988
992 989
992 917
992 943
992 962
992 968
992 885
992 882
992 760
992 735
992 845
992 726
988 797
988 989
988 917
988 262
988 943
988 962
988 968
988 300
988 885
988 870
988 371
988 689
988 621
988 433
988 882
988 477
988 760
988 504
988 735
988 518
988 845
988 531
988 584
988 619
988 726
988 633
988 812
988 697
797 989
797 943
797 968
797 885
989 917
989 262
989 943
989 962
989 968
989 300
989 885
989 870
989 371
989 689
989 621
989 433
989 882
989 477
989 760
989 504
989 735
989 518
989 845
989 531
989 584
989 619
989 726
989 633
989 812
989 697
917 943
917 962
917 968
917 885
917 870
917 689
917 621
917 433
917 882
917 760
917 504
917 735
917 518
917 845
917 584
917 726
917 633
917 812
917 697
262 943
262 962
262 968
943 962
943 968
943 885
943 870
943 371
943 621
943 882
943 760
943 504
943 735
943 518
943 845
943 531
943 584
943 619
943 726
943 633
943 812
943 697
962 968
962 300
962 885
962 870
962 371
962 689
962 621
962 882
962 477
962 760
962 504
962 735
962 518
962 845
962 531
962 584
962 619
962 726
962 633
962 812
962 697
968 300
968 885
968 870
968 371
968 689
968 621
968 433
968 882
968 760
968 504
968 735
968 518
968 845
968 531
968 584
968 619
968 726
968 633
968 812
968 697
300 885
885 870
885 689
885 433
885 735
885 845
885 584
885 619
885 812
885 697
870 689
870 882
870 760
870 735
870 845
870 619
870 726
870 633
870 812
689 882
689 812
621 845
621 726
433 882
882 477
882 760
882 735
882 845
882 531
882 619
882 633
882 812
477 760
760 845
760 812
504 735
518 845
845 697
726 812
812 697
3:
908 907
908 960
908 926
908 959
908 620
908 788
908 868
908 835
908 275
908 839
908 407
908 624
908 503
908 673
907 960
907 926
907 959
907 788
907 868
907 835
907 275
907 839
907 407
907 624
907 503
907 673
960 926
960 959
960 620
960 788
960 868
960 835
960 275
960 839
960 407
960 624
960 867
960 503
960 673
926 959
926 620
926 788
926 868
926 835
926 275
926 407
926 624
926 503
926 673
959 620
959 868
959 835
959 839
959 624
620 835
620 839
788 868
788 835
788 839
788 624
788 867
788 503
868 835
868 275
868 839
868 867
868 673
835 839
835 867
835 673
839 867
839 673
407 624
624 503
624 673
4:
443 879
443 912
443 875
443 969
443 724
767 807
767 879
767 912
767 607
767 875
767 557
767 969
767 724
767 348
767 482
807 879
807 912
807 607
807 875
807 557
807 969
807 724
807 348
807 363
807 482
879 912
879 607
879 875
879 557
879 969
879 724
879 348
879 363
879 482
912 607
912 875
912 557
912 969
912 724
912 348
912 363
912 482
607 875
607 724
875 557
875 969
875 724
875 348
875 363
875 482
557 724
969 724
969 363
5:
993 936
993 957
993 985
993 977
993 792
993 796
993 850
993 851
993 906
993 864
993 910
993 585
993 856
993 681
993 395
993 400
993 867
993 601
993 498
993 544
993 556
993 571
993 613
936 957
936 985
936 977
936 792
936 796
936 850
936 851
936 906
936 864
936 910
936 585
936 856
936 681
936 395
936 400
936 867
936 571
936 613
957 985
957 977
957 792
957 796
957 851
957 906
957 864
957 910
957 585
957 856
957 681
957 395
957 601
957 498
957 571
957 613
985 977
985 792
985 796
985 850
985 851
985 906
985 864
985 910
985 585
985 856
985 681
985 395
985 400
985 867
985 601
985 498
985 544
985 571
985 613
977 796
977 851
977 906
977 864
977 910
977 856
977 498
977 556
792 850
792 910
792 856
792 498
792 544
792 613
796 851
796 856
796 395
850 851
850 864
850 910
850 856
850 867
850 601
850 544
850 571
850 613
851 864
851 856
851 601
851 571
906 910
906 400
906 613
864 910
864 585
864 856
864 681
864 867
864 556
910 585
910 856
910 681
910 400
910 601
910 498
910 544
910 556
910 571
856 681
856 601
856 544
856 556
681 400
6:
953 923
953 967
953 617
953 901
953 979
953 970
953 844
953 891
953 894
953 677
953 474
953 526
923 617
923 901
923 979
923 970
923 844
923 891
923 894
923 525
967 901
967 979
967 970
967 894
967 474
617 901
617 970
617 844
617 894
617 526
901 979
901 970
901 844
901 891
901 894
901 677
901 474
901 525
901 526
979 970
979 891
979 894
979 677
979 474
979 525
979 526
970 844
970 891
970 894
970 677
970 474
970 525
970 526
844 894
844 677
891 894
894 677
894 525
894 526
7:
924 932
924 974
924 774
924 520
924 710
932 974
932 774
932 520
932 710
974 774
974 520
974 710
774 520
774 710
520 710
8:
992 997
992 928
992 998
992 625
992 900
992 848
992 751
992 920
992 849
992 904
992 600
997 977
997 928
997 998
997 625
997 900
997 848
997 751
997 638
997 920
997 881
997 849
997 711
997 675
997 904
997 600
997 646
997 725
997 558
997 597
977 928
977 998
977 900
977 848
977 751
977 638
977 849
977 725
928 998
928 625
928 900
928 848
928 751
928 638
928 920
928 881
928 849
928 711
928 675
928 904
928 725
928 558
928 597
998 625
998 900
998 848
998 751
998 638
998 920
998 881
998 849
998 711
998 675
998 904
998 600
998 646
998 725
998 558
998 597
625 881
625 904
900 751
900 638
900 881
900 849
900 675
900 904
900 600
900 646
900 558
900 597
848 849
848 904
848 725
751 881
751 600
638 675
638 904
920 881
920 849
920 904
881 711
881 904
881 646
881 725
881 558
881 597
849 711
849 725
849 597
711 904
711 725
675 904
675 597
904 646
904 725
904 558
9:
762 972
762 983
762 933
762 685
762 980
762 950
972 954
972 983
972 933
972 685
972 980
972 950
972 559
954 983
954 980
954 950
954 559
983 933
983 980
983 950
983 559
933 685
933 980
933 950
933 559
685 980
685 950
980 950
980 559
950 559
10:
964 952
964 911
964 591
964 969
964 754
952 911
952 591
952 969
952 754
911 591
911 969
911 754
591 969
591 754
969 754
11:
978 990
978 921
978 810
978 896
978 599
990 921
990 810
990 896
990 599
921 810
921 896
921 599
810 896
810 599
896 599
12:
995 919
995 986
995 865
995 982
995 593
919 986
919 865
919 982
919 593
986 865
986 982
986 593
865 982
865 593
982 593
13:
990 776
990 921
990 940
990 984
990 977
990 874
990 893
990 842
990 791
990 663
990 570
776 984
776 977
776 874
776 893
776 824
921 940
921 984
921 893
921 824
921 842
940 984
940 977
940 893
940 627
940 824
940 842
940 791
940 663
940 570
984 977
984 874
984 893
984 627
984 824
984 842
984 791
984 663
984 570
977 874
977 893
977 627
977 824
977 791
977 663
874 893
874 824
874 791
893 824
893 842
893 791
893 663
893 570
627 791
627 663
824 842
842 791
842 570
791 663
14:
712 996
712 869
712 935
712 938
712 918
712 833
996 869
996 935
996 938
996 918
996 833
869 935
869 918
869 833
935 938
935 918
935 833
938 918
938 833
918 833
15:
991 987
991 971
991 832
991 816
991 715
987 971
987 832
987 816
987 715
971 832
971 816
971 715
832 816
832 715
816 715
16:
981 905
981 829
981 827
981 855
981 880
905 829
905 827
905 855
905 880
829 827
829 855
829 880
827 855
827 880
855 880
17:
981 951
981 829
981 855
981 814
981 916
915 951
915 829
915 855
915 814
915 916
951 829
951 855
951 814
951 916
829 855
829 814
829 916
855 814
855 916
814 916
18:
978 990
978 921
978 823
978 896
978 902
990 921
990 823
990 896
990 902
921 823
921 896
921 902
823 896
823 902
896 902
