# The links inside the communities at k=6
# from G:\Dropbox\Raghda\CNA\Final Project\other methods\CFinder-2.0.6--1448\G:\Dropbox\Raghda\CNA\Final Project\Datasets\binary_networks\LFR4\network_LFR4_Om6.dat
# at no lower link weight threshold,
# and at no upper link weight threshold.
# Links were treated as undirected.
# No time limit was set for the clique search.

0:
977 914
977 824
977 793
977 651
977 767
914 824
914 793
914 968
914 317
914 651
914 767
824 793
824 968
824 317
824 651
824 767
793 968
793 317
793 651
793 767
968 651
968 767
317 651
317 767
651 767
1:
679 940
679 969
679 952
679 447
679 563
679 737
940 969
940 952
940 447
940 563
940 737
969 952
969 447
969 563
969 737
952 563
952 737
447 563
447 737
563 737
2:
941 860
941 933
941 948
941 769
941 479
860 933
860 948
860 769
860 479
933 948
933 769
933 479
948 769
948 479
769 479
3:
857 984
857 928
857 999
857 610
857 879
857 971
857 901
857 981
857 550
857 814
857 719
984 928
984 610
984 879
984 901
984 814
984 719
928 999
928 610
928 879
928 971
928 901
928 550
928 814
928 719
999 879
999 901
999 550
999 814
999 719
610 879
610 901
610 814
610 719
879 971
879 901
879 981
879 550
879 814
879 719
971 901
971 814
971 719
901 981
901 550
901 814
901 719
981 814
981 719
550 814
814 719
4:
986 849
986 489
986 612
986 506
986 540
849 489
849 612
849 506
849 540
489 612
489 506
489 540
612 506
612 540
506 540
5:
979 977
979 921
979 970
979 711
979 798
977 921
977 970
977 992
977 711
977 798
921 970
921 978
921 992
921 484
921 617
921 640
921 711
921 798
970 978
970 992
970 484
970 617
970 640
970 711
970 798
978 640
978 711
978 798
992 640
992 711
992 798
484 617
484 640
484 711
484 798
617 640
617 798
640 711
640 798
711 798
6:
957 836
957 947
957 964
957 990
957 829
996 836
996 947
996 964
996 990
996 829
836 947
836 964
836 990
836 829
947 964
947 990
947 829
964 990
964 829
990 829
7:
1000 714
1000 889
1000 896
1000 960
1000 995
1000 996
714 889
714 896
714 960
714 995
714 996
714 939
889 896
889 960
889 995
889 996
889 939
896 960
896 995
896 996
896 939
960 995
960 996
995 996
995 939
996 939
8:
988 982
988 983
988 833
988 850
988 777
982 983
982 833
982 850
982 777
983 833
983 850
983 777
833 850
833 777
850 777
