# The contained cliques in the communities at k=7
# from G:\Dropbox\Raghda\CNA\Final Project\other methods\CFinder-2.0.6--1448\G:\Dropbox\Raghda\CNA\Final Project\Datasets\binary_networks\LFR1\networ_LFR1_Om2.dat
# at no lower link weight threshold,
# and at no upper link weight threshold.
# Links were treated as undirected.
# No time limit was set for the clique search.

0: 604 1062 1115 1144 1145 1166 1174 919 933 934 953 
1: 615 653 684 776 
2: 624 899 1101 1158 1202 688 814 685 1125 
3: 635 956 1165 1194 1195 885 1074 1075 1095 1099 1100 1153 1196 1198 1161 1152 1162 1164 1192 1208 990 991 1096 1151 1193 1197 1209 942 943 1073 1097 1098 
4: 652 975 1032 1090 
5: 656 675 781 872 892 941 1007 
6: 665 926 1121 1130 697 810 870 871 954 982 983 955 964 965 1122 
7: 673 960 1093 1123 1156 1167 1169 1200 741 777 793 
8: 728 
9: 756 759 884 995 996 1006 1037 1157 1163 1177 1146 
10: 769 980 1160 981 
11: 778 1005 1039 1132 1150 1176 1003 1038 1060 1131 1186 886 918 1001 1002 1061 1065 1066 1159 1189 1067 924 925 
12: 857 858 
13: 868 
14: 873 874 875 1026 876 1120 1119 
15: 888 889 957 1063 1129 1117 1034 1035 1118 992 1036 1141 993 959 958 1091 
16: 904 905 1068 1070 1079 1071 
17: 908 909 910 967 997 1106 911 968 998 1107 970 1109 969 1108 999 1104 1105 1000 
18: 951 952 976 986 987 1049 1050 1094 1139 1051 989 1149 988 977 985 
19: 1019 1077 
20: 1076 1083 1082 1204 1190 1087 
