# The communities at k=6
# from G:\Dropbox\Raghda\CNA\Final Project\other methods\CFinder-2.0.6--1448\G:\Dropbox\Raghda\CNA\Final Project\Datasets\binary_networks\LFR2\networ_LFR2_Om4.dat
# at no lower link weight threshold,
# and at no upper link weight threshold.
# Links were treated as undirected.
# No time limit was set for the clique search.

0: 989 975 985 898 916 844 897 400 790 401 420 651 
1: 910 882 921 919 544 471 862 815 
2: 648 883 959 983 962 996 532 854 657 552 655 
3: 979 989 931 956 978 877 937 973 942 619 944 538 793 776 
4: 757 977 881 934 998 692 970 952 726 929 900 939 690 955 501 825 761 
5: 994 993 976 783 999 696 981 876 794 758 507 705 
6: 845 991 997 945 873 865 541 678 
7: 884 946 951 982 691 893 932 954 971 926 809 740 515 531 665 716 
8: 938 969 878 598 829 739 
9: 689 834 788 853 886 592 
10: 938 969 878 680 589 698 739 685 
11: 943 947 896 922 906 863 870 827 914 643 718 590 715 
12: 917 674 889 972 817 820 
13: 923 940 960 637 805 664 833 652 
14: 957 965 967 902 913 768 903 650 958 661 
15: 988 963 961 819 649 812 
16: 867 917 889 874 820 646 
17: 989 824 992 986 950 999 920 925 796 868 875 806 828 843 660 
18: 989 837 887 974 995 912 791 780 710 
19: 938 969 878 972 829 685 
20: 988 963 899 961 888 804 819 
