# The links inside the communities at k=6
# from G:\Dropbox\Raghda\CNA\Final Project\other methods\CFinder-2.0.6--1448\G:\Dropbox\Raghda\CNA\Final Project\Datasets\binary_networks\LFR2\networ_LFR2_Om4.dat
# at no lower link weight threshold,
# and at no upper link weight threshold.
# Links were treated as undirected.
# No time limit was set for the clique search.

0:
989 975
989 985
989 898
989 916
989 844
989 897
989 790
989 651
975 985
975 898
975 916
975 844
975 897
975 400
975 790
975 401
975 420
975 651
985 898
985 916
985 844
985 897
985 400
985 790
985 401
985 420
985 651
898 916
898 844
898 897
898 400
898 790
898 651
916 844
916 897
916 400
916 790
916 401
916 420
916 651
844 897
844 790
844 401
897 790
897 401
897 420
897 651
400 790
790 420
1:
910 882
910 921
910 919
910 544
910 471
910 862
910 815
882 921
882 919
882 544
882 471
882 862
882 815
921 919
921 544
921 471
921 862
921 815
919 544
919 471
919 862
919 815
544 862
471 862
862 815
2:
648 883
648 959
648 983
648 962
648 996
648 854
883 959
883 983
883 962
883 996
883 532
883 854
883 657
883 552
883 655
959 983
959 962
959 996
959 532
959 854
959 657
959 552
959 655
983 962
983 996
983 532
983 854
983 657
983 552
983 655
962 996
962 532
962 854
962 657
962 552
962 655
996 532
996 854
996 657
996 552
996 655
854 657
854 655
3:
979 989
979 931
979 956
979 978
979 877
979 937
979 973
979 942
979 619
979 944
979 538
979 793
979 776
989 931
989 956
989 978
989 937
989 973
989 942
989 944
931 956
931 978
931 877
931 937
931 973
931 942
931 944
931 793
931 776
956 978
956 877
956 937
956 973
956 942
956 619
956 944
956 538
956 793
956 776
978 877
978 937
978 973
978 942
978 619
978 944
978 538
978 793
978 776
877 937
877 973
877 942
877 944
877 793
937 973
937 942
937 944
937 793
937 776
973 942
973 619
973 944
973 538
973 793
973 776
942 944
942 793
942 776
619 944
944 538
944 793
944 776
4:
757 977
757 934
757 970
757 952
757 900
757 939
757 955
977 881
977 934
977 998
977 692
977 970
977 952
977 726
977 929
977 900
977 939
977 690
977 955
977 501
881 934
881 998
881 970
881 952
881 726
881 929
881 939
881 955
881 501
881 761
934 998
934 970
934 726
934 929
934 900
934 939
934 955
934 825
934 761
998 692
998 970
998 952
998 726
998 929
998 900
998 939
998 690
998 955
998 501
998 825
998 761
692 970
692 952
692 900
692 939
970 929
970 900
970 939
970 690
970 955
970 825
970 761
952 726
952 929
952 900
952 939
952 955
952 761
726 939
929 900
929 939
929 690
929 955
929 761
900 939
900 955
939 690
939 955
939 501
939 825
939 761
955 501
955 825
955 761
5:
994 993
994 976
994 783
994 999
994 696
994 981
994 876
994 794
994 758
994 507
994 705
993 976
993 783
993 999
993 696
993 981
993 876
993 794
993 758
993 507
993 705
976 783
976 999
976 696
976 981
976 876
976 794
976 758
976 507
976 705
783 981
783 876
783 794
783 705
999 981
999 876
999 758
999 705
696 981
696 876
696 507
981 876
981 794
981 758
981 705
876 507
794 758
6:
845 991
845 997
845 945
845 873
845 865
845 678
991 997
991 945
991 873
991 865
991 541
991 678
997 945
997 873
997 865
997 541
997 678
945 873
945 865
945 541
945 678
873 865
873 541
873 678
865 541
865 678
7:
884 946
884 951
884 982
884 691
884 893
884 932
884 954
884 926
884 809
884 740
884 665
946 951
946 982
946 691
946 893
946 932
946 954
946 971
946 926
946 809
946 740
946 515
946 531
946 716
951 982
951 691
951 893
951 932
951 954
951 971
951 926
951 809
951 740
951 531
951 665
951 716
982 691
982 893
982 932
982 954
982 971
982 926
982 809
982 740
982 515
982 531
982 665
982 716
691 954
691 926
691 740
893 932
893 954
893 926
893 809
893 531
893 665
893 716
932 954
932 971
932 926
932 809
932 740
932 515
932 665
932 716
954 971
954 926
954 740
954 515
954 665
954 716
971 926
926 809
926 515
926 665
926 716
809 740
809 531
8:
938 969
938 878
938 598
938 829
938 739
969 878
969 598
969 829
969 739
878 598
878 829
878 739
598 829
598 739
829 739
9:
689 834
689 788
689 853
689 886
689 592
834 788
834 853
834 886
834 592
788 853
788 886
788 592
853 886
853 592
886 592
10:
938 969
938 878
938 680
938 589
938 698
938 739
938 685
969 878
969 680
969 589
969 698
969 739
969 685
878 680
878 589
878 698
878 739
878 685
680 698
680 739
680 685
589 698
589 739
698 739
698 685
11:
943 947
943 896
943 922
943 906
943 863
943 870
943 827
943 914
943 643
943 718
943 590
943 715
947 896
947 922
947 906
947 863
947 870
947 827
947 914
947 643
947 718
947 590
947 715
896 922
896 906
896 863
896 870
896 827
896 914
896 643
896 718
896 590
896 715
922 906
922 863
922 870
922 827
922 914
922 643
922 718
922 590
922 715
906 863
906 870
906 827
906 914
906 643
906 718
906 590
906 715
863 870
863 827
863 914
870 827
870 914
870 718
870 715
827 914
914 643
914 718
914 590
914 715
12:
917 674
917 889
917 972
917 817
917 820
674 889
674 972
674 817
674 820
889 972
889 817
889 820
972 817
972 820
817 820
13:
923 940
923 960
923 637
923 805
923 664
923 833
923 652
940 960
940 637
940 805
940 664
940 833
940 652
960 637
960 805
960 664
960 833
960 652
637 805
637 664
637 833
805 664
805 833
805 652
664 833
664 652
833 652
14:
957 965
957 967
957 902
957 913
957 768
957 903
957 650
957 958
957 661
965 967
965 902
965 913
965 903
965 650
965 958
967 902
967 913
967 768
967 903
967 650
967 958
967 661
902 913
902 650
902 958
902 661
913 768
913 903
913 958
913 661
768 903
768 958
768 661
903 958
650 958
958 661
15:
988 963
988 961
988 819
988 649
988 812
963 961
963 819
963 649
963 812
961 819
961 649
961 812
819 649
819 812
649 812
16:
867 917
867 889
867 874
867 820
867 646
917 889
917 874
917 820
917 646
889 874
889 820
889 646
874 820
874 646
820 646
17:
989 992
989 986
989 920
989 925
989 796
824 992
824 950
824 925
824 806
824 828
824 843
992 986
992 950
992 999
992 920
992 925
992 796
992 868
992 875
992 806
992 828
992 843
992 660
986 950
986 999
986 920
986 925
986 796
986 868
986 875
986 806
986 828
986 660
950 999
950 925
950 875
950 806
950 828
950 843
950 660
999 925
999 875
999 660
920 925
920 796
920 868
920 806
920 843
925 796
925 868
925 875
925 806
925 828
925 843
796 868
868 875
868 806
868 828
868 843
875 828
875 843
875 660
806 828
806 843
828 843
18:
989 837
989 887
989 974
989 995
989 791
989 780
837 887
837 974
837 995
837 912
837 791
837 780
837 710
887 974
887 995
887 912
887 791
887 710
974 995
974 912
974 791
974 780
974 710
995 912
995 791
995 780
995 710
912 791
912 780
912 710
791 780
791 710
19:
938 969
938 878
938 972
938 829
938 685
969 878
969 972
969 829
969 685
878 972
878 829
878 685
972 829
972 685
829 685
20:
988 963
988 899
988 961
988 888
988 804
988 819
963 899
963 961
963 804
963 819
899 961
899 888
899 804
899 819
961 888
961 804
961 819
888 804
888 819
804 819
