# The links inside the communities at k=6
# from G:\Dropbox\Raghda\CNA\Final Project\other methods\CFinder-2.0.6--1448\G:\Dropbox\Raghda\CNA\Final Project\Datasets\binary_networks\LFR4\network_LFR4_Om2.dat
# at no lower link weight threshold,
# and at no upper link weight threshold.
# Links were treated as undirected.
# No time limit was set for the clique search.

0:
962 974
962 1000
962 334
962 487
962 492
962 566
962 817
962 886
962 902
962 908
962 915
962 935
962 967
962 976
962 713
962 326
962 656
974 1000
974 334
974 487
974 886
974 902
974 908
974 915
974 935
974 967
974 976
974 326
974 656
1000 334
1000 458
1000 487
1000 492
1000 566
1000 817
1000 886
1000 902
1000 908
1000 915
1000 935
1000 967
1000 976
334 908
334 967
458 908
458 915
458 967
458 976
487 908
487 915
487 967
492 908
492 915
492 935
492 967
566 915
566 967
566 976
566 656
817 908
817 915
817 935
817 967
817 976
886 902
886 908
886 915
886 935
886 967
886 976
886 656
902 908
902 915
902 935
902 967
902 976
902 713
908 915
908 935
908 967
908 976
908 713
908 326
908 656
915 935
915 967
915 976
915 326
915 656
935 967
935 976
967 976
967 713
967 326
967 656
976 713
976 656
1:
977 876
977 871
977 948
977 823
977 752
977 734
977 307
977 768
977 586
876 871
876 948
876 823
876 734
876 307
876 768
876 586
871 948
871 823
871 734
871 768
948 823
948 752
948 734
948 307
948 768
948 586
823 734
823 768
823 586
752 734
752 768
752 586
734 307
734 768
734 586
307 768
768 586
2:
850 881
850 930
850 982
850 830
850 350
850 856
850 778
850 695
850 412
850 619
881 930
881 982
881 830
881 350
881 856
881 778
881 695
881 412
881 619
930 982
930 830
930 350
930 856
930 778
930 695
930 412
930 619
982 830
982 350
982 856
982 778
982 695
982 412
982 619
830 856
830 778
830 619
350 856
856 778
856 695
856 412
856 619
778 619
3:
817 947
817 954
817 977
817 905
817 999
827 947
827 954
827 977
827 847
827 905
827 999
900 947
900 954
900 977
900 905
900 735
900 358
900 807
947 954
947 977
947 905
947 735
947 999
947 358
947 807
954 977
954 847
954 905
954 735
954 999
954 358
954 807
977 847
977 905
977 735
977 999
847 905
847 999
905 735
905 999
905 358
905 807
735 999
735 807
358 807
4:
976 879
976 953
976 747
976 720
976 911
976 387
976 522
976 569
879 953
879 747
879 720
879 911
879 387
879 522
879 569
953 747
953 720
953 911
953 387
953 522
953 569
747 911
747 569
720 911
720 569
911 387
911 522
911 569
387 522
522 569
5:
993 992
993 938
993 946
993 509
993 968
993 688
993 836
993 975
993 885
993 776
993 703
993 406
993 599
992 938
992 946
992 509
992 968
992 869
992 688
992 836
992 975
992 776
992 703
992 406
992 599
938 946
938 509
938 968
938 869
938 688
938 836
938 975
938 885
938 776
938 703
938 406
938 599
946 509
946 968
946 869
946 688
946 836
946 975
946 885
946 703
946 599
509 975
968 869
968 688
968 836
968 975
968 885
968 776
968 703
968 406
968 599
869 975
869 776
869 703
688 975
688 885
688 406
836 975
836 885
836 703
975 885
975 776
975 703
975 599
885 703
703 599
6:
960 978
960 989
960 919
960 816
960 973
960 924
960 991
960 952
960 870
960 603
960 920
960 950
978 989
978 919
978 816
978 973
978 924
978 991
978 952
978 870
978 603
978 920
978 917
978 950
978 416
989 919
989 924
989 991
989 952
989 920
989 917
989 950
919 924
919 991
919 952
919 920
919 950
816 924
816 991
816 870
816 950
816 416
973 924
973 991
973 952
973 870
973 920
973 950
924 991
924 952
924 870
924 603
924 920
924 917
924 950
924 416
991 952
991 870
991 920
991 917
991 416
952 870
952 603
952 920
952 950
870 603
870 950
870 416
920 917
920 950
917 950
7:
984 966
984 944
984 889
984 939
984 446
966 944
966 889
966 939
966 446
944 889
944 939
944 446
889 939
889 446
939 446
8:
935 970
935 842
935 955
935 864
935 957
970 842
970 925
970 955
970 864
970 957
970 972
970 932
970 904
970 454
842 925
842 955
842 864
842 957
842 972
925 955
925 864
925 957
925 972
925 932
925 904
955 864
955 957
955 972
955 932
864 957
957 972
957 932
957 904
957 454
972 932
972 904
972 454
932 904
932 454
904 454
9:
892 898
892 942
892 916
892 781
892 486
892 761
898 942
898 916
898 781
898 486
898 761
942 916
942 781
942 486
942 761
916 781
916 486
916 761
781 486
781 761
486 761
10:
892 929
892 910
892 953
892 606
892 515
892 547
929 910
929 953
929 606
929 515
929 547
910 953
910 606
910 515
910 547
953 606
953 515
953 547
606 515
606 547
515 547
11:
782 936
782 903
782 617
782 737
782 577
782 707
936 903
936 617
936 737
936 577
936 707
903 617
903 737
903 577
903 707
617 737
617 577
617 707
737 577
737 707
12:
982 699
982 773
982 793
982 546
982 635
982 628
699 773
699 793
699 546
699 635
699 628
773 793
773 546
773 635
773 628
793 546
793 635
793 628
546 628
635 628
13:
934 999
934 948
934 857
934 894
934 941
934 813
934 476
934 761
934 506
934 653
934 702
934 682
999 948
999 857
999 894
999 941
999 760
999 813
999 476
999 761
999 506
999 724
999 653
999 702
999 682
948 857
948 894
948 941
948 760
948 813
948 476
948 724
948 653
948 702
948 682
857 894
857 941
857 760
857 813
857 476
857 761
857 506
857 653
857 702
857 682
894 941
894 760
894 813
894 476
894 761
894 506
894 724
894 653
894 702
894 682
941 760
941 813
941 476
941 761
941 506
941 724
941 653
941 702
941 682
760 813
813 476
813 761
813 506
813 724
813 653
813 702
813 682
653 702
702 682
14:
987 969
987 996
987 991
987 981
987 865
987 823
987 862
987 951
987 728
987 780
987 493
987 671
969 996
969 991
969 981
969 865
969 823
969 862
969 951
969 728
969 780
969 493
969 671
996 991
996 981
996 865
996 823
996 862
996 951
996 728
996 780
996 493
996 671
991 981
991 865
991 823
991 862
991 951
991 728
991 780
991 493
991 671
981 865
981 823
981 862
981 951
981 728
981 780
981 493
981 671
865 823
865 862
865 951
865 728
865 780
865 493
865 671
823 862
862 951
862 728
862 780
862 493
862 671
951 728
951 780
951 671
728 780
780 671
15:
969 964
969 958
969 835
969 519
969 715
969 770
964 958
964 835
964 519
964 715
964 770
958 835
958 519
958 715
958 770
835 519
835 715
835 770
519 715
715 770
16:
890 705
890 756
890 904
890 772
890 951
890 748
890 598
705 904
705 772
705 951
705 748
756 904
756 772
756 951
756 748
756 598
904 772
904 951
904 748
904 598
772 951
772 748
772 598
951 748
951 598
748 598
17:
721 873
721 874
721 786
721 961
721 825
873 874
873 786
873 961
873 825
873 791
874 786
874 961
874 825
874 791
786 961
786 825
786 791
961 825
961 791
825 791
18:
987 971
987 997
987 801
987 783
987 610
971 997
971 801
971 783
971 610
997 801
997 783
997 610
801 783
801 610
783 610
19:
989 851
989 959
989 936
989 797
989 576
992 851
992 959
992 936
992 839
992 745
992 797
992 576
851 959
851 936
851 839
851 848
851 745
851 797
851 576
959 936
959 839
959 848
959 745
959 797
959 576
936 839
936 745
936 797
936 576
839 848
839 745
839 797
848 745
848 797
745 797
745 576
797 576
20:
974 909
974 988
974 913
974 933
974 996
974 883
974 757
974 943
974 882
974 690
974 849
909 988
909 913
909 933
909 996
909 883
909 738
909 757
909 943
909 882
909 690
909 669
909 849
909 769
988 913
988 933
988 996
988 883
988 738
988 757
988 943
988 882
988 690
988 669
988 849
988 579
988 769
913 933
913 883
913 757
913 943
913 882
913 690
913 669
913 849
933 996
933 883
933 738
933 943
933 882
933 690
933 669
933 849
933 579
933 769
996 883
996 738
996 757
996 943
996 882
996 690
996 849
996 769
883 738
883 757
883 943
883 882
883 690
883 849
883 769
738 757
738 943
738 882
738 579
738 769
757 882
757 690
757 849
757 769
943 882
943 849
943 769
882 669
882 579
882 769
849 769
579 769
21:
622 834
622 893
622 847
622 981
622 950
834 893
834 847
834 981
834 950
893 847
893 981
893 950
847 981
847 950
981 950
22:
804 852
804 787
804 910
804 764
804 839
804 802
804 729
804 696
804 678
852 787
852 910
852 764
852 839
852 802
852 729
852 696
852 678
787 910
787 764
787 839
787 802
787 729
787 696
787 678
910 764
910 839
910 802
910 729
910 678
764 839
764 802
764 729
764 696
764 678
839 729
839 678
802 729
802 678
729 696
729 678
23:
940 779
940 964
940 958
940 687
940 796
779 964
779 958
779 687
779 796
964 958
964 687
964 796
958 687
958 796
687 796
24:
799 810
799 921
799 968
799 759
799 932
799 923
799 802
810 921
810 968
810 759
810 932
810 923
810 802
921 968
921 759
921 932
921 923
921 802
968 759
968 932
968 923
968 802
759 932
932 923
932 802
923 802
