# The communities at k=6
# from G:\Dropbox\Raghda\CNA\Final Project\other methods\CFinder-2.0.6--1448\G:\Dropbox\Raghda\CNA\Final Project\Datasets\binary_networks\LFR4\network_LFR4_Om2.dat
# at no lower link weight threshold,
# and at no upper link weight threshold.
# Links were treated as undirected.
# No time limit was set for the clique search.

0: 962 974 1000 334 458 487 492 566 817 886 902 908 915 935 967 976 713 326 656 
1: 977 876 871 948 823 752 734 307 768 586 
2: 850 881 930 982 830 350 856 778 695 412 619 
3: 817 827 900 947 954 977 847 905 735 999 358 807 
4: 976 879 953 747 720 911 387 522 569 
5: 993 992 938 946 509 968 869 688 836 975 885 776 703 406 599 
6: 960 978 989 919 816 973 924 991 952 870 603 920 917 950 416 
7: 984 966 944 889 939 446 
8: 935 970 842 925 955 864 957 972 932 904 454 
9: 892 898 942 916 781 486 761 
10: 892 929 910 953 606 515 547 
11: 782 936 903 617 737 577 707 
12: 982 699 773 793 546 635 628 
13: 934 999 948 857 894 941 760 813 476 761 506 724 653 702 682 
14: 987 969 996 991 981 865 823 862 951 728 780 493 671 
15: 969 964 958 835 519 715 770 
16: 890 705 756 904 772 951 748 598 
17: 721 873 874 786 961 825 791 
18: 987 971 997 801 783 610 
19: 989 992 851 959 936 839 848 745 797 576 
20: 974 909 988 913 933 996 883 738 757 943 882 690 669 849 579 769 
21: 622 834 893 847 981 950 
22: 804 852 787 910 764 839 802 729 696 678 
23: 940 779 964 958 687 796 
24: 799 810 921 968 759 932 923 802 
