# The links inside the communities at k=6
# from G:\Dropbox\Raghda\CNA\Final Project\other methods\CFinder-2.0.6--1448\G:\Dropbox\Raghda\CNA\Final Project\Datasets\binary_networks\LFR4\network_LFR4_Om3.dat
# at no lower link weight threshold,
# and at no upper link weight threshold.
# Links were treated as undirected.
# No time limit was set for the clique search.

0:
991 868
991 995
991 861
991 755
991 402
991 565
868 995
868 861
868 755
868 402
868 565
995 861
995 755
995 402
995 565
861 755
861 565
755 402
755 565
402 565
1:
971 847
971 970
971 935
971 983
971 732
971 932
971 406
971 674
847 970
847 935
847 983
847 732
847 932
847 406
847 674
970 935
970 983
970 732
970 932
970 406
970 674
935 983
935 732
935 932
935 406
935 674
983 732
983 932
983 406
732 932
732 674
2:
1000 559
1000 742
1000 876
1000 897
1000 908
1000 960
1000 979
559 742
559 876
559 908
559 960
559 979
742 897
742 908
742 960
742 979
876 908
876 960
876 979
897 908
897 960
897 979
908 960
908 979
960 979
3:
887 999
887 989
887 910
887 857
887 950
887 947
999 989
999 910
999 896
999 972
999 857
999 902
999 561
999 850
999 950
999 947
999 865
999 903
999 556
999 739
999 581
989 910
989 857
989 902
989 850
989 950
989 947
989 903
989 739
989 581
910 896
910 972
910 857
910 902
910 561
910 850
910 950
910 947
910 865
910 903
910 739
896 972
896 857
896 950
972 857
972 850
972 950
972 947
972 865
857 850
857 950
857 903
857 556
857 739
857 581
902 850
902 950
561 850
561 950
561 739
850 950
850 947
850 865
850 903
850 556
850 739
950 947
950 865
950 903
950 556
950 739
950 581
556 739
739 581
4:
924 859
924 968
924 993
924 744
924 667
859 968
859 993
859 744
859 667
968 993
968 744
968 667
993 744
993 667
744 667
5:
936 977
936 998
936 735
936 923
936 880
977 998
977 735
977 923
977 880
998 735
998 923
998 880
735 923
735 880
923 880
6:
996 990
996 820
996 981
996 907
996 973
996 944
996 893
996 796
996 841
996 864
996 719
990 820
990 981
990 818
990 949
990 907
990 973
990 944
990 893
990 796
990 841
990 864
990 719
820 981
820 907
820 973
981 818
981 907
981 973
981 893
981 796
981 841
981 864
981 719
818 949
818 907
818 973
818 893
818 796
818 864
818 719
949 973
949 893
949 719
907 973
907 841
907 864
973 944
973 893
973 796
973 841
973 864
973 719
944 893
944 841
944 864
893 796
893 841
893 864
893 719
796 841
796 864
796 719
841 864
7:
953 983
953 919
953 928
953 985
953 941
953 762
953 810
871 983
871 889
871 919
871 928
871 985
871 941
871 810
983 889
983 919
983 928
983 985
983 941
983 762
983 810
889 919
889 928
889 941
889 810
919 928
919 985
919 941
919 762
928 985
928 941
928 762
928 810
985 941
985 762
985 810
941 810
8:
972 884
972 978
972 794
972 911
972 956
972 839
972 863
972 961
884 794
884 911
884 956
884 961
978 851
978 911
978 956
978 839
978 863
978 961
978 921
851 911
851 956
851 863
851 961
794 911
794 956
794 839
794 961
911 956
911 839
911 863
911 961
911 921
956 839
956 863
956 961
956 921
839 863
839 961
839 921
863 961
961 921
