# The communities at k=4
# from G:\Dropbox\Raghda\CNA\Final Project\other methods\CFinder-2.0.6--1448\G:\Dropbox\Raghda\CNA\Final Project\Datasets\binary_networks\LFR2\networ_LFR2_Om5.dat
# at no lower link weight threshold,
# and at no upper link weight threshold.
# Links were treated as undirected.
# No time limit was set for the clique search.

0: 65 661 994 569 831 197 
1: 909 101 615 887 105 893 913 861 531 848 662 695 251 933 600 
2: 853 800 107 944 957 977 114 975 991 20 218 766 484 824 372 289 328 494 378 814 462 468 667 
3: 108 856 886 894 710 596 419 779 437 7 575 
4: 110 623 780 784 127 843 951 561 
5: 997 164 126 981 996 672 496 198 993 677 927 199 756 249 254 919 616 764 420 804 426 451 684 453 508 523 55 783 758 
6: 923 883 57 993 774 862 746 608 519 534 609 620 
7: 1000 263 269 275 301 308 399 536 557 655 692 723 739 773 799 849 876 902 911 947 953 954 960 964 980 989 990 995 115 12 612 223 352 50 
8: 976 942 861 122 945 971 930 145 833 305 880 261 917 630 30 906 362 363 885 821 459 90 641 727 702 
9: 855 123 806 866 970 171 242 432 771 479 
10: 999 798 124 908 955 970 864 16 912 936 367 200 212 219 309 233 924 313 488 320 357 381 588 714 649 548 593 86 
11: 938 830 982 990 611 891 869 971 130 905 984 973 993 843 922 281 844 840 870 972 290 296 660 298 564 435 903 409 772 438 483 725 745 
12: 801 133 681 852 310 485 567 361 573 584 71 
13: 421 874 878 134 901 248 759 326 384 425 417 447 550 8 
14: 282 136 816 897 991 482 492 27 646 598 731 
15: 837 949 58 141 807 915 973 175 825 316 835 33 666 405 803 41 490 491 500 
16: 142 811 941 985 817 155 889 741 364 751 605 410 795 458 498 486 582 
17: 867 143 761 797 952 724 229 595 577 552 562 
18: 990 144 729 791 17 604 
19: 734 147 828 857 511 618 366 706 579 540 
20: 992 312 658 153 240 967 988 926 160 177 18 186 204 762 239 280 292 903 455 963 428 760 443 470 515 713 52 
21: 787 743 974 157 790 842 890 872 841 663 770 521 53 675 
22: 932 961 991 965 167 940 950 583 194 843 234 818 925 330 36 812 386 738 647 450 822 576 815 6 
23: 994 589 920 979 170 969 931 728 777 236 264 753 277 441 610 79 627 670 705 685 480 553 617 
24: 832 914 974 179 862 742 925 335 544 
25: 896 899 180 726 892 956 465 209 563 933 652 294 315 424 32 322 903 387 716 664 525 
26: 911 998 463 939 958 782 813 182 983 987 606 701 21 846 237 651 502 325 345 408 929 416 442 888 48 829 881 554 839 68 637 96 
27: 990 257 546 873 877 192 208 737 217 643 373 454 62 
28: 863 195 560 712 
29: 720 196 431 686 232 299 
30: 884 904 962 707 642 730 572 201 951 407 696 469 
31: 946 859 374 613 203 464 255 297 258 587 504 
32: 271 942 999 991 970 993 966 937 211 578 934 898 430 245 868 933 736 306 916 332 711 467 689 591 76 
33: 400 434 991 970 948 968 336 983 698 895 22 928 225 629 794 256 963 717 688 875 865 
34: 545 682 226 786 346 
35: 900 757 235 95 
36: 921 302 721 882 918 314 809 34 46 474 89 423 97 520 503 669 
37: 819 754 266 697 709 429 514 59 
38: 808 699 975 740 718 935 342 993 422 986 943 858 796 933 733 820 392 963 396 445 94 
39: 823 860 319 851 910 959 626 778 260 639 836 291 333 732 397 448 
40: 879 339 768 247 497 925 
41: 879 241 532 768 
42: 590 838 243 602 644 288 472 
43: 909 893 246 390 
44: 884 962 683 272 
45: 938 973 693 625 377 755 
46: 749 527 538 385 543 601 
47: 834 863 974 712 568 466 653 
48: 991 951 673 788 427 495 
49: 694 792 433 555 556 456 
50: 978 769 942 994 785 854 871 632 690 862 700 501 845 744 750 411 471 505 
51: 650 412 528 530 748 513 
52: 861 907 506 973 566 951 715 963 570 668 
53: 994 599 850 533 
54: 847 719 704 648 
55: 980 941 817 619 
56: 747 991 788 622 
