# The links inside the communities at k=4
# from G:\Dropbox\Raghda\CNA\Final Project\other methods\CFinder-2.0.6--1448\G:\Dropbox\Raghda\CNA\Final Project\Datasets\binary_networks\LFR2\networ_LFR2_Om5.dat
# at no lower link weight threshold,
# and at no upper link weight threshold.
# Links were treated as undirected.
# No time limit was set for the clique search.

0:
65 661
65 994
65 831
661 994
661 569
661 831
661 197
994 569
994 831
994 197
569 831
831 197
1:
909 101
909 615
909 887
909 105
909 893
909 913
909 861
909 531
909 848
909 695
909 251
909 600
101 615
101 887
615 887
615 893
615 913
887 913
887 861
887 531
887 695
887 600
105 893
105 913
893 913
893 531
893 848
893 662
893 695
893 933
893 600
913 861
913 531
913 848
913 662
913 695
913 251
913 933
913 600
531 662
662 933
695 251
2:
853 800
853 944
853 957
853 977
853 975
853 991
853 766
853 824
853 494
853 814
853 468
853 667
800 944
800 957
800 977
800 975
800 766
800 824
800 814
107 944
107 957
107 977
944 957
944 977
944 975
944 991
944 766
944 484
944 824
944 372
944 289
944 494
944 814
944 462
944 468
944 667
957 977
957 114
957 975
957 991
957 20
957 218
957 766
957 484
957 824
957 372
957 289
957 328
957 494
957 378
957 814
957 462
957 468
957 667
977 114
977 975
977 991
977 20
977 218
977 766
977 484
977 824
977 372
977 289
977 328
977 494
977 378
977 814
977 462
977 468
977 667
114 975
975 991
975 20
975 218
975 766
975 484
975 824
975 289
975 328
975 494
975 378
975 814
975 462
975 468
975 667
991 824
766 824
766 814
824 814
824 667
814 667
3:
108 856
108 886
108 894
856 886
856 894
856 710
856 596
856 419
856 779
856 437
856 7
856 575
886 894
886 596
886 779
886 437
886 575
894 710
894 596
894 419
894 779
894 7
894 575
710 779
596 779
596 7
596 575
419 779
779 437
779 575
437 575
4:
110 623
110 780
110 784
623 780
623 784
623 127
623 843
623 951
623 561
780 784
780 127
780 843
780 951
780 561
784 127
784 843
784 951
784 561
951 561
5:
997 164
997 126
997 981
997 996
997 672
997 496
997 198
997 993
997 677
997 927
997 199
997 756
997 249
997 254
997 919
997 616
997 764
997 420
997 804
997 426
997 451
997 684
997 453
997 508
997 523
997 55
997 783
997 758
164 981
164 996
126 981
126 996
981 996
981 672
981 496
981 198
981 993
981 677
981 927
981 199
981 756
981 249
981 254
981 919
981 616
981 764
981 420
981 804
981 426
981 451
981 684
981 453
981 508
981 523
981 55
981 783
981 758
996 672
996 496
996 198
996 993
996 677
996 927
996 199
996 756
996 249
996 254
996 919
996 616
996 764
996 420
996 804
996 426
996 451
996 684
996 453
996 508
996 523
996 55
996 783
996 758
672 927
672 919
672 764
672 684
496 677
496 927
993 927
993 919
993 684
677 927
677 919
677 804
927 756
927 919
927 616
927 764
927 804
927 426
927 451
927 684
927 508
927 523
927 783
927 758
756 919
756 764
756 684
756 783
756 758
919 616
919 764
919 420
919 804
919 426
919 453
919 508
919 783
919 758
616 783
764 804
764 758
420 804
804 783
804 758
451 684
783 758
6:
923 883
923 57
923 993
923 774
923 862
923 746
923 608
923 519
923 534
923 609
923 620
883 57
883 993
883 774
883 862
883 746
883 608
883 519
883 534
883 620
57 993
993 746
993 608
993 609
993 620
774 746
774 519
774 609
774 620
862 746
746 519
746 609
746 620
608 519
608 534
608 609
609 620
7:
1000 263
1000 269
1000 275
1000 301
1000 308
1000 399
1000 536
1000 557
1000 655
1000 692
1000 723
1000 739
1000 773
1000 799
1000 849
1000 876
1000 902
1000 911
1000 947
1000 953
1000 954
1000 960
1000 964
1000 980
1000 989
1000 990
1000 995
263 960
263 980
263 989
269 953
269 964
269 995
275 980
275 989
275 995
301 964
301 980
308 989
308 995
399 960
399 989
399 995
536 964
536 980
536 989
536 995
557 964
557 980
557 989
557 995
655 960
655 964
655 980
655 989
655 995
692 953
692 960
692 964
692 980
692 989
692 995
723 953
723 954
723 960
723 964
723 980
723 989
723 995
739 947
739 953
739 954
739 960
739 964
739 980
739 989
739 995
773 902
773 947
773 953
773 954
773 960
773 964
773 980
773 989
773 995
799 902
799 947
799 953
799 954
799 960
799 964
799 980
799 989
799 995
849 876
849 902
849 911
849 947
849 953
849 954
849 960
849 964
849 980
849 989
849 995
876 902
876 947
876 953
876 954
876 960
876 964
876 980
876 989
876 995
902 947
902 953
902 954
902 960
902 964
902 980
902 989
902 995
911 989
947 953
947 954
947 960
947 964
947 980
947 989
947 995
953 954
953 960
953 964
953 980
953 989
953 995
954 960
954 964
954 980
954 989
954 995
960 964
960 980
960 989
960 990
960 995
960 12
960 612
960 50
964 980
964 989
964 990
964 995
964 612
964 223
964 352
980 989
980 990
980 995
980 115
980 12
980 612
980 352
980 50
989 990
989 995
989 115
989 612
989 223
989 352
989 50
990 995
995 115
995 12
995 612
995 223
995 352
8:
976 122
976 945
976 971
976 930
976 145
976 833
976 305
976 880
976 917
976 630
976 30
976 906
976 362
976 363
976 885
976 821
976 459
976 90
976 641
976 727
976 702
942 945
942 971
942 930
942 917
861 945
861 971
861 930
122 945
122 971
945 971
945 930
945 145
945 833
945 305
945 880
945 261
945 917
945 630
945 906
945 885
945 821
945 459
945 641
945 727
945 702
971 930
971 145
971 833
971 305
971 880
971 261
971 917
971 630
971 30
971 906
971 362
971 363
971 885
971 821
971 459
971 90
971 641
971 727
971 702
930 833
930 880
930 917
930 630
930 30
930 906
930 362
930 363
930 885
930 821
930 641
930 727
930 702
833 880
833 917
833 906
833 885
833 821
305 906
880 917
880 906
880 885
880 821
880 727
880 702
261 917
917 630
917 906
917 363
917 885
917 821
917 90
917 641
917 727
917 702
630 906
630 885
906 885
906 821
906 459
906 641
906 727
906 702
885 821
885 727
885 702
9:
855 123
855 806
855 866
855 970
855 171
855 242
855 432
855 771
855 479
123 806
123 866
806 866
806 970
806 171
806 242
806 432
806 771
806 479
866 970
866 171
866 242
866 432
866 771
866 479
970 771
970 479
432 771
771 479
10:
999 798
999 124
999 908
999 955
999 970
999 864
999 912
999 936
999 367
999 200
999 212
999 219
999 309
999 233
999 924
999 313
999 488
999 320
999 357
999 381
999 588
999 714
999 649
999 548
999 593
999 86
798 908
798 955
798 864
798 912
798 936
798 924
798 714
798 649
798 593
124 908
124 955
908 955
908 864
908 912
908 936
908 367
908 309
908 924
908 313
908 320
908 381
908 588
908 714
908 548
908 86
955 970
955 864
955 16
955 912
955 936
955 367
955 200
955 212
955 219
955 924
955 313
955 488
955 320
955 357
955 381
955 588
955 714
955 649
955 548
970 864
970 912
970 936
864 912
864 936
864 309
864 924
864 714
864 649
864 548
864 593
16 912
16 936
912 936
912 924
912 488
912 320
912 357
912 588
912 714
912 649
912 593
936 200
936 212
936 219
936 233
936 924
936 313
936 488
936 714
936 649
936 593
936 86
309 924
233 924
924 381
924 588
924 714
924 649
924 548
924 593
11:
938 982
938 891
938 984
938 922
830 982
830 611
830 905
830 984
830 922
830 840
830 972
830 660
830 772
830 745
982 990
982 611
982 891
982 130
982 905
982 984
982 973
982 993
982 922
982 281
982 844
982 840
982 972
982 290
982 296
982 660
982 435
982 409
982 772
982 438
982 725
982 745
990 891
990 984
990 922
990 840
990 972
611 905
611 984
611 972
891 905
891 984
891 973
891 922
891 840
891 972
891 660
891 903
891 772
891 438
891 745
869 984
869 922
869 972
971 993
971 840
971 972
130 905
130 984
905 984
905 922
905 844
905 840
905 972
905 660
905 298
905 435
905 772
905 483
905 725
905 745
984 973
984 843
984 922
984 844
984 840
984 870
984 972
984 290
984 296
984 298
984 564
984 435
984 903
984 409
984 772
984 483
984 725
984 745
973 922
973 972
993 844
993 840
993 972
993 725
843 922
843 972
922 281
922 844
922 840
922 972
922 772
922 438
922 745
281 844
844 840
844 972
844 660
844 564
844 725
840 972
840 298
870 972
870 564
972 290
972 296
972 564
972 435
972 903
972 409
972 772
972 483
972 725
972 745
409 772
772 438
483 725
725 745
12:
801 133
801 681
801 852
801 310
801 485
801 567
801 573
801 584
801 71
133 681
133 852
681 852
681 361
681 573
681 584
681 71
852 310
852 485
852 567
852 361
852 573
852 584
852 71
310 485
310 567
485 573
567 584
361 573
573 584
13:
421 874
421 878
421 901
421 759
874 878
874 134
874 901
874 248
874 759
874 326
874 384
874 425
874 417
874 447
874 550
874 8
878 134
878 901
878 248
878 759
878 326
878 384
878 425
878 417
878 447
878 550
878 8
134 901
901 248
901 759
901 326
901 384
901 425
901 417
901 447
901 550
901 8
248 759
759 417
759 447
759 550
447 550
14:
282 897
282 598
282 731
136 816
136 897
136 991
816 897
816 991
816 482
816 492
816 27
816 646
816 598
816 731
897 991
897 482
897 492
897 27
897 646
897 598
897 731
991 492
991 731
482 492
482 598
482 731
492 646
27 646
646 598
646 731
598 731
15:
837 949
837 807
837 915
837 973
837 175
837 825
837 835
837 666
837 405
837 803
837 491
949 58
949 141
949 807
949 915
949 973
949 175
949 825
949 316
949 835
949 666
949 405
949 803
949 41
949 490
949 491
949 500
58 915
58 835
141 807
141 915
807 915
807 825
807 835
807 405
807 803
807 41
807 490
807 500
915 973
915 175
915 825
915 316
915 835
915 33
915 666
915 803
915 490
915 491
915 500
973 825
973 835
825 835
825 666
825 803
825 490
825 491
825 500
316 835
835 33
835 666
835 803
835 490
33 666
666 803
405 803
803 41
803 491
803 500
16:
142 811
142 941
142 985
811 941
811 985
811 889
811 741
811 605
811 795
811 582
941 985
941 817
941 889
941 364
941 751
941 605
941 795
941 498
941 486
941 582
985 817
985 155
985 889
985 741
985 364
985 751
985 605
985 410
985 795
985 458
985 498
985 486
985 582
817 155
817 889
817 410
817 795
817 582
155 889
889 741
889 364
889 795
889 458
889 498
889 486
364 751
751 795
751 486
751 582
605 582
410 795
795 498
458 498
17:
867 761
867 952
867 724
867 595
143 761
143 797
143 952
761 797
761 952
761 724
761 229
761 595
761 552
797 952
797 724
797 577
797 562
952 724
952 229
952 595
952 552
952 562
724 577
724 562
229 595
595 552
577 562
18:
990 144
990 729
990 791
990 17
990 604
144 729
144 791
729 791
729 17
729 604
791 17
791 604
19:
734 147
734 828
734 857
734 366
734 706
734 579
734 540
147 828
147 857
828 857
828 511
828 618
828 366
828 706
828 579
828 540
857 511
857 618
857 366
857 706
857 579
857 540
511 706
511 579
618 540
366 706
706 579
706 540
20:
992 312
992 658
992 240
992 967
992 988
992 926
992 160
992 177
992 18
992 186
992 204
992 762
992 239
992 280
992 292
992 903
992 455
992 963
992 428
992 760
992 443
992 470
992 515
992 713
992 52
312 967
312 988
312 926
658 967
658 988
658 926
658 760
658 713
153 240
153 967
153 988
240 967
240 988
967 988
967 926
967 177
967 18
967 186
967 204
967 762
967 239
967 280
967 292
967 903
967 455
967 963
967 428
967 760
967 443
967 470
967 515
967 713
988 926
988 160
988 177
988 18
988 186
988 762
988 239
988 280
988 292
988 903
988 455
988 963
988 428
988 760
988 443
988 470
988 515
988 713
988 52
926 160
926 762
926 280
926 455
926 963
926 428
926 760
926 443
926 470
926 515
926 713
926 52
204 762
762 963
762 760
762 713
428 760
760 443
760 713
515 713
21:
787 842
787 890
787 872
787 841
787 770
787 675
743 842
743 890
743 872
743 841
743 770
743 521
743 53
743 675
974 790
974 872
974 841
974 675
157 790
157 842
157 890
790 842
790 890
790 872
790 841
790 770
842 890
842 872
842 841
842 663
842 770
842 521
890 872
890 841
890 663
890 770
890 521
890 53
890 675
872 841
872 663
872 770
872 53
872 675
841 770
841 521
841 675
663 770
663 521
770 675
22:
932 961
932 991
932 965
932 940
932 950
932 583
932 818
932 925
932 330
932 812
932 386
932 738
932 647
932 822
932 576
932 815
932 6
961 991
961 965
961 167
961 940
961 950
961 583
961 194
961 843
961 818
961 925
961 330
961 36
961 812
961 386
961 738
961 647
961 450
961 822
961 815
961 6
991 965
991 940
991 950
991 812
991 822
965 167
965 940
965 950
965 583
965 194
965 843
965 234
965 818
965 925
965 330
965 36
965 812
965 738
965 647
965 822
965 576
965 815
965 6
167 940
940 950
940 583
940 234
940 818
940 925
940 812
940 738
940 647
940 450
940 822
940 815
950 583
950 194
950 234
950 818
950 925
950 330
950 36
950 812
950 386
950 738
950 450
950 822
950 576
950 815
843 812
818 812
818 738
818 647
818 822
818 576
818 815
812 738
812 822
812 815
738 815
647 822
450 822
822 815
576 815
23:
994 920
994 979
994 264
994 753
589 979
589 969
589 728
589 617
920 979
920 170
920 969
920 931
920 777
920 236
920 753
920 277
920 441
920 610
920 705
920 685
979 170
979 969
979 931
979 728
979 777
979 236
979 264
979 753
979 277
979 441
979 610
979 79
979 627
979 670
979 705
979 685
979 480
979 553
979 617
170 969
969 728
969 777
969 264
969 753
969 277
969 441
969 610
969 79
969 627
969 670
969 705
969 685
969 480
969 553
969 617
931 728
931 236
931 753
931 441
931 610
931 627
931 670
931 705
931 617
728 753
728 610
728 79
728 480
777 670
777 685
777 553
777 617
264 753
753 610
753 670
627 705
627 553
670 705
705 553
705 617
685 480
24:
832 914
832 974
832 179
832 862
832 742
832 925
832 335
832 544
914 974
914 179
914 862
914 742
914 925
914 335
914 544
974 179
974 742
974 335
974 544
862 742
742 925
742 335
742 544
25:
896 899
896 726
896 892
896 956
896 465
896 209
896 563
896 933
896 652
896 294
896 315
896 903
896 716
896 664
896 525
899 726
899 892
899 956
899 465
899 563
899 933
899 652
899 294
899 32
899 322
899 387
899 716
899 664
899 525
180 726
180 892
180 956
726 892
726 956
726 933
726 652
726 664
892 956
892 465
892 209
892 563
892 652
892 315
892 32
892 322
892 903
892 387
892 716
892 664
892 525
956 465
956 209
956 563
956 933
956 652
956 294
956 315
956 424
956 32
956 322
956 903
956 387
956 716
956 664
956 525
563 716
652 294
424 716
424 664
716 664
716 525
26:
911 998
911 939
911 958
911 782
911 813
911 983
911 987
911 701
911 846
911 237
911 651
911 929
911 442
911 888
911 829
911 881
911 839
911 637
998 463
998 939
998 958
998 782
998 813
998 182
998 983
998 987
998 606
998 701
998 21
998 846
998 237
998 651
998 502
998 325
998 408
998 929
998 416
998 442
998 888
998 48
998 829
998 881
998 554
998 839
998 68
998 637
998 96
463 983
463 987
463 929
939 958
939 782
939 813
939 983
939 987
939 606
939 701
939 846
939 651
939 502
939 345
939 929
939 416
939 888
939 829
939 881
939 839
958 782
958 813
958 983
958 987
958 701
958 21
958 846
958 502
958 345
958 929
958 416
958 888
958 48
958 829
958 881
958 554
958 839
958 637
958 96
782 983
782 987
782 846
782 929
782 888
813 983
813 987
813 846
813 929
813 888
813 881
813 839
182 983
182 987
983 987
983 606
983 701
983 21
983 846
983 651
983 325
983 345
983 408
983 929
983 416
983 442
983 888
983 829
983 881
983 554
983 839
983 68
983 637
987 606
987 701
987 846
987 237
987 651
987 502
987 325
987 408
987 929
987 416
987 442
987 888
987 48
987 829
987 881
987 554
987 839
987 637
987 96
606 881
701 929
701 888
846 929
846 888
846 829
846 881
846 839
651 881
502 881
408 929
929 888
929 829
929 881
929 554
929 839
929 68
929 637
442 888
888 829
888 881
888 839
829 881
829 839
881 839
27:
990 546
990 873
990 877
990 192
990 737
257 546
257 873
257 877
546 873
546 877
546 643
873 877
873 192
873 208
873 737
873 217
873 643
873 454
873 62
877 192
877 208
877 737
877 217
877 643
877 373
877 454
877 62
208 737
737 217
737 643
737 373
737 454
643 62
373 454
28:
863 195
863 560
863 712
195 560
195 712
560 712
29:
720 196
720 431
720 686
720 232
720 299
196 431
196 686
431 686
431 299
686 232
686 299
232 299
30:
884 904
884 962
884 707
884 642
884 730
884 201
884 951
884 407
884 696
884 469
904 707
904 642
904 730
904 951
904 407
904 696
904 469
962 707
962 642
962 730
962 572
962 201
962 951
962 407
962 696
962 469
707 642
707 730
707 572
707 951
642 572
730 572
730 201
730 469
407 696
696 469
31:
946 859
946 374
946 613
946 203
946 464
946 255
946 297
946 258
946 587
946 504
859 374
859 613
859 203
859 464
859 297
859 258
859 587
859 504
374 587
613 464
613 255
613 297
613 504
203 464
255 297
258 587
587 504
32:
271 966
271 937
271 934
271 898
942 966
942 898
942 916
942 689
999 970
999 868
999 916
991 966
991 937
991 898
991 736
991 916
991 591
970 966
970 937
970 934
970 868
970 916
993 966
993 937
993 934
993 898
993 868
993 916
966 937
966 211
966 578
966 934
966 898
966 430
966 245
966 868
966 933
966 736
966 306
966 916
966 332
966 711
966 467
966 689
966 591
966 76
937 934
937 898
937 430
937 868
937 933
937 736
937 916
937 467
937 689
937 591
937 76
211 578
211 934
578 934
578 898
578 736
578 916
934 898
934 245
934 868
934 736
934 306
934 916
934 332
934 711
934 467
934 689
934 591
898 868
898 933
898 736
898 306
898 916
898 711
898 689
430 916
245 868
868 933
868 736
868 306
868 916
868 711
736 916
916 332
916 711
916 467
916 689
916 591
916 76
332 711
689 591
33:
400 948
400 968
400 895
400 928
434 948
434 968
434 895
434 928
991 948
991 928
991 963
991 875
991 865
970 948
970 968
970 895
970 928
970 875
948 968
948 336
948 983
948 698
948 895
948 22
948 928
948 225
948 629
948 794
948 256
948 963
948 717
948 688
948 875
948 865
968 336
968 983
968 698
968 895
968 22
968 928
968 225
968 629
968 794
968 256
968 963
968 717
968 688
968 875
968 865
336 928
983 963
983 717
698 895
698 928
698 794
698 875
698 865
895 928
895 629
895 794
895 256
895 963
895 717
895 688
895 875
895 865
22 928
928 225
928 629
928 794
928 256
928 963
928 717
928 688
928 875
928 865
629 875
629 865
794 717
794 688
794 875
794 865
963 875
717 875
717 865
688 875
688 865
875 865
34:
545 682
545 226
545 786
545 346
682 226
682 786
682 346
226 786
786 346
35:
900 757
900 235
900 95
757 235
757 95
235 95
36:
921 302
921 721
921 882
921 918
921 314
921 809
921 34
921 46
921 474
921 89
921 423
921 97
921 520
921 503
921 669
302 721
302 882
302 918
721 882
721 918
721 809
721 423
721 520
721 669
882 918
882 314
882 809
882 34
882 46
882 474
882 423
882 97
882 520
882 503
882 669
918 314
918 809
918 34
918 46
918 474
918 89
918 423
918 97
918 520
918 503
918 669
314 809
809 474
809 423
809 520
809 503
809 669
89 669
503 669
37:
819 754
819 266
819 697
819 709
819 429
819 514
819 59
754 266
754 697
754 709
754 429
754 514
754 59
266 697
266 709
697 709
697 429
697 514
709 429
709 514
709 59
38:
808 935
808 342
808 986
808 963
808 396
699 740
699 935
699 993
699 943
699 858
699 796
975 986
975 943
975 820
740 935
740 986
740 943
740 933
740 733
718 993
718 986
718 943
718 796
935 342
935 986
935 943
935 858
935 796
935 933
935 733
935 820
935 392
935 963
935 396
342 986
993 986
993 943
993 796
422 986
422 943
422 820
986 943
986 858
986 796
986 733
986 820
986 392
986 963
986 396
986 445
986 94
943 858
943 796
943 933
943 820
943 963
943 94
858 796
858 733
858 820
858 392
858 396
858 445
796 94
733 820
733 445
820 963
39:
823 860
823 959
823 626
823 778
823 836
823 291
823 448
860 319
860 910
860 959
860 626
860 778
860 639
860 836
860 291
860 732
860 397
860 448
319 959
319 836
851 910
851 959
851 626
910 959
910 626
910 778
910 260
910 639
910 836
910 333
910 732
910 397
910 448
959 626
959 778
959 260
959 639
959 836
959 291
959 333
959 732
959 397
959 448
626 778
778 836
778 732
778 397
260 639
260 836
639 836
639 732
836 333
836 732
333 732
732 397
40:
879 339
879 768
879 247
879 497
879 925
339 768
339 497
768 247
768 497
768 925
247 497
497 925
41:
879 241
879 532
879 768
241 532
241 768
532 768
42:
590 838
590 602
590 644
590 288
590 472
838 243
838 602
838 644
838 288
838 472
243 602
243 644
602 644
602 472
288 472
43:
909 893
909 246
909 390
893 246
893 390
246 390
44:
884 962
884 683
884 272
962 683
962 272
683 272
45:
938 693
938 625
938 755
973 693
973 625
973 755
693 625
693 377
693 755
625 377
625 755
377 755
46:
749 527
749 538
749 385
749 543
749 601
527 538
527 385
527 543
527 601
538 543
538 601
385 543
385 601
543 601
47:
834 974
834 712
834 653
863 974
863 712
863 568
863 466
863 653
974 712
974 653
712 466
712 653
568 466
568 653
466 653
48:
991 951
991 788
991 427
951 673
951 788
951 427
673 788
673 427
673 495
788 427
788 495
427 495
49:
694 792
694 433
694 555
694 556
694 456
792 433
792 555
792 556
792 456
433 556
555 556
555 456
50:
978 769
978 942
978 994
978 785
978 854
978 871
978 632
978 690
978 862
978 700
978 501
978 845
978 744
978 750
978 411
978 471
978 505
769 994
769 785
769 854
769 871
769 501
769 744
942 700
942 845
994 854
994 744
785 871
785 690
785 700
785 744
785 750
785 411
785 471
854 632
854 700
854 501
854 845
854 744
854 505
871 632
871 690
871 862
871 845
871 750
871 471
632 845
632 505
690 750
690 411
862 845
700 845
700 750
501 744
845 744
845 505
51:
650 412
650 528
650 530
650 748
650 513
412 528
412 530
412 748
528 748
530 748
530 513
748 513
52:
861 907
861 963
861 570
907 506
907 973
907 566
907 951
907 715
907 963
907 570
907 668
506 566
506 715
506 570
973 951
973 715
973 668
566 715
566 570
566 668
951 715
951 668
715 963
715 668
963 570
963 668
570 668
53:
994 599
994 850
994 533
599 850
599 533
850 533
54:
847 719
847 704
847 648
719 704
719 648
704 648
55:
980 941
980 817
980 619
941 817
941 619
817 619
56:
747 991
747 788
747 622
991 788
991 622
788 622
