# The links inside the communities at k=11
# from G:\Dropbox\Raghda\CNA\Final Project\other methods\CFinder-2.0.6--1448\G:\Dropbox\Raghda\CNA\Final Project\Datasets\binary_networks\LFR3\network_LFR3_Om4.dat
# at no lower link weight threshold,
# and at no upper link weight threshold.
# Links were treated as undirected.
# No time limit was set for the clique search.

0:
949 944
949 957
949 997
949 919
949 926
949 940
949 972
949 982
949 964
949 974
949 902
949 981
949 933
944 957
944 997
944 919
944 926
944 940
944 972
944 982
944 964
944 974
944 902
944 933
957 997
957 919
957 926
957 940
957 972
957 982
957 964
957 974
957 902
957 981
957 933
997 919
997 926
997 940
997 972
997 982
997 964
997 902
997 981
997 933
919 926
919 940
919 972
919 982
919 964
919 974
919 902
919 981
919 933
926 940
926 972
926 982
926 964
926 974
926 902
926 981
926 933
940 982
940 964
940 974
940 902
940 981
940 933
972 982
972 964
972 974
972 902
972 933
982 964
982 974
982 902
982 981
982 933
964 974
964 902
964 981
964 933
974 902
974 981
974 933
902 981
902 933
981 933
