# The links inside the communities at k=12
# from G:\Dropbox\Raghda\CNA\Final Project\other methods\CFinder-2.0.6--1448\G:\Dropbox\Raghda\CNA\Final Project\Datasets\binary_networks\LFR1\networ_LFR1_Om4.dat
# at no lower link weight threshold,
# and at no upper link weight threshold.
# Links were treated as undirected.
# No time limit was set for the clique search.

0:
1000 867
1000 877
1000 946
1000 962
1000 965
1000 973
1000 980
1000 981
1000 992
1000 995
1000 996
867 877
867 946
867 962
867 965
867 973
867 980
867 981
867 992
867 995
867 996
867 843
867 782
867 846
867 829
867 851
877 946
877 962
877 965
877 973
877 980
877 981
877 992
877 995
877 996
877 843
877 782
877 846
877 829
877 851
946 962
946 965
946 973
946 980
946 981
946 992
946 995
946 996
946 843
946 782
946 846
946 829
946 851
962 965
962 973
962 980
962 981
962 992
962 995
962 996
962 843
962 782
962 846
962 829
962 851
965 973
965 980
965 981
965 992
965 995
965 996
965 843
965 782
965 846
965 829
965 851
973 980
973 981
973 992
973 995
973 996
973 843
973 782
973 846
973 829
973 851
980 981
980 992
980 995
980 996
980 843
980 782
980 846
980 829
980 851
981 992
981 995
981 996
981 843
981 782
981 846
981 829
981 851
992 995
992 996
992 843
992 782
992 846
992 829
992 851
995 996
995 843
995 782
995 846
995 829
995 851
996 843
996 782
996 846
996 829
996 851
843 846
843 829
843 851
782 846
846 829
846 851
829 851
1:
949 998
949 993
949 975
949 977
949 919
949 896
949 831
949 967
949 964
949 940
949 902
949 891
949 834
949 866
998 993
998 975
998 977
998 919
998 896
998 831
998 967
998 964
998 940
998 902
998 891
998 834
998 866
993 975
993 977
993 919
993 896
993 831
993 967
993 964
993 940
993 902
993 891
993 834
993 866
975 977
975 919
975 896
975 831
975 967
975 964
975 940
975 902
975 891
975 834
975 866
977 919
977 896
977 831
977 967
977 964
977 940
977 902
977 891
977 834
977 866
919 896
919 831
919 967
919 964
919 940
919 902
919 891
919 834
919 866
896 831
896 967
896 964
896 940
896 902
896 891
896 834
896 866
831 967
831 964
831 940
831 902
831 891
831 834
831 866
967 964
967 940
967 902
967 891
967 834
967 866
964 940
964 902
964 891
964 834
964 866
940 902
940 891
940 834
940 866
902 891
902 834
902 866
891 834
891 866
834 866
