# The communities at k=7
# from G:\Dropbox\Raghda\CNA\Final Project\other methods\CFinder-2.0.6--1448\G:\Dropbox\Raghda\CNA\Final Project\Datasets\binary_networks\LFR2\networ_LFR2_Om5.dat
# at no lower link weight threshold,
# and at no upper link weight threshold.
# Links were treated as undirected.
# No time limit was set for the clique search.

0: 997 981 996 672 677 927 756 919 616 764 804 783 758 
1: 999 798 908 955 864 912 936 924 714 649 593 
2: 1000 655 692 723 739 773 799 849 876 902 947 953 954 960 964 980 989 990 995 
3: 992 658 967 988 926 762 760 713 
4: 911 998 939 958 782 813 983 987 701 846 651 929 888 829 881 839 637 
5: 948 968 698 895 928 629 794 717 688 875 865 
6: 976 945 971 930 833 880 917 630 906 885 821 641 727 702 
7: 932 961 991 965 940 950 818 812 738 647 822 815 
8: 837 949 807 915 825 835 666 803 
9: 853 800 944 957 977 975 991 766 824 814 667 
10: 993 966 937 934 898 868 736 916 
11: 830 982 990 891 905 984 922 844 840 972 772 745 
