# The cliques from G:\Dropbox\Raghda\CNA\Final Project\other methods\CFinder-2.0.6--1448\G:\Dropbox\Raghda\CNA\Final Project\Datasets\binary_networks\LFR1\networ_LFR1_Om4.dat
# at no lower link weight threshold,
# and at no upper link weight threshold.
# Links were treated as undirected.
# No time limit was set for the clique search.

0: 643 668 959 257 
1: 1 569 589 
2: 1 569 987 
3: 1 715 987 
4: 10 203 607 734 
5: 10 607 734 915 
6: 203 734 356 
7: 100 947 952 972 
8: 1000 163 751 976 
9: 91 527 529 
10: 101 724 898 911 
11: 931 957 983 989 102 
12: 103 455 575 942 
13: 104 909 928 944 961 
14: 105 268 561 682 
15: 105 645 682 
16: 107 921 939 951 960 
17: 980 992 995 996 109 
18: 928 944 961 11 897 
19: 110 408 922 991 
20: 110 864 922 991 
21: 921 960 111 850 856 
22: 112 23 927 
23: 112 882 927 
24: 942 23 927 835 
25: 992 995 996 167 
26: 741 114 744 847 
27: 115 174 930 
28: 115 795 930 
29: 174 930 910 
30: 875 116 805 884 
31: 117 378 643 668 959 
32: 118 714 733 780 803 
33: 944 961 897 119 
34: 12 776 811 941 
35: 12 811 827 941 
36: 607 734 915 121 
37: 875 805 884 122 
38: 972 123 924 938 
39: 991 256 779 
40: 256 997 779 
41: 958 124 837 
42: 994 827 941 125 
43: 941 125 478 
44: 954 126 899 953 955 
45: 958 127 674 945 
46: 958 127 707 945 
47: 128 255 726 
48: 128 536 726 
49: 255 726 33 
50: 129 547 551 680 
51: 871 13 696 
52: 13 696 982 
53: 41 626 721 779 
54: 930 130 817 910 
55: 930 130 886 910 
56: 131 656 722 772 799 
57: 132 158 517 
58: 132 517 791 
59: 132 625 791 
60: 158 517 810 
61: 158 317 810 
62: 133 181 307 
63: 133 274 545 
64: 133 307 545 
65: 952 972 938 134 
66: 864 922 135 692 
67: 536 726 136 453 
68: 733 780 803 137 369 
69: 682 138 193 905 
70: 682 138 421 
71: 958 707 139 807 
72: 958 139 418 
73: 915 14 736 745 
74: 962 963 141 
75: 963 983 989 141 
76: 142 735 822 861 
77: 855 859 873 906 143 
78: 921 939 960 144 
79: 188 894 767 
80: 999 145 852 883 885 
81: 939 951 960 856 146 
82: 994 941 147 
83: 941 147 578 
84: 148 312 854 
85: 148 508 854 
86: 986 969 150 978 979 
87: 947 952 972 151 
88: 152 555 581 647 936 
89: 153 606 723 
90: 153 614 723 815 
91: 999 945 154 725 932 
92: 793 982 155 801 
93: 909 928 944 961 156 
94: 957 963 983 989 157 
95: 894 159 534 740 
96: 894 159 849 
97: 859 873 906 16 
98: 160 252 943 
99: 160 642 675 943 
100: 990 252 943 
101: 252 943 916 
102: 976 930 910 161 
103: 930 910 161 775 
104: 625 791 810 162 
105: 791 810 162 225 
106: 164 452 796 
107: 164 652 790 796 
108: 741 847 165 676 
109: 847 165 631 676 
110: 871 991 166 
111: 871 166 997 
112: 954 953 955 168 
113: 998 993 169 975 977 
114: 947 938 17 777 857 
115: 827 941 170 863 
116: 941 170 439 863 
117: 956 171 912 933 
118: 956 912 933 172 923 
119: 776 941 173 
120: 827 941 173 
121: 175 596 918 
122: 175 603 785 918 
123: 998 993 975 977 176 
124: 569 589 177 
125: 589 177 599 
126: 177 546 599 
127: 956 933 923 18 
128: 922 180 876 950 
129: 180 294 876 
130: 939 960 182 838 
131: 859 873 906 183 
132: 780 803 28 762 
133: 999 945 725 184 
134: 643 668 959 185 343 
135: 930 910 186 600 
136: 947 972 938 934 189 
137: 871 997 19 
138: 871 19 626 721 
139: 904 926 191 971 
140: 928 944 961 192 
141: 974 194 970 985 
142: 986 969 978 195 966 
143: 918 196 297 
144: 918 196 702 794 
145: 791 198 313 
146: 198 313 566 
147: 986 978 979 199 
148: 894 534 767 2 
149: 894 767 844 2 
150: 987 948 20 789 
151: 20 209 789 
152: 783 209 789 
153: 200 390 870 
154: 200 60 727 870 
155: 886 60 870 
156: 918 297 201 
157: 918 201 752 
158: 921 951 202 845 
159: 956 912 933 923 204 
160: 954 953 955 205 907 
161: 616 206 322 
162: 616 206 693 
163: 882 927 207 262 
164: 882 927 207 835 
165: 935 208 814 872 901 
166: 930 982 910 21 
167: 930 21 54 
168: 795 930 54 
169: 930 817 54 
170: 827 941 863 210 
171: 963 983 989 211 
172: 457 709 82 
173: 709 994 82 
174: 790 796 212 
175: 790 212 661 
176: 984 213 678 698 
177: 213 490 678 698 
178: 783 936 215 591 
179: 922 876 216 590 833 
180: 852 883 885 217 
181: 742 971 3 920 
182: 943 705 218 
183: 943 218 988 
184: 974 970 985 219 968 
185: 741 847 22 753 
186: 741 22 556 
187: 801 220 45 
188: 801 220 746 
189: 801 45 479 
190: 45 479 706 
191: 984 678 698 221 
192: 963 983 989 222 
193: 904 926 997 224 
194: 904 926 224 558 
195: 998 993 977 227 
196: 958 837 674 807 228 
197: 928 944 961 229 
198: 882 927 950 230 
199: 927 230 916 
200: 795 930 910 232 
201: 930 817 910 232 
202: 536 726 233 
203: 726 233 325 
204: 234 485 554 664 699 
205: 984 235 595 792 
206: 235 613 792 
207: 939 951 960 236 
208: 918 237 393 869 
209: 918 237 828 869 
210: 918 794 765 869 238 
211: 999 864 922 833 239 
212: 871 696 24 
213: 696 982 24 
214: 263 693 240 597 
215: 263 240 458 
216: 884 241 271 
217: 884 241 472 
218: 884 241 773 
219: 894 740 98 
220: 894 950 98 
221: 243 813 858 887 895 
222: 952 972 934 244 
223: 727 870 246 
224: 870 246 659 
225: 986 969 979 247 
226: 248 6 770 
227: 248 630 770 
228: 948 6 770 
229: 6 770 37 
230: 935 814 872 901 249 
231: 742 971 920 250 
232: 974 970 985 968 251 
233: 536 726 33 
234: 947 952 934 857 258 
235: 982 865 801 259 
236: 865 801 259 535 
237: 921 939 960 845 26 
238: 536 726 453 260 
239: 726 453 325 260 
240: 261 522 878 
241: 261 691 836 878 
242: 268 561 682 4 
243: 822 27 407 
244: 551 680 40 
245: 680 275 40 
246: 957 983 989 29 
247: 742 971 291 53 
248: 742 971 53 451 
249: 709 751 30 
250: 751 976 30 
251: 954 953 955 907 31 
252: 836 32 759 868 
253: 727 870 62 
254: 870 659 337 62 
255: 865 339 85 
256: 865 85 706 
257: 836 878 868 34 711 
258: 670 878 68 
259: 878 68 582 
260: 485 554 664 699 35 
261: 390 870 36 
262: 727 870 36 
263: 870 659 36 
264: 875 773 72 
265: 875 362 72 
266: 621 770 903 37 
267: 651 988 679 38 
268: 796 988 679 38 
269: 928 944 961 39 
270: 878 868 394 95 
271: 943 874 825 9 
272: 943 398 825 9 
273: 852 883 885 413 
274: 998 993 977 42 
275: 780 932 762 52 
276: 762 423 52 
277: 904 926 997 890 43 
278: 942 657 49 
279: 657 438 49 
280: 670 868 44 
281: 670 44 826 
282: 943 874 459 77 
283: 625 791 810 46 
284: 490 678 698 97 
285: 954 953 955 907 5 
286: 974 985 968 913 50 
287: 827 941 863 58 
288: 941 863 503 58 
289: 847 631 753 51 
290: 575 942 526 657 64 
291: 607 734 915 75 
292: 882 927 990 55 
293: 927 990 844 55 
294: 855 859 873 906 56 
295: 958 837 57 
296: 956 933 923 74 
297: 738 858 887 895 59 
298: 899 953 955 907 61 
299: 921 939 951 960 63 
300: 905 822 861 648 69 
301: 997 935 900 65 
302: 813 887 895 655 8 
303: 986 969 978 979 66 
304: 986 978 979 966 67 
305: 922 692 876 833 96 
306: 695 935 901 900 89 
307: 998 993 975 977 7 
308: 741 847 70 
309: 976 847 70 
310: 847 802 70 
311: 942 927 71 
312: 882 927 908 71 
313: 898 911 712 88 
314: 999 945 725 932 81 
315: 992 995 996 76 
316: 980 992 995 996 78 
317: 855 859 873 906 79 
318: 974 970 985 968 80 
319: 939 951 960 856 84 
320: 988 858 887 895 86 
321: 986 978 979 87 
322: 909 944 961 897 90 
323: 909 944 961 897 92 
324: 956 912 933 923 93 
325: 998 993 975 977 94 
326: 980 992 995 996 99 
327: 1000 265 751 948 994 
328: 265 994 527 
329: 1000 311 855 859 873 906 
330: 268 561 682 905 
331: 408 922 991 876 
332: 378 643 668 959 343 
333: 326 861 648 
334: 274 436 789 
335: 307 545 854 288 
336: 561 682 421 
337: 958 418 730 587 
338: 958 418 720 
339: 545 312 854 
340: 316 984 678 698 
341: 625 791 317 810 
342: 999 864 692 294 876 
343: 359 984 595 
344: 980 992 995 996 365 
345: 785 918 297 828 
346: 390 870 539 
347: 390 870 541 
348: 734 915 356 
349: 734 356 528 
350: 616 322 597 
351: 616 322 292 
352: 882 927 990 262 
353: 935 901 388 900 747 
354: 758 264 540 694 
355: 758 264 694 716 
356: 918 765 393 869 
357: 918 393 869 344 
358: 875 805 884 271 
359: 894 740 368 
360: 740 448 368 
361: 875 362 583 
362: 894 950 305 374 
363: 926 406 890 300 
364: 926 406 890 389 
365: 898 911 266 665 712 
366: 898 911 266 712 781 
367: 904 926 997 267 673 890 
368: 898 911 728 269 
369: 898 911 667 269 
370: 735 861 351 379 
371: 735 861 351 429 
372: 822 407 480 
373: 407 480 908 
374: 939 951 960 850 838 270 
375: 735 822 861 272 648 
376: 958 837 273 310 
377: 958 837 273 730 
378: 958 837 310 720 
379: 958 707 310 720 
380: 547 680 275 380 
381: 547 680 275 419 
382: 547 551 680 380 
383: 547 551 680 419 
384: 813 858 887 895 276 
385: 998 993 277 
386: 956 933 923 278 914 
387: 987 948 783 789 279 
388: 948 783 789 279 509 
389: 994 999 852 883 885 280 
390: 871 991 626 281 
391: 871 281 528 
392: 871 281 623 
393: 864 922 991 876 833 282 
394: 904 926 997 890 283 689 
395: 974 970 985 968 284 
396: 948 621 285 525 
397: 948 285 447 
398: 790 796 988 286 683 
399: 796 988 286 679 
400: 652 790 683 377 
401: 545 768 288 
402: 991 792 289 537 
403: 991 792 289 784 
404: 936 289 537 
405: 936 289 784 
406: 994 852 883 885 290 
407: 742 971 920 291 515 
408: 616 693 292 
409: 693 292 357 
410: 693 597 357 
411: 693 357 549 
412: 909 928 944 961 293 879 
413: 715 987 295 
414: 987 295 348 
415: 599 295 348 
416: 987 546 348 
417: 987 348 611 
418: 546 599 348 
419: 991 984 792 296 
420: 991 613 792 296 
421: 936 984 296 
422: 986 969 979 966 298 
423: 974 985 299 
424: 904 926 558 890 300 
425: 947 952 972 924 934 301 
426: 991 984 784 302 
427: 991 784 302 574 
428: 784 302 543 
429: 905 861 648 303 
430: 905 303 480 
431: 861 303 840 
432: 984 678 698 304 355 
433: 490 678 698 304 
434: 580 894 950 374 
435: 894 534 950 374 
436: 555 647 936 306 405 
437: 555 581 647 936 405 
438: 942 927 308 
439: 927 308 443 
440: 927 308 671 
441: 485 554 664 699 309 
442: 904 926 673 890 314 
443: 904 926 890 314 477 
444: 569 589 315 611 
445: 589 315 387 
446: 715 315 387 
447: 715 315 611 
448: 715 387 370 
449: 758 694 716 318 638 
450: 939 951 960 838 320 
451: 909 928 944 961 879 321 
452: 884 773 323 449 
453: 956 912 933 923 324 
454: 614 723 704 327 
455: 704 327 521 
456: 988 887 895 328 731 743 
457: 954 899 953 955 329 
458: 909 928 944 961 879 330 
459: 517 791 810 333 
460: 810 566 333 
461: 957 963 983 989 334 
462: 957 963 983 989 335 
463: 957 995 335 
464: 980 981 992 995 996 336 
465: 959 870 659 337 
466: 981 992 995 996 338 
467: 793 982 865 339 
468: 982 865 848 339 
469: 930 959 817 910 340 
470: 735 822 861 341 
471: 861 629 341 
472: 935 872 901 900 342 718 
473: 932 918 869 344 
474: 785 918 869 344 
475: 998 993 975 977 967 345 
476: 994 941 863 346 703 
477: 865 746 347 706 
478: 865 347 479 706 
479: 998 993 975 977 967 349 
480: 606 350 372 399 
481: 606 723 704 372 
482: 606 723 372 399 
483: 735 861 648 379 
484: 735 861 908 379 
485: 735 822 861 429 
486: 758 694 716 638 352 
487: 855 859 873 906 354 
488: 986 969 978 979 966 353 
489: 894 740 767 358 
490: 894 767 844 358 
491: 894 767 358 361 
492: 894 950 361 
493: 894 768 361 
494: 939 951 960 850 845 360 
495: 915 736 745 363 
496: 736 745 363 404 
497: 736 745 363 903 
498: 736 745 404 497 
499: 954 953 955 364 888 
500: 942 935 901 900 366 
501: 957 963 983 989 367 
502: 715 987 546 370 
503: 546 599 370 
504: 921 939 960 838 373 774 
505: 606 723 704 376 
506: 606 704 521 376 
507: 723 704 376 442 
508: 704 521 376 442 
509: 915 736 745 381 
510: 736 745 381 441 
511: 736 745 381 497 
512: 875 884 382 
513: 875 633 382 
514: 884 382 420 
515: 904 926 971 890 397 
516: 805 884 773 420 
517: 921 939 951 856 845 383 
518: 986 969 978 979 385 
519: 986 969 978 979 966 386 
520: 904 926 890 389 
521: 980 981 992 995 996 391 
522: 986 969 978 979 966 392 
523: 878 868 711 394 
524: 943 705 701 395 874 
525: 943 988 701 395 874 
526: 974 970 985 968 396 
527: 943 398 816 825 
528: 930 910 400 
529: 980 992 995 996 401 
530: 982 865 801 746 402 
531: 865 746 706 402 
532: 741 744 847 753 409 
533: 744 847 631 753 409 
534: 956 912 933 923 410 
535: 921 939 951 960 850 411 
536: 980 992 995 996 412 
537: 956 933 923 914 414 
538: 999 945 725 932 415 
539: 954 899 953 955 907 416 
540: 909 928 944 961 897 417 
541: 959 727 870 422 446 
542: 733 803 762 423 563 
543: 954 953 955 907 888 424 
544: 898 911 728 781 425 717 
545: 904 926 997 890 426 
546: 904 926 971 890 426 
547: 724 898 911 971 427 
548: 898 911 781 427 
549: 958 837 807 428 
550: 958 837 428 460 
551: 958 807 584 428 
552: 795 930 910 430 
553: 930 817 910 775 430 
554: 928 944 961 897 431 
555: 986 978 432 
556: 1000 457 609 662 976 
557: 1000 457 662 709 
558: 455 575 942 526 657 
559: 455 575 526 657 438 
560: 811 941 478 863 719 
561: 726 453 766 
562: 817 910 508 
563: 651 452 661 988 679 
564: 452 796 988 679 
565: 776 941 439 863 
566: 941 439 863 503 
567: 941 439 863 641 
568: 436 458 512 
569: 898 911 496 712 
570: 898 911 496 824 
571: 970 985 461 
572: 954 899 953 955 454 888 
573: 875 884 472 583 
574: 875 472 633 583 
575: 915 722 772 799 493 686 
576: 997 848 522 
577: 997 670 522 
578: 997 522 688 
579: 670 522 878 
580: 522 878 688 
581: 948 783 789 591 509 
582: 783 936 789 591 509 
583: 948 920 770 447 
584: 630 770 447 
585: 742 971 920 515 451 
586: 905 822 480 
587: 882 927 950 443 
588: 882 927 835 443 
589: 758 540 694 491 638 
590: 758 694 716 491 638 
591: 904 926 890 689 477 
592: 904 926 890 477 482 
593: 875 805 884 773 449 
594: 875 633 449 
595: 865 801 479 
596: 865 479 808 
597: 614 723 815 442 
598: 614 723 704 442 
599: 736 745 903 441 488 
600: 736 745 903 497 
601: 998 993 492 
602: 870 539 494 
603: 959 870 541 446 
604: 958 837 945 460 
605: 958 837 720 460 
606: 974 970 433 
607: 904 926 433 
608: 909 928 944 961 897 434 
609: 947 972 924 938 934 820 435 
610: 693 597 512 
611: 945 858 887 895 437 
612: 988 858 887 895 437 
613: 941 863 503 719 
614: 990 675 943 874 440 
615: 943 916 874 825 440 
616: 915 736 745 488 
617: 974 970 985 968 444 913 
618: 974 985 968 444 560 913 
619: 951 960 850 856 445 
620: 951 960 856 774 445 
621: 951 960 856 445 787 
622: 986 979 450 
623: 882 927 990 835 456 
624: 882 990 619 835 456 
625: 927 835 916 456 
626: 642 943 874 825 459 
627: 970 985 841 968 913 462 
628: 973 980 981 992 995 996 463 
629: 974 985 968 842 737 913 464 
630: 724 898 911 667 465 
631: 898 911 728 781 465 
632: 898 911 667 781 465 
633: 998 993 975 977 967 466 
634: 954 899 953 955 907 467 
635: 871 997 779 468 
636: 871 626 721 779 468 
637: 976 744 847 469 
638: 976 556 469 
639: 898 911 471 
640: 948 864 922 876 833 473 
641: 864 922 876 473 571 
642: 986 978 474 
643: 947 952 972 924 938 934 475 
644: 986 969 978 979 966 925 476 
645: 904 926 971 890 482 
646: 921 939 951 960 838 481 
647: 939 885 481 
648: 776 811 941 578 483 
649: 776 811 941 703 483 
650: 909 928 944 961 879 484 
651: 986 969 978 979 966 486 
652: 904 926 997 890 689 487 
653: 976 930 817 910 489 
654: 976 930 910 971 489 
655: 930 817 910 775 489 
656: 930 910 775 971 489 
657: 909 928 944 961 897 495 
658: 980 981 992 995 996 498 
659: 793 982 865 801 746 499 
660: 982 865 801 848 499 
661: 758 540 694 638 500 
662: 758 694 716 638 500 
663: 906 930 501 
664: 930 910 501 
665: 970 985 501 
666: 947 952 972 924 938 934 502 
667: 921 939 951 960 845 504 
668: 998 993 975 977 967 964 505 
669: 791 810 506 
670: 956 912 933 923 914 507 
671: 956 912 933 923 914 510 
672: 987 994 999 852 883 885 511 
673: 973 980 981 992 995 996 513 
674: 973 980 981 992 995 996 514 
675: 980 981 992 995 996 516 
676: 986 979 518 
677: 986 647 518 
678: 986 969 978 979 966 519 
679: 813 858 887 895 743 520 
680: 882 927 990 835 523 
681: 882 927 835 671 523 
682: 974 800 970 985 968 524 
683: 569 987 611 
684: 580 894 740 767 
685: 580 894 849 767 
686: 974 530 970 985 841 968 
687: 974 530 970 985 968 818 
688: 811 827 941 578 
689: 811 941 578 542 
690: 609 994 527 
691: 555 581 647 936 840 
692: 894 534 740 767 
693: 998 993 532 
694: 883 885 532 
695: 625 810 566 
696: 958 945 807 584 
697: 958 807 584 730 587 
698: 741 676 556 
699: 976 631 676 556 
700: 904 926 558 890 689 
701: 958 538 730 
702: 609 994 553 
703: 948 994 553 
704: 948 553 529 
705: 793 865 801 746 535 
706: 793 865 768 535 
707: 793 865 746 535 706 
708: 758 540 618 
709: 935 900 573 
710: 630 770 573 
711: 948 920 770 525 
712: 948 621 770 525 
713: 621 630 770 525 
714: 991 792 537 574 
715: 602 792 537 574 
716: 936 784 543 
717: 595 792 784 543 
718: 991 613 792 784 574 
719: 602 792 784 574 
720: 616 693 549 
721: 633 583 585 
722: 959 727 870 539 
723: 959 870 659 539 
724: 870 539 806 
725: 886 870 541 806 
726: 714 733 780 803 762 563 
727: 935 872 901 900 568 593 
728: 935 901 900 568 658 
729: 974 985 968 842 560 913 
730: 653 864 922 571 
731: 864 922 692 876 571 
732: 986 969 978 979 966 925 577 
733: 709 751 529 
734: 751 948 529 
735: 948 989 529 
736: 958 587 531 
737: 724 898 911 971 533 
738: 898 911 971 665 533 
739: 898 911 781 533 
740: 994 811 941 863 542 
741: 811 941 863 719 542 
742: 990 943 705 874 544 
743: 642 943 874 544 
744: 943 988 874 544 
745: 909 928 944 961 897 879 548 
746: 942 875 884 773 550 586 
747: 550 562 586 
748: 958 807 562 
749: 909 928 944 961 897 879 552 
750: 889 917 931 957 963 983 989 557 
751: 973 980 981 992 995 996 559 
752: 986 969 978 979 966 925 929 564 
753: 974 970 985 841 968 809 913 565 
754: 986 969 978 979 966 925 567 
755: 656 722 772 799 686 570 579 
756: 918 794 752 828 869 572 
757: 918 794 828 869 739 572 
758: 974 800 970 985 913 576 
759: 974 970 985 913 818 576 
760: 997 759 582 
761: 997 778 826 582 
762: 878 759 582 
763: 878 778 826 582 
764: 607 734 660 
765: 607 660 985 
766: 1000 609 662 976 994 
767: 1000 628 634 710 729 855 859 873 906 
768: 921 939 951 960 850 608 
769: 921 939 951 960 608 774 
770: 921 939 951 960 608 787 
771: 882 990 619 950 
772: 882 990 619 835 937 
773: 882 619 835 671 
774: 898 911 660 
775: 660 985 968 
776: 998 614 815 
777: 596 918 702 794 
778: 596 918 794 828 869 
779: 596 918 828 869 592 
780: 603 785 918 702 752 
781: 603 785 918 752 869 
782: 603 785 918 869 739 
783: 603 918 869 739 592 
784: 616 693 597 
785: 976 795 930 982 910 600 
786: 976 930 817 910 600 
787: 795 930 959 982 910 600 
788: 930 959 817 910 600 
789: 871 991 626 721 779 
790: 949 998 993 975 977 622 967 964 
791: 987 948 783 789 591 
792: 987 783 936 789 591 
793: 889 999 590 
794: 999 653 864 922 590 833 
795: 999 864 922 876 590 833 
796: 948 621 770 903 
797: 621 630 770 903 
798: 984 602 792 784 
799: 664 699 629 
800: 991 984 595 792 784 
801: 991 950 613 
802: 613 784 615 
803: 998 993 623 
804: 930 959 623 
805: 715 987 611 
806: 987 997 611 
807: 643 668 629 
808: 958 837 807 730 587 
809: 956 912 618 
810: 926 890 618 
811: 942 875 805 884 773 586 
812: 942 875 633 586 
813: 936 935 872 901 900 593 
814: 997 935 872 901 900 593 
815: 935 872 901 900 593 604 
816: 998 993 615 
817: 921 951 585 
818: 922 833 585 
819: 921 939 951 960 850 856 588 
820: 921 939 951 960 856 774 588 
821: 935 950 872 901 900 718 604 
822: 681 918 828 739 592 
823: 918 828 869 739 592 
824: 909 928 944 961 897 879 821 594 
825: 949 998 993 975 977 967 964 598 
826: 949 998 993 975 977 967 964 940 601 
827: 987 994 999 959 852 883 885 635 605 
828: 956 912 933 923 914 881 610 893 
829: 947 952 972 924 938 934 857 612 
830: 947 952 972 924 938 857 612 754 
831: 986 969 978 979 966 925 929 617 
832: 949 998 993 975 977 967 964 620 
833: 965 973 980 981 992 995 996 624 
834: 974 994 970 985 841 968 627 839 
835: 974 970 985 968 627 697 
836: 1000 662 709 751 994 
837: 1000 662 751 948 976 994 
838: 1000 710 949 
839: 972 645 938 
840: 645 910 775 
841: 645 799 686 
842: 999 653 864 922 991 833 
843: 651 652 790 661 988 683 
844: 958 837 674 945 807 
845: 958 837 674 807 730 
846: 958 837 674 720 
847: 915 656 722 772 799 686 
848: 945 725 895 
849: 642 675 943 874 816 
850: 642 943 874 816 825 
851: 652 790 796 988 683 
852: 976 744 847 631 676 753 
853: 997 670 868 
854: 997 670 826 
855: 670 836 878 868 
856: 670 836 878 826 
857: 898 911 667 665 
858: 898 911 667 781 717 
859: 947 952 924 938 934 640 860 820 
860: 947 952 924 938 934 640 860 713 
861: 886 870 659 
862: 898 911 728 665 712 
863: 849 971 665 
864: 904 926 997 673 890 689 
865: 904 926 971 673 890 
866: 882 927 671 808 
867: 927 844 671 
868: 889 917 931 957 963 983 989 644 749 
869: 962 965 973 980 981 992 995 996 646 
870: 738 858 887 895 731 655 
871: 813 858 887 895 731 743 655 
872: 994 811 827 941 863 641 
873: 994 941 905 863 641 
874: 811 941 863 641 719 
875: 941 905 863 641 719 
876: 905 997 641 
877: 949 998 993 975 977 967 964 940 663 
878: 695 935 901 900 747 658 
879: 942 935 814 901 900 658 
880: 935 814 901 900 747 658 
881: 935 901 900 903 658 
882: 921 939 951 960 850 845 632 
883: 921 939 951 960 845 787 632 
884: 921 939 951 960 774 632 
885: 949 998 993 975 977 967 964 940 636 
886: 954 899 953 955 862 907 853 888 637 
887: 997 759 868 639 
888: 997 759 639 700 
889: 997 868 778 688 639 
890: 997 778 826 688 639 700 
891: 759 868 639 649 
892: 759 639 649 700 
893: 826 639 649 700 
894: 836 878 759 868 649 
895: 836 878 759 649 700 
896: 836 878 868 711 649 
897: 836 878 711 826 649 
898: 836 878 826 649 700 
899: 832 889 917 931 957 963 983 989 650 
900: 995 996 654 
901: 996 969 654 
902: 776 941 654 
903: 969 978 654 
904: 918 869 654 
905: 974 970 985 968 842 913 839 666 
906: 974 970 985 968 913 666 684 
907: 949 998 993 975 977 967 964 940 669 
908: 962 965 973 980 981 992 995 996 672 
909: 909 928 944 961 897 879 821 763 769 
910: 695 997 935 872 901 900 747 
911: 695 935 950 872 901 900 
912: 681 932 918 765 828 
913: 681 785 918 702 752 
914: 681 785 918 752 828 
915: 681 785 918 828 739 
916: 681 918 702 765 
917: 681 918 765 828 739 
918: 714 733 780 803 932 762 
919: 958 707 945 807 
920: 958 707 720 766 
921: 871 991 696 779 
922: 871 696 997 779 
923: 991 696 982 779 908 
924: 696 982 997 779 908 
925: 999 864 922 692 876 833 
926: 990 675 943 701 874 816 
927: 675 943 988 701 874 816 
928: 741 744 847 676 753 
929: 847 676 802 
930: 990 943 705 701 874 816 
931: 943 705 701 874 816 825 
932: 991 982 721 779 908 
933: 918 702 794 752 
934: 918 702 794 765 
935: 997 691 759 868 
936: 997 691 868 778 
937: 997 691 778 826 
938: 691 836 878 759 868 
939: 691 836 878 868 778 711 
940: 691 836 878 778 711 826 
941: 724 898 911 712 
942: 898 911 728 712 781 
943: 862 988 679 
944: 958 720 802 
945: 949 998 993 975 977 919 687 967 964 940 
946: 935 950 814 872 901 900 718 
947: 935 814 872 901 900 718 747 
948: 994 811 827 941 863 703 
949: 994 941 905 863 703 
950: 776 811 941 863 703 
951: 943 988 701 874 816 825 
952: 832 889 917 931 957 963 983 989 685 
953: 889 917 931 957 963 983 989 685 757 
954: 898 911 728 916 781 717 
955: 898 911 971 916 717 
956: 898 911 717 824 
957: 776 811 941 863 719 
958: 947 952 972 924 938 934 860 713 771 
959: 926 997 688 
960: 836 878 868 778 688 
961: 836 878 778 826 688 700 
962: 974 800 970 985 968 913 697 
963: 974 970 985 968 809 913 818 697 
964: 974 994 970 985 968 809 913 684 
965: 974 800 970 985 968 913 684 
966: 946 962 965 973 980 981 992 995 996 677 
967: 973 918 677 
968: 889 917 931 957 963 983 989 999 690 
969: 889 917 931 957 963 983 989 690 755 
970: 956 912 933 923 914 881 893 708 819 880 
971: 738 945 858 887 895 731 
972: 738 815 895 
973: 738 988 858 887 895 731 
974: 738 988 888 
975: 724 849 971 
976: 976 744 933 
977: 785 918 752 828 869 
978: 976 753 881 
979: 958 807 730 802 
980: 974 932 968 842 737 839 
981: 974 800 985 968 842 737 913 839 
982: 974 985 841 968 842 737 913 839 
983: 945 858 887 895 731 743 
984: 988 813 858 887 895 731 743 
985: 963 945 743 
986: 997 935 814 872 901 900 747 
987: 986 969 978 979 966 925 756 929 830 892 
988: 956 912 933 923 914 732 881 893 819 880 788 
989: 785 918 828 869 739 
990: 918 794 765 828 869 739 
991: 986 969 978 979 966 925 748 929 830 892 
992: 947 952 972 924 938 777 857 860 754 
993: 947 952 972 924 938 857 860 754 797 
994: 952 923 754 
995: 804 823 917 931 957 963 983 989 749 
996: 823 889 917 931 957 963 983 989 749 
997: 798 823 889 917 931 957 963 983 989 757 
998: 804 832 917 931 957 963 983 989 755 
999: 832 889 917 931 957 963 983 989 755 
1000: 947 952 972 924 938 934 777 860 750 786 
1001: 947 952 972 924 938 934 860 750 786 797 
1002: 772 799 760 
1003: 930 982 910 775 971 
1004: 930 886 910 775 971 
1005: 992 995 768 
1006: 932 918 794 765 828 869 
1007: 948 920 770 903 
1008: 995 996 766 
1009: 996 969 766 
1010: 969 978 979 766 
1011: 957 983 989 760 
1012: 921 951 960 760 
1013: 921 939 951 960 856 838 774 
1014: 991 954 899 953 955 862 907 853 888 764 761 
1015: 954 899 953 955 862 907 853 988 888 764 761 
1016: 947 952 972 924 938 934 857 860 820 771 
1017: 947 952 972 924 938 934 860 771 786 
1018: 987 986 969 978 979 966 925 929 830 892 812 
1019: 987 936 812 
1020: 986 990 969 978 979 966 925 929 830 892 812 
1021: 1000 798 823 832 889 917 931 957 963 983 989 
1022: 793 865 808 
1023: 976 795 930 982 910 971 
1024: 947 952 972 924 938 934 777 857 860 
1025: 991 792 908 
1026: 871 991 905 779 
1027: 871 905 997 779 
1028: 991 982 905 779 
1029: 982 905 997 779 
1030: 997 988 779 
1031: 936 984 784 
1032: 898 787 937 
1033: 921 939 951 960 856 838 845 787 
1034: 951 960 856 838 845 787 937 
1035: 960 787 802 
1036: 976 956 912 933 923 914 881 893 819 880 
1037: 976 817 819 
1038: 938 934 806 786 
1039: 947 952 972 924 938 934 857 860 820 797 
1040: 867 877 946 962 965 973 980 981 992 995 996 782 846 
1041: 1000 804 823 832 917 931 957 963 983 989 
1042: 1000 804 823 917 931 957 963 983 989 999 
1043: 1000 804 976 
1044: 804 917 931 957 963 983 989 999 945 
1045: 974 982 800 970 985 968 842 
1046: 974 800 970 985 968 842 913 839 
1047: 991 954 899 953 955 862 984 907 853 888 
1048: 974 994 970 985 841 968 809 913 839 
1049: 974 994 970 985 968 809 913 818 839 
1050: 998 993 975 977 808 
1051: 927 895 808 
1052: 858 887 895 808 
1053: 931 983 989 806 
1054: 864 922 806 
1055: 922 950 806 
1056: 960 850 802 
1057: 990 943 874 802 
1058: 1000 823 889 917 931 957 963 983 989 999 
1059: 822 861 840 
1060: 931 963 983 989 815 
1061: 998 993 815 975 977 
1062: 993 815 813 
1063: 815 813 895 
1064: 942 936 935 814 901 900 
1065: 942 997 935 814 901 900 
1066: 942 935 950 814 901 900 
1067: 854 997 935 814 872 
1068: 936 935 814 872 901 900 
1069: 854 943 988 874 816 
1070: 943 916 874 816 825 
1071: 943 816 825 824 
1072: 985 825 824 
1073: 947 952 972 924 934 920 820 
1074: 952 972 844 860 820 
1075: 855 873 906 824 
1076: 974 985 913 824 
1077: 974 982 970 985 968 818 
1078: 974 854 985 968 818 
1079: 867 877 946 962 965 973 980 981 992 995 996 843 846 829 851 
1080: 949 998 993 975 977 919 896 831 967 964 940 902 891 834 866 
1081: 987 994 999 852 883 885 908 
1082: 942 927 835 937 
1083: 882 927 990 835 937 
1084: 882 927 835 908 
1085: 927 835 916 908 
1086: 927 835 916 937 
1087: 948 999 864 922 876 833 
1088: 999 864 922 991 876 833 
1089: 956 912 933 923 914 881 893 937 
1090: 992 870 851 
1091: 1000 855 995 
1092: 855 859 873 906 886 
1093: 921 939 951 960 850 856 838 845 
1094: 951 960 850 856 838 845 937 
1095: 957 963 983 989 844 
1096: 974 994 970 985 841 968 842 913 839 
1097: 974 982 970 985 841 968 842 
1098: 974 982 932 970 968 842 
1099: 974 932 970 968 842 839 
1100: 952 972 924 840 
1101: 931 957 983 989 840 
1102: 1000 859 963 
1103: 1000 867 877 946 962 965 973 980 981 992 995 996 
1104: 854 997 988 
1105: 980 992 995 996 849 
1106: 998 993 849 975 977 
1107: 947 952 972 924 938 934 857 937 
1108: 871 905 997 848 
1109: 954 953 955 848 888 
1110: 956 912 933 848 914 
1111: 982 905 997 848 
1112: 953 988 858 
1113: 909 928 944 961 897 920 879 
1114: 995 990 929 
1115: 938 990 929 
1116: 1000 873 980 
1117: 877 946 962 965 973 980 981 992 995 996 990 
1118: 932 968 869 
1119: 882 927 990 950 
1120: 948 922 876 950 
1121: 922 991 876 950 
1122: 894 876 950 
1123: 997 935 872 901 900 903 
1124: 927 990 874 937 
1125: 927 916 874 937 
1126: 906 930 886 
1127: 954 899 953 955 886 907 
1128: 915 986 969 978 979 966 925 
1129: 954 899 953 955 907 916 888 
1130: 954 953 955 907 903 888 
1131: 946 962 965 973 980 981 992 995 996 984 
1132: 1000 917 996 
1133: 1000 962 963 
1134: 962 990 937 
1135: 898 916 937 
1136: 927 907 916 
1137: 987 997 908 
1138: 999 991 908 
1139: 982 910 908 
1140: 1000 949 974 
1141: 942 927 950 
1142: 982 926 997 
1143: 982 926 971 
1144: 952 923 937 
1145: 973 990 978 
1146: 987 930 959 
1147: 987 999 966 
1148: 938 990 937 
1149: 972 951 937 
1150: 996 990 943 
1151: 987 948 994 999 
1152: 1000 948 989 999 
1153: 1000 948 994 999 
1154: 948 994 985 
1155: 1000 957 995 
1156: 981 954 990 
1157: 981 954 984 
1158: 976 994 956 
1159: 961 991 955 
1160: 996 990 969 
1161: 1000 974 994 
1162: 992 991 984 
