# The contained cliques in the communities at k=8
# from G:\Dropbox\Raghda\CNA\Final Project\other methods\CFinder-2.0.6--1448\G:\Dropbox\Raghda\CNA\Final Project\Datasets\binary_networks\LFR1\networ_LFR1_Om3.dat
# at no lower link weight threshold,
# and at no upper link weight threshold.
# Links were treated as undirected.
# No time limit was set for the clique search.

0: 647 648 773 929 1164 1188 1273 1293 1296 
1: 723 841 848 849 855 881 913 1046 1074 1114 1163 1187 1280 1281 1297 
2: 758 971 1150 1151 1152 1153 1103 1104 1105 920 
3: 795 1235 981 1229 1234 1236 1237 1238 1239 1240 1241 1242 1251 1252 1256 1257 1258 1259 1260 1265 1266 1268 1287 1288 1289 1292 982 1221 1225 1227 1228 1223 1226 1230 1222 1224 1247 1261 1262 1248 1250 1249 1212 1267 1291 1207 1211 1208 1215 1290 1295 
4: 837 
5: 919 
6: 939 940 941 1155 1044 1002 1003 1045 1154 1157 1183 1298 1001 1128 1129 1175 1182 1184 1270 1185 1177 1159 1176 1156 1158 984 1286 983 
7: 995 1043 
8: 1031 1063 1115 1061 1062 
9: 1034 1035 1036 1138 1139 1141 1217 1140 1197 1142 1198 1179 1091 1178 1202 1203 1087 1089 1090 1086 1085 1216 1088 
10: 1193 1195 
