# The communities at k=5
# from G:\Dropbox\Raghda\CNA\Final Project\other methods\CFinder-2.0.6--1448\G:\Dropbox\Raghda\CNA\Final Project\Datasets\binary_networks\LFR4\network_LFR4_Om4.dat
# at no lower link weight threshold,
# and at no upper link weight threshold.
# Links were treated as undirected.
# No time limit was set for the clique search.

0: 939 978 895 956 968 116 960 882 987 764 876 868 902 854 28 862 842 690 747 98 
1: 1000 518 607 614 962 171 
2: 978 957 949 976 864 742 869 181 822 60 
3: 934 991 990 955 206 874 923 928 338 343 708 806 
4: 985 912 966 935 633 723 896 340 790 48 
5: 999 439 833 843 932 713 926 754 928 425 727 50 602 
6: 994 900 903 221 709 800 879 880 875 313 480 
7: 921 964 992 900 223 625 809 919 446 608 
8: 946 944 945 878 992 239 691 558 918 370 
9: 895 916 900 909 865 884 246 560 911 
10: 858 977 995 837 888 951 282 943 597 881 331 
11: 980 984 974 909 294 
12: 980 984 974 310 410 612 
13: 944 973 792 314 586 
14: 980 992 974 318 892 
15: 838 979 958 938 336 
16: 920 763 353 488 538 
17: 444 885 707 578 919 
18: 964 724 890 817 397 407 
19: 989 858 904 838 979 853 958 807 469 666 481 506 
20: 765 941 975 872 886 375 670 
21: 961 977 997 787 388 
22: 831 952 853 671 398 637 
23: 931 829 993 901 867 414 870 
24: 641 969 920 842 423 681 
25: 821 929 744 758 479 
26: 929 996 984 897 963 906 973 988 933 856 983 574 919 523 725 770 536 722 
27: 1000 661 811 820 950 978 
28: 808 981 994 894 903 662 
29: 915 936 895 987 927 745 700 669 
30: 947 985 966 991 894 723 910 
31: 771 989 839 997 788 714 
32: 735 905 967 798 862 
33: 986 779 940 993 928 
34: 907 991 882 909 775 828 911 
35: 980 967 992 974 938 965 
