# The links inside the communities at k=5
# from G:\Dropbox\Raghda\CNA\Final Project\other methods\CFinder-2.0.6--1448\G:\Dropbox\Raghda\CNA\Final Project\Datasets\binary_networks\LFR4\network_LFR4_Om4.dat
# at no lower link weight threshold,
# and at no upper link weight threshold.
# Links were treated as undirected.
# No time limit was set for the clique search.

0:
939 978
939 956
939 968
939 116
939 960
939 882
939 987
939 764
939 876
939 868
939 902
939 854
939 28
939 862
939 842
939 690
939 747
939 98
978 956
978 968
978 960
978 882
978 764
978 876
978 902
978 747
895 956
895 968
895 960
895 987
895 902
956 968
956 116
956 960
956 882
956 987
956 764
956 876
956 868
956 902
956 854
956 28
956 862
956 842
956 690
956 747
956 98
968 116
968 960
968 882
968 987
968 764
968 876
968 868
968 902
968 854
968 28
968 862
968 842
968 690
968 747
968 98
116 960
960 987
960 764
960 876
960 868
960 902
960 854
960 862
960 842
960 690
960 747
960 98
882 902
987 764
987 876
987 902
987 690
987 747
764 876
764 902
764 690
764 747
876 902
876 690
876 747
902 28
902 690
902 747
690 747
1:
1000 518
1000 607
1000 614
1000 962
518 607
518 614
518 962
518 171
607 614
607 962
607 171
614 962
614 171
962 171
2:
978 949
978 742
978 869
978 822
957 949
957 976
957 864
957 742
957 869
949 976
949 864
949 742
949 869
949 181
949 822
949 60
976 864
976 742
976 869
976 822
864 742
864 869
864 181
864 822
864 60
742 869
742 822
742 60
869 181
869 822
869 60
181 822
3:
934 991
934 990
934 955
934 206
934 874
934 923
934 928
934 338
934 343
934 708
934 806
991 990
991 955
991 874
991 923
991 708
991 806
990 955
990 874
990 923
990 708
990 806
955 206
955 874
955 923
955 928
955 338
955 343
955 708
955 806
206 874
206 923
874 923
874 928
874 338
874 343
874 708
874 806
923 928
923 338
923 343
923 708
923 806
928 708
928 806
708 806
4:
985 912
985 966
985 935
985 633
985 723
985 896
985 340
985 790
985 48
912 966
912 935
912 790
966 935
966 633
966 723
966 896
966 340
966 790
966 48
935 633
935 790
633 896
633 340
633 790
723 340
723 790
723 48
896 790
340 790
790 48
5:
999 439
999 833
999 932
999 713
999 926
999 754
999 928
439 932
439 926
439 928
833 843
833 932
833 713
833 926
833 928
833 425
833 727
833 50
833 602
843 932
843 713
843 926
843 754
843 727
843 50
843 602
932 713
932 926
932 754
932 928
932 425
932 727
932 50
932 602
713 926
713 754
926 754
926 928
926 425
926 727
926 602
754 425
754 727
754 602
928 727
425 727
727 50
727 602
6:
994 900
994 903
994 709
994 800
994 879
994 880
994 875
994 480
900 709
900 879
900 880
900 480
903 709
903 800
903 879
903 880
221 709
221 800
221 879
221 880
709 800
709 879
709 880
709 875
709 313
709 480
800 879
800 880
800 875
800 313
800 480
879 880
879 875
879 313
879 480
880 875
880 313
880 480
7:
921 964
921 992
921 900
921 223
921 625
921 809
921 919
921 446
921 608
964 992
964 900
964 223
964 809
964 608
992 900
992 223
992 809
992 446
992 608
900 809
223 809
625 809
625 919
625 446
625 608
809 919
809 446
809 608
919 446
446 608
8:
946 944
946 945
946 878
946 992
946 239
946 691
946 558
946 918
946 370
944 945
944 992
944 691
944 558
944 370
945 878
945 992
945 239
945 691
945 558
945 918
945 370
878 992
878 691
992 239
992 691
992 558
992 918
992 370
239 691
691 558
691 918
691 370
558 918
558 370
9:
895 916
895 909
895 865
895 884
895 246
916 900
916 909
916 865
916 884
916 246
916 560
916 911
900 865
900 884
900 560
900 911
909 865
909 884
909 560
865 884
865 246
865 560
865 911
884 246
884 560
884 911
246 560
560 911
10:
858 977
858 995
858 888
858 943
977 995
977 837
977 888
977 951
977 282
977 943
995 837
995 888
995 951
995 282
995 943
995 597
995 881
995 331
837 888
837 951
837 943
837 597
837 881
837 331
888 951
888 282
888 943
888 597
888 881
951 943
951 597
282 943
943 597
943 881
943 331
881 331
11:
980 984
980 974
980 909
980 294
984 974
984 909
984 294
974 909
974 294
909 294
12:
980 984
980 974
980 310
980 410
980 612
984 974
984 310
984 410
984 612
974 310
974 410
974 612
310 410
310 612
13:
944 973
944 792
944 314
944 586
973 792
973 314
973 586
792 314
792 586
314 586
14:
980 992
980 974
980 318
980 892
992 974
992 318
992 892
974 318
974 892
318 892
15:
838 979
838 958
838 938
838 336
979 958
979 938
979 336
958 938
958 336
938 336
16:
920 763
920 353
920 488
920 538
763 353
763 488
763 538
353 488
353 538
488 538
17:
444 885
444 707
444 578
444 919
885 707
885 578
885 919
707 578
707 919
578 919
18:
964 724
964 890
964 817
964 397
724 890
724 817
724 397
724 407
890 817
890 397
890 407
817 397
817 407
397 407
19:
989 838
989 979
989 958
989 807
989 469
989 666
858 838
858 979
858 807
858 506
904 838
904 979
904 958
904 506
838 979
838 853
838 958
838 807
838 666
838 506
979 853
979 958
979 807
979 469
979 666
979 481
979 506
853 958
853 807
958 807
958 469
958 666
958 481
958 506
807 469
807 666
807 481
807 506
469 666
666 481
20:
765 941
765 975
765 872
765 886
765 375
765 670
941 975
941 872
941 886
941 375
941 670
975 872
975 886
975 375
975 670
872 375
886 670
375 670
21:
961 977
961 997
961 787
961 388
977 997
977 787
977 388
997 787
997 388
787 388
22:
831 952
831 671
831 398
831 637
952 853
952 671
952 398
952 637
853 671
853 398
853 637
671 398
671 637
398 637
23:
931 829
931 993
931 901
931 867
931 414
931 870
829 993
829 901
829 867
829 414
829 870
993 901
993 867
993 414
901 867
901 414
901 870
414 870
24:
641 969
641 920
641 842
641 423
641 681
969 920
969 842
969 423
969 681
920 842
920 423
920 681
842 681
423 681
25:
821 929
821 744
821 758
821 479
929 744
929 758
929 479
744 758
744 479
758 479
26:
929 996
929 963
929 973
929 988
929 933
929 983
929 770
929 722
996 984
996 897
996 963
996 906
996 973
996 988
996 933
996 856
996 983
996 574
996 919
996 523
996 725
996 770
996 536
996 722
984 963
984 906
984 988
984 933
984 983
984 919
984 523
984 725
984 770
984 536
897 963
897 933
897 983
897 770
963 988
963 933
963 983
963 574
963 536
906 988
906 933
906 983
906 919
973 933
973 983
973 574
973 919
973 770
988 933
988 983
988 574
988 725
988 770
933 856
933 983
933 574
933 919
933 523
933 725
933 770
933 536
933 722
856 983
856 725
983 574
983 919
983 523
983 725
983 770
983 536
983 722
574 725
523 725
523 770
725 770
770 536
27:
1000 661
1000 811
1000 820
1000 950
1000 978
661 811
661 820
661 950
661 978
811 820
811 950
811 978
820 978
950 978
28:
808 981
808 994
808 903
808 662
981 994
981 894
981 903
981 662
994 894
994 903
994 662
894 903
894 662
903 662
29:
915 936
915 895
915 987
915 927
915 745
915 700
915 669
936 895
936 987
936 927
936 745
936 700
936 669
895 987
895 745
987 745
987 700
927 745
927 700
927 669
745 700
745 669
700 669
30:
947 985
947 966
947 991
947 894
947 723
947 910
985 966
985 991
985 894
985 723
985 910
966 991
966 894
966 723
966 910
991 894
991 723
991 910
723 910
31:
771 989
771 839
771 997
771 788
771 714
989 839
989 997
989 788
839 997
839 788
839 714
997 788
997 714
788 714
32:
735 905
735 967
735 798
735 862
905 967
905 798
905 862
967 798
967 862
798 862
33:
986 779
986 940
986 993
986 928
779 940
779 993
779 928
940 993
940 928
993 928
34:
907 991
907 882
907 909
907 775
907 828
907 911
991 909
991 775
991 828
991 911
882 909
882 775
882 828
909 775
909 828
775 828
775 911
828 911
35:
980 992
980 974
980 938
980 965
967 992
967 974
967 938
967 965
992 974
992 938
992 965
974 938
974 965
938 965
