# The contained cliques in the communities at k=4
# from G:\Dropbox\Raghda\CNA\Final Project\other methods\CFinder-2.0.6--1448\G:\Dropbox\Raghda\CNA\Final Project\Datasets\binary_networks\LFR6\network_LFR6_Om5.dat
# at no lower link weight threshold,
# and at no upper link weight threshold.
# Links were treated as undirected.
# No time limit was set for the clique search.

0: 4 194 339 440 706 1324 1372 1415 340 341 441 1416 886 883 885 882 701 881 1069 700 964 965 337 884 215 704 705 216 1140 
1: 11 
2: 13 14 343 342 
3: 22 201 804 805 1104 392 735 1105 393 360 
4: 23 24 140 722 224 438 496 497 723 1271 1277 1278 1279 222 223 1275 1280 1282 1283 141 1157 1320 1321 724 471 1274 291 1257 1152 1034 
5: 27 
6: 84 85 829 568 569 570 828 830 1057 167 
7: 96 
8: 104 135 434 1149 1178 1182 1183 1225 433 1180 1181 396 397 1267 1234 1260 1266 1224 1103 
9: 107 1165 528 1163 1164 1317 1316 1161 1162 1228 1229 
10: 113 114 451 484 519 1243 452 453 520 358 1244 128 
11: 131 687 383 686 688 857 382 561 562 
12: 137 
13: 142 406 638 
14: 146 147 729 869 870 682 677 
15: 173 
16: 175 628 
17: 186 
18: 206 409 1030 410 866 867 865 1029 
19: 225 
20: 240 
21: 258 
22: 265 937 891 1054 1055 888 890 892 1369 1056 1428 920 1427 921 1426 1404 
23: 269 
24: 273 274 
25: 286 1300 357 
26: 287 
27: 296 503 504 505 
28: 298 300 1375 1377 1408 315 1347 
29: 317 
30: 327 328 975 976 977 
31: 330 
32: 338 
33: 356 1050 
34: 361 
35: 363 416 
36: 369 370 
37: 385 386 894 
38: 387 388 389 
39: 417 
40: 418 
41: 421 422 
42: 475 476 822 
43: 510 
44: 512 864 
45: 524 612 1066 1187 1239 1240 1241 1242 1345 1346 613 615 619 618 620 621 1068 1067 1218 877 1247 
46: 535 1219 
47: 539 1420 1390 932 1391 933 
48: 542 
49: 558 560 
50: 579 816 1392 
51: 605 
52: 610 
53: 660 
54: 671 
55: 711 712 
56: 737 738 
57: 747 
58: 790 791 812 
59: 821 
60: 839 1080 1077 
61: 901 903 904 905 1383 906 907 1005 1027 1012 1006 1101 1381 
62: 908 
63: 922 923 1348 1349 
64: 955 
65: 991 
66: 998 1213 
67: 1035 
68: 1048 
69: 1076 1296 
70: 1081 
71: 1099 
72: 1130 
73: 1156 
74: 1256 
75: 1263 
76: 1335 
77: 1402 1433 
78: 1405 
