# The links inside the communities at k=4
# from G:\Dropbox\Raghda\CNA\Final Project\other methods\CFinder-2.0.6--1448\G:\Dropbox\Raghda\CNA\Final Project\Datasets\binary_networks\LFR6\network_LFR6_Om5.dat
# at no lower link weight threshold,
# and at no upper link weight threshold.
# Links were treated as undirected.
# No time limit was set for the clique search.

0:
940 704
940 949
940 962
1000 207
1000 341
1000 463
1000 502
1000 518
1000 694
1000 704
1000 767
1000 782
1000 807
1000 837
1000 899
1000 923
1000 949
1000 962
1000 965
1000 987
207 949
207 962
341 949
341 962
463 807
463 837
502 949
502 962
502 440
502 866
518 949
518 962
518 990
694 782
694 807
694 949
704 837
704 949
704 962
704 987
704 425
767 807
767 837
767 949
767 987
767 990
782 807
782 837
782 965
807 837
807 949
807 965
807 990
837 923
837 962
837 990
899 949
899 962
923 949
923 962
949 962
949 965
949 987
949 990
949 440
949 425
949 866
962 965
962 987
962 990
962 440
962 425
962 866
965 987
965 425
987 990
1:
106 611
106 855
106 954
611 855
611 954
855 954
2:
976 439
976 959
976 686
112 439
112 682
112 936
112 959
439 682
439 936
439 959
439 686
682 959
936 959
936 686
959 686
3:
940 935
940 966
940 877
940 513
940 812
410 719
410 935
410 966
124 719
124 935
124 966
719 935
719 966
719 877
719 812
719 452
935 966
935 877
935 698
935 513
935 812
935 452
966 812
877 698
877 812
877 452
698 812
698 452
513 812
4:
923 886
923 956
923 994
923 997
923 833
967 886
967 956
967 953
967 546
987 886
987 994
987 997
987 882
987 898
987 274
907 956
907 994
907 898
907 274
126 724
126 886
126 956
126 994
724 956
724 994
724 679
724 260
886 956
886 994
886 679
886 953
886 997
886 900
886 546
886 963
886 898
886 274
886 564
886 788
886 508
956 994
956 679
956 953
956 997
956 882
956 833
956 546
956 902
956 963
956 260
956 898
956 831
956 274
956 564
956 866
956 508
994 679
994 953
994 997
994 900
994 882
994 833
994 546
994 902
994 963
994 260
994 898
994 831
994 274
994 347
994 564
994 788
994 866
994 508
679 997
679 902
679 347
679 564
953 898
997 898
997 866
900 898
882 898
546 898
546 508
902 898
963 898
963 788
260 898
898 831
898 564
898 508
347 564
5:
13 288
13 727
13 983
288 727
288 983
727 983
6:
965 987
965 879
965 182
965 603
965 733
965 930
965 948
965 800
987 733
987 948
879 182
879 733
879 930
879 961
879 948
879 800
879 65
182 603
182 733
603 733
603 930
603 961
603 948
603 800
733 961
733 948
733 800
930 948
930 800
961 948
961 800
961 65
948 800
800 65
7:
940 992
940 98
940 846
992 98
992 846
98 846
8:
841 968
841 876
841 933
969 968
969 942
969 876
969 844
955 968
955 942
955 844
955 908
955 455
955 503
968 946
968 942
968 865
968 876
968 216
968 844
968 933
968 951
968 253
968 908
968 864
968 866
968 503
946 865
946 876
946 951
942 876
942 844
942 455
865 876
865 933
876 216
876 844
876 933
876 951
876 253
876 813
876 908
876 864
876 866
876 455
876 503
216 844
216 933
844 933
844 253
844 813
844 908
844 864
844 455
844 503
951 908
951 864
951 866
813 864
9:
855 954
855 921
855 835
954 964
954 921
954 858
954 835
954 925
905 921
905 858
905 925
964 835
964 925
966 896
966 921
966 858
966 835
966 925
966 556
953 896
953 921
953 96
953 835
953 925
896 921
896 925
902 921
902 858
902 925
921 858
921 835
921 925
921 556
96 835
96 925
858 835
858 925
835 925
835 556
925 556
10:
911 591
911 990
911 228
911 635
911 897
911 240
911 507
911 578
911 932
911 974
911 869
911 524
591 990
591 635
591 897
591 578
591 974
990 228
990 897
990 578
990 932
990 869
990 524
228 635
228 897
635 897
635 578
635 974
635 524
897 240
897 507
897 578
897 932
897 974
897 869
897 524
240 507
507 974
507 524
578 932
932 974
974 524
11:
677 927
677 969
677 778
677 779
677 753
677 731
927 986
927 969
927 594
927 778
927 779
927 243
927 753
927 731
927 438
927 714
986 594
986 753
986 731
986 714
969 778
594 731
594 438
594 714
778 243
778 753
778 731
778 438
779 753
243 753
753 731
731 438
12:
929 842
929 258
929 948
842 258
842 948
258 948
13:
986 748
986 996
986 666
986 263
986 462
748 996
748 666
748 263
748 462
996 666
996 263
996 462
14:
995 982
995 883
995 687
995 27
995 660
982 883
982 849
982 738
982 660
882 883
882 849
882 738
883 687
883 27
883 849
883 738
883 660
687 27
687 849
687 738
27 849
849 738
738 660
15:
941 662
941 63
941 695
662 63
662 695
63 695
16:
654 878
654 910
654 951
654 78
878 910
878 951
878 78
910 951
951 78
17:
909 975
909 971
909 84
975 971
975 84
971 84
18:
973 985
973 999
973 298
973 872
973 815
973 769
973 885
973 465
973 723
985 872
985 815
985 769
985 723
999 298
999 769
999 885
999 465
298 769
872 769
815 723
769 885
769 465
769 723
885 723
465 723
19:
873 276
873 286
873 607
873 661
276 286
276 607
276 661
286 607
286 661
607 661
20:
727 983
727 997
727 295
983 997
983 295
997 295
21:
817 966
817 858
817 310
966 858
966 310
858 310
22:
761 998
761 952
761 891
761 980
761 848
761 803
996 942
996 952
996 980
996 963
996 961
998 952
998 980
998 908
942 980
942 963
756 980
756 999
756 961
756 773
952 891
952 980
952 999
952 750
952 963
952 961
952 322
952 803
952 908
891 803
980 999
980 750
980 963
980 961
980 848
980 803
980 908
999 961
999 773
999 848
999 803
750 322
750 803
961 773
848 803
322 803
803 908
23:
992 900
992 846
992 326
900 846
900 326
846 326
24:
834 928
834 801
834 981
834 327
928 981
928 327
801 981
801 327
981 327
25:
965 955
965 985
965 887
965 472
965 339
955 985
955 887
955 472
985 887
985 339
887 472
887 339
26:
771 937
771 943
771 342
937 943
937 342
943 342
27:
992 976
992 988
992 830
992 390
992 520
923 976
923 988
923 520
976 988
976 830
976 390
976 520
988 520
830 520
390 520
28:
918 922
918 963
918 978
922 969
922 944
922 963
922 978
922 357
969 944
969 978
969 948
969 399
944 937
944 963
944 978
944 948
944 357
944 399
937 978
937 357
963 978
978 948
978 357
948 399
29:
918 929
918 825
918 400
929 825
929 400
825 400
30:
934 791
934 920
934 882
934 971
934 422
791 920
791 882
791 971
791 880
791 917
791 422
920 882
920 971
920 880
920 917
920 422
880 917
917 422
31:
909 913
909 865
909 423
913 865
913 423
865 423
32:
1000 475
1000 587
1000 782
475 587
475 782
587 782
33:
964 833
964 931
964 453
964 797
833 931
833 453
833 797
931 453
931 797
34:
965 902
965 887
965 449
902 887
902 449
887 449
35:
958 924
958 840
958 473
958 505
958 554
924 840
924 473
924 505
924 554
840 473
840 505
840 554
473 505
505 554
36:
976 959
976 975
976 459
682 959
682 975
682 459
959 975
959 459
975 459
37:
762 912
762 764
762 854
762 441
912 850
912 764
912 854
912 441
850 854
850 441
764 854
854 441
38:
901 860
901 870
901 448
901 490
860 832
860 870
860 448
860 490
832 448
832 490
870 448
448 490
39:
899 893
899 951
899 477
893 951
893 477
951 477
40:
993 910
993 951
993 478
910 951
910 478
951 478
41:
944 978
944 493
944 495
944 517
978 493
978 495
978 517
493 495
493 517
42:
993 946
993 716
993 529
993 939
993 805
946 716
946 529
946 939
946 805
716 529
716 805
529 939
43:
996 977
996 869
996 565
977 869
977 565
869 565
44:
973 928
973 856
973 579
973 723
928 856
928 579
928 723
856 723
579 723
45:
758 938
758 988
758 906
959 938
959 871
959 988
959 979
959 862
959 960
959 906
959 872
938 871
938 988
938 955
938 979
938 862
938 842
938 903
938 931
938 960
938 850
938 906
938 547
938 604
938 796
938 616
871 955
871 903
871 882
871 960
871 850
871 906
871 547
871 604
871 796
988 960
988 906
955 960
955 906
955 616
979 960
979 906
979 872
979 604
979 616
862 906
842 931
842 960
842 796
903 960
903 906
882 960
882 906
882 604
931 796
960 850
960 906
960 547
960 604
960 796
960 616
850 616
906 872
906 547
906 796
796 616
46:
959 862
959 947
959 863
959 559
862 947
862 863
947 863
947 559
863 559
47:
992 967
992 950
992 941
992 998
992 757
992 932
992 573
967 950
967 998
967 573
950 998
950 757
950 932
941 998
941 757
941 932
998 932
998 573
757 932
48:
993 716
993 601
993 582
716 601
716 582
601 582
49:
790 621
790 996
790 715
621 996
621 984
621 715
996 984
996 715
984 715
50:
727 983
727 946
727 932
983 998
983 946
983 622
983 932
998 946
998 932
946 622
946 932
622 932
51:
916 884
916 681
916 606
884 681
884 606
681 606
52:
855 944
855 963
855 592
944 963
944 592
963 592
53:
918 993
918 906
918 667
993 906
993 667
906 667
54:
954 964
954 975
954 659
964 975
964 659
975 659
55:
685 892
685 905
685 982
685 847
892 905
892 982
892 847
905 847
982 847
56:
909 971
909 766
909 708
909 895
971 766
971 708
766 708
766 895
708 895
57:
893 875
893 951
893 684
875 951
875 684
951 684
58:
888 988
888 777
888 998
888 991
888 696
713 988
713 998
713 991
988 777
988 998
988 991
988 696
777 991
777 696
998 991
998 696
991 696
59:
967 734
967 947
967 889
734 947
734 889
947 889
60:
957 806
957 939
957 974
806 890
806 939
806 974
890 729
890 939
890 974
729 939
729 974
939 974
61:
826 989
826 970
826 742
967 989
967 977
967 926
989 970
989 977
989 926
989 742
989 991
989 784
989 961
989 821
970 977
970 926
970 953
970 742
970 991
970 784
970 961
970 821
977 926
977 953
977 742
926 821
953 742
953 991
953 821
742 991
742 931
742 821
991 784
991 931
991 785
991 821
784 961
784 785
784 821
931 785
931 821
785 821
62:
988 953
988 760
988 991
953 760
953 991
760 991
63:
992 909
992 945
992 766
992 913
992 932
909 945
909 766
909 913
909 932
945 766
945 913
766 932
913 932
64:
976 943
976 754
976 824
943 754
943 824
754 824
65:
967 969
967 926
967 783
969 926
969 783
926 783
66:
992 982
992 859
992 941
982 859
982 941
982 794
859 941
859 794
941 794
67:
958 955
958 818
958 788
955 818
955 788
818 788
68:
989 970
989 894
989 797
970 894
970 797
894 797
69:
975 806
975 914
975 910
975 890
806 914
806 890
914 910
914 890
910 890
70:
905 916
905 822
905 974
916 822
916 974
822 974
71:
972 986
972 957
972 820
986 957
986 820
957 820
72:
929 838
929 825
929 948
838 825
838 948
825 948
73:
996 945
996 980
996 831
945 980
945 831
980 831
74:
998 946
998 939
998 868
946 939
946 868
939 868
75:
970 953
970 880
970 961
953 880
953 961
880 961
76:
995 907
995 924
995 937
907 924
907 937
924 937
77:
976 959
976 988
976 942
976 991
959 988
959 991
988 942
988 991
942 991
78:
989 970
989 957
989 939
970 957
970 939
957 939
