# The graph of at k=4
# from G:\Dropbox\Raghda\CNA\Final Project\other methods\CFinder-2.0.6--1448\G:\Dropbox\Raghda\CNA\Final Project\Datasets\binary_networks\LFR6\network_LFR6_Om5.dat
# at no lower link weight threshold,
# and at no upper link weight threshold.
# Links were treated as undirected.
# No time limit was set for the clique search.

0 3 1
0 4 3
0 6 2
0 7 1
0 8 1
0 10 1
0 25 1
0 27 1
0 32 2
0 34 1
0 39 1
1 9 2
1 52 1
1 54 1
2 27 1
2 36 3
2 45 1
2 46 1
2 64 1
2 77 2
3 7 1
3 9 1
3 21 1
4 6 1
4 8 1
4 9 2
4 14 1
4 20 1
4 22 1
4 23 1
4 27 1
4 28 1
4 30 1
4 33 1
4 34 1
4 45 1
4 47 1
4 52 1
4 59 1
4 61 2
4 62 1
4 65 1
4 67 1
4 73 1
4 75 1
4 76 1
5 20 2
5 50 2
6 12 1
6 22 1
6 25 1
6 28 1
6 34 1
6 61 1
6 72 1
6 75 1
7 23 2
7 27 1
7 47 1
7 63 1
7 66 1
8 11 1
8 16 1
8 22 2
8 25 1
8 28 1
8 31 1
8 39 1
8 40 1
8 42 1
8 45 1
8 50 1
8 57 1
8 65 1
8 67 1
8 74 1
8 77 1
9 21 2
9 33 1
9 34 1
9 52 1
9 54 2
9 55 1
9 61 1
9 62 1
9 70 1
9 75 1
10 43 1
10 47 1
10 50 1
10 60 1
10 63 1
10 70 1
11 13 1
11 28 1
11 65 1
11 71 1
12 28 1
12 29 1
12 45 1
12 72 2
13 22 1
13 43 1
13 49 1
13 71 1
13 73 1
14 30 1
14 45 1
14 55 1
14 66 1
14 76 1
15 47 1
15 66 1
16 39 1
16 40 2
16 57 1
16 69 1
17 30 1
17 31 1
17 36 1
17 54 1
17 56 2
17 63 1
17 69 1
18 22 1
18 25 1
18 44 2
18 45 1
20 50 2
22 28 1
22 43 1
22 47 1
22 49 1
22 50 1
22 52 1
22 58 1
22 61 1
22 73 2
22 74 1
22 75 1
22 77 1
23 27 1
23 47 1
23 63 1
23 66 1
24 44 1
25 34 2
25 45 1
25 67 1
26 28 1
26 64 1
26 76 1
27 36 1
27 45 1
27 47 1
27 58 1
27 62 1
27 63 1
27 64 1
27 66 1
27 77 2
28 29 1
28 41 2
28 52 2
28 53 1
28 65 1
28 72 1
28 76 1
29 53 1
29 72 2
30 45 1
30 56 1
30 75 1
31 56 1
31 63 2
33 45 1
33 54 1
33 61 1
33 68 1
35 67 1
35 76 1
36 45 1
36 46 1
36 54 1
36 64 1
36 69 1
36 77 2
37 45 1
39 40 1
39 57 2
40 42 1
40 48 1
40 53 1
40 57 1
40 69 1
41 52 1
42 48 2
42 50 1
42 53 1
42 60 1
42 74 2
42 78 1
43 49 1
43 61 1
43 73 1
45 46 2
45 53 1
45 58 1
45 61 1
45 62 1
45 67 1
45 77 2
46 59 1
46 77 1
47 50 2
47 58 1
47 59 1
47 61 1
47 63 2
47 65 1
47 66 2
47 74 1
48 53 1
49 73 1
50 58 1
50 63 1
50 74 2
51 70 1
54 69 1
55 66 1
55 70 1
56 63 2
58 61 1
58 62 2
58 74 1
58 77 2
59 61 1
59 65 1
60 69 2
60 70 1
60 71 1
60 74 1
60 78 2
61 62 2
61 65 2
61 68 2
61 75 3
61 77 1
61 78 2
62 75 1
62 77 2
63 66 1
63 73 1
64 77 1
68 75 1
68 78 2
71 78 1
74 78 1
75 78 1
