# The links inside the communities at k=5
# from G:\Dropbox\Raghda\CNA\Final Project\other methods\CFinder-2.0.6--1448\G:\Dropbox\Raghda\CNA\Final Project\Datasets\binary_networks\LFR4\network_LFR4_Om6.dat
# at no lower link weight threshold,
# and at no upper link weight threshold.
# Links were treated as undirected.
# No time limit was set for the clique search.

0:
1000 527
1000 616
1000 76
1000 930
1000 973
527 616
527 76
527 930
527 973
527 936
616 76
616 930
616 973
616 936
76 930
930 973
930 936
973 936
1:
941 860
941 933
941 948
941 769
941 479
995 107
995 860
995 933
995 948
995 990
995 769
107 860
107 933
107 948
860 933
860 948
860 769
860 479
933 948
933 990
933 769
933 479
948 990
948 769
948 479
990 769
769 479
2:
925 940
925 969
925 997
925 904
925 737
129 679
129 940
129 969
129 997
679 940
679 969
679 997
679 952
679 367
679 447
679 563
679 737
940 969
940 997
940 904
940 952
940 478
940 367
940 447
940 563
940 737
969 997
969 904
969 952
969 478
969 367
969 447
969 563
969 737
997 367
997 737
904 737
952 563
952 737
478 563
478 737
447 563
447 737
563 737
3:
989 993
989 994
989 138
989 870
993 994
993 138
993 870
994 138
994 870
138 870
4:
961 999
961 145
961 589
961 963
961 219
999 145
999 589
999 963
999 219
145 589
145 963
589 963
589 219
963 219
5:
1000 714
1000 889
1000 896
1000 911
1000 918
1000 960
1000 995
1000 996
714 889
714 896
714 911
714 918
714 960
714 995
714 996
714 939
714 46
889 896
889 911
889 918
889 960
889 995
889 996
889 939
889 46
896 911
896 918
896 960
896 995
896 996
896 939
896 46
960 995
960 996
995 996
995 939
995 46
996 939
6:
943 993
943 778
943 894
943 47
993 778
993 894
993 47
778 894
778 47
894 47
7:
857 984
857 928
857 999
857 610
857 879
857 971
857 901
857 981
857 550
857 814
857 719
857 70
984 928
984 610
984 879
984 901
984 814
984 719
928 999
928 610
928 879
928 971
928 901
928 550
928 814
928 719
928 70
999 879
999 901
999 550
999 814
999 719
610 879
610 901
610 814
610 719
879 971
879 901
879 981
879 550
879 814
879 719
971 901
971 814
971 719
901 981
901 550
901 814
901 719
901 70
981 814
981 719
550 814
814 719
814 70
8:
917 254
917 736
917 739
917 905
254 736
254 739
254 905
736 739
736 905
739 905
9:
979 973
979 900
979 927
979 283
973 900
973 927
973 283
900 927
900 283
927 283
10:
977 914
977 824
977 793
977 651
977 767
914 936
914 824
914 793
914 968
914 317
914 651
914 767
936 824
936 793
936 767
824 793
824 968
824 317
824 651
824 767
793 968
793 317
793 651
793 767
968 651
968 767
317 651
317 767
651 767
11:
759 981
759 968
759 330
759 710
759 811
981 968
981 710
981 811
968 330
968 710
968 811
330 710
330 811
710 811
12:
998 975
998 884
998 983
998 981
998 349
998 766
998 890
998 702
975 983
975 766
975 890
975 702
884 349
884 766
884 890
983 349
983 766
983 890
981 766
981 890
981 702
349 766
349 890
766 890
766 702
890 702
13:
988 686
988 792
988 975
988 386
686 792
686 975
686 386
792 975
792 386
975 386
14:
996 997
996 846
996 971
996 877
996 932
996 734
997 846
997 877
997 932
997 734
997 473
846 971
846 877
846 932
846 734
846 473
971 877
971 932
877 932
877 473
932 734
932 473
15:
972 982
972 991
972 757
972 924
972 430
982 991
982 757
982 924
982 430
991 757
991 924
757 924
757 430
924 430
16:
997 497
997 804
997 461
997 985
497 804
497 461
497 985
804 461
804 985
461 985
17:
972 975
972 983
972 874
972 395
975 913
975 983
975 874
975 395
913 983
913 874
913 395
983 874
983 395
874 395
18:
886 955
886 935
886 837
886 502
886 717
955 837
955 502
955 717
935 837
935 502
935 717
837 502
837 717
502 717
19:
986 999
986 849
986 446
986 489
986 612
986 506
986 540
999 849
999 506
999 540
849 446
849 489
849 612
849 506
849 540
446 489
446 612
489 612
489 506
489 540
612 506
612 540
506 540
20:
979 1000
979 551
979 695
979 977
1000 551
1000 695
1000 977
551 695
551 977
695 977
21:
982 990
982 953
982 645
982 992
982 544
990 953
990 645
990 992
990 544
953 645
953 992
953 544
645 544
992 544
22:
979 977
979 921
979 970
979 617
979 711
979 798
977 975
977 921
977 970
977 992
977 711
977 798
975 921
975 970
975 617
975 798
921 970
921 978
921 992
921 484
921 617
921 640
921 711
921 798
970 978
970 992
970 484
970 617
970 640
970 711
970 798
978 640
978 711
978 798
992 640
992 711
992 798
484 617
484 640
484 711
484 798
617 640
617 798
640 711
640 798
711 798
23:
761 980
761 773
761 856
761 556
980 773
980 856
980 556
773 856
773 556
856 556
24:
987 958
987 990
987 903
987 580
958 990
958 903
958 580
990 903
990 580
903 580
25:
957 836
957 947
957 964
957 990
957 829
996 836
996 947
996 964
996 990
996 829
836 947
836 964
836 990
836 829
947 964
947 990
947 829
964 990
964 829
990 829
26:
982 978
982 968
982 841
982 787
982 595
978 968
978 841
978 787
978 595
968 841
968 595
841 787
841 595
787 595
27:
1000 684
1000 704
1000 872
1000 899
684 704
684 872
684 899
704 872
704 899
872 899
28:
1000 716
1000 826
1000 925
1000 993
716 826
716 925
716 993
826 925
826 993
925 993
29:
943 920
943 985
943 927
943 820
943 721
920 985
920 820
920 721
985 927
985 820
985 721
927 820
927 721
820 721
30:
988 989
988 993
988 994
988 708
989 993
989 994
989 708
993 994
993 708
994 708
31:
979 780
979 929
979 797
979 938
780 929
780 797
780 938
929 797
929 938
797 938
32:
906 988
906 833
906 850
906 777
988 982
988 999
988 983
988 833
988 850
988 777
946 982
946 983
946 833
946 786
946 850
982 983
982 833
982 786
982 850
982 777
999 833
999 850
999 777
983 833
983 850
983 777
833 786
833 850
833 777
786 850
786 777
850 777
33:
1000 872
1000 878
1000 899
1000 941
872 878
872 899
872 941
878 899
878 941
899 941
