# The communities at k=5
# from G:\Dropbox\Raghda\CNA\Final Project\other methods\CFinder-2.0.6--1448\G:\Dropbox\Raghda\CNA\Final Project\Datasets\binary_networks\LFR4\network_LFR4_Om6.dat
# at no lower link weight threshold,
# and at no upper link weight threshold.
# Links were treated as undirected.
# No time limit was set for the clique search.

0: 1000 527 616 76 930 973 936 
1: 941 995 107 860 933 948 990 769 479 
2: 925 129 679 940 969 997 904 952 478 367 447 563 737 
3: 989 993 994 138 870 
4: 961 999 145 589 963 219 
5: 1000 714 889 896 911 918 960 995 996 939 46 
6: 943 993 778 894 47 
7: 857 984 928 999 610 879 971 901 981 550 814 719 70 
8: 917 254 736 739 905 
9: 979 973 900 927 283 
10: 977 914 936 824 793 968 317 651 767 
11: 759 981 968 330 710 811 
12: 998 975 884 983 981 349 766 890 702 
13: 988 686 792 975 386 
14: 996 997 846 971 877 932 734 473 
15: 972 982 991 757 924 430 
16: 997 497 804 461 985 
17: 972 975 913 983 874 395 
18: 886 955 935 837 502 717 
19: 986 999 849 446 489 612 506 540 
20: 979 1000 551 695 977 
21: 982 990 953 645 992 544 
22: 979 977 975 921 970 978 992 484 617 640 711 798 
23: 761 980 773 856 556 
24: 987 958 990 903 580 
25: 957 996 836 947 964 990 829 
26: 982 978 968 841 787 595 
27: 1000 684 704 872 899 
28: 1000 716 826 925 993 
29: 943 920 985 927 820 721 
30: 988 989 993 994 708 
31: 979 780 929 797 938 
32: 906 988 946 982 999 983 833 786 850 777 
33: 1000 872 878 899 941 
