# The communities at k=3
# from G:\Dropbox\Raghda\CNA\Final Project\other methods\CFinder-2.0.6--1448\G:\Dropbox\Raghda\CNA\Final Project\Datasets\binary_networks\LFR6\network_LFR6_Om5.dat
# at no lower link weight threshold,
# and at no upper link weight threshold.
# Links were treated as undirected.
# No time limit was set for the clique search.

0: 1 918 940 992 677 728 834 973 700 857 995 1000 190 207 267 301 341 358 403 431 463 475 502 518 526 537 587 596 6 610 614 615 665 683 693 694 704 758 767 782 807 817 826 837 839 899 923 949 962 965 967 972 987 598 672 901 989 618 790 922 911 927 909 583 106 611 845 855 954 654 804 986 417 644 879 934 748 867 950 976 591 761 792 904 133 689 112 439 682 936 959 557 762 780 841 938 115 650 791 819 920 969 970 993 410 717 871 928 621 907 119 485 685 718 892 747 888 912 996 705 594 878 905 964 982 859 977 124 719 935 966 521 778 126 724 886 956 994 795 975 779 129 713 957 988 13 288 727 983 990 806 893 131 798 570 602 852 914 958 926 955 979 581 777 702 941 968 137 838 138 856 998 430 619 751 877 14 679 953 919 141 875 944 143 946 997 488 566 781 145 862 842 786 916 924 148 903 942 519 822 847 745 900 647 152 882 9 742 760 416 971 156 384 649 734 752 827 555 915 159 663 712 910 756 945 952 716 161 853 985 162 671 991 776 164 544 787 884 166 766 913 167 865 168 891 169 225 17 256 457 829 783 883 172 896 666 890 208 175 737 833 176 675 980 178 763 880 179 799 18 552 180 546 794 181 678 725 902 182 603 733 183 749 874 624 757 186 187 636 894 188 454 771 937 984 732 784 999 298 476 674 440 191 609 840 643 736 943 195 687 814 931 453 198 930 98 561 832 729 809 200 601 887 686 204 750 963 206 759 593 960 818 830 876 917 622 540 978 921 961 216 844 933 217 96 843 947 220 773 221 529 850 472 951 41 889 228 635 897 54 735 231 730 85 234 353 797 236 808 238 793 24 698 240 507 851 858 242 243 753 510 802 245 563 772 939 498 248 657 249 513 820 252 740 906 253 580 354 948 259 774 260 898 542 764 263 620 425 872 266 449 578 655 831 269 27 849 531 835 273 366 274 451 691 278 932 637 863 28 627 280 467 765 473 285 715 881 383 289 361 801 625 848 785 295 374 296 815 925 297 525 769 3 981 300 626 821 302 569 303 428 306 482 536 474 372 813 870 309 726 310 846 312 711 314 595 708 743 322 803 323 617 325 88 326 623 327 329 836 404 331 332 908 854 653 974 336 337 339 731 342 386 538 345 577 703 347 564 648 864 369 560 768 390 459 550 357 359 754 824 362 364 442 652 812 770 584 789 387 869 775 527 381 709 392 39 684 520 471 681 662 868 394 861 788 399 606 40 639 800 811 599 443 866 895 680 415 588 419 420 885 422 423 427 429 43 434 562 673 437 447 565 438 44 441 579 667 597 816 80 721 5 690 83 452 455 456 464 95 651 739 460 641 722 746 810 461 823 462 549 465 489 723 669 645 512 738 505 701 477 478 49 571 493 495 517 592 676 75 497 499 532 640 503 659 554 506 524 508 511 755 528 547 692 720 535 65 82 548 556 604 55 551 553 559 805 97 714 796 697 573 582 586 605 710 616 63 695 638 642 646 78 660 99 668 68 699 688 696 73 91 8 84 90 
1: 102 271 922 
2: 122 707 982 
3: 838 140 919 
4: 157 432 827 
5: 587 749 196 
6: 983 2 219 
7: 828 736 23 
8: 855 941 237 
9: 933 257 664 
10: 918 962 929 905 798 838 842 827 896 825 600 258 948 270 848 981 908 400 
11: 993 924 29 
12: 901 781 860 832 735 870 448 490 77 
13: 324 994 617 
14: 979 860 232 
15: 996 317 630 981 
16: 752 873 851 276 286 607 661 726 711 395 720 697 
17: 924 947 277 
18: 828 308 870 
19: 981 321 656 
20: 806 325 492 
21: 345 577 703 
22: 637 424 599 
23: 712 865 375 
24: 526 993 376 
25: 959 555 401 
26: 919 405 811 
27: 491 877 813 
28: 867 919 498 
29: 980 628 486 
30: 881 460 746 
31: 590 534 720 
32: 798 984 541 
33: 915 539 813 
34: 894 802 629 
35: 626 816 796 
36: 929 836 638 
37: 959 706 889 801 744 
38: 972 799 674 
39: 837 853 697 
40: 875 776 895 
41: 973 845 947 
