# The links inside the communities at k=3
# from G:\Dropbox\Raghda\CNA\Final Project\other methods\CFinder-2.0.6--1448\G:\Dropbox\Raghda\CNA\Final Project\Datasets\binary_networks\LFR6\network_LFR6_Om5.dat
# at no lower link weight threshold,
# and at no upper link weight threshold.
# Links were treated as undirected.
# No time limit was set for the clique search.

0:
1 918
1 940
1 992
918 992
918 922
918 993
918 787
918 601
918 963
918 978
918 906
918 667
918 495
918 535
940 992
940 995
940 704
940 767
940 949
940 962
940 996
940 935
940 966
940 877
940 164
940 787
940 183
940 984
940 930
940 98
940 887
940 217
940 889
940 513
940 846
940 314
940 812
940 511
940 573
992 967
992 909
992 950
992 976
992 705
992 964
992 982
992 859
992 988
992 941
992 998
992 900
992 734
992 945
992 884
992 766
992 913
992 757
992 98
992 830
992 917
992 231
992 808
992 932
992 846
992 743
992 326
992 623
992 390
992 709
992 520
992 456
992 511
992 55
992 573
677 927
677 969
677 778
677 779
677 624
677 753
677 731
677 714
728 985
728 894
728 238
728 793
834 683
834 928
834 801
834 981
834 327
834 332
973 928
973 581
973 856
973 619
973 745
973 161
973 853
973 985
973 999
973 298
973 872
973 531
973 815
973 769
973 527
973 885
973 579
973 722
973 465
973 489
973 723
700 855
700 678
700 963
700 872
700 701
857 996
857 977
857 966
857 953
857 756
857 883
857 980
857 874
857 736
857 773
857 835
995 954
995 907
995 705
995 982
995 975
995 990
995 893
995 781
995 924
995 903
995 156
995 734
995 884
995 891
995 256
995 883
995 175
995 937
995 687
995 931
995 850
995 951
995 889
995 808
995 252
995 740
995 354
995 27
995 560
995 419
995 571
995 755
995 97
995 642
995 660
1000 190
1000 207
1000 267
1000 301
1000 341
1000 403
1000 431
1000 463
1000 475
1000 502
1000 518
1000 526
1000 537
1000 587
1000 6
1000 615
1000 665
1000 683
1000 693
1000 694
1000 704
1000 767
1000 782
1000 807
1000 826
1000 837
1000 899
1000 923
1000 949
1000 962
1000 965
1000 967
1000 972
1000 987
190 962
190 440
207 949
207 962
207 752
267 665
267 837
301 962
341 475
341 949
341 962
358 996
358 952
403 463
403 767
403 962
431 972
431 988
463 807
463 837
475 587
475 782
502 949
502 962
502 440
502 866
518 949
518 962
518 859
518 990
518 853
526 807
537 837
537 949
537 866
587 704
587 782
596 983
596 746
6 615
6 807
6 962
610 878
610 946
610 960
614 978
614 851
615 990
615 903
665 986
665 970
665 945
665 917
683 949
683 964
683 990
683 979
683 327
683 653
693 962
693 990
693 784
693 821
694 782
694 807
694 826
694 949
694 167
694 868
704 837
704 949
704 962
704 987
704 425
758 927
758 986
758 938
758 988
758 906
758 774
767 807
767 837
767 949
767 987
767 996
767 990
767 137
767 183
782 807
782 837
782 899
782 965
782 944
782 167
782 868
807 837
807 949
807 965
807 990
807 137
807 183
817 950
817 966
817 886
817 956
817 941
817 968
817 844
817 858
817 310
817 653
817 429
817 695
826 962
826 989
826 970
826 852
826 914
826 742
826 890
826 840
826 554
826 720
837 923
837 962
837 859
837 990
839 922
839 904
839 964
839 141
839 875
839 985
839 984
839 930
839 963
839 948
839 823
839 669
839 592
839 90
899 949
899 962
899 618
899 922
899 780
899 893
899 944
899 915
899 984
899 609
899 951
899 981
899 908
899 770
899 669
899 477
923 949
923 962
923 976
923 912
923 886
923 956
923 994
923 988
923 998
923 997
923 910
923 891
923 890
923 833
923 179
923 854
923 520
923 692
949 962
949 965
949 987
949 990
949 752
949 853
949 440
949 425
949 866
949 692
962 965
962 987
962 859
962 990
962 440
962 425
962 866
965 987
965 879
965 996
965 955
965 971
965 555
965 985
965 902
965 182
965 603
965 733
965 930
965 887
965 963
965 933
965 472
965 948
965 425
965 449
965 870
965 974
965 339
965 800
965 551
967 987
967 989
967 950
967 969
967 907
967 977
967 966
967 886
967 956
967 926
967 998
967 953
967 384
967 734
967 783
967 546
967 187
967 636
967 947
967 889
967 730
967 331
967 662
967 497
967 805
967 573
972 986
972 936
972 959
972 888
972 713
972 957
972 988
972 786
972 971
972 915
972 853
972 985
972 776
972 884
972 17
972 732
972 943
972 820
972 881
972 482
972 864
972 824
972 362
972 789
972 673
972 597
972 641
972 722
972 810
972 755
987 934
987 936
987 993
987 886
987 994
987 975
987 957
987 990
987 997
987 882
987 985
987 733
987 601
987 793
987 772
987 948
987 898
987 274
987 474
987 309
987 337
598 964
598 659
672 904
672 978
672 588
901 950
901 982
901 757
901 24
901 698
901 851
901 812
901 690
989 976
989 792
989 936
989 970
989 977
989 957
989 926
989 838
989 751
989 742
989 991
989 894
989 984
989 784
989 961
989 850
989 735
989 797
989 939
989 872
989 300
989 821
989 870
989 44
989 721
989 676
989 638
618 993
618 951
618 323
790 934
790 621
790 996
790 859
790 977
790 752
790 715
790 437
790 447
922 969
922 958
922 141
922 944
922 169
922 930
922 963
922 978
922 981
922 908
922 357
922 709
922 746
922 823
911 591
911 990
911 749
911 228
911 635
911 897
911 240
911 507
911 578
911 932
911 974
911 869
911 524
911 720
927 986
927 969
927 594
927 778
927 779
927 856
927 924
927 900
927 874
927 624
927 243
927 753
927 731
927 438
927 714
909 970
909 717
909 975
909 971
909 945
909 166
909 766
909 913
909 865
909 799
909 917
909 932
909 708
909 895
909 885
909 423
909 84
583 954
583 957
583 820
106 611
106 845
106 855
106 954
611 845
611 855
611 954
845 902
845 835
845 925
845 550
855 954
855 950
855 990
855 944
855 891
855 896
855 890
855 963
855 921
855 835
855 974
855 592
954 557
954 718
954 964
954 975
954 957
954 998
954 752
954 945
954 787
954 809
954 921
954 858
954 563
954 831
954 835
954 925
954 743
954 974
954 434
954 659
654 878
654 602
654 910
654 951
654 78
804 852
804 914
804 998
804 942
804 915
804 910
804 172
804 729
804 325
804 415
986 748
986 682
986 996
986 594
986 719
986 935
986 957
986 924
986 915
986 985
986 666
986 937
986 917
986 921
986 698
986 242
986 753
986 820
986 263
986 451
986 627
986 3
986 726
986 653
986 731
986 597
986 816
986 83
986 462
986 714
417 998
417 952
417 729
644 970
644 991
644 960
644 925
644 846
644 43
644 556
879 747
879 182
879 733
879 930
879 961
879 948
879 800
879 65
879 688
934 791
934 920
934 907
934 882
934 971
934 749
934 984
934 897
934 715
934 974
934 864
934 422
934 562
748 996
748 162
748 671
748 666
748 263
748 3
748 462
748 646
867 956
867 994
867 975
867 847
867 609
867 930
867 832
867 863
867 846
867 816
867 559
950 982
950 998
950 827
950 891
950 18
950 552
950 794
950 757
950 186
950 832
950 808
950 851
950 772
950 932
950 662
950 429
950 456
950 695
976 761
976 904
976 439
976 959
976 975
976 988
976 926
976 942
976 945
976 991
976 890
976 943
976 686
976 830
976 961
976 735
976 785
976 306
976 372
976 390
976 459
976 754
976 824
976 442
976 520
976 816
976 499
976 528
591 990
591 635
591 897
591 578
591 974
761 998
761 945
761 952
761 891
761 980
761 220
761 848
761 803
792 983
792 143
792 984
792 931
792 939
792 908
792 796
904 936
904 993
904 977
904 988
904 971
904 874
904 894
904 198
904 930
904 978
904 236
904 881
904 297
904 5
904 805
904 660
133 914
133 958
689 915
689 937
689 849
689 738
112 439
112 682
112 936
112 959
439 682
439 936
439 959
439 686
682 959
682 975
682 459
682 816
936 959
936 888
936 713
936 957
936 856
936 742
936 915
936 985
936 896
936 784
936 686
936 849
936 785
936 805
936 660
936 696
959 938
959 871
959 975
959 988
959 979
959 862
959 847
959 991
959 999
959 686
959 960
959 947
959 906
959 580
959 872
959 863
959 459
959 359
959 381
959 499
959 559
557 945
557 787
557 788
762 912
762 786
762 745
762 764
762 854
762 441
762 512
780 485
780 892
780 893
780 684
841 928
841 968
841 963
841 876
841 933
841 464
841 810
841 692
938 871
938 988
938 955
938 979
938 862
938 842
938 903
938 880
938 902
938 931
938 960
938 850
938 906
938 259
938 303
938 528
938 547
938 548
938 604
938 796
938 616
938 91
115 650
115 791
115 819
115 920
650 819
650 971
650 885
791 920
791 882
791 971
791 880
791 917
791 939
791 422
791 688
819 920
819 152
819 971
819 178
819 814
819 963
819 885
819 422
819 697
920 152
920 882
920 971
920 787
920 178
920 880
920 749
920 814
920 963
920 917
920 788
920 885
920 422
969 778
969 886
969 926
969 968
969 944
969 942
969 900
969 991
969 783
969 732
969 876
969 978
969 844
969 948
969 848
969 404
969 399
969 639
969 669
969 592
969 75
969 497
969 805
970 977
970 957
970 926
970 953
970 875
970 742
970 945
970 991
970 880
970 894
970 784
970 961
970 850
970 797
970 939
970 821
970 869
970 811
970 676
970 755
993 946
993 145
993 862
993 910
993 716
993 874
993 894
993 809
993 200
993 601
993 759
993 221
993 529
993 951
993 939
993 906
993 691
993 323
993 667
993 478
993 535
993 805
993 582
410 719
410 935
410 966
717 885
871 955
871 751
871 903
871 882
871 829
871 960
871 850
871 906
871 259
871 547
871 604
871 796
928 966
928 926
928 968
928 856
928 853
928 991
928 913
928 783
928 844
928 951
928 730
928 765
928 881
928 981
928 327
928 579
928 455
928 723
928 68
621 996
621 752
621 984
621 715
621 437
907 977
907 956
907 994
907 924
907 971
907 937
907 898
907 274
907 331
907 668
119 485
119 685
119 718
119 892
485 892
485 982
485 893
685 892
685 905
685 982
685 847
685 725
685 691
685 285
718 892
718 912
718 847
718 945
718 913
718 932
892 905
892 982
892 847
892 725
892 809
892 691
892 285
747 800
888 129
888 988
888 777
888 702
888 998
888 997
888 786
888 991
888 864
888 810
888 586
888 696
912 745
912 647
912 945
912 763
912 179
912 799
912 759
912 850
912 764
912 815
912 854
912 441
912 512
912 640
996 977
996 979
996 942
996 971
996 915
996 945
996 952
996 162
996 666
996 176
996 980
996 984
996 736
996 963
996 917
996 961
996 773
996 263
996 620
996 831
996 715
996 848
996 726
996 312
996 623
996 864
996 869
996 565
996 462
705 734
705 884
705 231
705 573
594 779
594 731
594 438
594 714
878 795
878 602
878 946
878 827
878 910
878 960
878 951
878 735
878 805
878 78
905 983
905 916
905 822
905 847
905 930
905 622
905 921
905 353
905 858
905 280
905 925
905 974
964 521
964 975
964 958
964 979
964 702
964 430
964 944
964 997
964 781
964 519
964 833
964 931
964 453
964 818
964 978
964 797
964 835
964 925
964 743
964 908
964 653
964 669
964 659
982 859
982 941
982 847
982 883
982 175
982 794
982 809
982 849
982 709
982 419
982 690
982 739
982 461
982 823
982 738
982 660
982 73
859 852
859 914
859 941
859 890
859 794
859 830
859 715
859 676
977 926
977 751
977 14
977 953
977 742
977 971
977 945
977 883
977 636
977 540
977 849
977 848
977 569
977 869
977 885
977 447
977 565
977 660
124 719
124 935
124 966
719 935
719 966
719 877
719 653
719 812
719 452
719 605
935 966
935 795
935 131
935 798
935 602
935 877
935 902
935 917
935 808
935 698
935 513
935 743
935 336
935 812
935 40
935 816
935 452
935 605
966 779
966 602
966 783
966 896
966 208
966 874
966 921
966 933
966 730
966 858
966 753
966 835
966 925
966 310
966 743
966 550
966 812
966 861
966 75
966 497
966 556
521 944
778 243
778 753
778 731
778 438
126 724
126 886
126 956
126 994
724 956
724 994
724 751
724 679
724 900
724 737
724 260
886 956
886 994
886 679
886 953
886 997
886 900
886 546
886 832
886 963
886 898
886 274
886 564
886 788
886 508
956 994
956 679
956 953
956 997
956 882
956 833
956 546
956 902
956 963
956 260
956 898
956 831
956 274
956 564
956 866
956 508
956 586
956 668
994 751
994 14
994 679
994 953
994 997
994 900
994 882
994 737
994 833
994 546
994 902
994 832
994 963
994 260
994 898
994 831
994 274
994 726
994 326
994 347
994 564
994 768
994 788
994 866
994 508
994 99
795 985
795 999
795 951
795 754
795 812
795 506
975 806
975 914
975 997
975 971
975 910
975 884
975 166
975 890
975 930
975 951
975 740
975 295
975 372
975 648
975 459
975 866
975 659
975 528
975 84
779 924
779 933
779 242
779 753
129 713
129 988
713 988
713 998
713 997
713 853
713 991
713 866
713 597
957 806
957 138
957 856
957 752
957 510
957 772
957 939
957 820
957 870
957 309
957 88
957 974
957 337
957 755
988 983
988 777
988 998
988 953
988 942
988 760
988 991
988 884
988 902
988 687
988 960
988 236
988 906
988 278
988 881
988 709
988 520
988 861
988 43
988 55
988 605
988 646
988 696
13 288
13 727
13 983
288 727
288 983
288 383
727 983
727 946
727 997
727 234
727 932
727 295
983 998
983 143
983 946
983 997
983 865
983 749
983 930
983 622
983 234
983 353
983 542
983 932
983 383
983 295
983 374
983 387
983 746
990 903
990 752
990 766
990 963
990 228
990 897
990 657
990 354
990 872
990 578
990 273
990 366
990 932
990 981
990 869
990 895
990 49
990 571
990 524
990 642
806 914
806 926
806 900
806 890
806 939
806 974
893 875
893 951
893 711
893 39
893 684
893 464
893 810
893 645
893 477
131 798
798 877
570 960
570 796
852 914
852 942
852 900
852 915
852 896
852 868
914 958
914 926
914 910
914 890
914 937
914 206
914 85
914 648
958 926
958 955
958 997
958 924
958 663
958 945
958 884
958 937
958 984
958 840
958 818
958 85
958 531
958 473
958 648
958 357
958 788
958 505
958 554
958 82
926 663
926 712
926 884
926 783
926 730
926 981
926 821
926 606
926 885
955 968
955 997
955 942
955 985
955 829
955 894
955 984
955 476
955 887
955 960
955 818
955 844
955 843
955 472
955 793
955 906
955 531
955 848
955 908
955 788
955 455
955 503
955 586
955 616
979 856
979 953
979 566
979 519
979 760
979 891
979 960
979 906
979 872
979 269
979 863
979 626
979 726
979 538
979 345
979 861
979 461
979 823
979 604
979 714
979 616
581 999
581 489
777 997
777 991
777 866
777 696
702 997
941 998
941 827
941 18
941 552
941 180
941 794
941 757
941 186
941 832
941 932
941 392
941 662
941 868
941 739
941 63
941 695
941 73
968 946
968 942
968 865
968 799
968 876
968 540
968 216
968 844
968 933
968 951
968 253
968 848
968 870
968 908
968 864
968 866
968 723
968 503
968 551
838 894
838 784
838 921
838 858
138 856
138 998
856 998
856 874
856 999
856 569
856 577
856 823
856 723
856 714
998 946
998 997
998 916
998 900
998 756
998 952
998 991
998 883
998 172
998 980
998 186
998 191
998 729
998 809
998 54
998 563
998 939
998 932
998 325
998 908
998 387
998 868
998 434
998 701
998 805
998 573
998 695
998 668
998 696
998 73
430 997
430 818
430 797
430 861
619 910
619 759
619 769
751 862
751 906
877 164
877 544
877 808
877 698
877 812
877 452
14 679
14 953
679 997
679 902
679 347
679 564
953 742
953 760
953 991
953 891
953 896
953 880
953 921
953 961
953 96
953 939
953 898
953 835
953 925
953 821
953 302
953 95
953 8
919 985
919 829
919 999
919 593
919 238
919 793
919 627
919 329
919 836
919 861
919 420
141 875
141 944
875 784
875 951
875 785
875 300
875 684
944 916
944 169
944 937
944 984
944 609
944 931
944 930
944 963
944 978
944 948
944 357
944 709
944 399
944 895
944 746
944 669
944 493
944 495
944 517
944 592
944 90
143 946
143 997
946 716
946 865
946 876
946 622
946 529
946 951
946 939
946 691
946 932
946 868
946 701
946 805
997 865
997 749
997 937
997 802
997 939
997 740
997 898
997 542
997 637
997 383
997 295
997 981
997 813
997 908
997 775
997 861
997 866
997 528
997 586
488 960
488 906
566 947
566 863
781 148
781 903
781 931
145 862
862 454
862 771
862 943
862 947
862 951
862 906
862 655
862 863
862 836
862 604
842 931
842 960
842 796
786 764
786 586
916 822
916 884
916 980
916 978
916 249
916 764
916 467
916 854
916 974
916 681
916 399
916 606
916 676
924 937
924 840
924 242
924 473
924 83
924 505
924 554
924 660
148 903
903 552
903 757
903 960
903 657
903 906
903 303
942 991
942 884
942 168
942 980
942 750
942 963
942 876
942 844
942 868
942 455
942 641
519 833
519 345
822 948
822 280
822 467
822 289
822 361
822 801
822 974
847 913
847 381
847 885
847 559
745 985
900 756
900 896
900 890
900 725
900 729
900 898
900 846
900 326
900 639
647 640
152 882
882 883
882 960
882 906
882 898
882 849
882 863
882 823
882 738
882 604
882 688
9 840
9 554
742 991
742 931
742 821
742 721
760 991
760 884
760 902
760 861
416 991
416 895
971 766
971 913
971 176
971 881
971 569
971 312
971 708
971 974
971 680
971 722
971 462
971 699
971 84
156 734
384 850
384 889
649 999
649 722
734 947
734 889
734 808
734 673
827 910
827 180
827 772
555 902
915 883
915 890
915 984
915 849
915 428
915 974
915 415
915 816
159 663
159 712
663 712
663 273
712 273
712 366
910 716
910 891
910 890
910 771
910 943
910 759
910 951
910 764
910 854
910 478
910 640
756 980
756 725
756 999
756 961
756 220
756 773
945 766
945 913
945 980
945 179
945 784
945 773
945 764
945 831
945 623
945 788
952 891
952 176
952 980
952 725
952 999
952 191
952 750
952 963
952 961
952 735
952 981
952 595
952 322
952 803
952 908
952 690
952 701
716 601
716 529
716 805
716 582
161 853
161 985
853 991
853 913
853 769
853 981
853 423
985 17
985 457
985 984
985 732
985 476
985 887
985 217
985 951
985 793
985 898
985 872
985 815
985 769
985 870
985 309
985 314
985 339
985 768
985 362
985 527
985 823
985 723
985 506
162 671
671 666
671 3
671 462
671 553
991 168
991 891
991 883
991 784
991 931
991 930
991 809
991 278
991 881
991 785
991 821
991 870
991 846
991 895
991 680
991 816
991 641
991 696
776 961
776 820
776 885
776 8
164 544
164 787
787 963
787 471
884 643
884 931
884 978
884 681
884 606
884 810
884 646
166 766
166 913
766 932
766 708
766 895
766 885
913 865
913 829
913 799
913 932
913 836
913 895
913 885
913 423
913 699
865 876
865 933
865 939
865 423
168 891
891 757
891 808
891 803
891 695
225 978
225 41
17 256
17 457
256 457
256 354
829 850
829 889
829 627
829 836
829 420
883 874
883 937
883 195
883 687
883 27
883 849
883 869
883 738
883 660
896 890
896 208
896 814
896 930
896 686
896 921
896 925
896 981
896 861
666 623
666 553
666 646
890 937
890 729
890 939
890 974
890 676
890 646
737 943
737 832
737 769
737 754
737 465
833 643
833 931
833 453
833 797
675 917
675 820
675 560
675 869
675 885
980 984
980 999
980 204
980 750
980 963
980 961
980 220
980 735
980 655
980 831
980 625
980 848
980 595
980 803
980 908
980 690
980 739
980 710
980 668
178 880
763 764
880 917
880 961
880 906
880 981
880 95
179 799
799 876
18 552
552 794
552 757
180 794
546 898
546 508
794 808
794 772
794 868
794 394
794 695
181 725
181 902
678 872
725 902
725 887
725 595
902 887
902 921
902 858
902 898
902 449
902 925
902 336
902 812
902 452
182 603
182 733
603 733
603 930
603 961
603 948
603 800
733 961
733 948
733 800
733 688
749 897
874 198
874 569
874 577
757 932
187 636
636 331
894 943
894 931
894 797
894 808
894 793
894 478
894 582
894 638
188 771
188 937
454 947
771 937
771 999
771 943
771 342
771 824
771 652
771 499
937 943
937 206
937 978
937 908
937 342
937 357
937 738
937 646
984 931
984 978
984 266
984 449
984 715
984 314
984 617
984 908
984 703
984 369
984 768
984 789
984 599
984 437
984 80
984 82
984 710
732 497
784 961
784 785
784 821
999 298
999 943
999 204
999 961
999 843
999 773
999 808
999 248
999 531
999 625
999 848
999 297
999 525
999 769
999 803
999 359
999 754
999 420
999 885
999 427
999 579
999 722
999 465
999 506
298 769
674 898
674 564
609 863
840 473
840 673
840 505
840 554
840 720
643 931
736 981
736 864
943 808
943 248
943 306
943 342
943 386
943 754
943 824
943 364
943 442
943 652
943 499
195 687
687 27
687 849
687 709
687 738
814 686
814 765
814 981
931 453
931 818
931 797
931 259
931 785
931 821
931 861
931 796
930 686
930 234
930 948
930 932
930 383
930 846
930 800
930 816
930 688
930 90
98 846
561 921
561 858
832 662
729 939
729 974
809 200
809 939
809 846
809 805
200 601
601 951
601 582
887 217
887 472
887 266
887 449
887 314
887 908
887 339
204 750
204 963
750 655
750 831
750 322
750 803
963 978
963 898
963 872
963 347
963 768
963 471
963 788
963 739
963 701
963 592
963 692
963 697
759 854
593 420
960 850
960 906
960 580
960 43
960 651
960 547
960 548
960 604
960 796
960 616
960 91
818 861
818 788
830 520
830 55
876 216
876 844
876 933
876 951
876 253
876 813
876 908
876 864
876 866
876 455
876 503
917 708
917 869
917 422
622 939
622 932
622 374
622 746
540 849
540 870
978 41
978 851
978 249
978 948
978 617
978 703
978 357
978 895
978 588
978 5
978 823
978 493
978 495
978 517
921 858
921 802
921 835
921 28
921 627
921 296
921 925
921 302
921 428
921 532
921 556
961 773
961 948
961 872
961 981
961 864
961 800
961 811
961 816
961 65
961 8
216 844
216 933
844 933
844 253
844 813
844 870
844 908
844 653
844 864
844 455
844 503
933 551
96 835
96 925
843 793
843 498
843 427
843 506
947 889
947 231
947 655
947 863
947 836
947 538
947 559
220 773
221 529
529 939
850 889
850 854
850 441
850 616
850 660
951 730
951 908
951 864
951 770
951 684
951 866
951 645
951 477
951 478
951 78
41 895
889 231
889 836
889 812
889 673
889 755
889 573
228 635
228 897
635 897
635 578
635 974
635 524
897 240
897 507
897 578
897 932
897 974
897 869
897 524
897 720
54 939
735 78
730 68
234 353
797 870
808 743
808 336
238 793
793 861
793 420
24 698
698 336
698 812
698 452
240 507
507 974
507 524
851 772
851 662
851 493
851 63
858 802
858 835
858 28
858 925
858 310
858 688
243 753
753 731
753 597
510 337
802 813
802 586
245 563
245 939
563 939
563 974
939 88
939 974
939 868
939 582
939 638
939 646
939 688
498 427
513 336
513 812
820 354
820 560
820 885
252 740
740 981
740 775
740 443
906 774
906 872
906 667
906 547
906 796
354 560
948 280
948 289
948 474
948 974
948 399
948 800
948 562
774 801
774 981
260 898
898 831
898 726
898 564
898 508
898 99
764 854
263 620
620 831
872 269
872 769
872 626
872 44
872 579
872 692
266 449
578 932
27 849
849 738
835 925
835 532
835 556
273 366
451 83
932 974
637 775
863 538
863 703
863 823
863 559
863 805
28 627
280 467
467 361
765 981
473 673
473 505
715 565
715 80
881 297
881 525
881 680
881 605
289 361
289 801
361 974
801 981
801 327
801 332
848 525
848 803
785 300
785 821
295 374
296 815
296 925
815 925
815 854
815 723
925 428
925 550
925 549
925 556
925 688
297 525
525 680
769 885
769 465
769 723
981 327
981 864
981 584
981 606
981 443
981 642
300 821
626 604
821 869
428 974
482 722
536 824
536 789
813 864
846 326
711 684
708 895
708 423
322 803
803 908
803 710
617 599
326 623
329 836
836 699
404 639
854 441
854 640
974 864
974 562
974 676
974 524
731 639
731 438
342 386
703 823
347 564
864 673
369 824
369 789
560 97
390 520
359 754
359 824
754 824
824 789
364 442
364 652
812 40
770 684
584 443
869 565
392 662
392 868
39 684
684 810
681 606
681 676
662 63
662 695
868 394
639 438
800 65
866 99
866 696
895 588
895 696
680 722
680 699
588 495
885 723
437 447
579 723
464 810
651 796
460 641
460 722
460 810
641 722
722 810
461 823
549 556
465 489
465 723
645 478
512 640
738 660
505 554
49 571
493 495
493 517
493 592
75 497
755 97
528 547
559 805
796 616
63 695
1:
102 271
102 922
271 922
2:
122 707
122 982
707 982
3:
838 140
838 919
140 919
4:
157 432
157 827
432 827
5:
587 749
587 196
749 196
6:
983 2
983 219
2 219
7:
828 736
828 23
736 23
8:
855 941
855 237
941 237
9:
933 257
933 664
257 664
10:
918 929
918 825
918 400
962 838
962 825
929 905
929 838
929 842
929 896
929 825
929 258
929 948
929 270
929 848
929 908
929 400
905 798
905 825
905 600
905 981
798 825
838 825
838 948
842 258
842 948
842 270
827 825
827 600
896 825
896 908
825 600
825 948
825 848
825 400
600 981
600 400
258 948
948 908
11:
993 924
993 29
924 29
12:
901 860
901 870
901 448
901 490
781 860
781 490
860 832
860 735
860 870
860 448
860 490
860 77
832 448
832 490
735 490
870 448
870 77
448 490
13:
324 994
324 617
994 617
14:
979 860
979 232
860 232
15:
996 317
996 630
317 630
317 981
630 981
16:
752 873
752 661
873 851
873 276
873 286
873 607
873 661
873 726
873 711
873 395
873 720
873 697
851 607
276 286
276 607
276 661
286 607
286 661
607 661
607 720
661 726
661 711
726 395
711 697
17:
924 947
924 277
947 277
18:
828 308
828 870
308 870
19:
981 321
981 656
321 656
20:
806 325
806 492
325 492
21:
345 577
345 703
577 703
22:
637 424
637 599
424 599
23:
712 865
712 375
865 375
24:
526 993
526 376
993 376
25:
959 555
959 401
555 401
26:
919 405
919 811
405 811
27:
491 877
491 813
877 813
28:
867 919
867 498
919 498
29:
980 628
980 486
628 486
30:
881 460
881 746
460 746
31:
590 534
590 720
534 720
32:
798 984
798 541
984 541
33:
915 539
915 813
539 813
34:
894 802
894 629
802 629
35:
626 816
626 796
816 796
36:
929 836
929 638
836 638
37:
959 801
959 744
706 801
706 744
889 801
889 744
801 744
38:
972 799
972 674
799 674
39:
837 853
837 697
853 697
40:
875 776
875 895
776 895
41:
973 845
973 947
845 947
