1	137 
2	41 
3	108 
4	115 
5	28 65 67 96 100 134 
6	15 
7	11 37 63 99 100 114 
8	9 46 75 76 92 126 
9	2 12 40 95 104 112 
10	48 
11	1 27 62 104 112 126 
12	47 61 71 88 95 104 
13	15 34 46 47 55 120 
14	91 
15	10 31 52 108 124 141 
16	19 38 91 115 132 139 
17	24 
18	14 49 51 80 83 134 
19	93 107 114 120 124 129 
20	71 
21	65 
22	136 
23	8 42 74 115 137 140 
24	14 46 56 69 91 104 
25	133 
26	33 
27	39 
28	51 
29	14 24 109 118 124 129 
30	92 
31	12 50 64 74 99 124 
32	8 64 100 115 127 137 
33	12 37 61 93 132 134 
34	140 
35	29 104 119 126 145 147 
36	15 21 53 57 88 116 
37	27 28 35 94 106 122 
38	83 
39	42 54 56 71 87 98 
40	53 69 75 126 136 145 
41	27 43 50 97 118 128 
42	76 
43	4 15 17 62 78 107 
44	14 
45	21 
46	66 
47	38 
48	20 21 38 56 89 139 
49	19 27 31 35 65 137 
50	64 
51	86 
52	48 
53	117 
54	7 
55	136 
56	8 55 101 123 140 143 
57	53 55 60 122 123 126 
58	51 61 90 92 122 126 
59	71 
60	6 
61	7 15 77 89 109 136 
62	77 
63	126 
64	46 
65	97 
66	65 
67	23 27 56 68 72 120 
68	14 110 116 123 135 147 
69	116 
70	38 90 94 115 119 126 
71	48 
72	15 
73	113 
74	37 41 43 114 139 143 
75	7 14 19 25 84 139 
76	27 
77	71 
78	50 109 119 122 134 144 
79	131 
80	31 
81	91 
82	19 28 56 104 116 136 
83	87 
84	80 
85	43 81 84 94 130 139 
86	64 
87	75 
88	4 
89	49 
90	25 71 80 85 119 129 
91	65 
92	39 53 59 69 100 116 
93	83 
94	143 
95	27 94 100 107 111 146 
96	102 
97	20 47 51 53 139 147 
98	76 
99	95 
100	28 
101	26 69 87 120 132 135 
102	139 
103	22 
104	55 65 83 93 139 146 
105	124 
106	43 
107	135 
108	30 46 64 90 116 134 
109	14 53 59 76 89 123 
110	3 15 69 139 142 146 
111	1 14 65 127 132 148 
112	10 55 78 124 136 140 
113	19 
114	125 
115	7 13 27 43 51 92 
116	19 43 58 60 81 111 
117	26 34 90 92 114 139 
118	57 
119	1 36 60 98 115 136 
120	8 38 108 114 115 148 
121	14 75 95 110 123 127 
122	97 
123	94 
124	29 39 56 63 91 92 
125	89 
126	63 89 107 128 134 139 
127	7 14 23 34 101 116 
128	52 
129	31 53 58 90 129 142 
130	52 81 118 123 124 137 
131	28 54 61 74 81 108 
132	31 38 57 80 103 110 
133	19 53 72 83 120 145 
134	72 
135	69 
136	5 26 73 100 140 141 
137	43 
138	5 31 34 69 86 119 
139	29 
140	125 
141	139 
142	124 
143	48 74 113 127 137 144 
144	7 29 43 88 104 116 
145	3 18 47 72 80 106 
146	9 47 74 85 108 130 
147	22 
148	35 64 65 106 115 140 
149	7 25 58 77 92 128 
150	29 34 52 133 134 142 
151	21 69 78 83 94 114 
152	24 27 52 122 134 136 
153	111 
154	29 44 66 74 84 139 
155	25 51 59 82 107 144 
156	1 
157	14 64 79 83 96 133 
158	14 20 38 78 126 133 
159	4 
160	19 39 46 58 82 103 
161	5 60 78 81 97 105 
162	15 28 33 83 131 138 
163	20 48 51 78 117 124 
164	32 
165	92 96 104 118 123 138 
166	126 
167	111 
168	8 14 26 72 102 134 
169	21 38 112 116 119 122 
170	5 
171	55 
172	102 
173	143 
174	49 
175	77 
176	107 
177	53 85 90 101 107 131 
178	107 
179	107 
180	71 72 80 115 142 148 
181	134 
182	30 
183	7 52 67 68 119 137 
184	8 62 90 96 118 134 
185	25 51 77 80 116 139 
186	35 37 43 81 91 140 
187	122 
188	43 
189	13 28 72 80 94 142 
190	9 45 67 80 109 126 
191	12 
192	19 48 71 81 88 143 
193	26 64 69 71 126 141 
194	43 
195	8 44 61 69 80 121 
196	90 
197	15 20 46 110 114 124 
198	43 
199	24 
200	119 
201	39 
202	1 14 19 29 46 130 
203	14 28 32 64 106 134 
204	80 99 104 123 127 140 
205	6 54 88 103 118 139 
206	8 18 40 42 120 147 
207	28 30 41 72 73 143 
208	23 35 43 80 87 111 
209	79 
210	21 
211	71 
212	136 
213	116 
214	42 79 89 91 123 128 
215	41 44 65 83 95 118 
216	14 24 40 55 104 105 
217	43 53 65 68 83 128 
218	29 31 41 64 78 101 
219	6 41 48 73 83 120 
220	27 51 57 100 118 131 
221	33 42 67 92 99 122 
222	80 
223	38 
224	131 
225	146 
226	148 
227	66 
228	2 17 57 105 139 140 
229	64 98 105 115 134 139 
230	107 
231	136 
232	31 41 48 55 71 76 
233	16 48 52 119 136 142 
234	1 72 75 89 97 124 
235	2 
236	98 
237	2 35 65 104 110 141 
238	6 
239	14 51 52 81 108 109 
240	57 
241	29 
242	32 
243	2 101 112 114 127 136 
244	32 38 65 68 89 94 
245	82 120 125 126 137 148 
246	1 31 77 88 114 117 
247	105 
248	21 23 83 84 100 133 
249	26 53 62 69 127 129 
250	14 23 94 121 134 140 
251	17 
252	16 64 67 69 100 129 
253	136 
254	12 
255	147 
256	3 16 43 114 124 139 
257	22 
258	10 
259	18 28 90 96 125 134 
260	22 
261	3 21 27 83 139 142 
262	49 
263	4 
264	19 
265	14 39 64 71 83 141 
266	88 
267	11 27 97 100 116 136 
268	98 
269	114 
270	13 91 112 114 120 126 
271	112 
272	19 36 51 65 106 116 
273	44 89 114 124 143 144 
274	1 38 50 77 100 131 
275	23 
276	83 
277	38 
278	136 
279	12 21 65 100 115 140 
280	3 6 78 81 120 140 
281	26 
282	38 48 61 91 107 147 
283	31 37 97 113 133 148 
284	18 
285	147 
286	9 34 63 90 117 137 
287	23 
288	5 8 82 96 104 119 
289	102 
290	6 8 29 53 108 124 
291	134 
292	13 23 27 39 62 74 
293	13 91 108 118 123 142 
294	55 
295	7 
296	27 32 91 94 126 132 
297	6 8 31 67 75 80 
298	20 
299	22 38 65 87 90 105 
300	6 28 59 72 89 146 
301	103 
302	103 
303	104 
304	1 21 97 114 116 135 
305	146 
306	55 
307	101 
308	97 
309	41 43 48 92 125 141 
310	68 
311	1 11 55 72 101 122 
312	33 
313	98 
314	17 23 64 114 136 140 
315	64 
316	64 
317	39 61 101 116 122 138 
318	43 
319	19 
320	8 69 85 86 136 147 
321	79 
322	116 
323	135 
324	94 
325	20 72 77 87 95 119 
326	21 70 96 100 133 146 
327	65 
328	87 
329	18 31 64 99 139 147 
330	40 
331	60 
332	34 74 98 117 124 137 
333	7 21 53 81 119 134 
334	37 
335	32 34 62 72 124 140 
336	89 
337	1 69 99 100 127 129 
338	5 
339	48 
340	1 
341	10 64 76 109 115 120 
342	80 
343	143 
344	1 
345	102 
346	53 
347	52 
348	1 43 92 99 126 139 
349	83 
350	5 21 23 42 114 136 
351	62 
352	124 
353	13 15 75 80 83 89 
354	9 23 53 62 100 119 
355	14 17 46 81 128 129 
356	147 
357	17 73 77 91 102 110 
358	65 
359	4 6 8 27 75 119 
360	11 15 53 61 88 143 
361	88 
362	3 53 83 114 119 124 
363	46 
364	35 
365	111 
366	75 
367	17 
368	21 27 37 54 73 98 
369	15 31 48 82 112 120 
370	4 
371	11 28 71 74 114 136 
372	74 
373	6 14 51 85 89 92 
374	32 39 54 56 89 104 
375	11 23 35 61 127 137 
376	146 
377	1 14 31 46 94 104 
378	15 31 69 70 76 88 
379	91 111 133 139 140 142 
380	85 
381	3 19 40 61 65 97 
382	10 59 74 82 101 133 
383	87 
384	7 64 65 80 91 106 
385	24 53 69 97 99 118 
386	21 
387	17 26 28 29 94 147 
388	142 
389	22 31 35 42 43 88 
390	104 
391	114 
392	45 61 69 81 111 144 
393	34 
394	139 
395	31 
396	98 
397	92 
398	52 
399	36 44 69 110 132 138 
400	64 
401	43 
402	11 
403	65 71 72 83 139 142 
404	136 
405	31 
406	69 
407	5 9 31 69 137 140 
408	31 59 60 69 118 148 
409	7 
410	123 
411	21 75 111 130 137 145 
412	2 66 74 110 120 140 
413	11 
414	27 95 96 104 118 134 
415	5 
416	6 7 11 34 96 100 
417	70 
418	97 
419	27 43 56 59 68 142 
420	38 47 52 80 85 135 
421	106 
422	16 38 104 107 132 142 
423	32 
424	76 
425	27 61 105 124 134 147 
426	1 18 91 104 142 148 
427	3 7 8 92 137 143 
428	28 59 116 126 134 139 
429	129 
430	5 
431	38 69 96 109 119 140 
432	5 6 13 62 107 109 
433	10 14 43 104 143 147 
434	71 
435	27 66 67 98 116 120 
436	21 
437	73 86 89 94 96 135 
438	21 31 64 68 110 147 
439	36 
440	39 51 70 80 103 147 
441	91 
442	105 
443	3 
444	31 33 69 83 100 140 
445	78 
446	95 
447	46 76 94 119 128 142 
448	7 34 106 116 124 136 
449	122 
450	23 71 93 101 114 124 
451	14 
452	29 
453	50 
454	32 
455	16 77 108 116 123 126 
456	142 
457	32 
458	27 31 65 76 141 146 
459	23 
460	50 
461	48 69 70 78 86 119 
462	8 34 65 119 130 133 
463	6 45 52 88 125 143 
464	100 
465	61 
466	55 60 65 81 132 138 
467	5 14 36 53 54 118 
468	135 
469	56 
470	84 
471	64 96 101 107 120 139 
472	64 
473	16 21 31 62 92 145 
474	38 
475	13 
476	28 45 60 85 96 110 
477	8 46 70 91 100 104 
478	6 30 53 103 114 146 
479	44 87 88 109 132 145 
480	134 
481	5 30 40 55 61 74 
482	38 39 60 68 104 123 
483	34 46 59 104 138 147 
484	4 25 28 41 71 100 
485	70 
486	1 5 6 22 35 89 
487	31 36 77 88 118 148 
488	89 
489	38 
490	28 61 88 90 100 104 
491	14 28 30 64 89 123 
492	83 
493	24 46 65 67 99 119 
494	21 
495	12 
496	26 29 77 95 98 119 
497	3 10 38 43 85 88 
498	21 47 59 72 77 134 
499	127 
500	40 73 88 90 116 147 
501	45 
502	10 19 28 72 94 129 
503	21 38 65 92 99 101 
504	69 70 96 120 135 140 
505	81 
506	10 12 27 60 93 107 
507	1 14 52 75 115 124 
508	17 69 72 100 122 124 
509	51 
510	142 
511	1 26 31 107 115 118 
512	11 
513	18 32 68 88 96 113 
514	32 41 53 71 75 143 
515	105 
516	124 
517	30 83 88 101 113 131 
518	31 90 105 129 132 147 
519	13 22 75 97 134 140 
520	6 14 15 27 50 92 
521	128 
522	3 7 17 30 95 143 
523	60 64 80 81 114 141 
524	12 31 60 68 93 110 
525	138 
526	21 48 53 61 123 126 
527	11 26 31 47 91 119 
528	59 
529	86 
530	22 23 30 114 119 134 
531	23 24 36 88 99 143 
532	41 61 71 119 120 137 
533	39 
534	57 
535	140 
536	84 
537	60 
538	31 39 53 83 94 126 
539	11 
540	5 14 30 43 51 139 
541	90 
542	81 
543	4 14 59 78 113 142 
544	77 
545	1 
546	114 
547	6 11 46 83 109 140 
548	133 
549	34 47 74 78 114 133 
550	133 
551	17 51 72 77 89 144 
552	115 
553	7 25 72 83 88 92 
554	21 85 100 101 118 147 
555	5 21 27 38 43 89 
556	48 
557	6 31 38 69 74 100 
558	58 
559	8 20 22 40 80 81 
560	53 
561	5 50 127 145 146 147 
562	102 
563	25 
564	120 
565	18 53 59 82 97 98 
566	87 
567	32 33 94 96 118 138 
568	109 
569	137 
570	65 
571	124 
572	18 21 31 67 68 129 
573	1 15 59 71 100 131 
574	81 
575	9 48 86 111 136 142 
576	21 88 94 122 130 133 
577	6 21 56 101 129 139 
578	118 
579	1 11 51 129 136 148 
580	28 58 90 115 118 133 
581	31 36 93 124 139 142 
582	9 14 23 102 121 134 
583	57 
584	15 53 61 119 128 136 
585	30 41 43 95 96 105 
586	29 48 54 76 93 98 
587	11 56 76 121 126 144 
588	89 
589	92 
590	135 
591	56 73 77 90 104 128 
592	27 28 29 85 98 146 
593	27 43 66 100 112 133 
594	11 14 23 54 82 140 
595	89 
596	111 
597	104 
598	86 
599	16 57 71 84 98 125 
600	1 43 59 104 126 134 
601	11 32 77 98 99 129 
602	1 64 72 80 92 142 
603	1 51 65 75 88 122 
604	6 19 22 55 62 84 
605	118 
606	133 
607	114 
608	11 28 46 49 54 126 
609	84 
610	43 83 113 120 132 147 
611	88 
612	1 5 8 98 116 139 
613	9 14 30 99 122 140 
614	30 51 75 99 104 140 
615	110 
616	5 15 64 82 83 97 
617	21 49 77 80 82 100 
618	52 
619	53 60 68 91 113 136 
620	18 
621	43 
622	29 31 41 63 69 122 
623	139 
624	1 4 53 104 120 144 
625	94 
626	2 6 30 57 117 137 
627	121 
628	14 96 106 124 133 136 
629	124 
630	1 78 89 125 140 144 
631	4 48 94 129 134 139 
632	1 4 38 46 62 144 
633	21 56 97 123 134 143 
634	115 
635	38 
636	5 21 29 48 80 104 
637	31 64 76 89 92 101 
638	107 
639	4 60 64 85 119 136 
640	124 
641	52 
642	10 12 18 32 108 146 
643	90 
644	40 
645	33 66 76 77 81 133 
646	1 14 29 97 119 120 
647	89 
648	94 
649	14 28 69 83 90 96 
650	125 
651	112 
652	27 31 49 69 105 118 
653	16 19 31 83 94 133 
654	76 
655	11 
656	80 
657	29 
658	47 
659	64 
660	68 
661	78 
662	46 49 64 68 116 131 
663	119 
664	65 
665	51 
666	17 21 54 91 136 139 
667	71 
668	53 
669	17 
670	39 41 49 55 74 138 
671	107 
672	94 
673	25 73 75 134 135 139 
674	7 10 24 100 138 140 
675	134 
676	6 68 80 91 119 136 
677	63 
678	11 14 33 42 113 116 
679	7 15 27 124 140 145 
680	29 53 77 89 119 122 
681	22 27 58 70 83 109 
682	12 37 38 65 68 97 
683	35 
684	91 
685	3 39 71 93 103 119 
686	6 42 83 124 125 137 
687	7 
688	124 
689	11 27 65 130 138 147 
690	32 41 65 113 115 145 
691	1 
692	29 61 63 92 134 139 
693	6 
694	2 25 43 48 66 119 
695	144 
696	10 21 29 69 77 96 
697	3 
698	121 
699	63 
700	6 14 49 64 88 139 
701	39 
702	28 31 94 104 127 145 
703	33 
704	4 5 41 52 120 139 
705	83 
706	29 
707	28 45 79 81 92 128 
708	47 
709	1 6 28 61 74 106 
710	21 
711	69 
712	79 
713	5 80 104 129 132 141 
714	67 116 118 134 135 148 
715	81 
716	85 
717	21 28 29 91 116 134 
718	68 69 91 104 107 134 
719	17 47 50 98 117 133 
720	88 
721	15 18 36 43 91 119 
722	136 
723	59 
724	91 
725	29 
726	6 54 71 83 107 144 
727	3 47 51 61 104 119 
728	1 32 53 68 77 95 
729	22 24 51 83 116 136 
730	27 88 114 124 137 148 
731	44 
732	18 21 38 71 116 144 
733	144 
734	132 
735	14 88 119 126 132 143 
736	1 
737	17 53 62 65 100 123 
738	41 44 75 80 90 139 
739	70 
740	49 
741	92 
742	99 
743	43 66 75 83 87 118 
744	1 37 38 76 89 126 
745	94 
746	23 
747	27 28 42 57 60 66 
748	69 
749	105 
750	1 
751	43 53 57 77 94 146 
752	16 45 48 94 100 133 
753	137 
754	1 17 47 65 90 134 
755	76 88 108 111 126 137 
756	59 
757	33 71 99 119 136 146 
758	74 75 93 110 136 142 
759	122 
760	10 29 38 41 75 81 
761	56 61 72 89 107 113 
762	12 37 93 104 136 139 
763	123 
764	29 
765	29 
766	39 62 65 106 112 140 
767	15 35 38 75 86 133 
768	68 
769	30 
770	89 
771	6 88 110 115 119 143 
772	99 
773	8 13 22 41 46 114 
774	43 96 101 102 133 147 
775	3 19 35 64 134 148 
776	21 71 83 114 129 139 
777	1 4 46 49 130 131 
778	37 
779	51 
780	4 
781	29 33 43 53 117 132 
782	43 55 63 68 87 106 
783	2 34 58 107 113 141 
784	56 83 90 95 126 134 
785	41 
786	5 46 56 59 66 89 
787	4 21 38 108 122 137 
788	124 
789	11 22 127 139 140 147 
790	58 90 100 117 129 134 
791	11 
792	14 29 92 106 124 140 
793	23 80 89 90 107 136 
794	98 
795	7 67 69 90 97 109 
796	18 
797	71 77 108 125 134 147 
798	47 62 64 76 134 135 
799	36 
800	32 35 69 71 94 146 
801	9 
802	4 5 42 104 111 124 
803	28 43 77 100 105 121 
804	26 74 80 102 113 139 
805	139 
806	13 
807	17 46 56 99 117 128 
808	26 
809	3 32 90 94 127 134 
810	83 
811	145 
812	95 
813	47 
814	19 
815	79 
816	4 7 15 69 100 144 
817	43 68 72 87 114 136 
818	14 19 25 64 91 129 
819	130 
820	143 
821	64 78 79 94 97 107 
822	1 18 29 120 135 139 
823	11 29 42 79 103 104 
824	4 64 91 99 118 124 
825	13 27 45 55 79 91 
826	14 38 87 90 116 142 
827	1 7 25 53 111 119 
828	4 6 72 89 106 146 
829	25 46 67 91 124 129 
830	38 
831	99 
832	140 
833	28 
834	38 
835	81 
836	77 
837	117 
838	92 
839	1 65 83 141 147 148 
840	47 55 69 76 100 119 
841	71 
842	105 
843	1 10 40 41 82 83 
844	11 83 90 97 100 141 
845	92 
846	134 
847	46 75 89 90 99 126 
848	75 
849	55 59 82 83 103 143 
850	19 
851	4 65 82 92 116 120 
852	7 
853	89 
854	69 
855	4 28 57 113 135 140 
856	65 
857	7 54 64 67 92 137 
858	140 
859	29 36 43 64 103 144 
860	141 
861	27 38 69 94 102 139 
862	68 
863	14 54 60 80 97 130 
864	1 53 55 98 107 115 
865	8 
866	11 34 79 88 126 135 
867	71 
868	4 
869	6 
870	7 34 53 89 129 132 
871	67 
872	43 
873	23 29 47 69 77 110 
874	30 
875	19 32 38 61 76 85 
876	3 86 88 92 100 113 
877	48 
878	88 
879	8 45 59 74 92 119 
880	3 7 42 88 91 104 
881	6 7 8 15 19 104 
882	71 
883	29 
884	76 
885	69 
886	47 57 113 119 123 133 
887	5 41 73 93 98 142 
888	110 
889	19 
890	38 62 91 108 117 138 
891	7 74 83 89 113 123 
892	64 
893	11 19 121 124 131 135 
894	11 
895	2 7 15 92 136 139 
896	34 43 83 92 99 105 
897	83 90 91 102 129 148 
898	52 53 55 83 90 119 
899	27 
900	46 48 78 115 124 130 
901	14 38 64 71 74 132 
902	22 34 62 96 119 134 
903	6 43 79 92 99 126 
904	20 38 50 67 90 148 
905	28 
906	7 
907	21 31 52 59 114 134 
908	23 
909	10 31 37 115 133 136 
910	119 
911	10 58 75 89 94 113 
912	56 59 62 65 76 104 
913	14 34 42 102 116 136 
914	14 42 87 88 116 140 
915	21 
916	10 26 45 53 61 130 
917	20 25 31 38 46 108 
918	6 14 41 52 75 107 
919	2 9 15 28 71 137 
920	46 
921	4 27 31 47 109 128 
922	126 
923	17 77 88 95 99 119 
924	19 26 29 69 71 126 
925	92 
926	3 8 9 65 68 74 
927	1 71 82 98 101 104 
928	4 6 18 21 48 96 
929	97 
930	51 63 94 108 118 123 
931	12 14 34 83 130 138 
932	46 
933	29 
934	113 
935	59 
936	28 
937	53 64 104 127 142 143 
938	118 
939	14 21 34 74 93 142 
940	115 
941	59 60 71 94 130 145 
942	124 
943	120 
944	69 
945	11 25 28 55 78 104 
946	54 81 82 91 107 125 
947	53 61 90 120 125 134 
948	5 
949	15 46 81 89 90 97 
950	38 89 95 98 133 141 
951	19 
952	27 81 89 96 104 134 
953	15 18 34 60 97 104 
954	69 78 80 89 139 142 
955	25 33 83 96 97 142 
956	104 
957	11 
958	1 14 55 102 122 129 
959	139 
960	99 
961	6 13 15 53 59 106 
962	61 64 75 81 121 147 
963	3 43 67 74 100 111 
964	11 
965	5 7 74 111 117 143 
966	5 34 64 115 130 147 
967	19 
968	10 46 98 101 103 141 
969	8 29 34 46 69 97 
970	1 27 60 105 127 143 
971	27 57 90 113 128 142 
972	97 
973	124 
974	11 56 65 75 120 132 
975	119 
976	43 51 63 76 84 137 
977	137 
978	42 67 74 94 101 119 
979	43 65 76 103 107 139 
980	91 
981	104 
982	120 
983	38 
984	5 
985	64 
986	69 
987	5 
988	1 
989	119 
990	4 6 12 32 58 97 
991	5 38 43 58 92 120 
992	9 16 17 53 109 140 
993	26 56 92 98 129 146 
994	44 56 65 69 93 125 
995	20 49 53 95 111 133 
996	14 23 46 50 69 119 
997	31 44 65 120 121 136 
998	119 
999	14 28 34 91 97 132 
1000	89 
