1	669
1	829
1	915
1	991
2	100
2	316
2	647
2	935
3	640
3	904
3	954
3	962
4	437
4	869
4	950
4	987
5	274
5	564
5	859
5	917
6	129
6	439
6	691
6	859
7	32
7	646
7	837
7	916
8	710
8	761
8	964
8	971
9	435
9	820
9	922
9	991
10	654
10	830
10	947
10	953
11	324
11	777
11	878
11	975
12	541
12	702
12	931
12	983
13	67
13	231
13	493
13	931
14	396
14	423
14	802
14	891
15	394
15	881
15	902
15	945
16	706
16	760
16	968
16	985
17	346
17	465
17	557
17	743
18	428
18	725
18	792
18	976
19	481
19	939
19	968
19	995
20	238
20	766
20	829
20	832
21	643
21	673
21	826
21	952
22	577
22	667
22	736
22	880
23	398
23	621
23	912
23	953
24	457
24	793
24	903
24	949
25	101
25	787
25	813
25	934
26	292
26	856
26	985
26	996
27	708
27	737
27	886
27	952
28	875
28	920
28	972
28	988
29	418
29	649
29	774
29	982
30	164
30	419
30	658
30	853
31	874
31	928
31	951
31	987
32	7
32	840
32	976
32	1000
33	482
33	501
33	810
33	913
34	407
34	738
34	892
34	985
35	410
35	748
35	947
35	969
36	376
36	615
36	798
36	852
37	805
37	819
37	913
37	924
38	578
38	875
38	963
38	975
39	135
39	607
39	767
39	958
39	992
40	398
40	607
40	891
40	989
41	702
41	829
41	915
41	986
42	902
42	933
42	985
42	991
43	592
43	828
43	885
43	929
44	860
44	916
44	948
44	978
45	597
45	707
45	934
45	984
46	229
46	637
46	651
46	924
47	524
47	727
47	743
47	759
48	130
48	905
48	971
48	997
49	475
49	669
49	789
49	944
50	426
50	525
50	695
50	947
51	356
51	453
51	622
51	938
52	430
52	584
52	956
52	969
53	405
53	421
53	817
53	863
54	333
54	388
54	511
54	849
55	319
55	716
55	822
55	965
56	627
56	745
56	785
56	864
56	897
57	614
57	699
57	768
57	949
58	362
58	756
58	771
58	973
59	688
59	899
59	988
59	995
60	495
60	557
60	756
60	793
61	379
61	477
61	549
61	974
62	249
62	434
62	725
62	884
62	902
63	620
63	940
63	971
63	995
64	317
64	947
64	957
64	959
65	348
65	798
65	916
65	959
66	278
66	393
66	554
66	915
67	13
67	235
67	883
67	965
68	396
68	550
68	857
68	988
69	104
69	777
69	962
69	975
70	847
70	947
70	980
70	984
70	993
71	618
71	912
71	915
71	964
72	729
72	841
72	856
72	976
73	294
73	555
73	587
73	640
74	513
74	563
74	788
74	914
75	714
75	804
75	885
75	955
76	393
76	528
76	762
76	948
77	339
77	513
77	853
77	952
78	419
78	445
78	914
78	996
79	749
79	961
79	988
79	998
80	749
80	907
80	918
80	991
81	606
81	660
81	891
81	984
82	247
82	654
82	660
82	783
82	854
83	330
83	734
83	950
83	955
84	809
84	852
84	952
84	986
85	411
85	917
85	934
85	992
86	140
86	472
86	703
86	725
86	920
87	483
87	900
87	921
87	963
88	245
88	578
88	932
88	963
89	347
89	816
89	917
89	923
90	188
90	563
90	865
90	994
91	234
91	734
91	964
91	996
92	699
92	847
92	853
92	975
93	335
93	588
93	678
93	886
94	504
94	729
94	825
94	991
95	549
95	872
95	923
95	942
96	177
96	731
96	897
96	967
97	669
97	950
97	967
97	975
98	508
98	823
98	883
98	886
99	120
99	725
99	968
99	974
100	2
100	890
100	899
100	958
101	25
101	165
101	794
101	992
102	556
102	691
102	840
102	935
103	444
103	849
103	969
103	977
104	69
104	148
104	415
104	738
105	749
105	837
105	957
105	983
106	192
106	541
106	813
106	829
107	269
107	341
107	658
107	795
107	953
108	356
108	936
108	940
108	998
109	113
109	406
109	741
109	989
110	388
110	436
110	636
110	861
111	814
111	900
111	909
111	921
112	829
112	841
112	927
112	981
113	109
113	386
113	741
113	987
114	797
114	851
114	908
114	967
115	488
115	778
115	851
115	980
116	141
116	720
116	874
116	882
117	764
117	932
117	977
117	985
118	875
118	947
118	963
118	979
119	478
119	505
119	709
119	888
120	99
120	706
120	818
120	836
121	299
121	339
121	739
121	920
122	706
122	818
122	877
122	895
123	262
123	304
123	750
123	853
124	284
124	441
124	552
124	853
125	717
125	777
125	901
125	909
126	502
126	559
126	731
126	874
126	935
127	496
127	959
127	977
127	990
128	539
128	842
128	879
128	945
129	6
129	259
129	626
129	991
130	48
130	739
130	857
130	975
131	694
131	964
131	983
131	984
132	756
132	977
132	983
132	997
133	544
133	915
133	983
133	991
134	732
134	789
134	847
134	928
134	977
135	39
135	233
135	870
135	999
136	383
136	671
136	721
136	858
136	978
137	791
137	794
137	809
137	894
137	940
138	302
138	480
138	869
138	984
139	355
139	824
139	958
139	965
140	86
140	328
140	846
140	930
141	116
141	871
141	874
141	969
142	527
142	709
142	785
142	836
143	255
143	660
143	905
143	935
143	983
144	415
144	700
144	816
144	959
145	273
145	407
145	702
145	908
146	218
146	407
146	727
146	786
147	550
147	663
147	680
147	848
148	104
148	798
148	849
148	920
149	245
149	582
149	890
149	991
150	336
150	748
150	783
150	984
151	710
151	899
151	920
151	986
151	994
152	515
152	858
152	903
152	950
152	982
153	183
153	658
153	844
153	874
154	455
154	533
154	716
154	898
155	531
155	652
155	777
155	855
156	755
156	834
156	928
156	998
157	625
157	765
157	862
157	911
158	782
158	859
158	957
158	981
159	549
159	968
159	977
159	996
160	278
160	517
160	603
160	687
161	941
161	989
161	992
161	994
162	289
162	314
162	863
162	989
163	232
163	629
163	679
163	912
164	30
164	189
164	961
164	971
165	101
165	693
165	795
165	916
166	402
166	895
166	973
166	991
167	497
167	679
167	858
167	870
167	976
168	408
168	659
168	863
168	989
169	565
169	676
169	905
169	992
170	280
170	612
170	735
170	974
171	514
171	761
171	789
171	880
172	616
172	653
172	743
172	972
173	708
173	751
173	946
173	966
174	569
174	977
174	983
174	994
175	412
175	761
175	917
175	964
175	966
176	271
176	824
176	846
176	932
177	96
177	339
177	773
177	831
177	930
178	357
178	515
178	942
178	983
179	296
179	565
179	839
179	904
180	594
180	772
180	878
180	942
181	496
181	779
181	800
181	907
181	973
182	575
182	717
182	990
182	991
183	153
183	316
183	915
183	992
184	199
184	611
184	967
184	995
185	566
185	633
185	867
185	924
186	665
186	868
186	942
186	955
187	365
187	435
187	590
187	846
188	90
188	537
188	897
188	989
189	164
189	267
189	796
189	894
190	750
190	761
190	768
190	998
191	200
191	639
191	743
191	947
192	106
192	394
192	923
192	938
193	307
193	413
193	803
193	995
194	635
194	650
194	654
194	883
195	492
195	831
195	868
195	898
196	228
196	242
196	988
196	992
197	583
197	728
197	787
197	987
198	524
198	779
198	850
198	858
198	905
199	184
199	565
199	775
199	905
200	191
200	390
200	508
200	527
201	665
201	730
201	859
201	942
202	940
202	968
202	990
202	998
203	877
203	916
203	971
203	986
203	994
204	481
204	599
204	670
204	680
205	279
205	886
205	988
205	997
206	729
206	841
206	878
206	906
207	627
207	684
207	844
207	976
207	977
208	553
208	757
208	909
208	980
209	530
209	589
209	815
209	907
210	849
210	857
210	917
210	956
211	744
211	795
211	831
211	862
211	922
212	777
212	962
212	975
212	997
213	435
213	437
213	579
213	976
214	619
214	770
214	888
214	937
215	255
215	562
215	983
215	984
216	538
216	805
216	949
216	984
217	515
217	840
217	922
217	982
218	146
218	380
218	815
218	982
219	677
219	969
219	970
219	982
220	808
220	873
220	976
220	998
221	884
221	920
221	929
221	962
222	683
222	950
222	955
222	967
223	529
223	639
223	898
223	996
224	442
224	471
224	479
224	859
224	957
225	719
225	855
225	952
225	960
226	478
226	785
226	830
226	842
227	844
227	905
227	987
227	992
228	196
228	870
228	949
228	964
228	975
229	46
229	285
229	708
229	958
229	993
230	649
230	785
230	874
230	966
230	991
231	13
231	420
231	611
231	947
231	988
232	163
232	861
232	907
232	980
232	995
233	135
233	858
233	880
233	966
233	999
234	91
234	283
234	953
234	968
234	969
235	67
235	527
235	874
235	943
235	972
236	596
236	765
236	847
236	905
236	970
237	274
237	434
237	706
237	910
237	990
238	20
238	499
238	590
238	730
238	841
239	287
239	384
239	951
239	958
239	965
240	367
240	485
240	799
240	819
240	940
241	513
241	568
241	853
241	858
241	987
241	1000
242	196
242	834
242	838
242	841
242	910
243	394
243	906
243	920
243	940
243	955
244	814
244	879
244	921
244	926
244	943
245	88
245	149
245	577
245	884
245	888
245	935
246	265
246	607
246	724
246	798
246	881
247	82
247	383
247	848
247	954
247	964
248	279
248	482
248	495
248	822
248	927
249	62
249	516
249	742
249	848
249	959
250	429
250	728
250	787
250	839
250	987
251	568
251	751
251	767
251	868
251	961
251	966
252	622
252	818
252	846
252	935
252	978
253	327
253	415
253	625
253	866
253	1000
254	342
254	521
254	742
254	921
254	996
255	143
255	215
255	364
255	441
255	1000
256	314
256	698
256	799
256	863
256	901
257	291
257	798
257	904
257	923
257	960
258	494
258	793
258	900
258	921
258	948
259	129
259	471
259	831
259	899
259	944
260	748
260	854
260	935
260	965
260	982
261	275
261	514
261	846
261	990
261	991
262	123
262	429
262	491
262	619
262	888
263	290
263	905
263	924
263	965
263	970
264	520
264	526
264	586
264	792
264	839
265	246
265	754
265	759
265	766
265	987
266	492
266	611
266	810
266	983
266	994
267	189
267	451
267	552
267	884
267	951
268	334
268	730
268	738
268	853
268	896
269	107
269	684
269	885
269	946
269	960
270	386
270	402
270	406
270	741
270	934
271	176
271	387
271	512
271	676
271	969
272	623
272	859
272	964
272	977
272	978
273	145
273	366
273	477
273	563
273	831
274	5
274	237
274	281
274	724
274	860
275	261
275	790
275	797
275	883
275	935
276	651
276	735
276	840
276	953
276	1000
277	606
277	805
277	825
277	954
277	984
278	66
278	160
278	399
278	712
278	759
279	205
279	248
279	626
279	628
279	894
280	170
280	452
280	814
280	912
280	984
281	274
281	310
281	721
281	969
281	970
282	337
282	796
282	893
282	928
282	984
283	234
283	542
283	891
283	905
283	906
284	124
284	817
284	820
284	849
284	977
285	229
285	290
285	908
285	988
285	993
286	731
286	861
286	863
286	909
286	936
287	239
287	449
287	837
287	896
287	966
288	868
288	874
288	875
288	962
288	984
289	162
289	410
289	808
289	858
289	954
290	263
290	285
290	621
290	833
290	856
291	257
291	674
291	798
291	904
291	931
292	26
292	566
292	820
292	955
292	967
293	754
293	936
293	962
293	967
293	971
294	73
294	820
294	898
294	910
294	948
295	533
295	623
295	704
295	750
295	919
296	179
296	650
296	857
296	894
296	976
297	915
297	968
297	971
297	989
297	990
298	300
298	329
298	513
298	977
298	992
299	121
299	848
299	932
299	943
299	964
300	298
300	455
300	828
300	841
300	850
301	377
301	610
301	667
301	737
301	775
302	138
302	505
302	646
302	792
302	873
303	729
303	735
303	858
303	913
303	969
304	123
304	963
304	968
304	971
304	990
305	567
305	793
305	814
305	900
305	921
306	807
306	924
306	937
306	993
306	997
307	193
307	423
307	680
307	928
307	954
308	557
308	839
308	883
308	945
308	949
309	548
309	632
309	880
309	992
309	999
310	281
310	335
310	559
310	561
310	841
311	504
311	775
311	854
311	983
311	991
312	484
312	499
312	777
312	859
312	875
313	601
313	909
313	919
313	943
313	972
314	162
314	256
314	475
314	645
314	931
315	708
315	733
315	736
315	838
315	991
316	2
316	183
316	712
316	821
316	894
317	64
317	405
317	838
317	947
317	959
318	528
318	762
318	868
318	903
318	948
319	55
319	734
319	809
319	887
319	942
320	452
320	700
320	723
320	724
320	999
321	843
321	916
321	939
321	945
321	952
322	335
322	440
322	689
322	813
322	869
323	854
323	858
323	935
323	948
323	982
324	11
324	777
324	957
324	962
324	975
325	607
325	776
325	865
325	989
325	996
326	348
326	572
326	756
326	845
326	945
327	253
327	532
327	625
327	738
327	886
328	140
328	820
328	935
328	950
328	955
329	298
329	543
329	712
329	731
329	905
330	83
330	580
330	782
330	913
330	975
331	566
331	636
331	709
331	758
331	818
331	991
332	352
332	603
332	885
332	955
332	997
333	54
333	378
333	839
333	850
333	956
334	268
334	847
334	858
334	968
334	1000
335	93
335	310
335	322
335	404
335	813
336	150
336	771
336	815
336	845
336	953
337	282
337	484
337	529
337	866
337	987
338	344
338	767
338	818
338	845
338	865
338	923
339	77
339	121
339	177
339	744
339	828
340	402
340	515
340	942
340	980
340	995
341	107
341	448
341	650
341	803
341	832
342	254
342	823
342	878
342	948
342	995
343	354
343	716
343	736
343	919
343	982
344	338
344	630
344	697
344	770
344	936
345	384
345	681
345	827
345	948
345	994
346	17
346	526
346	885
346	977
346	994
347	89
347	653
347	780
347	816
347	903
348	65
348	326
348	530
348	763
348	856
349	491
349	597
349	619
349	899
349	902
350	585
350	822
350	862
350	866
350	980
351	597
351	610
351	962
351	970
351	981
352	332
352	592
352	885
352	955
352	967
353	403
353	712
353	820
353	898
353	916
354	343
354	820
354	871
354	916
354	945
355	139
355	527
355	540
355	541
355	901
356	51
356	108
356	760
356	991
356	992
357	178
357	657
357	865
357	966
357	977
358	361
358	844
358	893
358	957
358	969
358	974
359	665
359	730
359	844
359	864
359	870
360	494
360	767
360	857
360	947
360	962
360	971
361	358
361	476
361	624
361	804
361	988
362	58
362	589
362	932
362	933
362	984
363	602
363	932
363	977
363	993
363	999
364	255
364	506
364	585
364	788
364	1000
365	187
365	831
365	886
365	897
365	935
365	967
366	273
366	450
366	578
366	806
366	973
367	240
367	420
367	884
367	906
367	995
368	539
368	634
368	637
368	676
368	761
369	493
369	892
369	905
369	924
369	975
370	617
370	660
370	848
370	920
370	977
371	387
371	609
371	958
371	987
371	993
372	899
372	941
372	954
372	968
372	992
373	486
373	913
373	951
373	962
373	990
374	919
374	927
374	974
374	986
374	998
375	430
375	798
375	812
375	920
375	995
376	36
376	511
376	624
376	987
376	988
377	301
377	800
377	846
377	920
377	937
378	333
378	617
378	724
378	841
378	991
379	61
379	807
379	815
379	849
379	986
380	218
380	563
380	883
380	994
380	999
381	437
381	445
381	851
381	853
381	999
382	581
382	604
382	667
382	870
382	988
383	136
383	247
383	446
383	694
383	942
384	239
384	345
384	470
384	924
384	951
385	392
385	400
385	588
385	947
385	991
386	113
386	270
386	442
386	741
386	777
387	271
387	371
387	802
387	889
387	950
388	54
388	110
388	604
388	695
388	836
389	573
389	898
389	975
389	983
389	985
390	200
390	853
390	897
390	986
390	999
391	419
391	503
391	536
391	869
391	966
391	978
392	385
392	407
392	775
392	792
392	818
392	888
393	66
393	76
393	395
393	903
393	948
393	962
394	15
394	192
394	243
394	439
394	693
394	868
395	393
395	460
395	770
395	789
395	838
395	999
396	14
396	68
396	546
396	714
396	789
396	929
397	450
397	690
397	819
397	882
397	980
397	981
398	23
398	40
398	491
398	705
398	794
398	992
399	278
399	728
399	854
399	922
399	923
399	975
400	385
400	849
400	866
400	899
400	936
400	943
401	629
401	727
401	820
401	841
401	953
401	992
402	166
402	270
402	340
402	406
402	741
402	994
403	353
403	497
403	786
403	896
403	916
403	1000
404	335
404	733
404	739
404	804
404	961
404	990
405	53
405	317
405	472
405	556
405	897
405	972
406	109
406	270
406	402
406	587
406	741
406	782
407	34
407	145
407	146
407	392
407	780
407	885
408	168
408	518
408	813
408	921
408	927
408	993
409	416
409	614
409	918
409	957
409	966
409	994
410	35
410	289
410	821
410	924
410	933
410	953
411	85
411	475
411	680
411	782
411	905
411	984
412	175
412	417
412	483
412	596
412	788
412	936
413	193
413	676
413	842
413	853
413	879
413	945
414	507
414	582
414	790
414	881
414	988
414	995
415	104
415	144
415	253
415	505
415	625
415	948
416	409
416	672
416	736
416	891
416	917
416	990
417	412
417	769
417	872
417	963
417	969
417	970
418	29
418	447
418	573
418	742
418	828
418	981
419	30
419	78
419	391
419	564
419	658
419	853
420	231
420	367
420	626
420	635
420	728
420	961
421	53
421	770
421	817
421	892
421	980
421	993
422	473
422	730
422	745
422	864
422	939
422	954
423	14
423	307
423	630
423	639
423	661
423	985
424	591
424	601
424	675
424	681
424	931
424	994
425	639
425	744
425	858
425	906
425	931
425	991
426	50
426	644
426	759
426	862
426	875
426	912
427	613
427	731
427	796
427	823
427	941
427	954
428	18
428	473
428	610
428	651
428	839
428	887
429	250
429	262
429	728
429	787
429	929
429	987
430	52
430	375
430	472
430	769
430	969
430	985
431	485
431	503
431	907
431	942
431	947
431	966
432	607
432	829
432	884
432	915
432	965
432	991
433	468
433	572
433	822
433	910
433	985
433	1000
434	62
434	237
434	453
434	720
434	874
434	989
435	9
435	187
435	213
435	633
435	848
435	964
436	110
436	835
436	874
436	877
436	915
436	974
437	4
437	213
437	381
437	586
437	683
437	792
438	560
438	794
438	827
438	905
438	916
438	962
439	6
439	394
439	591
439	601
439	617
439	936
440	322
440	818
440	864
440	895
440	898
440	906
441	124
441	255
441	795
441	937
441	977
441	989
442	224
442	386
442	627
442	880
442	896
442	997
443	610
443	639
443	748
443	810
443	947
443	959
444	103
444	537
444	614
444	664
444	830
444	942
445	78
445	381
445	550
445	797
445	851
445	999
446	383
446	501
446	587
446	844
446	882
446	896
447	418
447	472
447	580
447	649
447	741
447	958
448	341
448	829
448	915
448	970
448	986
448	991
449	287
449	505
449	510
449	616
449	652
449	972
450	366
450	397
450	917
450	964
450	974
450	996
451	267
451	796
451	823
451	884
451	970
451	979
452	280
452	320
452	508
452	510
452	803
452	842
453	51
453	434
453	537
453	790
453	920
453	960
454	560
454	928
454	974
454	977
454	989
454	996
455	154
455	300
455	478
455	604
455	756
455	920
456	783
456	847
456	864
456	911
456	937
456	938
457	24
457	466
457	509
457	582
457	819
457	952
458	766
458	888
458	917
458	954
458	967
458	985
459	498
459	781
459	877
459	935
459	979
459	981
460	395
460	709
460	780
460	833
460	899
460	925
461	482
461	824
461	878
461	896
461	921
461	943
462	724
462	889
462	903
462	928
462	964
462	969
463	767
463	846
463	880
463	935
463	954
463	960
464	638
464	780
464	878
464	898
464	952
464	985
465	17
465	634
465	977
465	980
465	984
465	988
466	457
466	872
466	909
466	919
466	945
466	960
467	531
467	629
467	869
467	920
467	961
467	992
468	433
468	634
468	655
468	720
468	837
468	994
469	584
469	765
469	895
469	918
469	957
469	994
470	384
470	700
470	780
470	845
470	999
470	1000
471	224
471	259
471	605
471	778
471	855
471	887
472	86
472	405
472	430
472	447
472	587
472	760
473	422
473	428
473	704
473	730
473	864
473	942
474	670
474	697
474	754
474	936
474	967
474	981
475	49
475	314
475	411
475	487
475	645
475	700
476	361
476	586
476	609
476	886
476	928
476	959
477	61
477	273
477	714
477	763
477	912
477	982
478	119
478	226
478	455
478	870
478	985
478	999
479	224
479	510
479	845
479	896
479	936
479	947
480	138
480	611
480	633
480	666
480	668
480	837
481	19
481	204
481	508
481	968
481	971
481	990
482	33
482	248
482	461
482	712
482	894
482	944
483	87
483	412
483	579
483	596
483	656
483	786
484	312
484	337
484	549
484	595
484	772
484	999
485	240
485	431
485	755
485	756
485	886
485	942
486	373
486	547
486	578
486	638
486	812
486	875
487	475
487	645
487	694
487	769
487	799
487	815
488	115
488	661
488	746
488	821
488	872
488	983
489	530
489	662
489	758
489	923
489	932
489	974
490	667
490	678
490	801
490	938
490	997
490	998
491	262
491	349
491	398
491	893
491	961
491	991
492	195
492	266
492	743
492	846
492	868
492	972
493	13
493	369
493	799
493	840
493	942
493	964
494	258
494	360
494	770
494	840
494	871
494	916
494	997
495	60
495	248
495	847
495	858
495	965
495	1000
496	127
496	181
496	795
496	806
496	859
496	962
496	976
497	167
497	403
497	581
497	740
497	942
497	976
497	999
498	459
498	504
498	794
498	800
498	835
498	917
498	947
499	238
499	312
499	545
499	665
499	835
499	864
499	980
500	517
500	692
500	726
500	840
500	927
500	933
500	962
501	33
501	446
501	511
501	656
501	691
501	695
501	975
502	126
502	615
502	821
502	854
502	922
502	979
502	983
503	391
503	431
503	795
503	922
503	950
503	972
503	978
504	94
504	311
504	498
504	769
504	883
504	969
504	984
505	119
505	302
505	415
505	449
505	654
505	827
505	888
506	364
506	519
506	763
506	782
506	888
506	927
506	977
507	414
507	611
507	652
507	790
507	881
507	953
507	995
508	98
508	200
508	452
508	481
508	767
508	987
508	993
509	457
509	663
509	682
509	702
509	891
509	914
509	974
510	449
510	452
510	479
510	839
510	934
510	974
510	998
511	54
511	376
511	501
511	707
511	768
511	935
511	944
512	271
512	791
512	876
512	877
512	878
512	888
512	964
513	74
513	77
513	241
513	298
513	877
513	900
513	936
514	171
514	261
514	570
514	849
514	949
514	975
514	997
515	152
515	178
515	217
515	340
515	731
515	863
515	942
516	249
516	629
516	660
516	779
516	805
516	933
516	984
517	160
517	500
517	716
517	842
517	898
517	939
517	996
518	408
518	626
518	698
518	822
518	894
518	927
518	954
519	506
519	646
519	661
519	778
519	802
519	921
519	985
520	264
520	602
520	691
520	695
520	753
520	778
520	970
521	254
521	595
521	863
521	930
521	931
521	973
521	986
522	651
522	756
522	779
522	784
522	893
522	984
522	993
523	689
523	740
523	860
523	913
523	931
523	968
523	975
524	47
524	198
524	616
524	743
524	910
524	950
524	972
525	50
525	775
525	806
525	823
525	867
525	943
525	984
526	264
526	346
526	689
526	788
526	851
526	922
526	976
527	142
527	200
527	235
527	355
527	547
527	824
527	965
528	76
528	318
528	699
528	772
528	903
528	925
528	948
529	223
529	337
529	811
529	870
529	988
529	990
529	997
530	209
530	348
530	489
530	621
530	659
530	697
530	782
531	155
531	467
531	585
531	630
531	670
531	867
531	1000
532	327
532	717
532	802
532	939
532	969
532	978
532	985
533	154
533	295
533	692
533	867
533	909
533	919
533	956
534	554
534	667
534	737
534	776
534	807
534	890
534	952
535	668
535	686
535	778
535	788
535	796
535	941
535	992
536	391
536	644
536	797
536	831
536	855
536	873
536	874
537	188
537	444
537	453
537	778
537	797
537	813
537	967
538	216
538	642
538	655
538	867
538	911
538	922
538	979
539	128
539	368
539	547
539	631
539	916
539	971
539	977
540	355
540	681
540	749
540	791
540	909
540	941
540	990
541	12
541	106
541	355
541	846
541	933
541	952
541	992
542	283
542	657
542	855
542	918
542	985
542	993
542	995
543	329
543	681
543	883
543	937
543	966
543	991
543	1000
544	133
544	555
544	645
544	883
544	971
544	991
544	1000
545	499
545	730
545	864
545	868
545	939
545	943
545	963
546	396
546	592
546	834
546	913
546	926
546	940
546	974
547	486
547	527
547	539
547	637
547	847
547	852
547	911
548	309
548	871
548	885
548	932
548	977
548	982
548	990
549	61
549	95
549	159
549	484
549	649
549	715
549	961
550	68
550	147
550	445
550	746
550	844
550	893
550	913
551	594
551	600
551	809
551	850
551	885
551	948
551	997
552	124
552	267
552	642
552	745
552	779
552	911
552	992
553	208
553	636
553	817
553	934
553	958
553	980
553	993
554	66
554	534
554	560
554	700
554	904
554	936
554	991
555	73
555	544
555	687
555	790
555	884
555	955
555	956
556	102
556	405
556	862
556	908
556	923
556	953
556	995
557	17
557	60
557	308
557	610
557	756
557	891
557	925
558	811
558	823
558	850
558	932
558	953
558	955
558	996
559	126
559	310
559	582
559	612
559	793
559	834
559	954
560	438
560	454
560	554
560	891
560	917
560	975
560	996
561	310
561	580
561	592
561	687
561	723
561	924
561	970
562	215
562	747
562	910
562	969
562	982
562	986
562	997
563	74
563	90
563	273
563	380
563	709
563	895
563	967
564	5
564	419
564	816
564	917
564	945
564	976
564	991
565	169
565	179
565	199
565	747
565	905
565	914
565	992
566	185
566	292
566	331
566	737
566	782
566	854
566	955
567	305
567	701
567	771
567	891
567	916
567	989
567	996
568	241
568	251
568	753
568	914
568	952
568	992
568	997
569	174
569	913
569	931
569	946
569	975
569	978
569	986
570	514
570	614
570	809
570	817
570	896
570	937
570	982
571	734
571	753
571	763
571	798
571	850
571	954
571	968
572	326
572	433
572	862
572	950
572	965
572	971
572	996
572	1000
573	389
573	418
573	722
573	864
573	928
573	950
573	969
573	983
574	583
574	593
574	785
574	906
574	907
574	938
574	944
574	987
575	182
575	597
575	634
575	784
575	835
575	867
575	896
575	961
576	703
576	739
576	915
576	929
576	951
576	972
576	986
576	991
577	22
577	245
577	617
577	682
577	740
577	775
577	859
577	988
578	38
578	88
578	366
578	486
578	690
578	825
578	875
578	899
579	213
579	483
579	795
579	839
579	883
579	885
579	890
579	992
580	330
580	447
580	561
580	604
580	747
580	780
580	854
580	869
581	382
581	497
581	817
581	865
581	883
581	915
581	968
581	990
582	149
582	414
582	457
582	559
582	601
582	664
582	774
582	942
583	197
583	574
583	748
583	849
583	859
583	864
583	944
583	947
584	52
584	469
584	816
584	933
584	949
584	950
584	967
584	969
585	350
585	364
585	531
585	804
585	865
585	912
585	932
585	953
586	264
586	437
586	476
586	616
586	653
586	792
586	839
586	976
587	73
587	406
587	446
587	472
587	804
587	815
587	910
587	982
588	93
588	385
588	767
588	778
588	800
588	888
588	984
588	996
589	209
589	362
589	627
589	672
589	755
589	911
589	988
589	998
590	187
590	238
590	691
590	705
590	774
590	855
590	864
590	928
591	424
591	439
591	617
591	720
591	814
591	856
591	938
591	996
592	43
592	352
592	546
592	561
592	686
592	828
592	872
592	885
593	574
593	678
593	726
593	832
593	927
593	974
593	979
593	984
594	180
594	551
594	720
594	784
594	852
594	860
594	878
594	908
595	484
595	521
595	734
595	763
595	865
595	953
595	973
595	998
596	236
596	412
596	483
596	656
596	729
596	745
596	925
596	993
597	45
597	349
597	351
597	575
597	815
597	890
597	899
597	958
598	632
598	768
598	940
598	963
598	970
598	987
598	988
598	997
599	204
599	613
599	670
599	680
599	906
599	939
599	958
599	978
600	551
600	641
600	785
600	796
600	831
600	843
600	978
600	980
601	313
601	424
601	439
601	582
601	676
601	801
601	864
601	930
602	363
602	520
602	679
602	724
602	975
602	979
602	994
602	997
603	160
603	332
603	737
603	828
603	872
603	885
603	938
603	955
604	382
604	388
604	455
604	580
604	695
604	838
604	859
604	941
605	471
605	618
605	648
605	717
605	787
605	795
605	955
605	975
605	981
606	81
606	277
606	677
606	805
606	892
606	934
606	941
606	984
607	39
607	40
607	246
607	325
607	432
607	642
607	928
607	956
608	702
608	751
608	803
608	946
608	948
608	949
608	962
608	989
609	371
609	476
609	653
609	797
609	818
609	851
609	891
609	999
610	301
610	351
610	428
610	443
610	557
610	634
610	925
610	998
611	184
611	231
611	266
611	480
611	507
611	790
611	930
611	984
612	170
612	559
612	622
612	766
612	842
612	968
612	975
612	990
613	427
613	599
613	680
613	790
613	908
613	939
613	958
613	983
614	57
614	409
614	444
614	570
614	715
614	956
614	962
614	995
615	36
615	502
615	657
615	751
615	911
615	976
615	979
615	983
616	172
616	449
616	524
616	586
616	727
616	743
616	868
616	972
617	370
617	378
617	439
617	577
617	591
617	859
617	886
617	987
618	71
618	605
618	781
618	873
618	963
618	968
618	971
618	990
619	214
619	262
619	349
619	821
619	878
619	888
619	898
619	927
620	63
620	643
620	663
620	755
620	848
620	964
620	971
620	996
621	23
621	290
621	530
621	865
621	866
621	874
621	912
621	953
622	51
622	252
622	612
622	816
622	834
622	932
622	938
622	954
623	272
623	295
623	727
623	764
623	848
623	878
623	951
623	990
624	361
624	376
624	889
624	894
624	911
624	961
624	988
624	996
625	157
625	253
625	327
625	415
625	652
625	790
625	886
625	914
626	129
626	279
626	420
626	518
626	727
626	746
626	857
626	900
627	56
627	207
627	442
627	589
627	767
627	892
627	913
627	998
628	279
628	676
628	710
628	932
628	977
628	989
628	993
628	999
629	163
629	401
629	467
629	516
629	844
629	867
629	980
629	981
630	344
630	423
630	531
630	669
630	754
630	902
630	936
630	998
631	539
631	768
631	813
631	836
631	860
631	929
631	931
631	978
632	309
632	598
632	710
632	781
632	887
632	976
632	999
632	1000
633	185
633	435
633	480
633	658
633	667
633	802
633	925
633	953
634	368
634	465
634	468
634	575
634	610
634	780
634	781
634	925
635	194
635	420
635	648
635	690
635	810
635	925
635	950
635	978
636	110
636	331
636	553
636	794
636	866
636	906
636	952
636	988
637	46
637	368
637	547
637	713
637	746
637	844
637	855
637	944
638	464
638	486
638	733
638	807
638	824
638	857
638	875
638	963
638	982
639	191
639	223
639	423
639	425
639	443
639	768
639	899
639	947
639	958
640	3
640	73
640	665
640	841
640	862
640	889
640	910
640	912
640	979
641	600
641	668
641	685
641	825
641	831
641	843
641	886
641	978
641	989
642	538
642	552
642	607
642	803
642	844
642	879
642	953
642	956
642	996
643	21
643	620
643	692
643	711
643	757
643	807
643	924
643	955
643	964
644	426
644	536
644	657
644	874
644	917
644	951
644	971
644	990
644	996
645	314
645	475
645	487
645	544
645	646
645	673
645	799
645	944
645	984
646	7
646	302
646	519
646	645
646	806
646	863
646	932
646	977
646	998
647	2
647	729
647	769
647	883
647	937
647	945
647	950
647	969
647	985
648	605
648	635
648	718
648	758
648	805
648	890
648	925
648	950
648	978
649	29
649	230
649	447
649	549
649	740
649	742
649	832
649	877
649	958
650	194
650	296
650	341
650	888
650	912
650	917
650	935
650	953
650	989
651	46
651	276
651	428
651	522
651	653
651	709
651	753
651	785
651	936
652	155
652	449
652	507
652	625
652	688
652	718
652	767
652	827
652	976
653	172
653	347
653	586
653	609
653	651
653	839
653	851
653	874
653	958
654	10
654	82
654	194
654	505
654	768
654	859
654	880
654	914
654	974
655	468
655	538
655	671
655	689
655	910
655	955
655	956
655	980
655	985
656	483
656	501
656	596
656	706
656	783
656	845
656	847
656	976
656	995
657	357
657	542
657	615
657	644
657	751
657	765
657	900
657	916
657	993
658	30
658	107
658	153
658	419
658	633
658	844
658	853
658	887
658	907
659	168
659	530
659	679
659	708
659	790
659	871
659	970
659	982
659	983
660	81
660	82
660	143
660	370
660	516
660	745
660	779
660	805
660	941
661	423
661	488
661	519
661	781
661	802
661	889
661	966
661	985
661	996
662	489
662	855
662	909
662	913
662	940
662	944
662	951
662	986
662	995
663	147
663	509
663	620
663	764
663	829
663	848
663	939
663	964
663	996
664	444
664	582
664	713
664	836
664	846
664	850
664	941
664	954
664	978
665	186
665	201
665	359
665	499
665	640
665	773
665	864
665	867
665	942
666	480
666	711
666	791
666	838
666	958
666	985
666	987
666	988
666	993
667	22
667	301
667	382
667	490
667	534
667	633
667	862
667	886
667	899
668	480
668	535
668	641
668	751
668	913
668	923
668	972
668	983
668	990
669	1
669	49
669	97
669	630
669	841
669	856
669	865
669	945
669	953
670	204
670	474
670	531
670	599
670	930
670	939
670	954
670	958
670	979
671	136
671	655
671	856
671	897
671	964
671	965
671	985
671	996
671	1000
672	416
672	589
672	675
672	715
672	801
672	805
672	850
672	894
672	988
673	21
673	645
673	783
673	833
673	902
673	922
673	951
673	952
673	987
674	291
674	705
674	735
674	784
674	788
674	804
674	857
674	871
674	946
675	424
675	672
675	732
675	766
675	801
675	899
675	941
675	952
675	974
676	169
676	271
676	368
676	413
676	601
676	628
676	837
676	849
676	964
677	219
677	606
677	712
677	739
677	791
677	901
677	981
677	986
677	992
678	93
678	490
678	593
678	705
678	783
678	809
678	970
678	983
678	986
678	992
679	163
679	167
679	602
679	659
679	721
679	776
679	873
679	896
679	905
680	147
680	204
680	307
680	411
680	599
680	613
680	957
680	958
680	979
681	345
681	424
681	540
681	543
681	830
681	937
681	956
681	957
681	1000
682	509
682	577
682	747
682	847
682	880
682	888
682	906
682	926
682	981
683	222
683	437
683	721
683	733
683	763
683	774
683	839
683	947
683	987
684	207
684	269
684	698
684	709
684	834
684	836
684	983
684	993
684	994
685	641
685	742
685	895
685	918
685	957
685	966
685	973
685	982
685	994
686	535
686	592
686	705
686	735
686	840
686	873
686	911
686	914
686	948
687	160
687	555
687	561
687	816
687	832
687	849
687	879
687	889
687	924
688	59
688	652
688	819
688	827
688	833
688	856
688	873
688	934
688	968
688	998
689	322
689	523
689	526
689	655
689	770
689	869
689	884
689	926
689	953
689	982
690	397
690	578
690	635
690	805
690	923
690	936
690	967
690	976
690	984
690	1000
691	6
691	102
691	501
691	520
691	590
691	695
691	810
691	836
691	907
691	970
692	500
692	533
692	643
692	859
692	893
692	919
692	935
692	987
692	988
692	995
693	165
693	394
693	766
693	784
693	796
693	847
693	927
693	944
693	973
693	998
694	131
694	383
694	487
694	751
694	764
694	872
694	907
694	922
694	967
694	983
695	50
695	388
695	501
695	520
695	604
695	691
695	836
695	864
695	950
695	970
696	725
696	749
696	809
696	835
696	852
696	934
696	999
697	344
697	474
697	530
697	754
697	889
697	928
697	936
697	967
697	989
697	998
698	256
698	518
698	684
698	703
698	761
698	888
698	897
698	909
698	919
698	973
699	57
699	92
699	528
699	703
699	805
699	892
699	978
699	992
699	995
699	998
700	144
700	320
700	470
700	475
700	554
700	788
700	807
700	810
700	848
700	997
701	567
701	727
701	743
701	797
701	928
701	946
701	966
701	967
701	974
701	975
702	12
702	41
702	145
702	509
702	608
702	904
702	922
702	964
702	984
702	997
703	86
703	576
703	698
703	699
703	774
703	789
703	900
703	921
703	934
703	976
704	295
704	473
704	734
704	763
704	804
704	875
704	909
704	934
704	938
704	992
705	398
705	590
705	674
705	678
705	686
705	763
705	871
705	891
705	931
705	966
706	16
706	120
706	122
706	237
706	656
706	770
706	818
706	836
706	877
706	981
707	45
707	511
707	760
707	898
707	961
707	962
707	965
707	979
707	984
707	995
708	27
708	173
708	229
708	315
708	659
708	732
708	791
708	908
708	958
708	997
709	119
709	142
709	331
709	460
709	563
709	651
709	684
709	785
709	942
709	992
710	8
710	151
710	628
710	632
710	762
710	824
710	932
710	977
710	979
710	999
711	643
711	666
711	752
711	780
711	876
711	877
711	889
711	924
711	931
711	955
712	278
712	316
712	329
712	353
712	482
712	677
712	774
712	775
712	965
712	998
713	637
713	664
713	796
713	881
713	889
713	919
713	934
713	952
713	980
713	984
714	75
714	396
714	477
714	733
714	764
714	795
714	885
714	894
714	947
714	962
715	549
715	614
715	672
715	796
715	818
715	956
715	963
715	966
715	969
715	991
716	55
716	154
716	343
716	517
716	892
716	898
716	938
716	961
716	980
716	996
717	125
717	182
717	532
717	605
717	727
717	833
717	850
717	937
717	955
717	974
718	648
718	652
718	752
718	757
718	827
718	883
718	924
718	963
718	969
718	994
719	225
719	876
719	897
719	906
719	932
719	944
719	959
719	975
719	985
719	993
720	116
720	434
720	468
720	591
720	594
720	723
720	873
720	874
720	875
720	983
721	136
721	281
721	679
721	683
721	735
721	810
721	892
721	898
721	952
721	981
722	573
722	872
722	907
722	922
722	962
722	967
722	979
722	982
722	983
722	994
723	320
723	561
723	720
723	750
723	785
723	824
723	827
723	852
723	911
723	986
724	246
724	274
724	320
724	378
724	462
724	602
724	758
724	939
724	962
724	975
725	18
725	62
725	86
725	99
725	696
725	809
725	894
725	914
725	934
725	978
725	999
726	500
726	593
726	806
726	822
726	832
726	835
726	927
726	938
726	974
726	979
726	1000
727	47
727	146
727	401
727	616
727	623
727	626
727	701
727	717
727	863
727	905
727	992
728	197
728	250
728	399
728	420
728	429
728	787
728	866
728	925
728	981
728	987
728	992
729	72
729	94
729	206
729	303
729	596
729	647
729	828
729	838
729	841
729	942
729	994
730	201
730	238
730	268
730	359
730	422
730	473
730	545
730	753
730	864
730	979
730	990
731	96
731	126
731	286
731	329
731	427
731	515
731	762
731	822
731	893
731	897
731	911
732	134
732	675
732	708
732	733
732	771
732	890
732	897
732	899
732	968
732	990
732	993
733	315
733	404
733	638
733	683
733	714
733	732
733	747
733	827
733	869
733	930
733	988
734	83
734	91
734	319
734	571
734	595
734	704
734	765
734	850
734	871
734	921
734	977
735	170
735	276
735	303
735	674
735	686
735	721
735	793
735	795
735	798
735	960
735	1000
736	22
736	315
736	343
736	416
736	740
736	797
736	851
736	922
736	929
736	944
736	983
737	27
737	301
737	534
737	566
737	603
737	775
737	816
737	862
737	917
737	952
737	999
738	34
738	104
738	268
738	327
738	845
738	876
738	883
738	973
738	985
738	995
738	999
739	121
739	130
739	404
739	576
739	677
739	791
739	901
739	939
739	953
739	981
739	992
740	497
740	523
740	577
740	649
740	736
740	764
740	866
740	870
740	931
740	952
740	981
741	109
741	113
741	270
741	386
741	402
741	406
741	447
741	745
741	945
741	972
741	993
742	249
742	254
742	418
742	649
742	685
742	743
742	758
742	774
742	808
742	958
742	981
743	17
743	47
743	172
743	191
743	492
743	524
743	616
743	701
743	742
743	924
743	972
744	211
744	339
744	425
744	789
744	846
744	882
744	941
744	954
744	973
744	981
744	987
745	56
745	422
745	552
745	596
745	660
745	741
745	755
745	876
745	883
745	979
745	984
746	488
746	550
746	626
746	637
746	817
746	881
746	907
746	915
746	991
746	993
746	996
747	562
747	565
747	580
747	682
747	733
747	861
747	869
747	885
747	910
747	926
747	986
748	35
748	150
748	260
748	443
748	583
748	781
748	850
748	941
748	947
748	952
748	959
749	79
749	80
749	105
749	540
749	696
749	800
749	873
749	909
749	962
749	972
749	988
750	123
750	190
750	295
750	723
750	931
750	939
750	941
750	971
750	986
750	991
750	997
751	173
751	251
751	608
751	615
751	657
751	668
751	694
751	903
751	922
751	961
751	983
752	711
752	718
752	781
752	825
752	849
752	853
752	877
752	879
752	889
752	894
752	924
753	520
753	568
753	571
753	651
753	730
753	767
753	785
753	826
753	949
753	954
753	981
754	265
754	293
754	474
754	630
754	697
754	764
754	936
754	940
754	961
754	988
754	998
755	156
755	485
755	589
755	620
755	745
755	786
755	823
755	878
755	968
755	990
755	996
756	58
756	60
756	132
756	326
756	455
756	485
756	522
756	557
756	762
756	889
756	925
757	208
757	643
757	718
757	817
757	868
757	897
757	902
757	950
757	980
757	985
757	993
757	999
758	331
758	489
758	648
758	724
758	742
758	765
758	786
758	806
758	896
758	901
758	920
758	981
759	47
759	265
759	278
759	426
759	843
759	857
759	868
759	882
759	892
759	956
759	966
759	974
760	16
760	356
760	472
760	707
760	794
760	821
760	880
760	930
760	987
760	995
760	999
760	1000
761	8
761	171
761	175
761	190
761	368
761	698
761	845
761	860
761	931
761	951
761	992
761	998
762	76
762	318
762	710
762	731
762	756
762	794
762	852
762	891
762	897
762	932
762	977
762	990
763	348
763	477
763	506
763	571
763	595
763	683
763	704
763	705
763	837
763	850
763	871
763	949
764	117
764	623
764	663
764	694
764	714
764	740
764	754
764	949
764	976
764	993
764	996
764	998
765	157
765	236
765	469
765	657
765	734
765	758
765	771
765	786
765	893
765	928
765	951
765	987
766	20
766	265
766	458
766	612
766	675
766	693
766	806
766	917
766	920
766	939
766	945
766	976
767	39
767	251
767	338
767	360
767	463
767	508
767	588
767	627
767	652
767	753
767	892
767	946
768	57
768	190
768	511
768	598
768	631
768	639
768	654
768	795
768	854
768	931
768	935
768	988
769	417
769	430
769	487
769	504
769	647
769	890
769	907
769	912
769	913
769	963
769	969
769	970
770	214
770	344
770	395
770	421
770	494
770	689
770	706
770	782
770	792
770	818
770	888
770	916
771	58
771	336
771	567
771	732
771	765
771	875
771	880
771	893
771	919
771	948
771	963
771	982
772	180
772	484
772	528
772	778
772	793
772	815
772	826
772	851
772	879
772	938
772	948
772	999
773	177
773	665
773	783
773	806
773	887
773	890
773	950
773	972
773	986
774	29
774	582
774	590
774	683
774	703
774	712
774	742
774	776
774	938
774	958
774	981
774	995
775	199
775	301
775	311
775	392
775	525
775	577
775	712
775	737
775	819
775	960
775	961
775	974
776	325
776	534
776	679
776	774
776	835
776	919
776	926
776	956
776	957
776	960
776	974
776	980
777	11
777	69
777	125
777	155
777	212
777	312
777	324
777	386
777	814
777	941
777	962
777	975
778	115
778	471
778	519
778	520
778	535
778	537
778	588
778	772
778	847
778	967
778	970
778	997
779	181
779	198
779	516
779	522
779	552
779	660
779	805
779	873
779	890
779	912
779	941
779	984
780	347
780	407
780	460
780	464
780	470
780	580
780	634
780	711
780	801
780	880
780	924
780	954
781	459
781	618
781	632
781	634
781	661
781	748
781	752
781	852
781	909
781	947
781	954
781	971
781	973
782	158
782	330
782	406
782	411
782	506
782	530
782	566
782	770
782	791
782	792
782	839
782	881
782	967
783	82
783	150
783	456
783	656
783	673
783	678
783	773
783	806
783	815
783	887
783	890
783	908
783	972
784	522
784	575
784	594
784	674
784	693
784	800
784	808
784	896
784	901
784	921
784	941
784	993
784	1000
785	56
785	142
785	226
785	230
785	574
785	600
785	651
785	709
785	723
785	753
785	801
785	811
785	836
786	146
786	403
786	483
786	755
786	758
786	765
786	828
786	872
786	891
786	893
786	937
786	951
786	987
787	25
787	197
787	250
787	429
787	605
787	728
787	827
787	878
787	925
787	940
787	981
787	987
787	994
788	74
788	364
788	412
788	526
788	535
788	674
788	700
788	852
788	881
788	902
788	944
788	946
788	1000
789	49
789	134
789	171
789	395
789	396
789	703
789	744
789	833
789	929
789	942
789	948
789	951
789	989
790	275
790	414
790	453
790	507
790	555
790	611
790	613
790	625
790	659
790	803
790	881
790	930
790	995
791	137
791	512
791	540
791	666
791	677
791	708
791	739
791	782
791	908
791	929
791	954
791	981
791	986
792	18
792	264
792	302
792	392
792	437
792	586
792	770
792	782
792	839
792	976
792	981
792	996
792	1000
793	24
793	60
793	258
793	305
793	559
793	735
793	772
793	814
793	900
793	921
793	923
793	928
793	999
794	101
794	137
794	398
794	438
794	498
794	636
794	760
794	762
794	803
794	938
794	961
794	992
794	993
795	107
795	165
795	211
795	441
795	496
795	503
795	579
795	605
795	714
795	735
795	768
795	859
795	962
796	189
796	282
796	427
796	451
796	535
796	600
796	693
796	713
796	715
796	893
796	951
796	957
796	994
797	114
797	275
797	445
797	536
797	537
797	609
797	701
797	736
797	904
797	922
797	967
797	996
797	999
798	36
798	65
798	148
798	246
798	257
798	291
798	375
798	571
798	735
798	883
798	904
798	958
798	1000
799	240
799	256
799	487
799	493
799	645
799	863
799	870
799	884
799	901
799	944
799	967
799	973
799	989
800	181
800	377
800	498
800	588
800	749
800	784
800	806
800	828
800	867
800	889
800	896
800	903
800	993
801	490
801	601
801	672
801	675
801	780
801	785
801	840
801	873
801	921
801	930
801	952
801	963
801	988
802	14
802	387
802	519
802	532
802	633
802	661
802	825
802	871
802	889
802	891
802	892
802	930
802	985
803	193
803	341
803	452
803	608
803	642
803	790
803	794
803	807
803	837
803	855
803	930
803	948
803	986
803	998
804	75
804	361
804	404
804	585
804	587
804	674
804	704
804	811
804	912
804	947
804	954
804	978
804	981
804	982
805	37
805	216
805	277
805	516
805	606
805	648
805	660
805	672
805	690
805	699
805	779
805	983
805	984
805	990
806	366
806	496
806	525
806	646
806	726
806	758
806	766
806	773
806	783
806	800
806	832
806	835
806	981
806	984
807	306
807	379
807	534
807	638
807	643
807	700
807	803
807	827
807	872
807	875
807	925
807	931
807	934
807	978
808	220
808	289
808	742
808	784
808	828
808	847
808	858
808	875
808	877
808	889
808	896
808	931
808	954
808	997
809	84
809	137
809	319
809	551
809	570
809	678
809	696
809	725
809	884
809	894
809	926
809	934
809	949
809	999
810	33
810	266
810	443
810	635
810	691
810	700
810	721
810	848
810	882
810	890
810	895
810	903
810	948
810	973
811	529
811	558
811	785
811	804
811	812
811	860
811	862
811	865
811	904
811	910
811	912
811	953
811	969
811	991
812	375
812	486
812	811
812	856
812	865
812	912
812	924
812	927
812	960
812	962
812	965
812	970
812	973
812	979
813	25
813	106
813	322
813	335
813	408
813	537
813	631
813	879
813	922
813	928
813	945
813	951
813	983
813	993
814	111
814	244
814	280
814	305
814	591
814	777
814	793
814	850
814	866
814	869
814	900
814	921
814	923
814	949
814	963
815	209
815	218
815	336
815	379
815	487
815	587
815	597
815	772
815	783
815	854
815	899
815	935
815	944
815	958
815	982
816	89
816	144
816	347
816	564
816	584
816	622
816	687
816	737
816	835
816	842
816	906
816	917
816	954
816	976
816	985
817	53
817	284
817	421
817	553
817	570
817	581
817	746
817	757
817	906
817	907
817	950
817	963
817	980
817	992
817	993
818	120
818	122
818	252
818	331
818	338
818	392
818	440
818	609
818	706
818	715
818	770
818	877
818	895
818	947
818	980
819	37
819	240
819	397
819	457
819	688
819	775
819	837
819	867
819	887
819	920
819	938
819	948
819	960
819	980
819	982
820	9
820	284
820	292
820	294
820	328
820	353
820	354
820	401
820	831
820	843
820	880
820	919
820	935
820	980
820	997
821	316
821	410
821	488
821	502
821	619
821	760
821	849
821	866
821	867
821	911
821	922
821	967
821	969
821	979
821	983
822	55
822	248
822	350
822	433
822	518
822	726
822	731
822	892
822	894
822	902
822	929
822	953
822	960
822	981
822	986
823	98
823	342
823	427
823	451
823	525
823	558
823	755
823	840
823	901
823	911
823	919
823	960
823	984
823	989
823	998
824	139
824	176
824	461
824	527
824	638
824	710
824	723
824	834
824	840
824	878
824	901
824	904
824	943
824	960
824	976
825	94
825	277
825	578
825	641
825	752
825	802
825	831
825	855
825	861
825	875
825	924
825	956
825	959
825	980
825	986
826	21
826	753
826	772
826	827
826	861
826	904
826	914
826	933
826	938
826	952
826	970
826	977
826	992
826	997
826	998
827	345
827	438
827	505
827	652
827	688
827	718
827	723
827	733
827	787
827	807
827	826
827	946
827	974
827	976
827	998
828	43
828	300
828	339
828	418
828	592
828	603
828	729
828	786
828	800
828	808
828	893
828	939
828	949
828	978
828	979
828	997
829	1
829	20
829	41
829	106
829	112
829	432
829	448
829	663
829	884
829	908
829	915
829	926
829	948
829	982
829	986
829	991
830	10
830	226
830	444
830	681
830	832
830	833
830	834
830	845
830	861
830	878
830	887
830	901
830	937
830	939
830	946
830	959
831	177
831	195
831	211
831	259
831	273
831	365
831	536
831	600
831	641
831	820
831	825
831	886
831	955
831	978
831	980
831	986
832	20
832	341
832	593
832	649
832	687
832	726
832	806
832	830
832	915
832	926
832	927
832	938
832	951
832	962
832	979
832	997
833	290
833	460
833	673
833	688
833	717
833	789
833	830
833	893
833	950
833	951
833	955
833	974
833	976
833	987
833	989
833	1000
834	156
834	242
834	546
834	559
834	622
834	684
834	824
834	830
834	886
834	902
834	925
834	938
834	943
834	960
834	973
834	995
835	436
835	498
835	499
835	575
835	696
835	726
835	776
835	806
835	816
835	919
835	930
835	937
835	939
835	974
835	980
835	985
836	120
836	142
836	388
836	631
836	664
836	684
836	691
836	695
836	706
836	785
836	843
836	848
836	856
836	860
836	931
836	994
837	7
837	105
837	287
837	468
837	480
837	676
837	763
837	803
837	819
837	840
837	913
837	916
837	939
837	945
837	948
837	978
838	242
838	315
838	317
838	395
838	604
838	666
838	729
838	839
838	865
838	930
838	938
838	942
838	947
838	957
838	970
838	994
839	179
839	250
839	264
839	308
839	333
839	428
839	510
839	579
839	586
839	653
839	683
839	782
839	792
839	838
839	901
839	976
840	32
840	102
840	217
840	276
840	493
840	494
840	500
840	686
840	801
840	823
840	824
840	837
840	876
840	879
840	916
840	997
841	72
841	112
841	206
841	238
841	242
841	300
841	310
841	378
841	401
841	640
841	669
841	729
841	906
841	910
841	949
841	982
842	128
842	226
842	413
842	452
842	517
842	612
842	816
842	903
842	911
842	915
842	917
842	945
842	968
842	971
842	985
842	994
843	321
843	600
843	641
843	759
843	820
843	836
843	851
843	857
843	871
843	918
843	956
843	957
843	964
843	966
843	978
843	999
844	153
844	207
844	227
844	358
844	359
844	446
844	550
844	629
844	637
844	642
844	658
844	853
844	863
844	905
844	944
844	1000
845	326
845	336
845	338
845	470
845	479
845	656
845	738
845	761
845	830
845	867
845	880
845	893
845	937
845	951
845	956
845	981
845	1000
846	140
846	176
846	187
846	252
846	261
846	377
846	463
846	492
846	541
846	664
846	744
846	906
846	926
846	930
846	949
846	953
846	973
847	70
847	92
847	134
847	236
847	334
847	456
847	495
847	547
847	656
847	682
847	693
847	778
847	808
847	858
847	879
847	929
847	1000
848	147
848	247
848	249
848	299
848	370
848	435
848	620
848	623
848	663
848	700
848	810
848	836
848	900
848	903
848	964
848	988
848	996
849	54
849	103
849	148
849	210
849	284
849	379
849	400
849	514
849	583
849	676
849	687
849	752
849	821
849	956
849	974
849	983
849	998
850	198
850	300
850	333
850	551
850	558
850	571
850	664
850	672
850	717
850	734
850	748
850	763
850	814
850	954
850	955
850	974
850	988
851	114
851	115
851	381
851	445
851	526
851	609
851	653
851	736
851	772
851	843
851	885
851	956
851	967
851	974
851	980
851	984
851	999
852	36
852	84
852	547
852	594
852	696
852	723
852	762
852	781
852	788
852	891
852	893
852	898
852	901
852	909
852	914
852	943
852	987
853	30
853	77
853	92
853	123
853	124
853	241
853	268
853	381
853	390
853	413
853	419
853	658
853	752
853	844
853	907
853	915
853	990
854	82
854	260
854	311
854	323
854	399
854	502
854	566
854	580
854	768
854	815
854	935
854	965
854	973
854	982
854	995
855	155
855	225
855	471
855	536
855	542
855	590
855	637
855	662
855	803
855	825
855	874
855	945
855	957
855	969
855	986
855	991
855	994
856	26
856	72
856	290
856	348
856	591
856	669
856	671
856	688
856	812
856	836
856	863
856	896
856	897
856	945
856	965
856	985
856	996
857	68
857	130
857	210
857	296
857	360
857	626
857	638
857	674
857	759
857	843
857	868
857	882
857	894
857	897
857	946
857	956
857	960
858	136
858	152
858	167
858	198
858	233
858	241
858	289
858	303
858	323
858	334
858	425
858	495
858	808
858	847
858	879
858	915
858	920
858	1000
859	5
859	6
859	158
859	201
859	224
859	272
859	312
859	496
859	577
859	583
859	604
859	617
859	654
859	692
859	795
859	923
859	940
859	962
860	44
860	274
860	523
860	594
860	631
860	761
860	811
860	836
860	873
860	911
860	913
860	929
860	931
860	946
860	975
860	976
860	978
860	980
861	110
861	232
861	286
861	747
861	825
861	826
861	830
861	867
861	871
861	907
861	911
861	963
861	968
861	969
861	970
861	971
861	974
861	990
862	157
862	211
862	350
862	426
862	556
862	572
862	640
862	667
862	737
862	811
862	865
862	868
862	901
862	904
862	910
862	912
862	953
862	959
863	53
863	162
863	168
863	256
863	286
863	515
863	521
863	646
863	727
863	799
863	844
863	856
863	870
863	930
863	933
863	944
863	963
863	986
864	56
864	359
864	422
864	440
864	456
864	473
864	499
864	545
864	573
864	583
864	590
864	601
864	665
864	695
864	730
864	868
864	939
864	981
865	90
865	325
865	338
865	357
865	581
865	585
865	595
865	621
865	669
865	811
865	812
865	838
865	862
865	866
865	904
865	912
865	953
865	998
866	253
866	337
866	350
866	400
866	621
866	636
866	728
866	740
866	814
866	821
866	865
866	886
866	921
866	922
866	928
866	943
866	974
866	983
867	185
867	525
867	531
867	533
867	538
867	575
867	629
867	665
867	800
867	819
867	821
867	845
867	861
867	906
867	919
867	960
867	980
867	996
868	186
868	195
868	251
868	288
868	318
868	394
868	492
868	545
868	616
868	757
868	759
868	857
868	862
868	864
868	887
868	925
868	972
868	988
869	4
869	138
869	322
869	391
869	467
869	580
869	689
869	733
869	747
869	814
869	892
869	902
869	904
869	909
869	910
869	926
869	941
869	982
870	135
870	167
870	228
870	359
870	382
870	478
870	529
870	740
870	799
870	863
870	953
870	969
870	970
870	972
870	985
870	988
870	993
870	999
871	141
871	354
871	494
871	548
871	659
871	674
871	705
871	734
871	763
871	802
871	843
871	861
871	892
871	894
871	911
871	946
871	965
871	983
872	95
872	417
872	466
872	488
872	592
872	603
872	694
872	722
872	786
872	807
872	885
872	893
872	914
872	918
872	922
872	942
872	976
872	998
873	220
873	302
873	536
873	618
873	679
873	686
873	688
873	720
873	749
873	779
873	801
873	860
873	874
873	913
873	968
873	971
873	975
873	990
874	31
874	116
874	126
874	141
874	153
874	230
874	235
874	288
874	434
874	436
874	536
874	621
874	644
874	653
874	720
874	855
874	873
874	917
875	28
875	38
875	118
875	288
875	312
875	426
875	486
875	578
875	638
875	704
875	720
875	771
875	807
875	808
875	825
875	907
875	936
875	963
876	512
876	711
876	719
876	738
876	745
876	840
876	883
876	936
876	968
877	122
877	203
877	436
877	459
877	512
877	513
877	649
877	706
877	711
877	752
877	808
877	818
877	887
877	888
877	914
877	924
877	954
877	958
877	964
878	11
878	180
878	206
878	342
878	461
878	464
878	512
878	594
878	619
878	623
878	755
878	787
878	824
878	830
878	888
878	927
878	958
878	981
878	987
879	128
879	244
879	413
879	642
879	687
879	752
879	772
879	813
879	840
879	847
879	858
879	882
879	900
879	921
879	924
879	927
879	948
879	956
879	1000
880	22
880	171
880	233
880	309
880	442
880	463
880	654
880	682
880	760
880	771
880	780
880	820
880	845
880	919
880	937
880	973
880	974
880	981
880	989
881	15
881	246
881	414
881	507
881	713
881	746
881	782
881	788
881	790
881	902
881	907
881	949
881	957
881	971
881	972
881	990
881	993
881	995
881	997
882	116
882	397
882	446
882	744
882	759
882	810
882	857
882	879
882	917
882	932
882	943
882	946
882	948
882	959
882	976
882	988
882	989
882	993
882	999
883	67
883	98
883	194
883	275
883	308
883	380
883	504
883	543
883	544
883	579
883	581
883	647
883	718
883	738
883	745
883	798
883	876
883	940
883	986
884	62
884	221
884	245
884	267
884	367
884	432
884	451
884	555
884	689
884	799
884	809
884	829
884	920
884	951
884	962
884	971
884	980
884	991
884	1000
885	43
885	75
885	269
885	332
885	346
885	352
885	407
885	548
885	551
885	579
885	592
885	603
885	714
885	747
885	851
885	872
885	955
885	965
885	975
885	994
886	27
886	93
886	98
886	205
886	327
886	365
886	476
886	485
886	617
886	625
886	641
886	667
886	831
886	834
886	866
886	975
886	978
886	980
886	988
886	991
887	319
887	428
887	471
887	632
887	658
887	773
887	783
887	819
887	830
887	868
887	877
887	895
887	937
887	940
887	946
887	959
887	960
887	972
887	973
887	992
888	119
888	214
888	245
888	262
888	392
888	458
888	505
888	506
888	512
888	588
888	619
888	650
888	682
888	698
888	770
888	877
888	878
888	927
888	955
888	964
889	387
889	462
889	624
889	640
889	661
889	687
889	697
889	711
889	713
889	752
889	756
889	800
889	802
889	808
889	896
889	924
889	948
889	963
889	970
889	988
890	100
890	149
890	534
890	579
890	597
890	648
890	732
890	769
890	773
890	779
890	783
890	810
890	899
890	907
890	927
890	969
890	972
890	978
890	985
890	987
891	14
891	40
891	81
891	283
891	416
891	509
891	557
891	560
891	567
891	609
891	705
891	762
891	786
891	802
891	852
891	914
891	950
891	976
891	989
891	998
892	34
892	369
892	421
892	606
892	627
892	699
892	716
892	721
892	759
892	767
892	802
892	822
892	869
892	871
892	898
892	910
892	935
892	956
892	961
892	985
893	282
893	358
893	491
893	522
893	550
893	692
893	731
893	765
893	771
893	786
893	796
893	828
893	833
893	845
893	852
893	872
893	914
893	928
893	979
893	987
894	137
894	189
894	279
894	296
894	316
894	482
894	518
894	624
894	672
894	714
894	725
894	752
894	809
894	822
894	857
894	871
894	946
894	958
894	973
894	988
894	999
895	122
895	166
895	440
895	469
895	563
895	685
895	810
895	818
895	887
895	918
895	933
895	949
895	957
895	959
895	961
895	965
895	966
895	973
895	982
895	994
895	1000
896	268
896	287
896	403
896	442
896	446
896	461
896	479
896	570
896	575
896	679
896	758
896	784
896	800
896	808
896	856
896	889
896	906
896	957
896	959
896	993
896	998
897	56
897	96
897	188
897	365
897	390
897	405
897	671
897	698
897	719
897	731
897	732
897	757
897	762
897	856
897	857
897	899
897	950
897	957
897	966
897	991
897	994
898	154
898	195
898	223
898	294
898	353
898	389
898	440
898	464
898	517
898	619
898	707
898	716
898	721
898	852
898	892
898	919
898	961
898	963
898	989
898	996
898	999
899	59
899	100
899	151
899	259
899	349
899	372
899	400
899	460
899	578
899	597
899	639
899	667
899	675
899	732
899	815
899	890
899	897
899	902
899	951
899	958
899	968
900	87
900	111
900	258
900	305
900	513
900	626
900	657
900	703
900	793
900	814
900	848
900	879
900	914
900	921
900	923
900	928
900	946
900	963
900	981
900	996
900	997
901	125
901	256
901	355
901	677
901	739
901	758
901	784
901	799
901	823
901	824
901	830
901	839
901	852
901	862
901	904
901	905
901	930
901	959
901	973
901	986
901	993
902	15
902	42
902	62
902	349
902	630
902	673
902	757
902	788
902	822
902	834
902	869
902	881
902	899
902	929
902	936
902	937
902	950
902	959
902	967
902	992
902	1000
903	24
903	152
903	318
903	347
903	393
903	462
903	528
903	751
903	800
903	810
903	842
903	848
903	921
903	928
903	934
903	945
903	963
903	981
903	996
903	997
903	998
904	3
904	179
904	257
904	291
904	554
904	702
904	797
904	798
904	811
904	824
904	826
904	862
904	865
904	869
904	901
904	910
904	926
904	929
904	964
904	965
904	971
904	988
905	48
905	143
905	169
905	198
905	199
905	227
905	236
905	263
905	283
905	329
905	369
905	411
905	438
905	565
905	679
905	727
905	844
905	901
905	914
905	940
905	952
905	992
906	206
906	243
906	283
906	367
906	425
906	440
906	574
906	599
906	636
906	682
906	719
906	816
906	817
906	841
906	846
906	867
906	896
906	926
906	930
906	949
906	993
906	995
907	80
907	181
907	209
907	232
907	431
907	574
907	658
907	691
907	694
907	722
907	746
907	769
907	817
907	853
907	861
907	875
907	881
907	890
907	924
907	959
907	969
907	983
908	114
908	145
908	285
908	556
908	594
908	613
908	708
908	783
908	791
908	829
908	915
908	926
908	929
908	945
908	958
908	959
908	979
908	986
908	990
908	991
908	992
908	993
909	111
909	125
909	208
909	286
909	313
909	466
909	533
909	540
909	662
909	698
909	704
909	749
909	781
909	852
909	869
909	919
909	927
909	943
909	960
909	972
909	974
909	1000
910	237
910	242
910	294
910	433
910	524
910	562
910	587
910	640
910	655
910	747
910	811
910	841
910	862
910	869
910	892
910	904
910	925
910	929
910	953
910	969
910	982
910	989
911	157
911	456
911	538
911	547
911	552
911	589
911	615
911	624
911	686
911	723
911	731
911	821
911	823
911	842
911	860
911	861
911	871
911	925
911	927
911	971
911	983
911	990
912	23
912	71
912	163
912	280
912	426
912	477
912	585
912	621
912	640
912	650
912	769
912	779
912	804
912	811
912	812
912	862
912	865
912	919
912	929
912	953
912	990
912	996
913	33
913	37
913	303
913	330
913	373
913	523
913	546
913	550
913	569
913	627
913	662
913	668
913	769
913	837
913	860
913	873
913	931
913	946
913	949
913	972
913	975
913	978
914	74
914	78
914	509
914	565
914	568
914	625
914	654
914	686
914	725
914	826
914	852
914	872
914	877
914	891
914	893
914	900
914	905
914	928
914	960
914	970
914	976
914	983
914	997
915	1
915	41
915	66
915	71
915	133
915	183
915	297
915	432
915	436
915	448
915	576
915	581
915	746
915	829
915	832
915	842
915	853
915	858
915	908
915	926
915	986
915	991
915	999
916	7
916	44
916	65
916	165
916	203
916	321
916	353
916	354
916	403
916	438
916	494
916	539
916	567
916	657
916	770
916	837
916	840
916	939
916	956
916	966
916	970
916	978
916	997
917	5
917	85
917	89
917	175
917	210
917	416
917	450
917	458
917	498
917	560
917	564
917	644
917	650
917	737
917	766
917	816
917	842
917	874
917	882
917	945
917	954
917	976
917	980
918	80
918	409
918	469
918	542
918	685
918	843
918	872
918	895
918	932
918	933
918	938
918	941
918	943
918	949
918	957
918	959
918	961
918	965
918	966
918	973
918	974
918	979
918	982
918	994
919	295
919	313
919	343
919	374
919	466
919	533
919	692
919	698
919	713
919	771
919	776
919	820
919	823
919	835
919	867
919	880
919	898
919	909
919	912
919	937
919	940
919	943
919	972
919	983
920	28
920	86
920	121
920	148
920	151
920	221
920	243
920	370
920	375
920	377
920	453
920	455
920	467
920	758
920	766
920	819
920	858
920	884
920	926
920	933
920	960
920	962
920	980
920	982
921	87
921	111
921	244
921	254
921	258
921	305
921	408
921	461
921	519
921	703
921	734
921	784
921	793
921	801
921	814
921	866
921	879
921	900
921	903
921	923
921	928
921	935
921	963
921	986
922	9
922	211
922	217
922	399
922	502
922	503
922	526
922	538
922	673
922	694
922	702
922	722
922	736
922	751
922	797
922	813
922	821
922	866
922	872
922	967
922	972
922	979
922	983
922	996
923	89
923	95
923	192
923	257
923	338
923	399
923	489
923	556
923	668
923	690
923	793
923	814
923	859
923	900
923	921
923	932
923	934
923	947
923	976
923	977
923	979
923	989
923	991
923	995
924	37
924	46
924	185
924	263
924	306
924	369
924	384
924	410
924	561
924	643
924	687
924	711
924	718
924	743
924	752
924	780
924	812
924	825
924	877
924	879
924	889
924	907
924	956
924	995
925	460
925	528
925	557
925	596
925	610
925	633
925	634
925	635
925	648
925	728
925	756
925	787
925	807
925	834
925	868
925	910
925	911
925	940
925	950
925	971
925	978
925	981
925	987
925	999
926	244
926	546
926	682
926	689
926	747
926	776
926	809
926	829
926	832
926	846
926	869
926	904
926	906
926	908
926	915
926	920
926	949
926	950
926	973
926	975
926	982
926	984
926	991
926	997
927	112
927	248
927	374
927	408
927	500
927	506
927	518
927	593
927	619
927	693
927	726
927	812
927	832
927	878
927	879
927	888
927	890
927	909
927	911
927	930
927	941
927	954
927	961
927	974
927	998
928	31
928	134
928	156
928	282
928	307
928	454
928	462
928	476
928	573
928	590
928	607
928	697
928	701
928	765
928	793
928	813
928	866
928	893
928	900
928	903
928	914
928	921
928	952
928	978
928	989
929	43
929	221
929	396
929	429
929	576
929	631
929	736
929	789
929	791
929	822
929	847
929	860
929	902
929	904
929	908
929	910
929	912
929	931
929	946
929	951
929	953
929	986
929	989
929	993
929	1000
930	140
930	177
930	521
930	601
930	611
930	670
930	733
930	760
930	790
930	801
930	802
930	803
930	835
930	838
930	846
930	863
930	901
930	906
930	927
930	944
930	949
930	955
930	973
930	986
930	993
931	12
931	13
931	291
931	314
931	424
931	425
931	521
931	523
931	569
931	631
931	705
931	711
931	740
931	750
931	761
931	768
931	807
931	808
931	836
931	860
931	913
931	929
931	946
931	978
931	995
932	88
932	117
932	176
932	299
932	362
932	363
932	489
932	548
932	558
932	585
932	622
932	628
932	646
932	710
932	719
932	762
932	882
932	918
932	923
932	977
932	978
932	979
932	989
932	993
932	999
933	42
933	362
933	410
933	500
933	516
933	541
933	584
933	826
933	863
933	895
933	918
933	920
933	944
933	951
933	952
933	960
933	962
933	966
933	970
933	980
933	989
933	992
933	994
933	997
933	1000
934	25
934	45
934	85
934	270
934	510
934	553
934	606
934	688
934	696
934	703
934	704
934	713
934	725
934	807
934	809
934	903
934	923
934	938
934	951
934	952
934	961
934	984
934	988
934	998
934	999
935	2
935	102
935	126
935	143
935	245
935	252
935	260
935	275
935	323
935	328
935	365
935	459
935	463
935	511
935	650
935	692
935	768
935	815
935	820
935	854
935	892
935	921
935	936
935	965
935	982
936	108
936	286
936	293
936	344
936	400
936	412
936	439
936	474
936	479
936	513
936	554
936	630
936	651
936	690
936	697
936	754
936	875
936	876
936	902
936	935
936	940
936	942
936	967
936	977
936	998
937	214
937	306
937	377
937	441
937	456
937	543
937	570
937	647
937	681
937	717
937	786
937	830
937	835
937	845
937	880
937	887
937	902
937	919
937	946
937	951
937	959
937	975
937	976
937	981
937	995
937	1000
938	51
938	192
938	456
938	490
938	574
938	591
938	603
938	622
938	704
938	716
938	726
938	772
938	774
938	794
938	819
938	826
938	832
938	834
938	838
938	918
938	934
938	942
938	958
938	960
938	974
938	979
939	19
939	321
939	422
939	517
939	532
939	545
939	599
939	613
939	663
939	670
939	724
939	739
939	750
939	766
939	828
939	830
939	835
939	837
939	864
939	916
939	942
939	946
939	959
939	979
939	995
939	999
940	63
940	108
940	137
940	202
940	240
940	243
940	546
940	598
940	662
940	754
940	787
940	859
940	883
940	887
940	905
940	919
940	925
940	936
940	946
940	960
940	968
940	971
940	973
940	983
940	990
940	998
941	161
941	372
941	427
941	535
941	540
941	604
941	606
941	660
941	664
941	675
941	744
941	748
941	750
941	777
941	779
941	784
941	869
941	918
941	927
941	955
941	957
941	959
941	966
941	984
941	987
941	994
942	95
942	178
942	180
942	186
942	201
942	319
942	340
942	383
942	431
942	444
942	473
942	485
942	493
942	497
942	515
942	582
942	665
942	709
942	729
942	789
942	838
942	872
942	936
942	938
942	939
942	964
942	976
943	235
943	244
943	299
943	313
943	400
943	461
943	525
943	545
943	824
943	834
943	852
943	866
943	882
943	909
943	918
943	919
943	956
943	957
943	965
943	966
943	968
943	969
943	971
943	972
943	989
943	990
943	994
944	49
944	259
944	482
944	511
944	574
944	583
944	637
944	645
944	662
944	693
944	719
944	736
944	788
944	799
944	815
944	844
944	863
944	930
944	933
944	954
944	955
944	958
944	968
944	973
944	986
944	989
944	995
945	15
945	128
945	308
945	321
945	326
945	354
945	413
945	466
945	564
945	647
945	669
945	741
945	766
945	813
945	837
945	842
945	855
945	856
945	903
945	908
945	917
945	948
945	960
945	985
945	997
945	998
945	1000
946	173
946	269
946	569
946	608
946	674
946	701
946	767
946	788
946	827
946	830
946	857
946	860
946	871
946	882
946	887
946	894
946	900
946	913
946	929
946	931
946	937
946	939
946	940
946	951
946	952
946	958
946	973
946	988
947	10
947	35
947	50
947	64
947	70
947	118
947	191
947	231
947	317
947	360
947	385
947	431
947	443
947	479
947	498
947	583
947	639
947	683
947	714
947	748
947	781
947	804
947	818
947	838
947	923
947	959
947	967
947	989
948	44
948	76
948	258
948	294
948	318
948	323
948	342
948	345
948	393
948	415
948	528
948	551
948	608
948	686
948	771
948	772
948	789
948	803
948	810
948	819
948	829
948	837
948	879
948	882
948	889
948	945
948	951
948	959
948	989
949	24
949	57
949	216
949	228
949	308
949	514
949	584
949	608
949	753
949	763
949	764
949	809
949	814
949	828
949	841
949	846
949	881
949	895
949	906
949	913
949	918
949	926
949	930
949	957
949	964
949	966
949	982
949	994
949	997
950	4
950	83
950	97
950	152
950	222
950	328
950	387
950	503
950	524
950	572
950	573
950	584
950	635
950	647
950	648
950	695
950	757
950	773
950	817
950	833
950	891
950	897
950	902
950	925
950	926
950	967
950	978
950	980
950	996
950	997
951	31
951	239
951	267
951	373
951	384
951	576
951	623
951	644
951	662
951	673
951	761
951	765
951	786
951	789
951	796
951	813
951	832
951	833
951	845
951	884
951	899
951	929
951	933
951	934
951	937
951	946
951	948
951	963
951	975
951	987
952	21
952	27
952	77
952	84
952	225
952	321
952	457
952	464
952	534
952	541
952	568
952	636
952	673
952	675
952	713
952	721
952	737
952	740
952	748
952	801
952	826
952	905
952	928
952	933
952	934
952	946
952	965
952	977
952	979
952	997
952	998
953	10
953	23
953	107
953	234
953	276
953	336
953	401
953	410
953	507
953	556
953	558
953	585
953	595
953	621
953	633
953	642
953	650
953	669
953	689
953	739
953	811
953	822
953	846
953	862
953	865
953	870
953	910
953	912
953	929
953	981
953	982
954	3
954	247
954	277
954	289
954	307
954	372
954	422
954	427
954	458
954	463
954	518
954	559
954	571
954	622
954	664
954	670
954	744
954	753
954	780
954	781
954	791
954	804
954	808
954	816
954	850
954	877
954	917
954	927
954	944
954	981
954	985
954	992
955	75
955	83
955	186
955	222
955	243
955	292
955	328
955	332
955	352
955	555
955	558
955	566
955	603
955	605
955	643
955	655
955	711
955	717
955	831
955	833
955	850
955	885
955	888
955	930
955	941
955	944
955	959
955	971
955	974
955	982
955	987
955	996
956	52
956	210
956	333
956	533
956	555
956	607
956	614
956	642
956	655
956	681
956	715
956	759
956	776
956	825
956	843
956	845
956	849
956	851
956	857
956	879
956	892
956	916
956	924
956	943
956	966
956	968
956	971
956	978
956	979
956	990
956	995
956	1000
957	64
957	105
957	158
957	224
957	324
957	358
957	409
957	469
957	680
957	681
957	685
957	776
957	796
957	838
957	843
957	855
957	881
957	895
957	896
957	897
957	918
957	941
957	943
957	949
957	959
957	961
957	965
957	966
957	973
957	978
957	982
957	985
957	994
958	39
958	100
958	139
958	229
958	239
958	371
958	447
958	553
958	597
958	599
958	613
958	639
958	649
958	653
958	666
958	670
958	680
958	708
958	742
958	774
958	798
958	815
958	877
958	878
958	894
958	899
958	908
958	938
958	944
958	946
958	961
958	979
958	993
959	64
959	65
959	127
959	144
959	249
959	317
959	443
959	476
959	719
959	748
959	825
959	830
959	862
959	882
959	887
959	895
959	896
959	901
959	902
959	907
959	908
959	918
959	937
959	939
959	941
959	947
959	948
959	955
959	957
959	966
959	987
959	994
959	995
960	225
960	257
960	269
960	453
960	463
960	466
960	735
960	775
960	776
960	812
960	819
960	822
960	823
960	824
960	834
960	857
960	867
960	887
960	909
960	914
960	920
960	933
960	938
960	940
960	945
960	961
960	962
960	970
960	972
960	980
960	986
960	992
960	999
961	79
961	164
961	251
961	404
961	420
961	467
961	491
961	549
961	575
961	624
961	707
961	716
961	751
961	754
961	775
961	794
961	892
961	895
961	898
961	918
961	927
961	934
961	957
961	958
961	960
961	966
961	970
961	976
961	985
961	988
961	994
961	996
961	997
961	998
962	3
962	69
962	212
962	221
962	288
962	293
962	324
962	351
962	360
962	373
962	393
962	438
962	496
962	500
962	608
962	614
962	707
962	714
962	722
962	724
962	749
962	777
962	795
962	812
962	832
962	859
962	884
962	920
962	933
962	960
962	975
962	980
962	995
962	997
963	38
963	87
963	88
963	118
963	304
963	417
963	545
963	598
963	618
963	638
963	715
963	718
963	769
963	771
963	801
963	814
963	817
963	861
963	863
963	875
963	889
963	898
963	900
963	903
963	921
963	951
963	968
963	969
963	971
963	972
963	973
963	979
963	985
963	990
963	996
964	8
964	71
964	91
964	131
964	175
964	228
964	247
964	272
964	299
964	435
964	450
964	462
964	493
964	512
964	620
964	643
964	663
964	671
964	676
964	702
964	843
964	848
964	877
964	888
964	904
964	942
964	949
964	965
964	971
964	974
964	975
964	977
964	989
964	994
964	996
965	55
965	67
965	139
965	239
965	260
965	263
965	432
965	495
965	527
965	572
965	671
965	707
965	712
965	812
965	854
965	856
965	871
965	885
965	895
965	904
965	918
965	935
965	943
965	952
965	957
965	964
965	966
965	973
965	982
965	984
965	986
965	994
965	1000
966	173
966	175
966	230
966	233
966	251
966	287
966	357
966	391
966	409
966	431
966	543
966	661
966	685
966	701
966	705
966	715
966	759
966	843
966	895
966	897
966	916
966	918
966	933
966	941
966	943
966	949
966	956
966	957
966	959
966	961
966	965
966	970
966	973
966	982
966	994
967	96
967	97
967	114
967	184
967	222
967	292
967	293
967	352
967	365
967	458
967	474
967	537
967	563
967	584
967	690
967	694
967	697
967	701
967	722
967	778
967	782
967	797
967	799
967	821
967	851
967	902
967	922
967	936
967	947
967	950
967	976
967	978
967	983
967	987
967	999
968	16
968	19
968	99
968	159
968	202
968	234
968	297
968	304
968	334
968	372
968	481
968	523
968	571
968	581
968	612
968	618
968	688
968	732
968	755
968	842
968	861
968	873
968	876
968	899
968	940
968	943
968	944
968	956
968	963
968	971
968	972
968	979
968	990
968	995
968	998
969	35
969	52
969	103
969	141
969	219
969	234
969	271
969	281
969	303
969	358
969	417
969	430
969	462
969	504
969	532
969	562
969	573
969	584
969	647
969	715
969	718
969	769
969	811
969	821
969	855
969	861
969	870
969	890
969	907
969	910
969	943
969	963
969	970
969	985
969	989
970	219
970	236
970	263
970	281
970	351
970	417
970	448
970	451
970	520
970	561
970	598
970	659
970	678
970	691
970	695
970	769
970	778
970	812
970	826
970	838
970	861
970	870
970	889
970	914
970	916
970	933
970	960
970	961
970	966
970	969
970	973
970	984
970	985
970	987
970	988
970	997
971	8
971	48
971	63
971	164
971	203
971	293
971	297
971	304
971	360
971	481
971	539
971	544
971	572
971	618
971	620
971	644
971	750
971	781
971	842
971	861
971	873
971	881
971	884
971	904
971	911
971	925
971	940
971	943
971	955
971	956
971	963
971	964
971	968
971	972
971	990
971	995
971	996
972	28
972	172
972	235
972	313
972	405
972	449
972	492
972	503
972	524
972	576
972	616
972	668
972	741
972	743
972	749
972	773
972	783
972	868
972	870
972	881
972	887
972	890
972	909
972	913
972	919
972	922
972	943
972	960
972	963
972	968
972	971
972	974
972	990
972	995
972	998
973	58
973	166
973	181
973	366
973	521
973	595
973	685
973	693
973	698
973	738
973	744
973	781
973	799
973	810
973	812
973	834
973	846
973	854
973	880
973	887
973	894
973	895
973	901
973	918
973	926
973	930
973	940
973	944
973	946
973	957
973	963
973	965
973	966
973	970
973	977
973	984
973	991
973	994
974	61
974	99
974	170
974	358
974	374
974	436
974	450
974	454
974	489
974	509
974	510
974	546
974	593
974	654
974	675
974	701
974	717
974	726
974	759
974	775
974	776
974	827
974	833
974	835
974	849
974	850
974	851
974	861
974	866
974	880
974	909
974	918
974	927
974	938
974	955
974	964
974	972
974	979
974	998
975	11
975	38
975	69
975	92
975	97
975	130
975	212
975	228
975	324
975	330
975	369
975	389
975	399
975	501
975	514
975	523
975	560
975	569
975	602
975	605
975	612
975	701
975	719
975	724
975	777
975	860
975	873
975	885
975	886
975	913
975	926
975	937
975	951
975	962
975	964
975	991
975	993
975	995
975	997
976	18
976	32
976	72
976	167
976	207
976	213
976	220
976	296
976	496
976	497
976	526
976	564
976	586
976	615
976	632
976	652
976	656
976	690
976	703
976	764
976	766
976	792
976	816
976	824
976	827
976	833
976	839
976	860
976	872
976	882
976	891
976	914
976	917
976	923
976	937
976	942
976	961
976	967
976	985
976	998
977	103
977	117
977	127
977	132
977	134
977	159
977	174
977	207
977	272
977	284
977	298
977	346
977	357
977	363
977	370
977	441
977	454
977	465
977	506
977	539
977	548
977	628
977	646
977	710
977	734
977	762
977	826
977	923
977	932
977	936
977	952
977	964
977	973
977	978
977	979
977	985
977	988
977	989
977	993
977	999
978	44
978	136
978	252
978	272
978	391
978	503
978	532
978	569
978	599
978	600
978	631
978	635
978	641
978	648
978	664
978	699
978	725
978	804
978	807
978	828
978	831
978	837
978	843
978	860
978	886
978	890
978	913
978	916
978	925
978	928
978	931
978	932
978	950
978	956
978	957
978	967
978	977
978	980
978	991
978	997
979	118
979	451
979	459
979	502
979	538
979	593
979	602
979	615
979	640
979	670
979	680
979	707
979	710
979	722
979	726
979	730
979	745
979	812
979	821
979	828
979	832
979	893
979	908
979	918
979	922
979	923
979	932
979	938
979	939
979	952
979	956
979	958
979	963
979	968
979	974
979	977
979	983
979	989
979	993
979	999
980	70
980	115
980	208
980	232
980	340
980	350
980	397
980	421
980	465
980	499
980	553
980	600
980	629
980	655
980	713
980	716
980	757
980	776
980	817
980	818
980	819
980	820
980	825
980	831
980	835
980	851
980	860
980	867
980	884
980	886
980	917
980	920
980	933
980	950
980	960
980	962
980	978
980	981
980	985
980	993
980	996
981	112
981	158
981	351
981	397
981	418
981	459
981	474
981	605
981	629
981	677
981	682
981	706
981	721
981	728
981	739
981	740
981	742
981	744
981	753
981	758
981	774
981	787
981	791
981	792
981	804
981	806
981	822
981	845
981	864
981	878
981	880
981	900
981	903
981	925
981	937
981	953
981	954
981	980
981	987
981	992
981	1000
982	29
982	152
982	217
982	218
982	219
982	260
982	323
982	343
982	477
982	548
982	562
982	570
982	587
982	638
982	659
982	685
982	689
982	722
982	771
982	804
982	815
982	819
982	829
982	841
982	854
982	869
982	895
982	910
982	918
982	920
982	926
982	935
982	949
982	953
982	955
982	957
982	965
982	966
982	994
982	995
983	12
983	105
983	131
983	132
983	133
983	143
983	174
983	178
983	215
983	266
983	311
983	389
983	488
983	502
983	573
983	613
983	615
983	659
983	668
983	678
983	684
983	694
983	720
983	722
983	736
983	751
983	805
983	813
983	821
983	849
983	866
983	871
983	907
983	911
983	914
983	919
983	922
983	940
983	967
983	979
983	998
984	45
984	70
984	81
984	131
984	138
984	150
984	215
984	216
984	277
984	280
984	282
984	288
984	362
984	411
984	465
984	504
984	516
984	522
984	525
984	588
984	593
984	606
984	611
984	645
984	690
984	702
984	707
984	713
984	745
984	779
984	805
984	806
984	823
984	851
984	926
984	934
984	941
984	965
984	970
984	973
984	992
984	994
985	16
985	26
985	34
985	42
985	117
985	389
985	423
985	430
985	433
985	458
985	464
985	478
985	519
985	532
985	542
985	647
985	655
985	661
985	666
985	671
985	719
985	738
985	757
985	802
985	816
985	835
985	842
985	856
985	870
985	890
985	892
985	945
985	954
985	957
985	961
985	963
985	969
985	970
985	976
985	977
985	980
985	1000
986	41
986	84
986	151
986	203
986	374
986	379
986	390
986	448
986	521
986	562
986	569
986	576
986	662
986	677
986	678
986	723
986	747
986	750
986	773
986	791
986	803
986	822
986	825
986	829
986	831
986	855
986	863
986	883
986	901
986	908
986	915
986	921
986	929
986	930
986	944
986	960
986	965
986	989
986	991
986	992
986	997
986	998
987	4
987	31
987	113
987	197
987	227
987	241
987	250
987	265
987	337
987	371
987	376
987	429
987	508
987	574
987	598
987	617
987	666
987	673
987	683
987	692
987	728
987	744
987	760
987	765
987	786
987	787
987	833
987	852
987	878
987	890
987	893
987	925
987	941
987	951
987	955
987	959
987	967
987	970
987	981
987	989
987	995
987	997
987	1000
988	28
988	59
988	68
988	79
988	196
988	205
988	231
988	285
988	361
988	376
988	382
988	414
988	465
988	529
988	577
988	589
988	598
988	624
988	636
988	666
988	672
988	692
988	733
988	749
988	754
988	768
988	801
988	848
988	850
988	868
988	870
988	882
988	886
988	889
988	894
988	904
988	934
988	946
988	961
988	970
988	977
988	990
988	997
989	40
989	109
989	161
989	162
989	168
989	188
989	297
989	325
989	434
989	441
989	454
989	567
989	608
989	628
989	641
989	650
989	697
989	789
989	799
989	823
989	833
989	880
989	882
989	891
989	898
989	910
989	923
989	928
989	929
989	932
989	933
989	943
989	944
989	947
989	948
989	964
989	969
989	977
989	979
989	986
989	987
989	996
989	999
990	127
990	182
990	202
990	237
990	261
990	297
990	304
990	373
990	404
990	416
990	481
990	529
990	540
990	548
990	581
990	612
990	618
990	623
990	644
990	668
990	730
990	732
990	755
990	762
990	805
990	853
990	861
990	873
990	881
990	908
990	911
990	912
990	940
990	943
990	956
990	963
990	968
990	971
990	972
990	988
990	994
990	995
990	997
991	1
991	9
991	42
991	80
991	94
991	129
991	133
991	149
991	166
991	182
991	230
991	261
991	311
991	315
991	331
991	356
991	378
991	385
991	425
991	432
991	448
991	491
991	543
991	544
991	554
991	564
991	576
991	715
991	746
991	750
991	811
991	829
991	855
991	884
991	886
991	897
991	908
991	915
991	923
991	926
991	973
991	975
991	978
991	986
992	39
992	85
992	101
992	161
992	169
992	183
992	196
992	227
992	298
992	309
992	356
992	372
992	398
992	401
992	467
992	535
992	541
992	552
992	565
992	568
992	579
992	677
992	678
992	699
992	704
992	709
992	727
992	728
992	739
992	761
992	794
992	817
992	826
992	887
992	902
992	905
992	908
992	933
992	954
992	960
992	981
992	984
992	986
992	998
993	70
993	229
993	285
993	306
993	363
993	371
993	408
993	421
993	508
993	522
993	542
993	553
993	596
993	628
993	657
993	666
993	684
993	719
993	732
993	741
993	746
993	757
993	764
993	784
993	794
993	800
993	813
993	817
993	870
993	881
993	882
993	896
993	901
993	906
993	908
993	929
993	930
993	932
993	958
993	975
993	977
993	979
993	980
993	999
994	90
994	151
994	161
994	174
994	203
994	266
994	345
994	346
994	380
994	402
994	409
994	424
994	468
994	469
994	602
994	684
994	685
994	718
994	722
994	729
994	787
994	796
994	836
994	838
994	842
994	855
994	885
994	895
994	897
994	918
994	933
994	941
994	943
994	949
994	957
994	959
994	961
994	964
994	965
994	966
994	973
994	982
994	984
994	990
995	19
995	59
995	63
995	184
995	193
995	232
995	340
995	342
995	367
995	375
995	414
995	507
995	542
995	556
995	614
995	656
995	662
995	692
995	699
995	707
995	738
995	760
995	774
995	790
995	834
995	854
995	881
995	906
995	923
995	924
995	931
995	937
995	939
995	944
995	956
995	959
995	962
995	968
995	971
995	972
995	975
995	982
995	987
995	990
995	1000
996	26
996	78
996	91
996	159
996	223
996	254
996	325
996	450
996	454
996	517
996	558
996	560
996	567
996	572
996	588
996	591
996	620
996	624
996	642
996	644
996	661
996	663
996	671
996	716
996	746
996	755
996	764
996	792
996	797
996	848
996	856
996	867
996	898
996	900
996	903
996	912
996	922
996	950
996	955
996	961
996	963
996	964
996	971
996	980
996	989
996	1000
997	48
997	132
997	205
997	212
997	306
997	332
997	442
997	490
997	494
997	514
997	529
997	551
997	562
997	568
997	598
997	602
997	700
997	702
997	708
997	750
997	778
997	808
997	820
997	826
997	828
997	832
997	840
997	881
997	900
997	903
997	914
997	916
997	926
997	933
997	945
997	949
997	950
997	952
997	961
997	962
997	970
997	975
997	978
997	986
997	987
997	988
997	990
998	79
998	108
998	156
998	190
998	202
998	220
998	374
998	490
998	510
998	589
998	595
998	610
998	627
998	630
998	646
998	688
998	693
998	697
998	699
998	712
998	754
998	761
998	764
998	803
998	823
998	826
998	827
998	849
998	865
998	872
998	891
998	896
998	903
998	927
998	934
998	936
998	940
998	945
998	952
998	961
998	968
998	972
998	974
998	976
998	983
998	986
998	992
999	135
999	233
999	309
999	320
999	363
999	380
999	381
999	390
999	395
999	445
999	470
999	478
999	484
999	497
999	609
999	628
999	632
999	696
999	710
999	725
999	737
999	738
999	757
999	760
999	772
999	793
999	797
999	809
999	843
999	851
999	870
999	882
999	894
999	898
999	915
999	925
999	932
999	934
999	939
999	960
999	967
999	977
999	979
999	989
999	993
1000	32
1000	241
1000	253
1000	255
1000	276
1000	334
1000	364
1000	403
1000	433
1000	470
1000	495
1000	531
1000	543
1000	544
1000	572
1000	632
1000	671
1000	681
1000	690
1000	726
1000	735
1000	760
1000	784
1000	788
1000	792
1000	798
1000	833
1000	844
1000	845
1000	847
1000	858
1000	879
1000	884
1000	895
1000	902
1000	909
1000	929
1000	933
1000	937
1000	945
1000	956
1000	965
1000	981
1000	985
1000	987
1000	995
1000	996
