# The communities at k=8
# from G:\Dropbox\Raghda\CNA\Final Project\other methods\CFinder-2.0.6--1448\G:\Dropbox\Raghda\CNA\Final Project\Datasets\binary_networks\LFR1\networ_LFR1_Om5.dat
# at no lower link weight threshold,
# and at no upper link weight threshold.
# Links were treated as undirected.
# No time limit was set for the clique search.

0: 568 966 893 930 948 919 942 929 780 732 926 796 472 699 635 676 719 
1: 806 812 827 834 653 778 484 493 
2: 726 952 959 981 988 866 879 941 994 906 818 823 492 809 518 739 642 664 714 
3: 998 971 882 921 946 955 836 826 519 850 707 645 610 
4: 860 918 923 964 979 863 950 693 603 537 811 586 663 
5: 990 755 884 895 636 992 759 548 
6: 902 915 954 961 898 994 843 578 651 581 
7: 824 876 938 983 803 927 851 810 992 619 822 626 627 
8: 993 743 762 814 901 643 754 705 
9: 933 985 991 940 885 848 864 789 655 773 
10: 998 1000 870 897 903 928 935 958 968 975 999 838 945 995 632 825 675 712 713 722 
11: 775 916 953 924 890 845 832 779 658 
12: 887 949 972 982 799 786 674 728 
13: 883 960 970 980 861 821 891 756 854 805 835 765 769 
