# The links inside the communities at k=8
# from G:\Dropbox\Raghda\CNA\Final Project\other methods\CFinder-2.0.6--1448\G:\Dropbox\Raghda\CNA\Final Project\Datasets\binary_networks\LFR1\networ_LFR1_Om5.dat
# at no lower link weight threshold,
# and at no upper link weight threshold.
# Links were treated as undirected.
# No time limit was set for the clique search.

0:
568 966
568 893
568 948
568 919
568 942
568 929
568 926
966 893
966 930
966 948
966 919
966 942
966 929
966 780
966 732
966 926
966 796
966 472
966 699
966 635
966 676
966 719
893 930
893 948
893 919
893 942
893 929
893 780
893 732
893 926
893 796
893 699
893 635
930 948
930 919
930 942
930 929
930 780
930 732
930 926
930 796
930 472
930 699
930 635
930 676
930 719
948 919
948 942
948 929
948 780
948 732
948 926
948 796
948 472
948 699
948 635
948 676
948 719
919 942
919 929
919 780
919 732
919 926
919 796
919 472
919 635
919 676
919 719
942 929
942 780
942 732
942 926
942 796
942 472
942 699
942 635
942 676
942 719
929 732
929 926
929 472
929 699
929 635
929 676
929 719
780 732
780 926
780 796
780 699
780 719
732 926
926 796
926 472
926 699
926 635
926 676
926 719
796 676
796 719
699 676
699 719
1:
806 812
806 827
806 834
806 653
806 778
806 484
806 493
812 827
812 834
812 653
812 778
812 484
812 493
827 834
827 653
827 778
827 484
827 493
834 653
834 778
834 484
834 493
653 778
653 484
653 493
778 484
778 493
484 493
2:
726 952
726 959
726 981
726 988
726 866
726 879
726 941
726 906
726 714
952 959
952 981
952 988
952 866
952 879
952 941
952 994
952 906
952 818
952 823
952 492
952 809
952 518
952 739
952 642
952 664
959 981
959 988
959 866
959 879
959 941
959 994
959 906
959 818
959 823
959 492
959 809
959 518
959 739
959 642
959 664
959 714
981 988
981 866
981 879
981 941
981 994
981 906
981 818
981 823
981 492
981 809
981 518
981 739
981 642
981 664
981 714
988 866
988 879
988 941
988 994
988 906
988 818
988 823
988 492
988 809
988 518
988 739
988 642
988 664
988 714
866 879
866 941
866 906
866 818
866 823
866 492
866 809
866 642
866 664
866 714
879 941
879 906
879 818
879 823
879 809
879 518
879 739
879 714
941 994
941 906
941 818
941 823
941 492
941 809
941 518
941 739
941 664
941 714
994 906
994 818
994 823
906 823
906 809
906 518
906 664
906 714
818 823
818 809
818 739
818 642
818 664
823 809
823 739
823 642
823 714
492 809
809 664
739 642
739 714
3:
998 971
998 882
998 921
998 946
998 955
998 836
998 826
998 850
998 707
971 882
971 921
971 946
971 955
971 836
971 826
971 519
971 850
971 707
971 645
971 610
882 921
882 946
882 955
882 836
882 826
882 519
882 850
882 707
882 645
882 610
921 946
921 955
921 836
921 826
921 519
921 850
921 707
921 645
921 610
946 955
946 836
946 826
946 519
946 850
946 707
946 645
946 610
955 836
955 826
955 519
955 850
955 707
955 645
955 610
836 826
836 519
836 850
836 707
836 645
836 610
826 850
826 707
826 645
519 850
850 707
850 645
850 610
4:
860 918
860 923
860 964
860 979
860 863
860 950
860 693
860 603
860 811
860 586
860 663
918 923
918 964
918 979
918 863
918 950
918 693
918 603
918 537
918 811
918 586
918 663
923 964
923 979
923 863
923 950
923 693
923 603
923 537
923 811
923 586
923 663
964 979
964 863
964 950
964 693
964 603
964 537
964 811
964 586
964 663
979 863
979 950
979 663
863 950
863 693
863 603
863 537
863 811
863 586
863 663
950 693
950 603
950 537
950 811
950 586
950 663
693 537
693 811
693 663
603 811
537 811
811 586
811 663
5:
990 755
990 884
990 895
990 636
990 992
990 759
990 548
755 884
755 895
755 636
755 992
755 759
755 548
884 895
884 636
884 992
884 759
884 548
895 636
895 992
895 759
895 548
636 992
636 759
636 548
992 759
992 548
759 548
6:
902 915
902 954
902 961
902 898
902 994
902 843
902 578
902 651
902 581
915 954
915 961
915 898
915 994
915 843
915 578
915 651
915 581
954 961
954 898
954 994
954 843
954 578
954 651
954 581
961 898
961 994
961 843
961 578
961 651
961 581
898 994
898 843
898 578
898 651
898 581
994 843
994 651
843 578
843 651
843 581
578 651
651 581
7:
824 876
824 938
824 983
824 803
824 927
824 851
824 810
824 992
824 619
824 822
824 626
824 627
876 938
876 983
876 803
876 927
876 851
876 810
876 992
876 619
876 822
876 626
876 627
938 983
938 803
938 927
938 851
938 810
938 992
938 619
938 822
938 626
938 627
983 803
983 927
983 851
983 810
983 992
983 619
983 822
983 626
983 627
803 927
803 851
803 810
803 992
803 619
803 822
803 626
927 851
927 810
927 992
927 619
927 822
927 626
927 627
851 810
851 992
851 619
851 822
851 627
810 822
810 626
810 627
992 822
619 822
822 626
822 627
8:
993 743
993 762
993 814
993 901
993 643
993 754
993 705
743 762
743 814
743 901
743 643
743 754
743 705
762 814
762 901
762 643
762 754
762 705
814 901
814 643
814 754
814 705
901 643
901 754
901 705
643 754
643 705
754 705
9:
933 985
933 991
933 940
933 885
933 848
933 864
933 789
933 655
933 773
985 991
985 940
985 885
985 848
985 864
985 789
985 655
985 773
991 940
991 885
991 848
991 864
991 789
991 655
991 773
940 885
940 848
940 864
940 789
940 655
940 773
885 848
885 864
885 789
885 655
885 773
848 864
848 789
848 655
848 773
864 789
789 773
655 773
10:
998 897
998 903
998 928
998 958
998 968
998 975
998 999
998 945
1000 870
1000 897
1000 903
1000 928
1000 935
1000 958
1000 968
1000 975
1000 999
870 897
870 903
870 928
870 935
870 958
870 968
870 975
870 999
870 838
870 945
870 825
870 675
870 712
870 713
870 722
897 903
897 928
897 935
897 958
897 968
897 975
897 999
897 838
897 945
897 995
897 675
897 712
897 722
903 928
903 935
903 958
903 968
903 975
903 999
903 838
903 945
903 995
903 632
903 825
903 675
903 713
928 935
928 958
928 968
928 975
928 999
928 838
928 945
928 995
928 632
928 825
928 675
928 713
928 722
935 958
935 968
935 975
935 999
935 838
935 945
935 632
935 825
935 675
935 712
935 713
958 968
958 975
958 999
958 838
958 945
958 995
958 632
958 825
958 712
958 713
958 722
968 975
968 999
968 838
968 945
968 632
968 825
968 675
968 712
968 722
975 999
975 838
975 945
975 995
975 632
975 825
975 675
975 712
975 713
975 722
999 838
999 945
999 995
999 632
999 825
999 675
999 712
999 713
999 722
838 945
838 995
838 825
838 712
838 713
838 722
945 995
945 632
945 825
945 675
945 712
945 713
945 722
825 712
825 713
825 722
11:
775 916
775 953
775 924
775 890
775 845
775 832
775 779
775 658
916 953
916 924
916 890
916 845
916 832
916 779
916 658
953 924
953 890
953 845
953 832
953 779
953 658
924 890
924 845
924 832
924 658
890 845
890 832
890 779
890 658
845 832
845 779
845 658
832 779
832 658
779 658
12:
887 949
887 972
887 982
887 799
887 786
887 674
887 728
949 972
949 982
949 799
949 786
949 674
949 728
972 982
972 799
972 786
972 674
972 728
982 799
982 786
982 674
982 728
799 786
799 674
799 728
786 674
786 728
674 728
13:
883 960
883 970
883 980
883 861
883 821
883 891
883 756
883 805
883 835
883 765
883 769
960 970
960 980
960 861
960 821
960 891
960 756
960 854
960 805
960 835
960 765
960 769
970 980
970 861
970 821
970 891
970 756
970 854
970 805
970 835
970 765
970 769
980 861
980 821
980 891
980 756
980 854
980 805
980 835
980 765
980 769
861 891
861 756
861 854
861 805
861 835
861 765
861 769
821 891
821 805
821 765
821 769
891 756
891 854
891 805
891 835
891 765
891 769
756 854
756 769
854 805
854 835
854 769
805 835
805 765
835 765
835 769
765 769
