# The graph of at k=4
# from G:\Dropbox\Raghda\CNA\Final Project\other methods\CFinder-2.0.6--1448\G:\Dropbox\Raghda\CNA\Final Project\Datasets\binary_networks\LFR6\network_LFR6_Om6.dat
# at no lower link weight threshold,
# and at no upper link weight threshold.
# Links were treated as undirected.
# No time limit was set for the clique search.

0 2 1
0 6 1
0 19 1
0 22 1
0 29 1
0 33 1
0 39 1
0 50 1
1 22 1
1 29 1
1 33 1
1 41 1
1 53 1
1 58 1
2 9 1
2 13 1
2 16 1
2 56 1
3 12 2
4 6 1
4 11 1
4 13 2
4 19 1
4 21 1
4 30 1
4 31 1
4 34 1
4 58 1
4 62 1
4 64 1
5 7 1
5 54 1
6 7 2
6 11 2
6 21 1
6 23 2
6 29 2
6 30 1
6 31 2
6 34 3
6 35 1
6 38 1
6 48 1
6 50 1
6 51 1
6 52 2
6 55 1
6 58 1
6 60 1
7 11 1
7 18 1
7 19 1
7 23 1
7 24 2
7 27 1
7 28 1
7 29 1
7 31 1
7 39 1
7 42 1
7 50 1
7 54 1
7 61 1
7 64 1
8 59 1
9 11 1
9 51 1
9 56 2
9 61 1
10 17 2
11 19 2
11 24 1
11 27 1
11 28 2
11 34 1
11 39 1
11 51 1
11 52 1
11 60 1
11 64 1
13 16 1
13 31 1
13 34 1
13 35 1
13 36 1
13 37 1
13 62 1
14 15 1
14 16 2
14 19 1
14 31 2
14 58 1
15 16 1
15 25 1
15 31 1
15 61 1
16 25 1
16 27 1
16 31 1
16 39 1
16 57 1
16 58 1
16 61 1
17 31 1
17 45 1
17 47 1
17 50 1
17 63 1
18 24 1
18 61 1
19 20 1
19 22 1
19 24 1
19 27 1
19 28 1
19 31 1
19 34 1
19 37 1
19 39 1
19 57 1
19 60 2
19 64 1
20 60 1
21 30 1
21 58 1
22 29 1
22 33 1
22 34 1
22 39 1
22 53 1
22 60 1
23 31 1
23 50 1
23 55 2
24 27 1
24 28 1
24 39 1
24 61 1
25 45 1
25 52 1
25 61 1
25 63 1
27 28 1
27 31 1
27 39 2
27 57 1
28 39 2
29 33 1
29 39 1
29 48 1
29 58 1
29 64 1
30 42 1
30 58 1
31 34 1
31 35 1
31 39 1
31 42 1
31 47 1
31 57 1
31 64 1
33 39 1
33 41 1
34 38 1
34 51 1
34 52 2
34 60 1
35 36 1
35 42 1
38 52 1
39 57 2
40 50 1
40 62 1
41 42 2
42 64 1
44 46 2
44 60 2
45 52 1
45 63 2
46 60 1
47 53 1
48 61 2
49 51 2
49 56 1
50 62 1
51 52 1
51 56 2
51 61 1
52 63 1
56 61 1
59 62 1
