# The cliques from G:\Dropbox\Raghda\CNA\Final Project\other methods\CFinder-2.0.6--1448\G:\Dropbox\Raghda\CNA\Final Project\Datasets\binary_networks\LFR6\network_LFR6_Om4.dat
# at no lower link weight threshold,
# and at no upper link weight threshold.
# Links were treated as undirected.
# No time limit was set for the clique search.

0: 10 28 964 
1: 10 855 964 
2: 991 100 693 
3: 1000 14 482 
4: 1000 14 878 
5: 1000 21 721 902 
6: 1000 223 878 
7: 1000 223 916 
8: 1000 31 922 
9: 1000 41 922 
10: 1000 41 976 
11: 41 922 834 
12: 41 976 834 
13: 1000 48 721 902 
14: 980 55 762 626 
15: 89 766 956 
16: 102 791 891 996 
17: 102 844 891 996 
18: 104 748 978 
19: 104 945 978 
20: 107 454 754 
21: 11 769 911 
22: 111 713 974 
23: 111 713 997 
24: 111 749 997 
25: 116 864 933 
26: 991 119 918 
27: 121 809 906 909 
28: 123 544 606 
29: 123 606 990 
30: 123 784 990 
31: 124 138 947 
32: 124 724 947 
33: 138 947 234 
34: 993 994 126 832 
35: 897 193 952 
36: 193 952 876 
37: 167 919 778 
38: 13 656 898 970 
39: 991 133 938 
40: 134 694 981 
41: 136 941 962 
42: 137 570 894 
43: 137 912 989 
44: 140 505 785 
45: 140 785 923 
46: 754 910 213 
47: 993 969 142 
48: 969 142 671 
49: 144 854 871 
50: 145 766 988 
51: 852 149 718 
52: 979 151 171 
53: 979 151 943 
54: 979 151 971 
55: 979 988 171 
56: 957 155 787 
57: 156 794 949 953 
58: 156 927 949 953 
59: 977 972 158 803 940 
60: 978 160 802 
61: 160 612 802 
62: 807 164 709 
63: 993 832 165 
64: 770 168 212 
65: 907 862 172 
66: 892 989 173 793 
67: 974 785 923 174 
68: 879 175 705 
69: 879 175 937 
70: 977 177 642 
71: 991 997 938 179 
72: 848 184 736 
73: 954 983 186 
74: 189 610 875 
75: 809 906 909 192 
76: 197 599 704 890 
77: 990 970 199 
78: 921 992 3 
79: 992 3 775 
80: 947 504 219 
81: 991 944 201 
82: 795 890 204 
83: 795 204 624 
84: 204 624 744 
85: 939 206 967 
86: 905 207 644 
87: 905 207 690 
88: 964 887 211 
89: 500 887 211 
90: 887 992 211 
91: 907 894 215 
92: 997 938 22 377 
93: 986 220 968 
94: 959 982 224 
95: 959 224 739 
96: 840 229 339 
97: 978 956 230 
98: 978 230 824 
99: 903 232 303 
100: 990 811 235 
101: 811 235 617 
102: 748 978 24 
103: 945 978 24 
104: 724 947 25 
105: 947 25 813 
106: 999 816 26 950 
107: 989 27 867 
108: 944 94 647 
109: 945 978 33 
110: 975 351 75 
111: 975 75 399 
112: 995 365 60 
113: 995 60 750 
114: 927 949 826 960 37 
115: 986 990 91 815 
116: 998 929 61 
117: 934 998 39 
118: 944 681 40 
119: 944 40 517 
120: 879 995 63 
121: 995 440 63 
122: 975 955 46 
123: 975 736 46 
124: 975 441 46 
125: 994 756 95 
126: 879 995 750 57 
127: 995 489 57 
128: 992 557 88 
129: 992 703 88 
130: 819 985 85 
131: 944 917 68 
132: 944 955 68 
133: 955 834 68 
134: 804 986 815 78 
135: 853 986 78 
136: 996 999 950 84 
137: 1000 284 322 902 
138: 1000 284 721 902 907 
139: 322 902 729 
140: 322 902 850 
141: 996 276 999 
142: 329 896 925 
143: 979 964 330 
144: 979 330 781 
145: 330 781 576 
146: 306 827 630 
147: 306 827 838 
148: 921 992 297 
149: 992 297 623 
150: 656 898 292 780 833 
151: 931 944 328 
152: 994 360 874 
153: 976 318 776 
154: 318 639 776 
155: 997 938 981 377 
156: 981 840 377 
157: 891 946 312 
158: 954 869 339 
159: 869 483 339 
160: 947 404 568 
161: 864 303 524 
162: 748 256 676 
163: 926 257 692 
164: 857 995 251 
165: 979 920 239 
166: 929 977 972 940 240 
167: 977 972 940 240 550 
168: 934 241 660 
169: 934 241 685 
170: 944 242 681 
171: 935 962 865 245 
172: 935 870 865 245 
173: 933 807 919 247 
174: 933 807 247 692 
175: 933 745 247 
176: 927 949 249 826 960 
177: 952 876 253 
178: 952 253 561 
179: 876 253 680 
180: 997 254 389 
181: 997 963 389 
182: 997 938 389 
183: 852 975 255 
184: 994 989 364 
185: 998 685 401 
186: 918 685 401 
187: 918 401 842 
188: 822 900 263 
189: 759 900 619 263 
190: 900 461 263 
191: 572 820 264 595 
192: 957 814 278 
193: 957 278 670 
194: 978 266 607 
195: 683 266 607 
196: 844 269 915 
197: 843 778 271 
198: 778 999 271 
199: 914 900 296 
200: 994 969 324 
201: 788 772 341 
202: 979 964 988 280 
203: 979 988 971 280 
204: 993 961 281 
205: 993 994 958 281 
206: 994 958 874 281 
207: 945 978 282 
208: 945 282 562 
209: 978 282 886 
210: 282 562 886 
211: 984 951 985 397 
212: 944 881 287 
213: 881 287 384 
214: 922 384 537 
215: 881 384 537 
216: 839 853 986 294 
217: 848 904 298 
218: 993 652 969 299 
219: 993 994 969 299 
220: 993 994 299 403 
221: 993 939 403 
222: 939 403 674 
223: 984 951 987 301 
224: 984 951 301 522 
225: 966 905 302 315 
226: 966 302 765 
227: 905 315 893 
228: 560 833 366 
229: 937 833 366 
230: 970 820 400 
231: 820 595 400 
232: 595 400 836 
233: 968 987 313 
234: 998 977 972 940 317 872 
235: 977 972 803 940 321 
236: 977 972 940 872 321 
237: 958 975 323 
238: 975 936 323 
239: 975 717 323 
240: 675 801 326 
241: 984 331 823 
242: 979 866 781 332 
243: 979 866 332 556 
244: 983 332 556 
245: 987 393 677 
246: 841 393 727 
247: 393 677 727 
248: 957 814 335 
249: 959 982 336 
250: 916 875 337 
251: 899 340 672 
252: 887 992 342 
253: 754 929 343 
254: 929 968 343 
255: 961 935 962 865 345 
256: 959 942 899 349 
257: 942 349 528 
258: 852 975 351 
259: 975 895 351 
260: 999 816 950 352 
261: 999 816 352 973 
262: 986 990 353 
263: 606 990 353 
264: 980 809 906 909 354 
265: 982 942 355 613 
266: 982 355 613 830 
267: 982 355 756 
268: 726 935 359 
269: 963 865 359 
270: 935 865 359 
271: 955 801 361 575 
272: 955 858 361 575 
273: 801 885 361 
274: 885 858 361 
275: 995 365 434 
276: 978 956 368 
277: 974 983 374 
278: 974 810 374 
279: 997 938 374 
280: 997 810 374 
281: 921 751 405 
282: 952 876 376 913 
283: 952 376 684 913 
284: 998 977 940 872 378 
285: 934 967 379 
286: 795 890 380 
287: 795 380 790 
288: 890 850 380 
289: 693 917 382 
290: 995 434 382 
291: 954 918 388 
292: 903 641 390 
293: 905 956 394 
294: 946 396 470 
295: 966 396 470 
296: 945 978 398 
297: 945 901 398 
298: 978 398 453 
299: 898 506 569 407 
300: 898 833 407 
301: 840 833 407 
302: 878 996 408 
303: 812 990 409 
304: 990 946 409 
305: 455 691 999 
306: 455 999 798 
307: 866 416 988 971 
308: 416 988 971 667 
309: 416 988 971 576 
310: 982 450 899 
311: 961 479 941 962 
312: 914 433 920 
313: 914 433 774 
314: 433 904 774 
315: 759 900 475 
316: 864 933 488 
317: 933 926 488 
318: 791 996 415 
319: 984 493 965 
320: 493 516 847 
321: 869 483 813 
322: 996 999 499 
323: 604 429 831 
324: 996 999 432 915 696 
325: 887 999 432 
326: 981 923 418 
327: 922 998 464 
328: 976 998 464 
329: 998 881 464 
330: 769 995 476 
331: 456 601 630 
332: 914 898 498 833 
333: 898 869 498 
334: 853 968 487 
335: 848 968 487 
336: 959 942 481 
337: 996 999 425 
338: 995 486 489 
339: 963 848 426 
340: 963 426 531 
341: 995 744 434 
342: 907 900 423 
343: 900 423 649 
344: 900 423 774 
345: 423 774 863 
346: 975 718 966 446 
347: 966 470 825 
348: 977 854 491 
349: 877 413 687 
350: 957 814 490 
351: 979 988 943 417 
352: 943 983 417 
353: 993 969 419 
354: 933 926 807 422 
355: 926 884 422 
356: 769 995 424 
357: 995 705 424 584 
358: 995 424 714 
359: 862 894 427 
360: 892 894 427 
361: 892 427 777 
362: 887 992 428 
363: 887 896 428 
364: 992 428 650 
365: 895 458 598 
366: 971 575 458 
367: 876 968 431 
368: 926 989 849 435 
369: 926 989 797 435 
370: 926 937 435 
371: 994 969 437 
372: 888 950 442 
373: 950 915 442 
374: 748 978 484 
375: 978 910 484 
376: 998 929 445 
377: 981 447 722 
378: 927 447 722 
379: 961 962 448 
380: 955 904 448 
381: 769 911 449 750 
382: 769 995 449 750 
383: 879 995 449 750 
384: 811 645 473 
385: 983 473 551 
386: 926 797 457 
387: 879 928 463 
388: 995 465 614 
389: 806 583 466 
390: 878 962 468 
391: 726 941 962 468 
392: 941 501 468 
393: 749 997 938 469 837 
394: 997 469 742 837 
395: 984 985 472 
396: 984 559 472 
397: 939 729 478 
398: 996 950 480 
399: 769 995 489 
400: 979 964 492 
401: 979 867 492 
402: 979 551 492 
403: 994 969 494 
404: 945 978 494 
405: 943 628 495 
406: 959 982 942 899 497 
407: 982 942 899 497 521 
408: 982 942 528 497 
409: 500 887 999 
410: 510 959 942 
411: 1000 533 779 
412: 1000 541 839 853 986 
413: 541 839 986 815 
414: 541 986 564 
415: 554 726 941 
416: 572 970 820 
417: 572 820 760 
418: 539 705 584 
419: 922 502 682 
420: 996 519 939 
421: 519 947 888 
422: 994 544 832 
423: 907 862 570 894 
424: 862 570 971 
425: 892 570 894 
426: 974 981 505 785 654 
427: 982 942 555 
428: 914 560 780 833 
429: 656 560 780 833 
430: 996 518 915 
431: 808 947 504 
432: 724 947 989 504 
433: 898 506 780 
434: 912 953 536 960 
435: 927 949 953 536 960 
436: 927 953 536 960 580 
437: 979 565 668 
438: 523 886 800 
439: 784 943 529 
440: 955 943 529 904 
441: 977 972 854 550 872 
442: 977 972 943 940 550 872 
443: 952 968 561 913 
444: 952 561 841 913 
445: 952 561 684 913 
446: 952 561 913 677 
447: 982 942 530 
448: 927 953 530 
449: 941 545 836 
450: 936 971 534 
451: 988 971 534 
452: 971 534 684 
453: 597 534 684 913 
454: 921 992 557 
455: 992 557 885 
456: 992 557 763 
457: 945 802 562 
458: 945 810 562 
459: 945 562 587 
460: 984 951 985 965 522 
461: 984 951 985 764 522 
462: 984 951 985 522 515 
463: 864 641 524 973 
464: 778 641 524 
465: 524 973 661 
466: 990 817 535 
467: 990 535 860 
468: 944 976 558 
469: 988 781 576 
470: 979 964 866 988 556 
471: 979 916 988 556 
472: 982 942 528 835 638 
473: 995 514 750 
474: 955 971 801 575 
475: 955 971 858 575 
476: 955 904 575 
477: 976 983 559 574 
478: 986 987 508 
479: 785 508 654 
480: 922 944 537 
481: 922 834 537 
482: 944 976 537 
483: 944 881 537 
484: 976 834 537 
485: 922 944 998 517 
486: 922 944 682 517 
487: 944 998 881 517 
488: 993 931 568 
489: 993 939 568 
490: 876 968 531 
491: 968 930 531 
492: 935 941 501 
493: 941 857 501 
494: 941 778 501 
495: 969 906 520 
496: 969 520 507 
497: 906 909 520 
498: 935 941 563 
499: 969 939 507 
500: 969 874 507 
501: 939 738 507 
502: 974 983 551 
503: 949 953 551 
504: 953 983 551 
505: 980 762 741 503 626 698 
506: 503 661 698 
507: 982 942 899 789 835 521 
508: 911 509 540 
509: 914 901 540 
510: 986 990 511 
511: 990 860 511 
512: 984 951 985 823 515 
513: 984 951 930 515 
514: 978 802 525 
515: 978 928 525 
516: 802 880 525 
517: 928 707 525 
518: 998 685 526 
519: 998 800 526 
520: 924 842 526 
521: 842 973 800 526 
522: 929 977 972 527 
523: 946 896 925 527 
524: 995 584 564 
525: 772 968 543 
526: 984 951 548 
527: 785 923 548 
528: 976 970 983 574 
529: 976 736 574 
530: 981 949 960 566 
531: 912 960 566 
532: 794 949 960 566 
533: 927 949 960 566 
534: 941 962 567 
535: 991 997 963 571 
536: 991 997 938 571 
537: 749 997 938 967 571 
538: 964 862 573 
539: 945 978 573 
540: 862 894 573 
541: 1000 590 878 
542: 1000 605 861 986 
543: 605 861 986 987 817 
544: 605 986 880 
545: 1000 618 944 
546: 618 935 870 
547: 1000 634 916 984 
548: 634 916 984 985 
549: 634 916 906 909 
550: 993 961 627 939 
551: 993 994 627 
552: 994 627 874 
553: 944 600 917 
554: 964 891 579 
555: 606 990 811 
556: 791 996 592 999 915 
557: 996 592 999 915 603 
558: 737 585 949 
559: 585 927 949 953 826 960 
560: 971 604 801 
561: 931 887 602 
562: 911 602 705 
563: 945 612 802 
564: 945 612 901 
565: 945 612 725 
566: 597 952 987 
567: 597 952 684 913 
568: 955 588 904 
569: 610 965 719 893 
570: 610 719 928 
571: 887 921 581 
572: 921 581 690 
573: 921 581 703 
574: 957 888 636 
575: 957 814 787 636 
576: 975 974 625 
577: 942 625 789 
578: 733 599 704 
579: 599 890 873 
580: 907 900 616 
581: 907 616 925 
582: 759 900 616 
583: 921 888 992 621 
584: 921 992 621 867 
585: 992 621 901 
586: 992 621 710 
587: 957 908 593 
588: 957 883 787 593 877 
589: 957 787 593 877 586 
590: 794 953 617 
591: 999 987 639 
592: 978 956 607 
593: 978 607 720 
594: 982 942 620 
595: 992 751 623 
596: 992 867 623 
597: 822 827 601 
598: 914 827 601 630 
599: 827 601 838 
600: 601 838 700 
601: 914 827 901 630 
602: 671 827 630 
603: 827 630 747 
604: 979 988 609 
605: 976 880 609 
606: 769 995 609 
607: 981 923 633 
608: 848 885 904 628 
609: 943 904 628 
610: 959 982 942 899 613 
611: 959 982 613 830 
612: 804 986 968 622 
613: 861 986 817 622 
614: 986 880 622 
615: 986 810 622 
616: 990 811 587 
617: 911 705 584 
618: 879 995 705 584 
619: 976 777 596 
620: 998 977 972 803 940 578 
621: 998 977 972 940 872 578 
622: 974 977 972 803 940 578 
623: 974 977 972 940 872 578 
624: 943 983 631 
625: 943 904 631 
626: 984 591 710 
627: 996 950 598 
628: 852 806 583 
629: 974 930 583 
630: 771 995 614 
631: 857 995 614 
632: 995 937 750 614 
633: 995 928 614 
634: 954 953 960 580 
635: 981 953 960 580 
636: 984 799 637 
637: 977 972 637 
638: 820 760 637 
639: 903 772 825 635 
640: 932 913 635 
641: 959 982 942 789 835 638 
642: 959 982 871 638 
643: 933 919 577 
644: 998 977 803 940 582 
645: 998 977 940 872 582 
646: 974 977 803 940 582 
647: 974 977 940 872 582 
648: 974 872 582 753 
649: 977 940 875 872 582 
650: 957 814 787 877 586 
651: 957 676 586 
652: 957 775 586 
653: 844 996 999 950 915 632 
654: 888 950 632 
655: 996 999 950 915 603 
656: 854 999 950 603 
657: 999 821 603 
658: 964 946 594 
659: 986 946 594 
660: 946 706 594 
661: 748 978 615 
662: 946 896 615 
663: 1000 663 944 
664: 663 906 909 
665: 1000 675 804 
666: 675 816 915 
667: 723 673 995 
668: 673 995 725 
669: 963 656 970 833 
670: 963 656 780 833 
671: 656 898 970 833 
672: 653 890 873 
673: 979 988 943 667 
674: 979 988 971 667 
675: 979 988 667 668 
676: 782 988 667 
677: 943 667 735 
678: 846 999 642 
679: 641 973 725 
680: 980 796 658 
681: 980 658 867 
682: 945 802 644 
683: 975 936 644 
684: 982 655 835 
685: 933 970 655 
686: 755 971 655 
687: 934 954 918 660 842 
688: 934 918 850 660 
689: 934 918 660 842 800 
690: 991 954 918 660 842 
691: 991 918 660 842 800 
692: 959 899 646 
693: 989 646 728 
694: 748 802 676 
695: 926 692 676 
696: 979 916 988 668 
697: 979 988 781 668 
698: 979 845 668 
699: 988 956 668 
700: 957 814 648 
701: 892 648 777 
702: 878 947 651 
703: 958 912 662 
704: 912 868 662 
705: 880 868 662 
706: 902 645 666 
707: 993 994 657 
708: 993 657 735 
709: 903 868 657 
710: 963 848 659 
711: 969 832 674 
712: 969 939 674 
713: 969 740 674 
714: 832 674 753 
715: 832 674 716 
716: 939 674 716 
717: 989 851 966 669 
718: 851 868 932 669 
719: 943 786 669 
720: 966 786 669 
721: 786 868 932 669 
722: 997 665 742 
723: 892 894 665 
724: 959 982 942 899 967 672 835 
725: 959 982 942 899 672 789 835 
726: 997 938 678 
727: 949 960 678 
728: 953 983 666 
729: 897 952 913 677 
730: 897 956 677 
731: 952 987 677 
732: 952 932 913 677 
733: 952 913 677 727 
734: 922 944 998 647 
735: 944 976 998 647 
736: 976 998 936 647 
737: 996 999 649 
738: 978 851 649 
739: 978 765 649 
740: 844 996 650 
741: 996 838 650 
742: 974 981 785 923 948 654 
743: 974 972 654 
744: 979 988 640 
745: 984 930 640 
746: 991 693 931 796 
747: 991 693 917 
748: 991 693 867 
749: 693 907 931 796 
750: 693 796 775 
751: 1000 695 839 853 861 986 
752: 1000 695 861 961 986 
753: 695 839 861 986 987 
754: 695 839 824 
755: 695 861 961 986 987 
756: 998 958 697 920 
757: 998 697 688 
758: 713 997 938 
759: 691 941 962 
760: 691 999 987 915 
761: 691 952 987 
762: 694 981 840 
763: 694 981 925 
764: 977 702 940 
765: 702 806 965 
766: 702 965 719 
767: 852 975 718 
768: 958 975 718 966 
769: 975 718 930 
770: 951 689 985 
771: 988 689 956 
772: 980 933 709 
773: 980 812 709 
774: 954 812 709 
775: 954 807 709 
776: 933 970 709 
777: 933 807 709 
778: 809 906 699 
779: 975 712 841 
780: 712 762 698 
781: 712 952 841 
782: 723 911 705 
783: 723 879 995 705 
784: 993 969 701 
785: 993 701 987 
786: 996 701 987 
787: 969 701 874 
788: 977 940 690 
789: 984 985 706 823 
790: 785 923 708 
791: 971 801 708 
792: 708 826 960 
793: 993 994 969 686 
794: 993 994 686 757 
795: 993 686 747 
796: 934 998 685 948 
797: 934 918 685 948 
798: 934 685 882 
799: 944 998 881 681 
800: 944 917 881 681 
801: 944 881 955 681 
802: 954 807 692 797 
803: 933 926 807 692 797 
804: 994 989 680 
805: 994 965 680 
806: 933 989 680 
807: 878 962 679 
808: 990 962 956 679 
809: 941 962 679 948 
810: 957 787 717 
811: 921 992 703 836 
812: 921 703 768 
813: 986 707 815 
814: 782 834 682 
815: 922 834 682 
816: 822 952 684 
817: 971 952 684 727 
818: 952 684 913 727 
819: 957 877 687 
820: 994 730 687 
821: 994 845 687 
822: 994 874 687 
823: 844 996 999 950 915 696 
824: 844 996 999 973 696 
825: 996 999 950 915 696 798 
826: 980 846 762 698 
827: 980 846 698 715 
828: 980 895 700 
829: 984 985 710 
830: 957 883 877 710 
831: 992 883 710 
832: 993 931 994 716 
833: 993 994 936 832 716 
834: 993 994 832 967 716 
835: 993 936 939 716 
836: 993 939 967 716 
837: 993 747 716 
838: 993 980 715 
839: 993 819 715 
840: 993 969 715 
841: 980 906 909 715 
842: 969 906 715 
843: 1000 721 808 902 
844: 1000 723 931 
845: 723 911 750 
846: 723 917 879 
847: 723 879 995 928 
848: 723 879 995 750 
849: 726 935 941 962 
850: 726 935 870 
851: 726 935 783 
852: 737 906 909 
853: 737 794 949 
854: 737 973 930 
855: 994 730 783 
856: 951 730 930 
857: 935 730 783 
858: 996 746 999 
859: 908 746 999 
860: 963 970 746 
861: 945 978 732 
862: 972 803 732 
863: 972 803 734 
864: 794 953 731 960 
865: 731 876 913 
866: 993 939 729 
867: 993 729 960 
868: 976 736 880 
869: 993 969 740 
870: 965 761 719 893 
871: 965 719 756 
872: 959 942 739 
873: 942 739 873 
874: 977 972 739 872 
875: 933 919 739 
876: 972 739 913 
877: 966 739 873 
878: 985 965 745 
879: 870 956 745 
880: 870 865 745 
881: 905 956 745 
882: 979 988 720 
883: 769 995 720 
884: 879 995 720 
885: 993 969 735 
886: 943 786 735 
887: 908 955 743 
888: 908 992 743 
889: 959 982 899 743 
890: 866 988 743 
891: 936 971 952 727 
892: 936 952 876 727 
893: 952 876 841 913 727 
894: 841 873 727 
895: 954 949 953 960 722 
896: 981 949 953 960 722 
897: 912 953 960 722 
898: 927 949 953 960 722 
899: 993 939 738 
900: 814 877 738 
901: 997 963 742 837 
902: 997 932 742 837 
903: 997 829 742 837 
904: 963 970 742 
905: 963 946 742 
906: 929 856 728 
907: 892 989 793 728 
908: 793 932 728 
909: 945 790 725 
910: 977 972 725 
911: 770 989 875 
912: 770 841 913 
913: 748 978 802 
914: 748 802 880 
915: 754 929 920 
916: 749 997 932 837 
917: 749 938 883 
918: 914 759 900 
919: 982 771 835 
920: 755 892 989 
921: 755 892 777 
922: 755 971 932 
923: 755 971 856 
924: 755 868 932 
925: 755 932 873 
926: 755 856 873 
927: 755 856 777 
928: 980 916 809 906 909 
929: 980 809 906 909 895 
930: 980 809 906 909 828 
931: 767 981 960 
932: 767 927 960 
933: 979 924 766 988 
934: 979 766 867 
935: 766 988 956 
936: 951 752 889 
937: 977 972 752 
938: 924 788 772 
939: 903 788 772 968 
940: 984 951 912 985 764 889 
941: 984 951 985 764 823 889 
942: 984 951 764 823 973 889 
943: 984 764 828 889 
944: 843 985 764 889 
945: 985 764 863 889 
946: 921 992 751 
947: 992 751 901 
948: 992 751 775 
949: 760 987 889 
950: 993 980 757 
951: 993 931 994 757 
952: 980 906 909 757 
953: 917 881 757 
954: 934 842 758 
955: 984 951 985 758 
956: 945 985 758 
957: 974 972 940 758 
958: 765 973 800 
959: 808 947 756 
960: 961 965 756 
961: 994 958 965 756 
962: 982 914 756 
963: 804 986 773 
964: 861 986 773 
965: 953 960 773 
966: 962 948 763 
967: 923 948 763 
968: 914 900 774 
969: 788 774 863 
970: 911 937 750 
971: 879 995 937 750 
972: 937 870 750 
973: 994 832 753 
974: 996 987 753 
975: 996 798 753 
976: 920 987 753 
977: 945 978 747 
978: 990 919 747 
979: 990 827 747 
980: 984 985 768 
981: 969 936 768 
982: 855 964 779 
983: 1000 779 902 
984: 1000 779 986 
985: 1000 779 998 
986: 779 986 817 
987: 782 866 988 
988: 782 793 965 
989: 782 965 856 
990: 791 891 996 999 
991: 791 996 999 882 950 
992: 791 996 999 950 915 798 
993: 791 887 999 
994: 924 784 838 
995: 784 992 901 
996: 784 901 838 
997: 957 814 787 824 877 
998: 787 877 893 
999: 778 999 950 798 
1000: 924 857 788 
1001: 912 786 868 932 
1002: 903 786 868 
1003: 979 866 988 920 781 
1004: 979 988 781 886 
1005: 914 898 780 833 
1006: 898 780 790 
1007: 976 970 983 776 
1008: 959 982 910 789 835 
1009: 997 938 790 
1010: 908 856 777 
1011: 929 856 777 
1012: 892 871 777 
1013: 965 856 777 
1014: 993 994 783 
1015: 1000 804 839 986 
1016: 1000 804 961 986 
1017: 804 839 986 968 815 
1018: 804 839 831 
1019: 804 961 986 815 
1020: 808 985 799 
1021: 808 870 865 
1022: 808 799 973 
1023: 980 907 796 
1024: 980 812 849 919 
1025: 954 812 849 919 
1026: 812 990 919 
1027: 812 990 821 
1028: 852 975 955 806 925 
1029: 975 806 925 863 
1030: 954 807 919 
1031: 954 794 949 953 960 
1032: 794 953 858 
1033: 998 929 977 972 803 940 
1034: 998 977 972 943 803 940 
1035: 971 801 885 
1036: 976 802 880 
1037: 976 802 956 
1038: 945 978 802 
1039: 978 802 956 
1040: 984 951 792 985 
1041: 984 951 792 930 
1042: 997 981 792 930 
1043: 795 890 829 
1044: 892 894 793 948 
1045: 894 793 965 
1046: 971 793 965 932 
1047: 984 951 985 965 799 
1048: 984 951 985 799 823 
1049: 984 951 799 823 973 
1050: 985 799 863 
1051: 853 986 810 
1052: 945 978 810 
1053: 916 875 805 
1054: 976 970 805 
1055: 975 974 805 
1056: 974 948 805 
1057: 990 970 805 
1058: 990 962 805 
1059: 962 948 805 
1060: 864 933 797 
1061: 933 926 989 797 
1062: 933 970 989 797 
1063: 996 999 816 950 915 798 
1064: 908 999 798 
1065: 934 998 800 
1066: 934 918 886 800 
1067: 934 918 842 973 800 
1068: 991 998 800 
1069: 991 918 842 973 800 
1070: 918 842 800 821 
1071: 822 945 901 
1072: 822 827 901 
1073: 822 952 876 
1074: 818 851 966 
1075: 818 851 868 
1076: 861 819 985 
1077: 957 908 814 
1078: 957 814 860 
1079: 827 901 838 
1080: 996 999 816 987 950 915 
1081: 996 999 816 838 
1082: 996 999 816 973 
1083: 998 977 940 824 
1084: 875 828 889 
1085: 895 953 826 
1086: 912 953 826 960 
1087: 927 953 826 858 
1088: 927 953 826 830 
1089: 953 983 826 960 
1090: 953 983 826 830 
1091: 954 869 813 
1092: 954 953 960 813 
1093: 984 951 985 813 
1094: 947 989 813 
1095: 992 829 836 
1096: 966 905 829 
1097: 853 861 986 817 
1098: 853 986 990 817 
1099: 986 990 946 817 
1100: 986 987 817 930 
1101: 916 984 951 985 823 
1102: 984 897 951 985 823 889 
1103: 839 861 986 987 815 
1104: 839 986 968 987 815 
1105: 861 961 986 987 815 
1106: 986 990 946 815 
1107: 979 845 825 
1108: 979 886 825 
1109: 959 982 942 967 825 
1110: 878 947 821 
1111: 844 999 821 
1112: 839 853 986 968 
1113: 844 891 996 999 
1114: 844 996 999 987 950 915 
1115: 844 950 847 
1116: 994 969 843 
1117: 959 982 942 843 899 
1118: 935 843 870 865 
1119: 993 961 832 
1120: 993 994 969 936 832 
1121: 993 994 969 832 967 
1122: 994 969 832 967 874 
1123: 974 981 923 840 
1124: 849 919 845 
1125: 952 876 831 841 
1126: 934 882 842 
1127: 991 938 842 
1128: 918 854 842 
1129: 938 882 842 
1130: 963 970 937 833 
1131: 898 970 937 833 
1132: 959 982 899 835 847 
1133: 997 830 837 
1134: 977 972 940 830 
1135: 853 861 986 836 
1136: 964 997 938 837 
1137: 997 938 928 837 
1138: 997 938 882 837 
1139: 997 928 837 847 
1140: 997 932 882 837 
1141: 997 930 837 
1142: 979 855 964 
1143: 979 855 924 
1144: 855 981 983 
1145: 1000 853 922 
1146: 861 985 987 
1147: 852 975 955 983 
1148: 907 862 894 948 
1149: 862 929 856 
1150: 862 894 856 
1151: 862 971 856 
1152: 854 871 896 
1153: 854 871 860 
1154: 854 950 860 
1155: 991 963 848 
1156: 963 848 904 
1157: 848 968 904 
1158: 912 989 851 
1159: 912 851 868 932 
1160: 851 966 863 
1161: 851 880 868 
1162: 851 868 863 
1163: 980 933 849 919 
1164: 933 926 989 849 
1165: 933 970 989 849 
1166: 926 849 884 
1167: 879 857 995 
1168: 941 962 857 
1169: 962 857 956 
1170: 869 857 966 
1171: 857 870 956 
1172: 857 966 873 
1173: 857 956 873 
1174: 902 907 850 
1175: 927 949 850 
1176: 991 998 859 
1177: 991 938 981 859 
1178: 990 919 859 
1179: 952 987 859 
1180: 952 859 913 
1181: 976 956 858 
1182: 971 932 858 
1183: 971 885 858 
1184: 994 965 874 860 
1185: 894 965 856 
1186: 894 856 873 
1187: 971 965 856 
1188: 975 966 925 863 
1189: 979 924 866 988 
1190: 979 866 988 971 920 
1191: 866 988 956 
1192: 866 920 987 
1193: 976 958 864 
1194: 958 864 920 
1195: 864 933 919 
1196: 959 982 910 871 
1197: 982 871 884 
1198: 871 896 925 
1199: 954 869 983 
1200: 975 936 869 
1201: 975 869 983 
1202: 975 869 966 
1203: 963 869 937 
1204: 898 869 937 
1205: 935 990 870 
1206: 990 870 956 
1207: 937 870 865 
1208: 870 865 948 
1209: 989 903 875 
1210: 903 875 868 
1211: 952 876 968 913 
1212: 991 963 962 865 
1213: 991 935 941 962 865 
1214: 991 941 962 865 948 
1215: 961 963 962 865 
1216: 961 935 941 962 865 
1217: 963 962 937 865 
1218: 957 888 877 
1219: 887 883 877 
1220: 994 958 969 965 874 
1221: 979 916 867 
1222: 991 916 867 
1223: 980 916 867 
1224: 912 989 867 
1225: 998 929 977 972 940 872 
1226: 998 977 972 943 940 872 
1227: 966 905 873 
1228: 905 956 873 
1229: 878 996 915 
1230: 878 996 973 
1231: 878 935 962 
1232: 878 947 888 
1233: 887 992 883 
1234: 938 981 883 
1235: 981 883 946 
1236: 947 884 882 
1237: 894 884 948 
1238: 976 936 880 
1239: 997 967 885 
1240: 964 891 997 
1241: 964 891 946 
1242: 954 891 983 
1243: 891 946 896 925 
1244: 887 921 992 
1245: 887 999 973 
1246: 947 888 989 
1247: 979 924 988 886 
1248: 984 985 965 987 886 
1249: 978 928 886 
1250: 978 987 886 
1251: 984 951 985 987 889 
1252: 984 951 987 930 889 
1253: 984 951 973 930 889 
1254: 897 951 952 
1255: 897 927 949 960 
1256: 897 983 956 
1257: 897 983 960 
1258: 897 905 956 893 
1259: 907 914 900 
1260: 975 974 895 
1261: 975 895 925 
1262: 998 894 948 
1263: 961 935 901 
1264: 978 956 893 
1265: 989 903 893 
1266: 1000 907 931 
1267: 1000 907 961 
1268: 907 967 925 
1269: 979 916 924 988 
1270: 945 978 910 
1271: 958 912 989 
1272: 912 971 932 
1273: 981 949 915 
1274: 949 999 915 
1275: 991 944 917 
1276: 922 944 917 
1277: 991 918 948 
1278: 979 988 943 920 
1279: 998 929 920 
1280: 998 943 920 
1281: 943 920 987 
1282: 971 920 952 
1283: 920 952 987 
1284: 1000 922 944 998 
1285: 933 926 937 
1286: 945 978 928 
1287: 997 938 981 928 
1288: 981 946 925 
1289: 981 966 925 
1290: 946 967 925 
1291: 991 931 944 
1292: 991 931 981 
1293: 1000 931 944 
1294: 931 944 955 
1295: 931 981 966 
1296: 986 968 987 930 
1297: 986 973 930 
1298: 975 974 930 
1299: 974 981 930 
1300: 934 954 998 
1301: 934 967 973 
1302: 933 970 937 
1303: 935 990 962 
1304: 993 969 936 939 
1305: 993 936 987 
1306: 936 952 987 
1307: 991 997 932 
1308: 971 952 932 
1309: 993 969 939 967 
1310: 991 997 938 981 
1311: 964 997 938 967 
1312: 991 944 998 
1313: 1000 944 976 998 
1314: 955 943 983 
1315: 964 946 967 
1316: 984 951 985 965 987 
1317: 951 952 987 
1318: 952 968 987 
1319: 991 998 948 
1320: 991 981 948 
1321: 991 954 998 
1322: 1000 954 998 
1323: 954 953 983 960 
1324: 981 953 983 960 
1325: 993 961 987 
1326: 961 965 987 
1327: 993 994 958 969 
1328: 976 998 958 
1329: 994 958 989 
1330: 958 975 974 
1331: 958 989 966 
1332: 976 983 956 
1333: 979 964 997 
1334: 996 968 987 
1335: 975 974 983 
1336: 974 981 983 
1337: 991 998 997 
