# The links from G:\Dropbox\Raghda\CNA\Final Project\other methods\CFinder-2.0.6--1448\G:\Dropbox\Raghda\CNA\Final Project\Datasets\binary_networks\LFR6\network_LFR6_Om4.dat
# at no lower link weight threshold,
# and at no upper link weight threshold.
# Links were treated as undirected.
# No time limit was set for the clique search.
# (mutual links and self-links were removed)

1 934
1 979
1 991
1 993
10 112
10 28
10 855
10 964
100 693
100 822
100 980
100 991
1000 106
1000 14
1000 21
1000 223
1000 284
1000 31
1000 322
1000 41
1000 48
1000 482
1000 500
1000 510
1000 533
1000 538
1000 541
1000 55
1000 554
1000 590
1000 605
1000 618
1000 634
1000 643
1000 652
1000 663
1000 675
1000 695
1000 721
1000 723
1000 770
1000 779
1000 782
1000 804
1000 808
1000 839
1000 853
1000 861
1000 878
1000 902
1000 907
1000 916
1000 922
1000 931
1000 944
1000 954
1000 961
1000 976
1000 984
1000 986
1000 998
101 572
101 89
101 957
101 994
102 791
102 844
102 891
102 996
103 546
103 608
103 852
103 908
104 748
104 945
104 976
104 978
105 818
105 862
105 897
105 924
106 1000
106 411
106 673
106 959
107 147
107 454
107 485
107 754
108 455
108 627
108 958
108 982
109 285
109 726
109 796
109 866
11 539
11 769
11 911
11 975
110 416
110 600
110 697
110 929
111 713
111 749
111 974
111 997
112 10
112 502
112 819
112 917
113 711
113 737
113 902
113 942
114 914
114 951
114 961
114 977
115 293
115 333
115 512
115 931
116 579
116 864
116 933
116 963
117 759
117 812
117 935
117 994
118 392
118 477
118 519
118 771
119 688
119 755
119 918
119 991
12 538
12 887
12 900
12 969
120 846
120 892
120 910
120 993
121 809
121 906
121 909
121 957
122 532
122 881
122 931
122 936
123 544
123 606
123 784
123 990
124 138
124 459
124 724
124 947
125 691
125 843
125 895
125 921
126 832
126 955
126 993
126 994
127 193
127 82
127 926
127 959
128 579
128 605
128 7
128 975
129 167
129 385
129 606
129 929
13 450
13 656
13 898
13 970
130 592
130 767
130 888
130 910
131 218
131 931
131 939
131 958
132 208
132 585
132 900
132 986
133 675
133 891
133 938
133 991
134 694
134 834
134 879
134 981
135 316
135 479
135 934
135 972
136 276
136 941
136 962
136 979
137 570
137 894
137 912
137 989
138 124
138 234
138 702
138 947
139 839
139 945
139 958
139 992
14 1000
14 288
14 482
14 878
140 505
140 785
140 923
140 978
141 213
141 357
141 433
141 730
142 475
142 671
142 969
142 993
143 21
143 733
143 888
143 994
144 671
144 854
144 871
144 883
145 329
145 330
145 766
145 988
146 555
146 600
146 822
146 984
147 107
147 213
147 69
147 848
148 806
148 851
148 902
148 993
149 460
149 718
149 852
149 895
15 306
15 814
15 86
15 947
150 231
150 307
150 903
150 926
151 171
151 943
151 971
151 979
152 310
152 920
152 962
152 997
153 807
153 869
153 946
153 976
154 346
154 604
154 849
154 969
155 746
155 787
155 857
155 957
156 794
156 927
156 949
156 953
157 202
157 488
157 653
157 957
158 803
158 940
158 972
158 977
159 801
159 899
159 958
159 986
16 513
16 560
16 888
16 993
160 602
160 612
160 802
160 978
161 259
161 297
161 589
161 732
162 852
162 919
162 996
162 997
163 689
163 811
163 827
163 997
164 346
164 709
164 807
164 849
165 261
165 292
165 832
165 993
166 328
166 846
166 926
166 994
167 129
167 699
167 778
167 919
168 212
168 734
168 770
168 792
169 788
169 795
169 894
169 986
17 187
17 667
17 712
17 978
170 597
170 752
170 788
170 999
171 151
171 979
171 983
171 988
172 731
172 862
172 907
172 995
173 793
173 884
173 892
173 989
174 44
174 785
174 923
174 974
175 209
175 705
175 879
175 937
176 461
176 767
176 922
176 969
177 642
177 922
177 977
177 982
178 754
178 899
178 964
178 989
179 415
179 938
179 991
179 997
18 42
18 701
18 729
18 976
180 8
180 90
180 929
180 976
181 395
181 76
181 871
181 935
182 38
182 518
182 641
182 762
183 196
183 358
183 941
183 978
184 308
184 588
184 736
184 848
185 733
185 849
185 985
185 992
186 834
186 870
186 954
186 983
187 17
187 553
187 961
187 966
188 43
188 864
188 939
188 992
189 493
189 496
189 610
189 875
19 360
19 504
19 793
19 909
190 50
190 506
190 952
190 965
191 581
191 636
191 658
191 946
192 625
192 809
192 906
192 909
193 127
193 876
193 897
193 952
194 444
194 619
194 709
194 895
195 200
195 834
195 927
195 975
196 183
196 483
196 970
196 988
197 373
197 599
197 704
197 890
198 452
198 721
198 802
198 977
199 542
199 840
199 970
199 990
2 3
2 499
2 761
2 850
20 219
20 718
20 759
20 905
200 195
200 772
200 891
200 921
201 429
201 547
201 944
201 991
202 157
202 236
202 371
202 964
203 432
203 652
203 880
203 945
204 624
204 744
204 795
204 890
205 35
205 816
205 884
205 992
206 318
206 761
206 939
206 967
207 644
207 658
207 690
207 905
208 132
208 483
208 502
208 919
209 175
209 917
209 967
209 995
21 1000
21 143
21 721
21 902
210 809
210 820
210 881
210 962
210 979
211 500
211 887
211 964
211 992
212 168
212 267
212 770
212 938
213 141
213 147
213 754
213 910
214 786
214 940
214 953
214 956
215 740
215 894
215 907
215 977
216 766
216 845
216 898
216 982
217 444
217 702
217 900
217 957
218 131
218 536
218 865
218 910
219 20
219 504
219 764
219 947
22 377
22 706
22 938
22 997
220 274
220 918
220 968
220 986
221 439
221 606
221 734
221 93
222 719
222 866
222 922
222 941
223 1000
223 708
223 878
223 916
224 312
224 739
224 959
224 982
225 616
225 636
225 796
225 988
226 371
226 818
226 934
226 991
227 565
227 689
227 745
227 934
228 618
228 621
228 688
228 751
229 339
229 689
229 740
229 840
23 723
23 910
23 919
23 947
230 381
230 824
230 956
230 978
231 150
231 404
231 461
231 991
232 303
232 752
232 831
232 903
233 256
233 257
233 686
233 959
234 138
234 251
234 655
234 947
235 593
235 617
235 811
235 990
236 202
236 760
236 827
236 902
237 358
237 779
237 990
237 995
238 418
238 523
238 884
238 928
239 529
239 762
239 920
239 979
239 984
24 505
24 748
24 945
24 978
240 550
240 929
240 940
240 972
240 977
241 660
241 685
241 924
241 934
241 999
242 464
242 681
242 834
242 936
242 944
243 288
243 799
243 868
243 920
243 996
244 828
244 876
244 888
244 939
244 956
245 66
245 865
245 870
245 935
245 962
246 259
246 871
246 902
246 972
246 988
247 692
247 745
247 807
247 919
247 933
248 82
248 831
248 877
248 881
248 983
249 826
249 927
249 949
249 960
249 987
25 646
25 724
25 813
25 947
250 711
250 74
250 781
250 807
250 967
251 234
251 857
251 868
251 977
251 995
252 267
252 286
252 300
252 932
252 964
253 561
253 680
253 683
253 876
253 952
254 389
254 530
254 639
254 974
254 997
255 29
255 755
255 852
255 890
255 975
256 233
256 676
256 748
256 810
256 983
257 233
257 692
257 859
257 926
257 961
258 476
258 726
258 882
258 895
258 928
259 161
259 246
259 744
259 848
259 951
26 65
26 816
26 950
26 999
260 319
260 737
260 875
260 928
260 965
261 165
261 364
261 874
261 912
261 939
262 401
262 643
262 734
262 982
262 988
263 461
263 619
263 759
263 822
263 900
264 545
264 572
264 595
264 820
264 840
265 278
265 53
265 534
265 741
265 827
266 607
266 612
266 683
266 936
266 978
267 212
267 252
267 646
267 882
267 958
268 553
268 668
268 796
268 962
268 996
269 733
269 751
269 844
269 888
269 915
27 459
27 867
27 969
27 989
270 502
270 529
270 932
270 944
270 981
271 778
271 843
271 939
271 986
271 999
272 612
272 648
272 931
272 949
272 970
273 296
273 324
273 438
273 706
273 990
274 220
274 279
274 456
274 679
274 991
275 498
275 651
275 780
275 896
275 970
276 136
276 980
276 996
276 997
276 999
277 341
277 461
277 896
277 963
277 989
278 265
278 670
278 688
278 814
278 957
279 274
279 557
279 662
279 968
279 969
28 10
28 542
28 757
28 964
280 818
280 964
280 971
280 979
280 988
281 874
281 958
281 961
281 993
281 994
282 538
282 562
282 886
282 945
282 978
283 397
283 506
283 699
283 754
283 842
284 1000
284 322
284 721
284 902
284 907
285 109
285 784
285 887
285 94
285 948
286 252
286 30
286 348
286 604
286 841
287 384
287 834
287 864
287 881
287 944
288 14
288 243
288 309
288 362
288 923
289 542
289 829
289 885
289 938
289 963
29 255
29 333
29 474
29 487
290 900
290 906
290 923
290 989
290 999
291 645
291 882
291 918
291 982
291 998
292 165
292 656
292 780
292 833
292 898
293 115
293 385
293 73
293 840
293 901
294 643
294 839
294 853
294 904
294 986
295 810
295 817
295 833
295 890
295 908
296 273
296 724
296 900
296 914
296 967
297 161
297 620
297 623
297 921
297 992
298 327
298 730
298 848
298 904
298 929
299 403
299 652
299 969
299 993
299 994
3 2
3 775
3 921
3 992
30 286
30 441
30 883
30 919
300 252
300 357
300 758
300 77
300 805
301 522
301 892
301 951
301 984
301 987
302 315
302 366
302 765
302 905
302 966
303 232
303 367
303 524
303 864
303 903
304 601
304 657
304 659
304 776
304 820
305 516
305 686
305 736
305 858
305 977
306 15
306 395
306 630
306 827
306 838
307 150
307 688
307 721
307 962
307 970
308 184
308 481
308 62
308 816
308 923
309 288
309 535
309 552
309 663
309 983
31 1000
31 400
31 922
31 939
310 152
310 410
310 704
310 717
310 850
311 462
311 56
311 659
311 921
311 967
312 224
312 328
312 891
312 946
312 972
313 703
313 860
313 885
313 968
313 987
314 581
314 588
314 681
314 81
314 897
315 302
315 516
315 893
315 905
315 966
316 135
316 609
316 859
316 905
316 992
317 872
317 940
317 972
317 977
317 998
318 206
318 639
318 775
318 776
318 976
319 260
319 334
319 569
319 897
319 917
32 674
32 704
32 721
32 999
320 892
320 953
320 972
320 985
320 986
321 803
321 872
321 940
321 972
321 977
322 1000
322 284
322 729
322 850
322 902
323 717
323 893
323 936
323 958
323 975
324 273
324 558
324 969
324 994
324 995
325 707
325 759
325 818
325 909
325 957
326 429
326 481
326 669
326 675
326 801
327 298
327 648
327 824
327 938
327 954
328 166
328 312
328 931
328 944
328 959
329 145
329 665
329 896
329 925
329 926
33 827
33 942
33 945
33 978
330 145
330 576
330 781
330 964
330 979
331 776
331 823
331 932
331 984
331 998
332 556
332 781
332 866
332 979
332 983
333 115
333 29
333 619
333 988
333 992
334 319
334 393
334 720
334 910
334 991
335 814
335 918
335 957
335 960
335 988
336 704
336 762
336 926
336 959
336 982
337 669
337 87
337 875
337 916
337 999
338 549
338 633
338 856
338 905
338 954
339 229
339 483
339 840
339 869
339 954
34 597
34 856
34 866
34 993
340 672
340 735
340 840
340 896
340 899
341 277
341 772
341 788
341 869
341 891
342 697
342 733
342 887
342 986
342 992
343 628
343 754
343 771
343 929
343 968
344 425
344 657
344 662
344 751
344 985
345 734
345 865
345 935
345 961
345 962
346 154
346 164
346 789
346 892
346 900
347 362
347 682
347 707
347 859
347 955
348 286
348 367
348 486
348 713
348 752
349 528
349 589
349 899
349 942
349 959
35 205
35 873
35 921
35 996
350 743
350 788
350 835
350 896
350 905
351 514
351 75
351 852
351 895
351 975
352 644
352 816
352 950
352 973
352 999
353 606
353 797
353 972
353 986
353 990
354 697
354 809
354 906
354 909
354 980
355 613
355 756
355 830
355 942
355 982
356 471
356 622
356 713
356 796
356 950
357 141
357 300
357 426
357 529
357 834
358 183
358 237
358 395
358 602
358 678
359 726
359 734
359 865
359 935
359 963
36 832
36 895
36 914
36 922
360 19
360 761
360 874
360 911
360 994
361 575
361 801
361 858
361 885
361 955
362 288
362 347
362 420
362 587
362 834
363 486
363 587
363 820
363 969
363 982
364 261
364 559
364 927
364 989
364 994
365 434
365 60
365 666
365 976
365 995
366 302
366 506
366 560
366 833
366 937
367 303
367 348
367 496
367 773
367 973
368 552
368 854
368 902
368 956
368 978
369 508
369 702
369 740
369 947
369 958
37 826
37 927
37 949
37 960
370 404
370 510
370 769
370 979
370 981
371 202
371 226
371 418
371 91
371 935
372 516
372 898
372 906
372 955
372 993
373 197
373 681
373 770
373 919
373 930
374 810
374 938
374 974
374 983
374 997
375 405
375 464
375 711
375 833
375 954
376 684
376 876
376 907
376 913
376 952
377 22
377 840
377 938
377 981
377 997
378 513
378 872
378 940
378 977
378 998
379 423
379 812
379 934
379 935
379 967
38 182
38 430
38 553
38 797
380 633
380 790
380 795
380 850
380 890
381 230
381 412
381 856
381 945
381 992
382 434
382 693
382 846
382 917
382 995
383 554
383 732
383 820
383 948
383 980
384 287
384 537
384 881
384 922
384 990
385 129
385 293
385 446
385 542
385 694
386 471
386 61
386 633
386 664
386 920
387 729
387 892
387 913
387 956
387 994
388 624
388 73
388 918
388 954
388 974
389 254
389 597
389 938
389 963
389 997
39 804
39 931
39 934
39 998
390 641
390 658
390 74
390 773
390 903
391 579
391 599
391 763
391 782
391 973
392 118
392 704
392 775
392 820
392 905
393 334
393 677
393 727
393 841
393 987
394 736
394 765
394 790
394 905
394 956
395 181
395 306
395 358
395 885
395 909
396 470
396 491
396 553
396 946
396 966
397 283
397 927
397 951
397 984
397 985
398 453
398 901
398 945
398 976
398 978
399 552
399 611
399 75
399 921
399 975
4 923
4 935
4 959
4 979
40 517
40 681
40 779
40 944
400 31
400 595
400 820
400 836
400 970
401 262
401 685
401 842
401 918
401 998
402 510
402 646
402 791
402 799
402 970
403 299
403 674
403 939
403 993
403 994
404 231
404 370
404 50
404 568
404 947
405 375
405 751
405 790
405 921
405 943
406 414
406 855
406 919
406 984
406 997
407 506
407 569
407 833
407 840
407 898
408 50
408 878
408 895
408 967
408 996
409 787
409 812
409 862
409 946
409 990
41 1000
41 834
41 922
41 976
410 310
410 523
410 733
410 883
410 890
411 106
411 593
411 917
411 982
411 997
412 381
412 741
412 795
412 81
412 905
412 997
413 687
413 804
413 877
413 902
413 940
413 992
414 406
414 490
414 734
414 775
414 917
414 949
415 179
415 460
415 791
415 900
415 948
415 996
416 110
416 576
416 667
416 866
416 971
416 988
417 815
417 818
417 943
417 979
417 983
417 988
418 238
418 371
418 512
418 923
418 964
418 981
419 743
419 792
419 957
419 969
419 972
419 993
42 18
42 909
42 934
42 996
420 362
420 647
420 947
420 960
420 964
420 974
421 558
421 845
421 851
421 874
421 950
421 986
422 807
422 812
422 884
422 910
422 926
422 933
423 379
423 649
423 774
423 863
423 900
423 907
424 533
424 584
424 705
424 714
424 769
424 995
425 344
425 767
425 839
425 964
425 996
425 999
426 357
426 531
426 54
426 784
426 848
426 963
427 513
427 765
427 777
427 862
427 892
427 894
428 650
428 662
428 887
428 896
428 988
428 992
429 201
429 326
429 458
429 596
429 604
429 831
43 188
43 616
43 776
43 892
430 38
430 607
430 729
430 748
430 918
430 927
431 496
431 608
431 760
431 876
431 968
431 971
432 203
432 696
432 887
432 915
432 996
432 999
433 141
433 774
433 904
433 910
433 914
433 920
434 365
434 382
434 578
434 744
434 911
434 995
435 58
435 797
435 849
435 926
435 937
435 989
436 607
436 619
436 782
436 805
436 886
436 967
437 862
437 898
437 941
437 952
437 969
437 994
438 273
438 674
438 811
438 977
438 989
438 993
439 221
439 474
439 690
439 807
439 985
439 990
44 174
44 819
44 902
44 934
440 63
440 631
440 781
440 831
440 982
440 995
441 30
441 46
441 650
441 935
441 975
441 985
442 501
442 658
442 888
442 915
442 950
442 973
443 484
443 596
443 679
443 766
443 848
443 997
444 194
444 217
444 587
444 65
444 695
444 788
445 553
445 666
445 8
445 858
445 929
445 998
446 385
446 544
446 718
446 799
446 966
446 975
447 53
447 722
447 794
447 927
447 981
447 988
448 558
448 904
448 955
448 961
448 962
448 970
449 750
449 769
449 813
449 879
449 911
449 995
45 56
45 884
45 890
45 991
450 13
450 841
450 864
450 899
450 966
450 982
451 591
451 771
451 787
451 908
451 963
451 968
452 198
452 741
452 811
452 874
452 962
452 981
453 398
453 797
453 894
453 953
453 978
453 991
454 107
454 754
454 890
454 911
454 989
454 999
455 108
455 473
455 691
455 798
455 856
455 999
456 274
456 601
456 630
456 738
456 911
456 995
457 673
457 709
457 738
457 797
457 893
457 926
458 429
458 575
458 595
458 598
458 895
458 971
459 124
459 27
459 740
459 786
459 795
459 918
46 441
46 736
46 955
46 975
460 149
460 415
460 896
460 964
460 966
460 972
461 176
461 231
461 263
461 277
461 810
461 900
462 311
462 520
462 563
462 777
462 890
462 948
463 507
463 686
463 737
463 879
463 928
463 999
464 242
464 375
464 881
464 922
464 976
464 998
465 583
465 614
465 851
465 958
465 970
465 995
466 555
466 583
466 712
466 714
466 806
466 966
467 557
467 563
467 888
467 928
467 948
467 949
468 501
468 726
468 860
468 878
468 941
468 962
469 691
469 742
469 749
469 837
469 938
469 997
47 59
47 817
47 904
47 929
470 396
470 580
470 694
470 825
470 946
470 966
471 356
471 386
471 689
471 840
471 915
471 952
472 559
472 776
472 859
472 984
472 985
472 997
473 455
473 551
473 645
473 811
473 915
473 983
474 29
474 439
474 545
474 600
474 8
474 90
475 142
475 580
475 759
475 900
475 958
475 984
476 258
476 613
476 703
476 769
476 784
476 995
477 118
477 547
477 905
477 935
477 979
477 983
478 686
478 729
478 783
478 849
478 939
478 958
479 135
479 731
479 808
479 941
479 961
479 962
48 1000
48 623
48 721
48 902
480 852
480 9
480 950
480 985
480 992
480 996
481 308
481 326
481 776
481 942
481 958
481 959
482 1000
482 14
482 503
482 516
482 713
482 751
483 196
483 208
483 339
483 512
483 813
483 869
484 443
484 748
484 908
484 910
484 978
484 988
485 107
485 904
485 933
485 992
485 998
485 999
486 348
486 363
486 489
486 873
486 95
486 995
487 29
487 724
487 848
487 853
487 968
487 985
488 157
488 671
488 864
488 925
488 926
488 933
489 486
489 532
489 533
489 57
489 769
489 995
49 853
49 910
49 923
49 972
490 414
490 549
490 746
490 814
490 893
490 957
491 396
491 646
491 854
491 925
491 964
491 977
492 496
492 551
492 681
492 867
492 964
492 979
493 189
493 516
493 531
493 847
493 965
493 984
494 704
494 945
494 969
494 978
494 992
494 994
495 583
495 628
495 685
495 943
495 956
495 995
496 189
496 367
496 431
496 492
496 944
496 950
497 521
497 528
497 899
497 942
497 959
497 982
498 275
498 652
498 833
498 869
498 898
498 914
499 2
499 799
499 96
499 961
499 996
499 999
5 806
5 923
5 968
5 998
50 190
50 404
50 408
50 699
500 1000
500 211
500 708
500 845
500 887
500 990
500 999
501 442
501 468
501 745
501 778
501 857
501 935
501 941
502 112
502 208
502 270
502 514
502 682
502 909
502 922
503 482
503 626
503 661
503 698
503 741
503 762
503 980
504 19
504 219
504 724
504 791
504 808
504 947
504 989
505 140
505 24
505 637
505 654
505 785
505 974
505 981
506 190
506 283
506 366
506 407
506 569
506 780
506 898
507 463
507 520
507 738
507 874
507 931
507 939
507 969
508 369
508 654
508 724
508 785
508 908
508 986
508 987
509 540
509 60
509 744
509 798
509 846
509 879
509 911
51 922
51 938
51 947
51 949
510 1000
510 370
510 402
510 70
510 934
510 942
510 959
511 653
511 700
511 796
511 816
511 860
511 986
511 990
512 115
512 418
512 483
512 611
512 757
512 820
512 941
513 16
513 378
513 427
513 595
513 711
513 949
513 970
514 351
514 502
514 750
514 779
514 881
514 966
514 995
515 522
515 823
515 898
515 930
515 951
515 984
515 985
516 305
516 315
516 372
516 482
516 493
516 847
516 979
517 40
517 682
517 881
517 922
517 944
517 962
517 998
518 182
518 728
518 766
518 818
518 915
518 975
518 996
519 118
519 780
519 888
519 939
519 947
519 994
519 996
52 598
52 862
52 912
52 930
520 462
520 507
520 906
520 909
520 919
520 968
520 969
521 497
521 635
521 789
521 835
521 899
521 942
521 982
522 301
522 515
522 764
522 951
522 965
522 984
522 985
523 238
523 410
523 783
523 799
523 800
523 867
523 886
524 303
524 641
524 661
524 752
524 778
524 864
524 973
525 707
525 802
525 822
525 880
525 928
525 931
525 978
526 685
526 800
526 842
526 875
526 924
526 973
526 998
527 896
527 923
527 925
527 929
527 946
527 972
527 977
528 349
528 497
528 638
528 783
528 835
528 942
528 982
529 239
529 270
529 357
529 784
529 904
529 943
529 955
53 265
53 447
53 937
53 947
530 254
530 553
530 927
530 942
530 953
530 968
530 982
531 426
531 493
531 719
531 876
531 930
531 963
531 968
532 122
532 489
532 599
532 682
532 849
532 911
532 935
533 1000
533 424
533 489
533 735
533 779
533 86
533 968
534 265
534 597
534 684
534 913
534 936
534 971
534 988
535 309
535 728
535 817
535 852
535 860
535 990
535 999
536 218
536 580
536 912
536 927
536 949
536 953
536 960
537 384
537 834
537 881
537 922
537 929
537 944
537 976
538 1000
538 12
538 282
538 722
538 790
538 859
538 950
539 11
539 584
539 705
539 714
539 783
539 825
539 937
54 426
54 789
54 922
54 983
540 509
540 665
540 901
540 911
540 914
540 960
540 977
541 1000
541 564
541 815
541 839
541 853
541 885
541 986
542 199
542 28
542 289
542 385
542 65
542 896
542 998
543 618
543 772
543 819
543 857
543 863
543 891
543 968
544 123
544 446
544 606
544 629
544 832
544 953
544 994
545 264
545 474
545 836
545 908
545 941
545 950
545 976
546 103
546 699
546 813
546 827
546 840
546 921
546 958
547 201
547 477
547 795
547 904
547 914
547 948
547 996
548 612
548 785
548 923
548 951
548 976
548 984
548 997
549 338
549 490
549 713
549 749
549 767
549 930
549 991
55 1000
55 626
55 762
55 980
550 240
550 854
550 872
550 940
550 943
550 972
550 977
551 473
551 492
551 949
551 953
551 974
551 979
551 983
552 309
552 368
552 399
552 712
552 852
552 90
552 966
553 187
553 268
553 38
553 396
553 445
553 530
553 855
554 1000
554 383
554 726
554 889
554 911
554 941
554 995
555 146
555 466
555 780
555 918
555 942
555 982
555 999
556 332
556 866
556 916
556 964
556 979
556 983
556 988
557 279
557 467
557 763
557 88
557 885
557 921
557 992
558 324
558 421
558 448
558 770
558 944
558 952
558 976
559 364
559 472
559 574
559 775
559 976
559 983
559 984
56 311
56 45
56 922
56 999
560 16
560 366
560 656
560 707
560 780
560 833
560 914
561 253
561 677
561 684
561 841
561 913
561 952
561 968
562 282
562 587
562 802
562 810
562 824
562 886
562 945
563 462
563 467
563 626
563 821
563 892
563 935
563 941
564 541
564 584
564 628
564 840
564 986
564 995
564 997
565 227
565 668
565 76
565 765
565 823
565 828
565 979
566 760
566 794
566 912
566 927
566 949
566 960
566 981
567 652
567 731
567 774
567 893
567 941
567 957
567 962
568 404
568 906
568 931
568 939
568 947
568 979
568 993
569 319
569 407
569 506
569 652
569 886
569 898
569 963
57 489
57 750
57 879
57 995
570 137
570 821
570 862
570 892
570 894
570 907
570 971
571 749
571 929
571 938
571 963
571 967
571 991
571 997
572 101
572 264
572 595
572 611
572 760
572 820
572 970
573 808
573 846
573 862
573 894
573 945
573 964
573 978
574 559
574 67
574 736
574 970
574 976
574 983
574 996
575 361
575 458
575 801
575 858
575 904
575 955
575 971
576 330
576 416
576 781
576 818
576 850
576 971
576 988
577 664
577 683
577 781
577 819
577 896
577 919
577 933
577 964
578 434
578 803
578 872
578 940
578 972
578 974
578 977
578 998
579 116
579 128
579 391
579 591
579 877
579 891
579 909
579 964
58 435
58 653
58 664
58 942
580 470
580 475
580 536
580 927
580 953
580 954
580 960
580 981
581 191
581 314
581 623
581 690
581 703
581 784
581 887
581 921
582 753
582 803
582 872
582 875
582 940
582 974
582 977
582 998
583 465
583 466
583 495
583 806
583 852
583 886
583 930
583 974
584 424
584 539
584 564
584 705
584 879
584 911
584 944
584 995
585 132
585 650
585 737
585 826
585 927
585 949
585 953
585 960
586 593
586 676
586 775
586 787
586 814
586 877
586 957
586 995
587 362
587 363
587 444
587 562
587 811
587 890
587 945
587 990
588 184
588 314
588 617
588 744
588 903
588 904
588 910
588 955
589 161
589 349
589 632
589 696
589 719
589 875
589 913
589 992
59 47
59 837
59 923
59 966
590 1000
590 642
590 66
590 694
590 852
590 859
590 878
590 980
591 451
591 579
591 610
591 628
591 710
591 756
591 833
591 984
592 130
592 603
592 714
592 791
592 823
592 915
592 996
592 999
593 235
593 411
593 586
593 787
593 877
593 883
593 908
593 957
594 706
594 806
594 946
594 964
594 971
594 986
594 991
594 992
595 264
595 400
595 458
595 513
595 572
595 690
595 820
595 836
596 429
596 443
596 678
596 777
596 801
596 881
596 976
596 989
597 170
597 34
597 389
597 534
597 684
597 913
597 952
597 987
598 458
598 52
598 660
598 867
598 890
598 895
598 950
598 996
599 197
599 391
599 532
599 704
599 733
599 792
599 873
599 890
6 682
6 876
6 940
6 983
60 365
60 509
60 750
60 995
600 110
600 146
600 474
600 908
600 917
600 944
600 949
600 990
601 304
601 456
601 630
601 700
601 822
601 827
601 838
601 914
602 160
602 358
602 705
602 743
602 887
602 911
602 931
602 977
603 592
603 689
603 821
603 854
603 915
603 950
603 996
603 999
604 154
604 286
604 429
604 631
604 643
604 801
604 831
604 971
605 1000
605 128
605 714
605 817
605 861
605 880
605 986
605 987
606 123
606 129
606 221
606 353
606 544
606 811
606 917
606 990
607 266
607 430
607 436
607 683
607 720
607 785
607 956
607 978
608 103
608 431
608 855
608 898
608 963
608 988
608 990
608 993
609 316
609 708
609 769
609 880
609 976
609 979
609 988
609 995
61 386
61 666
61 929
61 998
610 189
610 591
610 719
610 809
610 875
610 893
610 928
610 965
611 399
611 512
611 572
611 633
611 707
611 852
611 965
611 993
612 160
612 266
612 272
612 548
612 725
612 802
612 901
612 945
613 355
613 476
613 830
613 899
613 919
613 942
613 959
613 982
614 465
614 750
614 771
614 857
614 928
614 937
614 957
614 995
615 631
615 748
615 896
615 946
615 955
615 966
615 972
615 978
616 225
616 43
616 64
616 759
616 855
616 900
616 907
616 925
617 235
617 588
617 794
617 811
617 848
617 953
617 972
617 986
618 1000
618 228
618 543
618 636
618 870
618 877
618 935
618 944
619 194
619 263
619 333
619 436
619 759
619 783
619 900
619 925
62 308
62 714
62 85
62 975
620 297
620 829
620 83
620 942
620 960
620 982
620 988
620 995
621 228
621 710
621 867
621 888
621 901
621 921
621 963
621 992
622 356
622 804
622 810
622 817
622 861
622 880
622 968
622 986
623 297
623 48
623 581
623 751
623 761
623 770
623 867
623 992
624 204
624 388
624 653
624 659
624 744
624 795
624 846
624 850
625 192
625 636
625 789
625 870
625 877
625 942
625 974
625 975
626 503
626 55
626 563
626 698
626 741
626 762
626 779
626 980
627 108
627 761
627 866
627 874
627 939
627 961
627 993
627 994
628 343
628 495
628 564
628 591
628 848
628 885
628 904
628 943
629 544
629 744
629 901
629 904
629 925
629 933
629 960
629 984
63 440
63 879
63 911
63 995
630 306
630 456
630 601
630 671
630 747
630 827
630 901
630 914
631 440
631 604
631 615
631 904
631 936
631 943
631 949
631 983
632 589
632 844
632 869
632 888
632 915
632 950
632 996
632 999
633 338
633 380
633 386
633 611
633 711
633 862
633 923
633 981
634 1000
634 906
634 909
634 916
634 923
634 953
634 984
634 985
635 521
635 654
635 725
635 772
635 825
635 903
635 913
635 932
636 191
636 225
636 618
636 625
636 787
636 814
636 888
636 957
637 505
637 760
637 799
637 820
637 923
637 972
637 977
637 984
638 528
638 773
638 789
638 835
638 871
638 942
638 959
638 982
639 254
639 318
639 776
639 792
639 987
639 988
639 992
639 999
64 616
64 774
64 832
64 933
640 747
640 752
640 777
640 853
640 930
640 979
640 984
640 988
640 989
641 182
641 390
641 524
641 725
641 727
641 778
641 864
641 903
641 973
642 177
642 590
642 77
642 846
642 847
642 900
642 918
642 977
642 999
643 1000
643 262
643 294
643 604
643 722
643 774
643 811
643 826
643 917
644 207
644 352
644 802
644 864
644 905
644 936
644 945
644 975
644 996
645 291
645 473
645 666
645 811
645 876
645 902
645 903
645 934
645 943
646 25
646 267
646 402
646 491
646 704
646 728
646 899
646 959
646 989
647 420
647 82
647 844
647 922
647 936
647 94
647 944
647 976
647 998
648 272
648 327
648 777
648 814
648 819
648 892
648 957
648 978
648 996
649 423
649 765
649 805
649 851
649 871
649 900
649 978
649 996
649 999
65 26
65 444
65 542
65 860
650 428
650 441
650 585
650 747
650 838
650 844
650 970
650 992
650 996
651 275
651 711
651 763
651 850
651 878
651 937
651 947
651 953
651 96
652 1000
652 203
652 299
652 498
652 567
652 569
652 864
652 969
652 993
653 157
653 511
653 58
653 624
653 686
653 733
653 792
653 873
653 890
654 505
654 508
654 635
654 785
654 923
654 948
654 972
654 974
654 981
655 234
655 755
655 818
655 835
655 933
655 970
655 971
655 982
655 992
656 13
656 292
656 560
656 780
656 833
656 894
656 898
656 963
656 970
657 304
657 344
657 735
657 767
657 868
657 903
657 973
657 993
657 994
658 191
658 207
658 390
658 442
658 767
658 796
658 867
658 980
658 996
659 304
659 311
659 624
659 687
659 812
659 848
659 905
659 963
659 989
66 245
66 590
66 921
66 994
660 241
660 598
660 800
660 842
660 850
660 918
660 934
660 954
660 991
661 503
661 524
661 698
661 724
661 838
661 923
661 941
661 956
661 973
662 279
662 344
662 428
662 752
662 868
662 880
662 912
662 943
662 958
663 1000
663 309
663 836
663 906
663 909
663 944
663 962
663 965
663 975
664 386
664 577
664 58
664 706
664 871
664 874
664 894
664 897
664 931
665 329
665 540
665 670
665 673
665 742
665 892
665 894
665 980
665 997
666 365
666 445
666 61
666 645
666 697
666 902
666 911
666 953
666 983
667 17
667 416
667 668
667 735
667 782
667 943
667 971
667 979
667 988
668 268
668 565
668 667
668 781
668 845
668 916
668 956
668 979
668 988
669 326
669 337
669 786
669 851
669 868
669 932
669 943
669 966
669 989
67 574
67 71
67 776
67 805
670 278
670 665
670 683
670 693
670 86
670 889
670 916
670 957
670 990
671 142
671 144
671 488
671 630
671 797
671 815
671 827
671 896
671 969
672 340
672 70
672 789
672 835
672 899
672 942
672 959
672 967
672 982
673 106
673 457
673 665
673 723
673 725
673 772
673 778
673 884
673 995
674 32
674 403
674 438
674 716
674 740
674 753
674 832
674 939
674 969
675 1000
675 133
675 326
675 801
675 804
675 816
675 896
675 915
675 964
676 256
676 586
676 692
676 694
676 748
676 802
676 901
676 926
676 957
677 393
677 561
677 727
677 897
677 913
677 932
677 952
677 956
677 987
678 358
678 596
678 679
678 775
678 851
678 938
678 949
678 960
678 997
679 274
679 443
679 678
679 731
679 878
679 941
679 948
679 956
679 962
679 990
68 834
68 917
68 944
68 955
680 253
680 691
680 735
680 774
680 876
680 933
680 965
680 989
680 994
680 997
681 242
681 314
681 373
681 40
681 492
681 881
681 917
681 944
681 955
681 998
682 347
682 502
682 517
682 532
682 6
682 782
682 834
682 922
682 944
682 986
683 253
683 266
683 577
683 607
683 670
683 766
683 841
683 859
683 881
683 922
684 376
684 534
684 561
684 597
684 727
684 822
684 913
684 952
684 971
684 976
685 241
685 401
685 495
685 526
685 882
685 918
685 934
685 948
685 963
685 998
686 233
686 305
686 463
686 478
686 653
686 747
686 757
686 969
686 993
686 994
687 413
687 659
687 730
687 813
687 845
687 874
687 877
687 921
687 957
687 994
688 119
688 228
688 278
688 307
688 697
688 717
688 88
688 917
688 980
688 998
689 163
689 227
689 229
689 471
689 603
689 751
689 951
689 956
689 985
689 988
69 147
69 850
69 921
69 975
690 207
690 439
690 581
690 595
690 792
690 905
690 921
690 940
690 970
690 977
691 125
691 455
691 469
691 680
691 915
691 941
691 952
691 962
691 987
691 999
692 247
692 257
692 676
692 769
692 797
692 807
692 903
692 926
692 933
692 954
693 100
693 382
693 670
693 775
693 796
693 867
693 907
693 917
693 931
693 991
694 134
694 385
694 470
694 590
694 676
694 761
694 840
694 867
694 925
694 981
695 1000
695 444
695 824
695 839
695 853
695 861
695 938
695 961
695 986
695 987
696 432
696 589
696 798
696 844
696 915
696 940
696 950
696 973
696 996
696 999
697 110
697 342
697 354
697 666
697 688
697 729
697 858
697 920
697 958
697 998
698 503
698 626
698 661
698 712
698 715
698 741
698 762
698 784
698 846
698 980
699 167
699 283
699 50
699 546
699 809
699 812
699 906
699 930
699 939
699 994
7 128
7 76
7 951
7 982
70 510
70 672
70 728
70 988
700 511
700 601
700 711
700 747
700 838
700 855
700 895
700 937
700 941
700 980
701 18
701 863
701 874
701 903
701 963
701 969
701 987
701 993
701 996
701 998
702 138
702 217
702 369
702 719
702 744
702 806
702 924
702 940
702 965
702 977
703 313
703 476
703 581
703 765
703 768
703 792
703 836
703 88
703 921
703 992
704 197
704 310
704 32
704 336
704 392
704 494
704 599
704 646
704 733
704 890
705 175
705 424
705 539
705 584
705 602
705 723
705 879
705 911
705 952
705 995
706 22
706 273
706 594
706 664
706 823
706 841
706 910
706 946
706 984
706 985
707 325
707 347
707 525
707 560
707 611
707 711
707 815
707 898
707 928
707 986
708 223
708 500
708 609
708 768
708 785
708 801
708 826
708 923
708 960
708 971
709 164
709 194
709 457
709 807
709 812
709 933
709 948
709 954
709 970
709 980
71 67
71 740
71 793
71 825
710 591
710 621
710 855
710 877
710 883
710 957
710 984
710 985
710 992
710 996
711 113
711 250
711 375
711 513
711 633
711 651
711 700
711 707
711 910
711 987
712 17
712 466
712 552
712 698
712 762
712 841
712 849
712 903
712 952
712 975
713 111
713 348
713 356
713 482
713 549
713 938
713 946
713 974
713 995
713 997
714 424
714 466
714 539
714 592
714 605
714 62
714 798
714 961
714 97
714 995
715 698
715 819
715 846
715 883
715 896
715 906
715 909
715 969
715 980
715 993
716 674
716 747
716 832
716 847
716 931
716 936
716 939
716 967
716 993
716 994
717 310
717 323
717 688
717 787
717 831
717 845
717 890
717 957
717 973
717 975
718 149
718 20
718 446
718 852
718 871
718 880
718 930
718 958
718 966
718 975
719 222
719 531
719 589
719 610
719 702
719 733
719 756
719 761
719 893
719 928
719 965
72 830
72 861
72 883
72 978
720 334
720 607
720 769
720 796
720 822
720 847
720 879
720 978
720 979
720 988
720 995
721 1000
721 198
721 21
721 284
721 307
721 32
721 48
721 808
721 902
721 907
721 941
722 447
722 538
722 643
722 912
722 927
722 937
722 949
722 953
722 954
722 960
722 981
723 1000
723 23
723 673
723 705
723 750
723 879
723 911
723 917
723 928
723 931
723 995
724 124
724 25
724 296
724 487
724 504
724 508
724 661
724 818
724 924
724 947
724 989
725 612
725 635
725 641
725 673
725 790
725 945
725 968
725 972
725 973
725 977
725 995
726 109
726 258
726 359
726 468
726 554
726 783
726 870
726 935
726 941
726 942
726 962
727 393
727 641
727 677
727 684
727 841
727 873
727 876
727 913
727 936
727 952
727 971
728 518
728 535
728 646
728 70
728 793
728 856
728 880
728 892
728 929
728 932
728 989
729 18
729 322
729 387
729 430
729 478
729 697
729 902
729 939
729 960
729 971
729 993
73 293
73 388
73 804
73 808
730 141
730 298
730 687
730 783
730 908
730 930
730 935
730 939
730 951
730 959
730 994
731 172
731 479
731 567
731 679
731 794
731 855
731 876
731 888
731 913
731 953
731 960
732 161
732 383
732 803
732 863
732 885
732 917
732 945
732 955
732 972
732 976
732 978
733 143
733 185
733 269
733 342
733 410
733 599
733 653
733 704
733 719
733 790
733 829
734 168
734 221
734 262
734 345
734 359
734 414
734 8
734 803
734 959
734 972
734 976
735 340
735 533
735 657
735 667
735 680
735 786
735 883
735 917
735 943
735 969
735 993
736 184
736 305
736 394
736 46
736 574
736 829
736 848
736 880
736 920
736 975
736 976
737 113
737 260
737 463
737 585
737 794
737 806
737 906
737 909
737 930
737 949
737 973
738 456
738 457
738 507
738 794
738 801
738 814
738 826
738 831
738 877
738 939
738 993
739 224
739 872
739 873
739 913
739 919
739 933
739 942
739 959
739 966
739 972
739 977
74 250
74 390
74 889
74 983
740 215
740 229
740 369
740 459
740 674
740 71
740 820
740 836
740 954
740 969
740 993
741 265
741 412
741 452
741 503
741 626
741 698
741 762
741 767
741 878
741 92
741 980
742 469
742 665
742 829
742 837
742 932
742 946
742 963
742 970
742 974
742 98
742 997
743 350
743 419
743 602
743 866
743 899
743 908
743 955
743 959
743 982
743 988
743 992
744 204
744 259
744 434
744 509
744 588
744 624
744 629
744 702
744 932
744 975
744 995
745 227
745 247
745 501
745 810
745 865
745 870
745 905
745 933
745 956
745 965
745 985
746 155
746 490
746 883
746 908
746 925
746 927
746 963
746 964
746 970
746 996
746 999
747 630
747 640
747 650
747 686
747 700
747 716
747 827
747 919
747 945
747 978
747 990
747 993
748 104
748 24
748 256
748 430
748 484
748 615
748 676
748 802
748 858
748 861
748 880
748 978
749 111
749 469
749 549
749 571
749 80
749 837
749 883
749 932
749 938
749 967
749 975
749 997
75 351
75 399
75 956
75 975
750 449
750 514
750 57
750 60
750 614
750 723
750 769
750 870
750 879
750 911
750 937
750 995
751 228
751 269
751 344
751 405
751 482
751 623
751 689
751 775
751 889
751 901
751 921
751 992
752 170
752 232
752 348
752 524
752 640
752 662
752 889
752 951
752 966
752 972
752 977
752 994
753 582
753 674
753 763
753 798
753 832
753 872
753 920
753 974
753 987
753 991
753 994
753 996
754 107
754 178
754 213
754 283
754 343
754 454
754 838
754 887
754 904
754 910
754 920
754 929
755 119
755 255
755 655
755 777
755 79
755 856
755 868
755 873
755 892
755 932
755 971
755 989
756 355
756 591
756 719
756 808
756 914
756 947
756 95
756 958
756 961
756 965
756 982
756 994
757 28
757 512
757 686
757 834
757 881
757 906
757 909
757 917
757 931
757 980
757 993
757 994
758 300
758 838
758 842
758 851
758 934
758 940
758 945
758 951
758 972
758 974
758 984
758 985
759 117
759 20
759 263
759 325
759 475
759 616
759 619
759 810
759 846
759 900
759 914
759 967
76 181
76 565
76 7
76 990
760 236
760 431
760 566
760 572
760 637
760 796
760 820
760 873
760 889
760 917
760 974
760 987
761 2
761 206
761 360
761 623
761 627
761 694
761 719
761 844
761 883
761 893
761 901
761 965
762 182
762 239
762 336
762 503
762 55
762 626
762 698
762 712
762 741
762 846
762 980
762 989
763 391
763 557
763 651
763 753
763 821
763 860
763 923
763 924
763 948
763 962
763 985
763 992
764 219
764 522
764 823
764 828
764 843
764 863
764 889
764 912
764 951
764 973
764 984
764 985
765 302
765 394
765 427
765 565
765 649
765 703
765 800
765 856
765 901
765 966
765 973
765 978
766 145
766 216
766 443
766 518
766 683
766 867
766 89
766 924
766 947
766 956
766 979
766 988
767 130
767 176
767 425
767 549
767 657
767 658
767 741
767 885
767 921
767 927
767 960
767 981
768 703
768 708
768 770
768 805
768 82
768 829
768 921
768 922
768 936
768 969
768 984
768 985
769 11
769 370
769 424
769 449
769 476
769 489
769 609
769 692
769 720
769 750
769 911
769 995
77 300
77 642
77 924
77 934
770 1000
770 168
770 212
770 373
770 558
770 623
770 768
770 841
770 875
770 913
770 981
770 989
771 118
771 343
771 451
771 614
771 835
771 848
771 882
771 898
771 911
771 982
771 989
771 995
772 200
772 341
772 543
772 635
772 673
772 788
772 803
772 825
772 903
772 924
772 946
772 968
773 367
773 390
773 638
773 804
773 850
773 861
773 9
773 926
773 953
773 960
773 980
773 986
774 423
774 433
774 567
774 64
774 643
774 680
774 786
774 788
774 863
774 900
774 904
774 914
775 3
775 318
775 392
775 414
775 559
775 586
775 678
775 693
775 751
775 796
775 957
775 992
776 304
776 318
776 331
776 43
776 472
776 481
776 639
776 67
776 779
776 793
776 970
776 976
776 983
777 427
777 462
777 596
777 640
777 648
777 755
777 856
777 871
777 892
777 908
777 929
777 965
777 976
778 167
778 271
778 501
778 524
778 641
778 673
778 798
778 814
778 843
778 919
778 941
778 950
778 999
779 1000
779 237
779 40
779 514
779 533
779 626
779 776
779 817
779 855
779 902
779 964
779 986
779 998
78 804
78 815
78 853
78 986
780 275
780 292
780 506
780 519
780 555
780 560
780 656
780 790
780 833
780 898
780 914
780 963
780 989
781 250
781 330
781 332
781 440
781 576
781 577
781 668
781 866
781 886
781 920
781 973
781 979
781 988
782 1000
782 391
782 436
782 667
782 682
782 793
782 834
782 856
782 866
782 926
782 965
782 980
782 988
783 478
783 523
783 528
783 539
783 619
783 726
783 730
783 911
783 935
783 985
783 993
783 994
783 995
784 123
784 285
784 426
784 476
784 529
784 581
784 698
784 838
784 901
784 924
784 943
784 990
784 992
785 140
785 174
785 505
785 508
785 548
785 607
785 654
785 708
785 878
785 923
785 948
785 974
785 981
786 214
786 459
786 669
786 735
786 774
786 828
786 868
786 899
786 903
786 912
786 932
786 943
786 966
787 155
787 409
787 451
787 586
787 593
787 636
787 717
787 814
787 824
787 877
787 883
787 893
787 957
788 169
788 170
788 341
788 350
788 444
788 772
788 774
788 857
788 863
788 903
788 924
788 968
788 980
789 346
789 521
789 54
789 625
789 638
789 672
789 819
789 835
789 899
789 910
789 942
789 959
789 982
79 755
79 909
79 934
79 941
790 380
790 394
790 405
790 538
790 725
790 733
790 780
790 795
790 898
790 938
790 94
790 945
790 997
791 102
791 402
791 415
791 504
791 592
791 798
791 882
791 887
791 891
791 915
791 950
791 996
791 999
792 168
792 419
792 599
792 639
792 653
792 690
792 703
792 903
792 930
792 951
792 981
792 984
792 985
792 997
793 173
793 19
793 71
793 728
793 776
793 782
793 892
793 894
793 908
793 932
793 948
793 965
793 971
793 989
794 156
794 447
794 566
794 617
794 731
794 737
794 738
794 832
794 858
794 949
794 953
794 954
794 960
794 962
795 169
795 204
795 380
795 412
795 459
795 547
795 624
795 790
795 829
795 845
795 884
795 890
795 957
795 97
796 109
796 225
796 268
796 356
796 511
796 658
796 693
796 720
796 760
796 775
796 907
796 931
796 980
796 991
797 353
797 38
797 435
797 453
797 457
797 671
797 692
797 807
797 864
797 926
797 933
797 954
797 970
797 989
798 455
798 509
798 696
798 714
798 753
798 778
798 791
798 816
798 908
798 915
798 926
798 950
798 996
798 999
799 243
799 402
799 446
799 499
799 523
799 637
799 808
799 823
799 863
799 951
799 965
799 973
799 984
799 985
8 180
8 445
8 474
8 734
80 749
80 957
80 988
80 992
800 523
800 526
800 660
800 765
800 818
800 821
800 842
800 886
800 918
800 934
800 968
800 973
800 991
800 998
801 159
801 326
801 361
801 575
801 596
801 604
801 675
801 708
801 738
801 885
801 895
801 940
801 955
801 971
802 160
802 198
802 525
802 562
802 612
802 644
802 676
802 748
802 880
802 892
802 945
802 956
802 976
802 978
803 158
803 321
803 578
803 582
803 732
803 734
803 772
803 929
803 940
803 943
803 972
803 974
803 977
803 998
804 1000
804 39
804 413
804 622
804 675
804 73
804 773
804 78
804 815
804 831
804 839
804 961
804 968
804 986
805 300
805 436
805 649
805 67
805 768
805 875
805 916
805 948
805 962
805 970
805 974
805 975
805 976
805 990
806 148
806 466
806 5
806 583
806 594
806 702
806 737
806 852
806 863
806 925
806 955
806 965
806 975
806 99
807 153
807 164
807 247
807 250
807 422
807 439
807 692
807 709
807 797
807 919
807 926
807 933
807 954
807 966
808 1000
808 479
808 504
808 573
808 721
808 73
808 756
808 799
808 865
808 870
808 902
808 947
808 973
808 985
809 121
809 192
809 210
809 354
809 610
809 699
809 828
809 895
809 906
809 909
809 916
809 980
81 314
81 412
81 969
81 978
810 256
810 295
810 374
810 461
810 562
810 622
810 745
810 759
810 853
810 945
810 974
810 978
810 986
810 997
811 163
811 235
811 438
811 452
811 473
811 587
811 606
811 617
811 643
811 645
811 86
811 906
811 976
811 990
812 117
812 379
812 409
812 422
812 659
812 699
812 709
812 821
812 849
812 919
812 937
812 954
812 980
812 990
813 25
813 449
813 483
813 546
813 687
813 869
813 913
813 947
813 951
813 953
813 954
813 960
813 984
813 985
813 989
814 15
814 278
814 335
814 490
814 586
814 636
814 648
814 738
814 778
814 787
814 824
814 860
814 877
814 908
814 957
815 417
815 541
815 671
815 707
815 78
815 804
815 839
815 861
815 91
815 946
815 961
815 968
815 986
815 987
815 990
816 205
816 26
816 308
816 352
816 511
816 675
816 798
816 838
816 915
816 925
816 950
816 973
816 987
816 996
816 999
817 295
817 47
817 535
817 605
817 622
817 779
817 831
817 853
817 861
817 930
817 946
817 98
817 986
817 987
817 990
818 105
818 226
818 280
818 325
818 417
818 518
818 576
818 655
818 724
818 800
818 843
818 851
818 868
818 884
818 966
819 112
819 44
819 543
819 577
819 648
819 715
819 789
819 828
819 85
819 851
819 861
819 874
819 946
819 985
819 993
82 127
82 248
82 647
82 768
820 210
820 264
820 304
820 363
820 383
820 392
820 400
820 512
820 572
820 595
820 637
820 740
820 760
820 93
820 970
821 563
821 570
821 603
821 763
821 800
821 812
821 831
821 842
821 844
821 878
821 918
821 933
821 947
821 990
821 999
822 100
822 146
822 263
822 525
822 601
822 684
822 720
822 827
822 876
822 882
822 900
822 901
822 945
822 952
822 967
823 331
823 515
823 565
823 592
823 706
823 764
823 799
823 889
823 897
823 916
823 947
823 951
823 973
823 984
823 985
824 230
824 327
824 562
824 695
824 787
824 814
824 839
824 877
824 89
824 940
824 957
824 977
824 978
824 990
824 998
825 470
825 539
825 635
825 71
825 772
825 84
825 845
825 886
825 903
825 942
825 959
825 966
825 967
825 979
825 982
826 249
826 37
826 585
826 643
826 708
826 738
826 830
826 858
826 895
826 912
826 927
826 949
826 953
826 960
826 983
827 163
827 236
827 265
827 306
827 33
827 546
827 601
827 630
827 671
827 747
827 822
827 838
827 901
827 914
827 990
828 244
828 565
828 764
828 786
828 809
828 819
828 869
828 875
828 889
828 906
828 909
828 924
828 968
828 980
828 984
829 289
829 620
829 733
829 736
829 742
829 768
829 795
829 836
829 837
829 890
829 905
829 944
829 966
829 992
829 997
83 620
83 911
83 920
83 928
830 355
830 613
830 72
830 826
830 837
830 841
830 881
830 927
830 940
830 953
830 959
830 972
830 977
830 982
830 983
830 997
831 232
831 248
831 429
831 440
831 604
831 717
831 738
831 804
831 817
831 821
831 837
831 839
831 841
831 876
831 952
831 955
832 126
832 165
832 36
832 544
832 64
832 674
832 716
832 753
832 794
832 874
832 936
832 961
832 967
832 969
832 993
832 994
833 292
833 295
833 366
833 375
833 407
833 498
833 560
833 591
833 656
833 780
833 840
833 898
833 914
833 937
833 963
833 970
834 134
834 186
834 195
834 242
834 287
834 357
834 362
834 41
834 537
834 68
834 682
834 757
834 782
834 922
834 955
834 976
835 350
835 521
835 528
835 638
835 655
835 672
835 771
835 789
835 847
835 899
835 910
835 942
835 959
835 967
835 982
835 983
836 400
836 545
836 595
836 663
836 703
836 740
836 829
836 853
836 861
836 921
836 936
836 937
836 941
836 955
836 986
836 992
837 469
837 59
837 742
837 749
837 829
837 830
837 831
837 847
837 882
837 928
837 930
837 932
837 938
837 963
837 964
837 997
838 306
838 601
838 650
838 661
838 700
838 754
838 758
838 784
838 816
838 827
838 901
838 924
838 947
838 978
838 996
838 999
839 1000
839 139
839 294
839 425
839 541
839 695
839 804
839 815
839 824
839 831
839 853
839 861
839 927
839 968
839 986
839 987
84 825
84 950
84 996
84 999
840 199
840 229
840 264
840 293
840 339
840 340
840 377
840 407
840 471
840 546
840 564
840 694
840 833
840 923
840 974
840 981
841 286
841 393
841 450
841 561
841 683
841 706
841 712
841 727
841 770
841 830
841 831
841 873
841 876
841 913
841 952
841 975
842 283
842 401
842 526
842 660
842 758
842 800
842 821
842 854
842 882
842 918
842 924
842 934
842 938
842 954
842 973
842 991
843 125
843 271
843 764
843 778
843 818
843 865
843 870
843 889
843 899
843 935
843 942
843 959
843 969
843 982
843 985
843 994
844 102
844 269
844 632
844 647
844 650
844 696
844 761
844 821
844 847
844 891
844 915
844 950
844 973
844 987
844 996
844 999
845 216
845 421
845 500
845 668
845 687
845 717
845 795
845 825
845 849
845 919
845 937
845 949
845 961
845 979
845 983
845 994
846 120
846 166
846 382
846 509
846 573
846 624
846 642
846 698
846 715
846 759
846 762
846 884
846 925
846 928
846 980
846 999
847 493
847 516
847 642
847 716
847 720
847 835
847 837
847 844
847 893
847 899
847 928
847 946
847 950
847 959
847 982
847 997
848 147
848 184
848 259
848 298
848 426
848 443
848 487
848 617
848 628
848 659
848 736
848 771
848 885
848 904
848 963
848 968
848 991
849 154
849 164
849 185
849 435
849 478
849 532
849 712
849 812
849 845
849 884
849 919
849 926
849 933
849 954
849 970
849 980
849 989
85 62
85 819
85 913
85 985
850 2
850 310
850 322
850 380
850 576
850 624
850 651
850 660
850 69
850 773
850 890
850 902
850 907
850 918
850 927
850 934
850 949
851 148
851 421
851 465
851 649
851 669
851 678
851 758
851 818
851 819
851 863
851 868
851 880
851 912
851 932
851 966
851 978
851 989
852 103
852 149
852 162
852 255
852 351
852 480
852 535
852 552
852 583
852 590
852 611
852 718
852 806
852 925
852 955
852 975
852 983
853 1000
853 294
853 487
853 49
853 541
853 640
853 695
853 78
853 810
853 817
853 836
853 839
853 861
853 922
853 968
853 986
853 990
854 144
854 368
854 491
854 550
854 603
854 842
854 860
854 871
854 872
854 896
854 899
854 918
854 950
854 972
854 977
854 988
854 999
855 10
855 406
855 553
855 608
855 616
855 700
855 710
855 731
855 779
855 870
855 893
855 924
855 962
855 964
855 979
855 981
855 983
856 338
856 34
856 381
856 455
856 728
856 755
856 765
856 777
856 782
856 862
856 873
856 894
856 908
856 909
856 929
856 965
856 971
857 155
857 251
857 501
857 543
857 614
857 788
857 869
857 870
857 873
857 879
857 924
857 941
857 946
857 956
857 962
857 966
857 995
858 305
858 361
858 445
858 575
858 697
858 748
858 794
858 826
858 885
858 927
858 932
858 945
858 953
858 955
858 956
858 971
858 976
859 257
859 316
859 347
859 472
859 538
859 590
859 683
859 891
859 913
859 919
859 938
859 952
859 981
859 987
859 990
859 991
859 998
86 15
86 533
86 670
86 811
860 313
860 468
860 511
860 535
860 65
860 763
860 814
860 854
860 865
860 871
860 874
860 939
860 950
860 957
860 965
860 990
860 994
861 1000
861 605
861 622
861 695
861 72
861 748
861 773
861 815
861 817
861 819
861 836
861 839
861 853
861 961
861 985
861 986
861 987
862 105
862 172
862 409
862 427
862 437
862 52
862 570
862 573
862 633
862 856
862 894
862 907
862 929
862 948
862 953
862 964
862 971
863 423
863 543
863 701
863 732
863 764
863 774
863 788
863 799
863 806
863 851
863 868
863 884
863 889
863 925
863 966
863 975
863 985
864 116
864 188
864 287
864 303
864 450
864 488
864 524
864 641
864 644
864 652
864 797
864 869
864 919
864 920
864 933
864 958
864 973
864 976
865 218
865 245
865 345
865 359
865 745
865 808
865 843
865 860
865 870
865 935
865 937
865 941
865 948
865 961
865 962
865 963
865 977
865 991
866 109
866 222
866 332
866 34
866 416
866 556
866 627
866 743
866 781
866 782
866 920
866 924
866 956
866 964
866 971
866 979
866 987
866 988
867 27
867 492
867 523
867 598
867 621
867 623
867 658
867 693
867 694
867 766
867 912
867 916
867 921
867 979
867 980
867 989
867 991
867 992
868 243
868 251
868 657
868 662
868 669
868 755
868 786
868 818
868 851
868 863
868 871
868 875
868 880
868 903
868 912
868 932
868 970
868 98
869 153
869 339
869 341
869 483
869 498
869 632
869 813
869 828
869 857
869 864
869 898
869 936
869 937
869 954
869 963
869 966
869 975
869 983
87 337
87 947
87 951
87 997
870 186
870 245
870 618
870 625
870 726
870 745
870 750
870 808
870 843
870 855
870 857
870 865
870 920
870 935
870 937
870 948
870 956
870 990
871 144
871 181
871 246
871 638
871 649
871 664
871 718
871 777
871 854
871 860
871 868
871 884
871 892
871 896
871 910
871 925
871 959
871 982
872 317
872 321
872 378
872 550
872 578
872 582
872 739
872 753
872 854
872 875
872 882
872 929
872 940
872 943
872 972
872 974
872 977
872 998
873 35
873 486
873 599
873 653
873 727
873 739
873 755
873 760
873 841
873 856
873 857
873 890
873 894
873 905
873 932
873 942
873 956
873 966
874 261
874 281
874 360
874 421
874 452
874 507
874 627
874 664
874 687
874 701
874 819
874 832
874 860
874 958
874 965
874 967
874 969
874 994
875 189
875 260
875 337
875 526
875 582
875 589
875 610
875 770
875 805
875 828
875 868
875 872
875 889
875 903
875 916
875 940
875 977
875 989
876 193
876 244
876 253
876 376
876 431
876 531
876 6
876 645
876 680
876 727
876 731
876 822
876 831
876 841
876 913
876 936
876 952
876 968
877 248
877 413
877 579
877 586
877 593
877 618
877 625
877 687
877 710
877 738
877 787
877 814
877 824
877 883
877 887
877 888
877 893
877 957
878 1000
878 14
878 223
878 408
878 468
878 590
878 651
878 679
878 741
878 785
878 821
878 888
878 915
878 924
878 935
878 947
878 962
878 973
878 996
879 134
879 175
879 449
879 463
879 509
879 57
879 584
879 63
879 705
879 720
879 723
879 750
879 857
879 917
879 928
879 937
879 960
879 980
879 995
88 557
88 688
88 703
88 992
880 203
880 525
880 605
880 609
880 622
880 662
880 718
880 728
880 736
880 748
880 802
880 851
880 868
880 9
880 936
880 960
880 97
880 976
880 986
881 122
881 210
881 248
881 287
881 384
881 464
881 514
881 517
881 537
881 596
881 681
881 683
881 757
881 830
881 917
881 944
881 955
881 984
881 998
882 258
882 267
882 291
882 685
882 771
882 791
882 822
882 837
882 842
882 872
882 884
882 932
882 934
882 938
882 947
882 950
882 996
882 997
882 999
883 144
883 30
883 410
883 593
883 710
883 715
883 72
883 735
883 746
883 749
883 761
883 787
883 877
883 887
883 938
883 946
883 957
883 981
883 992
884 173
884 205
884 238
884 422
884 45
884 673
884 795
884 818
884 846
884 849
884 863
884 871
884 882
884 894
884 926
884 947
884 948
884 958
884 982
885 289
885 313
885 361
885 395
885 541
885 557
885 628
885 732
885 767
885 801
885 848
885 858
885 904
885 926
885 967
885 971
885 974
885 992
885 997
886 282
886 436
886 523
886 562
886 569
886 583
886 781
886 800
886 825
886 918
886 924
886 928
886 934
886 965
886 978
886 979
886 984
886 985
886 987
886 988
887 12
887 211
887 285
887 342
887 428
887 432
887 500
887 581
887 602
887 754
887 791
887 877
887 883
887 896
887 921
887 931
887 964
887 973
887 992
887 999
888 130
888 143
888 16
888 244
888 269
888 442
888 467
888 519
888 621
888 632
888 636
888 731
888 877
888 878
888 921
888 947
888 950
888 957
888 989
888 992
889 554
889 670
889 74
889 751
889 752
889 760
889 764
889 823
889 828
889 843
889 863
889 875
889 897
889 912
889 930
889 951
889 973
889 984
889 985
889 987
89 101
89 766
89 824
89 956
890 197
890 204
890 255
890 295
890 380
890 410
890 45
890 454
890 462
890 587
890 598
890 599
890 653
890 704
890 717
890 795
890 829
890 850
890 873
890 969
891 102
891 133
891 200
891 312
891 341
891 543
891 579
891 791
891 844
891 859
891 896
891 924
891 925
891 946
891 954
891 964
891 983
891 996
891 997
891 999
892 120
892 173
892 301
892 320
892 346
892 387
892 427
892 43
892 563
892 570
892 648
892 665
892 728
892 755
892 777
892 793
892 802
892 871
892 894
892 948
892 989
893 315
893 323
893 457
893 490
893 567
893 610
893 719
893 761
893 787
893 847
893 855
893 877
893 897
893 903
893 905
893 908
893 937
893 956
893 965
893 978
893 989
894 137
894 169
894 215
894 427
894 453
894 570
894 573
894 656
894 664
894 665
894 793
894 856
894 862
894 873
894 884
894 892
894 9
894 907
894 948
894 965
894 998
895 125
895 149
895 194
895 258
895 351
895 36
895 408
895 458
895 598
895 700
895 801
895 809
895 826
895 906
895 909
895 925
895 953
895 96
895 974
895 975
895 980
896 275
896 277
896 329
896 340
896 350
896 428
896 460
896 527
896 542
896 577
896 615
896 671
896 675
896 715
896 854
896 871
896 887
896 891
896 925
896 943
896 946
897 105
897 193
897 314
897 319
897 664
897 677
897 823
897 889
897 893
897 905
897 913
897 927
897 949
897 951
897 952
897 956
897 960
897 983
897 984
897 985
897 99
898 13
898 216
898 292
898 372
898 407
898 437
898 498
898 506
898 515
898 569
898 608
898 656
898 707
898 771
898 780
898 790
898 833
898 869
898 914
898 937
898 970
899 159
899 178
899 340
899 349
899 450
899 497
899 521
899 613
899 646
899 672
899 743
899 786
899 789
899 835
899 843
899 847
899 854
899 942
899 959
899 967
899 982
9 480
9 773
9 880
9 894
90 180
90 474
90 552
90 998
900 12
900 132
900 217
900 263
900 290
900 296
900 346
900 415
900 423
900 461
900 475
900 616
900 619
900 642
900 649
900 759
900 774
900 822
900 907
900 914
900 916
901 293
901 398
901 540
901 612
901 621
901 629
901 630
901 676
901 751
901 761
901 765
901 784
901 822
901 827
901 838
901 914
901 935
901 936
901 945
901 961
901 992
902 1000
902 113
902 148
902 21
902 236
902 246
902 284
902 322
902 368
902 413
902 44
902 48
902 645
902 666
902 721
902 729
902 779
902 808
902 850
902 907
902 96
902 99
903 150
903 232
903 303
903 390
903 588
903 635
903 641
903 645
903 657
903 692
903 701
903 712
903 772
903 786
903 788
903 792
903 825
903 868
903 875
903 893
903 968
903 989
904 294
904 298
904 433
904 448
904 47
904 485
904 529
904 547
904 575
904 588
904 628
904 629
904 631
904 754
904 774
904 848
904 885
904 93
904 943
904 955
904 963
904 968
905 20
905 207
905 302
905 315
905 316
905 338
905 350
905 392
905 394
905 412
905 477
905 644
905 659
905 690
905 745
905 829
905 873
905 893
905 897
905 956
905 961
905 966
906 121
906 192
906 290
906 354
906 372
906 520
906 568
906 634
906 663
906 699
906 715
906 737
906 757
906 809
906 811
906 828
906 895
906 909
906 916
906 940
906 969
906 980
907 1000
907 172
907 215
907 284
907 376
907 423
907 570
907 616
907 693
907 721
907 796
907 850
907 862
907 894
907 900
907 902
907 914
907 925
907 931
907 948
907 961
907 967
907 980
908 103
908 295
908 451
908 484
908 508
908 545
908 593
908 600
908 730
908 743
908 746
908 777
908 793
908 798
908 814
908 856
908 893
908 914
908 93
908 955
908 957
908 992
908 999
909 121
909 19
909 192
909 325
909 354
909 395
909 42
909 502
909 520
909 579
909 634
909 663
909 715
909 737
909 757
909 79
909 809
909 828
909 856
909 895
909 906
909 916
909 980
91 371
91 815
91 986
91 990
910 120
910 130
910 213
910 218
910 23
910 334
910 422
910 433
910 484
910 49
910 588
910 706
910 711
910 754
910 789
910 835
910 871
910 939
910 945
910 959
910 977
910 978
910 982
911 11
911 360
911 434
911 449
911 454
911 456
911 509
911 532
911 540
911 554
911 584
911 602
911 63
911 666
911 705
911 723
911 750
911 769
911 771
911 783
911 83
911 924
911 937
912 137
912 261
912 52
912 536
912 566
912 662
912 722
912 764
912 786
912 826
912 851
912 867
912 868
912 889
912 932
912 951
912 953
912 958
912 960
912 971
912 984
912 985
912 989
913 376
913 387
913 534
913 561
913 589
913 597
913 635
913 677
913 684
913 727
913 731
913 739
913 770
913 813
913 841
913 85
913 859
913 876
913 897
913 932
913 952
913 968
913 972
914 114
914 296
914 36
914 433
914 498
914 540
914 547
914 560
914 601
914 630
914 756
914 759
914 774
914 780
914 827
914 833
914 898
914 900
914 901
914 907
914 908
914 920
914 982
915 269
915 432
915 442
915 471
915 473
915 518
915 592
915 603
915 632
915 675
915 691
915 696
915 791
915 798
915 816
915 844
915 878
915 949
915 950
915 981
915 987
915 996
915 999
916 1000
916 223
916 337
916 556
916 634
916 668
916 670
916 805
916 809
916 823
916 867
916 875
916 900
916 906
916 909
916 924
916 951
916 979
916 980
916 984
916 985
916 988
916 991
917 112
917 209
917 319
917 382
917 411
917 414
917 600
917 606
917 643
917 68
917 681
917 688
917 693
917 723
917 732
917 735
917 757
917 760
917 879
917 881
917 922
917 944
917 965
917 991
918 119
918 220
918 291
918 335
918 388
918 401
918 430
918 459
918 555
918 642
918 660
918 685
918 800
918 821
918 842
918 850
918 854
918 886
918 934
918 948
918 954
918 973
918 991
918 995
919 162
919 167
919 208
919 23
919 247
919 30
919 373
919 406
919 520
919 577
919 613
919 739
919 747
919 778
919 807
919 812
919 845
919 849
919 859
919 864
919 933
919 954
919 980
919 990
92 741
92 933
92 963
92 983
920 152
920 239
920 243
920 386
920 433
920 697
920 736
920 753
920 754
920 781
920 83
920 864
920 866
920 870
920 914
920 929
920 943
920 952
920 958
920 971
920 979
920 987
920 988
920 998
921 125
921 200
921 297
921 3
921 311
921 35
921 399
921 405
921 546
921 557
921 581
921 621
921 66
921 687
921 69
921 690
921 703
921 751
921 767
921 768
921 836
921 867
921 887
921 888
921 992
922 1000
922 176
922 177
922 222
922 31
922 36
922 384
922 41
922 464
922 502
922 51
922 517
922 537
922 54
922 56
922 647
922 682
922 683
922 768
922 834
922 853
922 917
922 944
922 974
922 998
923 140
923 174
923 288
923 290
923 308
923 4
923 418
923 49
923 5
923 527
923 548
923 59
923 633
923 634
923 637
923 654
923 661
923 708
923 763
923 785
923 840
923 948
923 974
923 981
923 990
924 105
924 241
924 526
924 702
924 724
924 763
924 766
924 77
924 772
924 784
924 788
924 828
924 838
924 842
924 855
924 857
924 866
924 878
924 886
924 891
924 911
924 916
924 979
924 988
924 994
925 329
925 488
925 491
925 527
925 616
925 619
925 629
925 694
925 746
925 806
925 816
925 846
925 852
925 863
925 871
925 891
925 895
925 896
925 907
925 946
925 955
925 966
925 967
925 975
925 981
926 127
926 150
926 166
926 257
926 329
926 336
926 422
926 435
926 457
926 488
926 676
926 692
926 773
926 782
926 797
926 798
926 807
926 849
926 884
926 885
926 933
926 937
926 989
926 990
926 991
927 156
927 195
927 249
927 364
927 37
927 397
927 430
927 447
927 530
927 536
927 566
927 580
927 585
927 722
927 746
927 767
927 826
927 830
927 839
927 850
927 858
927 897
927 949
927 953
927 960
928 238
928 258
928 260
928 463
928 467
928 525
928 610
928 614
928 707
928 719
928 723
928 83
928 837
928 846
928 847
928 879
928 886
928 938
928 945
928 972
928 976
928 978
928 981
928 995
928 997
929 110
929 129
929 180
929 240
929 298
929 343
929 445
929 47
929 527
929 537
929 571
929 61
929 728
929 754
929 777
929 803
929 856
929 862
929 872
929 920
929 940
929 968
929 972
929 977
929 998
93 221
93 820
93 904
93 908
930 373
930 515
930 52
930 531
930 549
930 583
930 640
930 699
930 718
930 730
930 737
930 792
930 817
930 837
930 889
930 945
930 951
930 968
930 973
930 974
930 975
930 981
930 984
930 986
930 987
930 997
931 1000
931 115
931 122
931 131
931 272
931 328
931 39
931 507
931 525
931 568
931 602
931 664
931 693
931 716
931 723
931 757
931 796
931 887
931 907
931 944
931 955
931 966
931 981
931 991
931 993
931 994
932 252
932 270
932 331
932 635
932 669
932 677
932 728
932 742
932 744
932 749
932 755
932 786
932 793
932 837
932 851
932 858
932 868
932 873
932 882
932 912
932 913
932 952
932 965
932 971
932 991
932 992
932 997
933 116
933 247
933 422
933 485
933 488
933 577
933 629
933 64
933 655
933 680
933 692
933 709
933 739
933 745
933 797
933 807
933 821
933 849
933 864
933 919
933 92
933 926
933 937
933 946
933 970
933 980
933 989
934 1
934 135
934 226
934 227
934 241
934 379
934 39
934 42
934 44
934 510
934 645
934 660
934 685
934 758
934 77
934 79
934 800
934 842
934 850
934 882
934 886
934 918
934 948
934 954
934 967
934 973
934 998
935 117
935 181
935 245
935 345
935 359
935 371
935 379
935 4
935 441
935 477
935 501
935 532
935 563
935 618
935 726
935 730
935 783
935 843
935 865
935 870
935 878
935 901
935 941
935 961
935 962
935 990
935 991
936 122
936 242
936 266
936 323
936 534
936 631
936 644
936 647
936 716
936 727
936 768
936 832
936 836
936 869
936 876
936 880
936 901
936 939
936 952
936 969
936 971
936 975
936 976
936 987
936 993
936 994
936 998
937 175
937 366
937 435
937 53
937 539
937 614
937 651
937 700
937 722
937 750
937 812
937 833
937 836
937 845
937 865
937 869
937 870
937 879
937 893
937 898
937 911
937 926
937 933
937 951
937 962
937 963
937 970
937 995
938 133
938 179
938 212
938 22
938 289
938 327
938 374
938 377
938 389
938 469
938 51
938 571
938 678
938 695
938 713
938 749
938 790
938 837
938 842
938 859
938 882
938 883
938 928
938 964
938 967
938 981
938 991
938 997
939 131
939 188
939 206
939 244
939 261
939 271
939 31
939 403
939 478
939 507
939 519
939 568
939 627
939 674
939 699
939 716
939 729
939 730
939 738
939 860
939 910
939 936
939 95
939 961
939 967
939 969
939 993
939 996
94 285
94 647
94 790
94 944
940 158
940 214
940 240
940 317
940 321
940 378
940 413
940 550
940 578
940 582
940 6
940 690
940 696
940 702
940 758
940 801
940 803
940 824
940 830
940 872
940 875
940 906
940 929
940 943
940 972
940 974
940 977
940 998
941 136
941 183
941 222
941 437
941 468
941 479
941 501
941 512
941 545
941 554
941 563
941 567
941 661
941 679
941 691
941 700
941 721
941 726
941 778
941 79
941 836
941 857
941 865
941 935
941 948
941 961
941 962
941 991
942 113
942 33
942 349
942 355
942 481
942 497
942 510
942 521
942 528
942 530
942 555
942 58
942 613
942 620
942 625
942 638
942 672
942 726
942 739
942 789
942 825
942 835
942 843
942 873
942 899
942 950
942 959
942 967
942 982
943 151
943 405
943 417
943 495
943 529
943 550
943 628
943 631
943 645
943 662
943 667
943 669
943 735
943 784
943 786
943 803
943 872
943 896
943 904
943 920
943 940
943 955
943 972
943 977
943 979
943 983
943 987
943 988
943 998
944 1000
944 201
944 242
944 270
944 287
944 328
944 40
944 496
944 517
944 537
944 558
944 584
944 600
944 618
944 647
944 663
944 68
944 681
944 682
944 829
944 881
944 917
944 922
944 931
944 94
944 955
944 976
944 991
944 998
945 104
945 139
945 203
945 24
945 282
945 33
945 381
945 398
945 494
945 562
945 573
945 587
945 612
945 644
945 725
945 732
945 747
945 758
945 790
945 802
945 810
945 822
945 858
945 901
945 910
945 928
945 930
945 978
945 985
946 153
946 191
946 312
946 396
946 409
946 470
946 527
946 594
946 615
946 706
946 713
946 742
946 772
946 815
946 817
946 819
946 847
946 857
946 883
946 891
946 896
946 925
946 933
946 963
946 964
946 967
946 981
946 986
946 990
947 124
947 138
947 15
947 219
947 23
947 234
947 25
947 369
947 404
947 420
947 504
947 51
947 519
947 53
947 568
947 651
947 724
947 756
947 766
947 808
947 813
947 821
947 823
947 838
947 87
947 878
947 882
947 884
947 888
947 989
948 285
948 383
948 415
948 462
948 467
948 547
948 654
948 679
948 685
948 709
948 763
948 785
948 793
948 805
948 862
948 865
948 870
948 884
948 892
948 894
948 907
948 918
948 923
948 934
948 941
948 962
948 974
948 981
948 991
948 998
949 156
949 249
949 272
949 37
949 414
949 467
949 51
949 513
949 536
949 551
949 566
949 585
949 600
949 631
949 678
949 722
949 737
949 794
949 826
949 845
949 850
949 897
949 915
949 927
949 953
949 954
949 960
949 971
949 981
949 999
95 486
95 756
95 939
95 994
950 26
950 352
950 356
950 421
950 442
950 480
950 496
950 538
950 545
950 598
950 603
950 632
950 696
950 778
950 791
950 798
950 816
950 84
950 844
950 847
950 854
950 860
950 882
950 888
950 915
950 942
950 979
950 987
950 996
950 999
951 114
951 259
951 301
951 397
951 515
951 522
951 548
951 689
951 7
951 730
951 752
951 758
951 764
951 792
951 799
951 813
951 823
951 87
951 889
951 897
951 912
951 916
951 930
951 937
951 952
951 965
951 973
951 984
951 985
951 987
952 190
952 193
952 253
952 376
952 437
952 471
952 558
952 561
952 597
952 677
952 684
952 691
952 705
952 712
952 727
952 822
952 831
952 841
952 859
952 876
952 897
952 913
952 920
952 932
952 936
952 951
952 968
952 970
952 971
952 987
953 156
953 214
953 320
953 453
953 530
953 536
953 544
953 551
953 580
953 585
953 617
953 634
953 651
953 666
953 722
953 731
953 773
953 794
953 813
953 826
953 830
953 858
953 862
953 895
953 912
953 927
953 949
953 954
953 960
953 981
953 983
954 1000
954 186
954 327
954 338
954 339
954 375
954 388
954 580
954 660
954 692
954 709
954 722
954 740
954 794
954 797
954 807
954 812
954 813
954 842
954 849
954 869
954 891
954 918
954 919
954 934
954 949
954 953
954 960
954 983
954 991
954 998
955 126
955 347
955 361
955 372
955 448
955 46
955 529
955 575
955 588
955 615
955 68
955 681
955 732
955 743
955 801
955 806
955 831
955 834
955 836
955 852
955 858
955 881
955 904
955 908
955 925
955 931
955 943
955 944
955 971
955 975
955 983
956 214
956 230
956 244
956 368
956 387
956 394
956 495
956 607
956 661
956 668
956 677
956 679
956 689
956 745
956 75
956 766
956 802
956 857
956 858
956 866
956 870
956 873
956 89
956 893
956 897
956 905
956 962
956 976
956 978
956 983
956 988
956 990
957 101
957 121
957 155
957 157
957 217
957 278
957 325
957 335
957 419
957 490
957 567
957 586
957 593
957 614
957 636
957 648
957 670
957 676
957 687
957 710
957 717
957 775
957 787
957 795
957 80
957 814
957 824
957 860
957 877
957 883
957 888
957 908
958 108
958 131
958 139
958 159
958 267
958 281
958 323
958 369
958 465
958 475
958 478
958 481
958 546
958 662
958 697
958 718
958 756
958 864
958 874
958 884
958 912
958 920
958 965
958 966
958 969
958 974
958 975
958 976
958 989
958 993
958 994
958 998
959 106
959 127
959 224
959 233
959 328
959 336
959 349
959 4
959 481
959 497
959 510
959 613
959 638
959 646
959 672
959 730
959 734
959 739
959 743
959 789
959 825
959 830
959 835
959 843
959 847
959 871
959 899
959 910
959 942
959 967
959 971
959 982
96 499
96 651
96 895
96 902
960 249
960 335
960 37
960 420
960 536
960 540
960 566
960 580
960 585
960 620
960 629
960 678
960 708
960 722
960 729
960 731
960 767
960 773
960 794
960 813
960 826
960 879
960 880
960 897
960 912
960 927
960 949
960 953
960 954
960 981
960 983
960 993
961 1000
961 114
961 187
961 257
961 281
961 345
961 448
961 479
961 499
961 627
961 695
961 714
961 756
961 804
961 815
961 832
961 845
961 861
961 865
961 901
961 905
961 907
961 935
961 939
961 941
961 962
961 963
961 965
961 981
961 986
961 987
961 993
962 136
962 152
962 210
962 245
962 268
962 307
962 345
962 448
962 452
962 468
962 479
962 517
962 567
962 663
962 679
962 691
962 726
962 763
962 794
962 805
962 855
962 857
962 865
962 878
962 935
962 937
962 941
962 948
962 956
962 961
962 963
962 990
962 991
963 116
963 277
963 289
963 359
963 389
963 426
963 451
963 531
963 569
963 571
963 608
963 621
963 656
963 659
963 685
963 701
963 742
963 746
963 780
963 833
963 837
963 848
963 865
963 869
963 904
963 92
963 937
963 946
963 961
963 962
963 970
963 991
963 997
964 10
964 178
964 202
964 211
964 252
964 28
964 280
964 330
964 418
964 420
964 425
964 460
964 491
964 492
964 556
964 573
964 577
964 579
964 594
964 675
964 746
964 779
964 837
964 855
964 862
964 866
964 887
964 891
964 938
964 946
964 967
964 979
964 988
964 997
965 190
965 260
965 493
965 522
965 610
965 611
965 663
965 680
965 702
965 719
965 745
965 756
965 761
965 777
965 782
965 793
965 799
965 806
965 856
965 860
965 874
965 886
965 893
965 894
965 917
965 932
965 951
965 958
965 961
965 969
965 971
965 984
965 985
965 987
965 994
966 187
966 302
966 315
966 396
966 446
966 450
966 460
966 466
966 470
966 514
966 552
966 59
966 615
966 669
966 718
966 739
966 752
966 765
966 786
966 807
966 818
966 825
966 829
966 851
966 857
966 863
966 869
966 873
966 905
966 925
966 931
966 958
966 975
966 981
966 989
967 206
967 209
967 250
967 296
967 311
967 379
967 408
967 436
967 571
967 672
967 716
967 749
967 759
967 822
967 825
967 832
967 835
967 874
967 885
967 899
967 907
967 925
967 934
967 938
967 939
967 942
967 946
967 959
967 964
967 969
967 973
967 982
967 993
967 994
967 997
968 220
968 279
968 313
968 343
968 431
968 451
968 487
968 5
968 520
968 530
968 531
968 533
968 543
968 561
968 622
968 725
968 772
968 788
968 800
968 804
968 815
968 828
968 839
968 848
968 853
968 876
968 903
968 904
968 913
968 929
968 930
968 952
968 986
968 987
968 996
969 12
969 142
969 154
969 176
969 27
969 279
969 299
969 324
969 363
969 419
969 437
969 494
969 507
969 520
969 652
969 671
969 674
969 686
969 701
969 715
969 735
969 740
969 768
969 81
969 832
969 843
969 874
969 890
969 906
969 936
969 939
969 958
969 965
969 967
969 993
969 994
97 714
97 795
97 880
97 980
970 13
970 196
970 199
970 272
970 275
970 307
970 400
970 402
970 448
970 465
970 513
970 572
970 574
970 650
970 655
970 656
970 690
970 709
970 742
970 746
970 776
970 797
970 805
970 820
970 833
970 849
970 868
970 898
970 933
970 937
970 952
970 963
970 976
970 983
970 989
970 990
971 151
971 280
971 416
971 431
971 458
971 534
971 570
971 575
971 576
971 594
971 604
971 655
971 667
971 684
971 708
971 727
971 729
971 755
971 793
971 801
971 856
971 858
971 862
971 866
971 885
971 912
971 920
971 932
971 936
971 949
971 952
971 955
971 959
971 965
971 979
971 988
972 135
972 158
972 240
972 246
972 312
972 317
972 320
972 321
972 353
972 419
972 460
972 49
972 527
972 550
972 578
972 615
972 617
972 637
972 654
972 725
972 732
972 734
972 739
972 752
972 758
972 803
972 830
972 854
972 872
972 913
972 928
972 929
972 940
972 943
972 974
972 977
972 998
973 352
973 367
973 391
973 442
973 524
973 526
973 641
973 657
973 661
973 696
973 717
973 725
973 737
973 764
973 765
973 781
973 799
973 800
973 808
973 816
973 823
973 842
973 844
973 864
973 878
973 887
973 889
973 918
973 930
973 934
973 951
973 967
973 984
973 986
973 991
973 996
973 999
974 111
974 174
974 254
974 374
974 388
974 420
974 505
974 551
974 578
974 582
974 583
974 625
974 654
974 713
974 742
974 753
974 758
974 760
974 785
974 803
974 805
974 810
974 840
974 872
974 885
974 895
974 922
974 923
974 930
974 940
974 948
974 958
974 972
974 975
974 977
974 981
974 983
975 11
975 128
975 195
975 255
975 323
975 351
975 399
975 441
975 446
975 46
975 518
975 62
975 625
975 644
975 663
975 69
975 712
975 717
975 718
975 736
975 744
975 749
975 75
975 805
975 806
975 841
975 852
975 863
975 869
975 895
975 925
975 930
975 936
975 955
975 958
975 966
975 974
975 98
975 983
976 1000
976 104
976 153
976 18
976 180
976 318
976 365
976 398
976 41
976 464
976 537
976 545
976 548
976 558
976 559
976 574
976 596
976 609
976 647
976 684
976 732
976 734
976 736
976 776
976 777
976 802
976 805
976 811
976 834
976 858
976 864
976 880
976 928
976 936
976 944
976 956
976 958
976 970
976 983
976 998
977 114
977 158
977 177
977 198
977 215
977 240
977 251
977 305
977 317
977 321
977 378
977 438
977 491
977 527
977 540
977 550
977 578
977 582
977 602
977 637
977 642
977 690
977 702
977 725
977 739
977 752
977 803
977 824
977 830
977 854
977 865
977 872
977 875
977 910
977 929
977 940
977 943
977 972
977 974
977 998
978 104
978 140
978 160
978 17
978 183
978 230
978 24
978 266
978 282
978 33
978 368
978 398
978 453
978 484
978 494
978 525
978 573
978 607
978 615
978 648
978 649
978 72
978 720
978 732
978 747
978 748
978 765
978 802
978 81
978 810
978 824
978 838
978 851
978 886
978 893
978 910
978 928
978 945
978 956
978 987
979 1
979 136
979 151
979 171
979 210
979 239
979 280
979 330
979 332
979 370
979 4
979 417
979 477
979 492
979 516
979 551
979 556
979 565
979 568
979 609
979 640
979 667
979 668
979 720
979 766
979 781
979 825
979 845
979 855
979 866
979 867
979 886
979 916
979 920
979 924
979 943
979 950
979 964
979 971
979 988
979 997
98 742
98 817
98 868
98 975
980 100
980 276
980 354
980 383
980 503
980 55
980 590
980 626
980 658
980 665
980 688
980 698
980 700
980 709
980 715
980 741
980 757
980 762
980 773
980 782
980 788
980 796
980 809
980 812
980 828
980 846
980 849
980 867
980 879
980 895
980 906
980 907
980 909
980 916
980 919
980 933
980 97
980 981
980 993
981 134
981 270
981 370
981 377
981 418
981 447
981 452
981 505
981 566
981 580
981 633
981 654
981 694
981 722
981 767
981 770
981 785
981 792
981 840
981 855
981 859
981 883
981 915
981 923
981 925
981 928
981 930
981 931
981 938
981 946
981 948
981 949
981 953
981 960
981 961
981 966
981 974
981 980
981 983
981 991
981 997
982 108
982 177
982 216
982 224
982 262
982 291
982 336
982 355
982 363
982 411
982 440
982 450
982 497
982 521
982 528
982 530
982 555
982 613
982 620
982 638
982 655
982 672
982 7
982 743
982 756
982 771
982 789
982 825
982 830
982 835
982 843
982 847
982 871
982 884
982 899
982 910
982 914
982 942
982 959
982 967
982 99
983 171
983 186
983 248
983 256
983 309
983 332
983 374
983 417
983 473
983 477
983 54
983 551
983 556
983 559
983 574
983 6
983 631
983 666
983 74
983 776
983 826
983 830
983 835
983 845
983 852
983 855
983 869
983 891
983 897
983 92
983 943
983 953
983 954
983 955
983 956
983 960
983 970
983 974
983 975
983 976
983 981
984 1000
984 146
984 239
984 301
984 331
984 397
984 406
984 472
984 475
984 493
984 515
984 522
984 548
984 559
984 591
984 629
984 634
984 637
984 640
984 706
984 710
984 758
984 764
984 768
984 792
984 799
984 813
984 823
984 828
984 881
984 886
984 889
984 897
984 912
984 916
984 930
984 951
984 965
984 973
984 985
984 987
985 185
985 320
985 344
985 397
985 439
985 441
985 472
985 480
985 487
985 515
985 522
985 634
985 689
985 706
985 710
985 745
985 758
985 763
985 764
985 768
985 783
985 792
985 799
985 808
985 813
985 819
985 823
985 843
985 85
985 861
985 863
985 886
985 889
985 897
985 912
985 916
985 945
985 951
985 965
985 984
985 987
986 1000
986 132
986 159
986 169
986 220
986 271
986 294
986 320
986 342
986 353
986 421
986 508
986 511
986 541
986 564
986 594
986 605
986 617
986 622
986 682
986 695
986 707
986 773
986 779
986 78
986 804
986 810
986 815
986 817
986 836
986 839
986 853
986 861
986 880
986 91
986 930
986 946
986 961
986 968
986 973
986 987
986 990
987 249
987 301
987 313
987 393
987 508
987 597
987 605
987 639
987 677
987 691
987 695
987 701
987 711
987 753
987 760
987 815
987 816
987 817
987 839
987 844
987 859
987 861
987 866
987 886
987 889
987 915
987 920
987 930
987 936
987 943
987 950
987 951
987 952
987 961
987 965
987 968
987 978
987 984
987 985
987 986
987 993
987 996
987 999
988 145
988 171
988 196
988 225
988 246
988 262
988 280
988 333
988 335
988 416
988 417
988 428
988 447
988 484
988 534
988 556
988 576
988 608
988 609
988 620
988 639
988 640
988 667
988 668
988 689
988 70
988 720
988 743
988 766
988 781
988 782
988 80
988 854
988 866
988 886
988 916
988 920
988 924
988 943
988 956
988 964
988 971
988 979
989 137
989 173
989 178
989 27
989 277
989 290
989 364
989 435
989 438
989 454
989 504
989 596
989 640
989 646
989 659
989 669
989 680
989 724
989 728
989 755
989 762
989 770
989 771
989 780
989 793
989 797
989 813
989 849
989 851
989 867
989 875
989 888
989 892
989 893
989 903
989 912
989 926
989 933
989 947
989 958
989 966
989 970
989 994
99 806
99 897
99 902
99 982
990 123
990 199
990 235
990 237
990 273
990 353
990 384
990 409
990 439
990 500
990 511
990 535
990 587
990 600
990 606
990 608
990 670
990 679
990 747
990 76
990 784
990 805
990 811
990 812
990 815
990 817
990 821
990 824
990 827
990 853
990 859
990 860
990 870
990 91
990 919
990 923
990 926
990 935
990 946
990 956
990 962
990 970
990 986
991 1
991 100
991 119
991 133
991 179
991 201
991 226
991 231
991 274
991 334
991 45
991 453
991 549
991 571
991 594
991 660
991 693
991 753
991 796
991 800
991 842
991 848
991 859
991 865
991 867
991 916
991 917
991 918
991 926
991 931
991 932
991 935
991 938
991 941
991 944
991 948
991 954
991 962
991 963
991 973
991 981
991 997
991 998
992 139
992 185
992 188
992 205
992 211
992 297
992 3
992 316
992 333
992 342
992 381
992 413
992 428
992 480
992 485
992 494
992 557
992 589
992 594
992 621
992 623
992 639
992 650
992 655
992 703
992 710
992 743
992 751
992 763
992 775
992 784
992 80
992 829
992 836
992 867
992 88
992 883
992 885
992 887
992 888
992 901
992 908
992 921
992 932
993 1
993 120
993 126
993 142
993 148
993 16
993 165
993 281
993 299
993 34
993 372
993 403
993 419
993 438
993 568
993 608
993 611
993 627
993 652
993 657
993 686
993 701
993 715
993 716
993 729
993 735
993 738
993 740
993 747
993 757
993 783
993 819
993 832
993 931
993 936
993 939
993 958
993 960
993 961
993 967
993 969
993 980
993 987
993 994
994 101
994 117
994 126
994 143
994 166
994 281
994 299
994 324
994 360
994 364
994 387
994 403
994 437
994 494
994 519
994 544
994 627
994 657
994 66
994 680
994 686
994 687
994 699
994 716
994 730
994 752
994 753
994 756
994 757
994 783
994 832
994 843
994 845
994 860
994 874
994 924
994 931
994 936
994 95
994 958
994 965
994 967
994 969
994 989
994 993
995 172
995 209
995 237
995 251
995 324
995 365
995 382
995 424
995 434
995 440
995 449
995 456
995 465
995 476
995 486
995 489
995 495
995 514
995 554
995 564
995 57
995 584
995 586
995 60
995 609
995 614
995 620
995 63
995 673
995 705
995 713
995 714
995 720
995 723
995 725
995 744
995 750
995 769
995 771
995 783
995 857
995 879
995 918
995 928
995 937
996 102
996 162
996 243
996 268
996 276
996 35
996 408
996 415
996 42
996 425
996 432
996 480
996 499
996 518
996 519
996 547
996 574
996 592
996 598
996 603
996 632
996 644
996 648
996 649
996 650
996 658
996 696
996 701
996 710
996 746
996 753
996 791
996 798
996 816
996 838
996 84
996 844
996 878
996 882
996 891
996 915
996 939
996 950
996 968
996 973
996 987
996 999
997 111
997 152
997 162
997 163
997 179
997 22
997 254
997 276
997 374
997 377
997 389
997 406
997 411
997 412
997 443
997 469
997 472
997 548
997 564
997 571
997 665
997 678
997 680
997 713
997 742
997 749
997 790
997 792
997 810
997 829
997 830
997 837
997 847
997 87
997 882
997 885
997 891
997 928
997 930
997 932
997 938
997 963
997 964
997 967
997 979
997 981
997 991
997 998
998 1000
998 291
998 317
998 331
998 378
998 39
998 401
998 445
998 464
998 485
998 5
998 517
998 526
998 542
998 578
998 582
998 61
998 647
998 681
998 685
998 688
998 697
998 701
998 779
998 800
998 803
998 824
998 859
998 872
998 881
998 894
998 90
998 920
998 922
998 929
998 934
998 936
998 940
998 943
998 944
998 948
998 954
998 958
998 972
998 976
998 977
998 991
998 997
999 170
999 241
999 26
999 271
999 276
999 290
999 32
999 337
999 352
999 425
999 432
999 454
999 455
999 463
999 485
999 499
999 500
999 535
999 555
999 56
999 592
999 603
999 632
999 639
999 642
999 649
999 691
999 696
999 746
999 778
999 791
999 798
999 816
999 821
999 838
999 84
999 844
999 846
999 854
999 882
999 887
999 891
999 908
999 915
999 949
999 950
999 973
999 987
999 996
