# The links inside the communities at k=5
# from G:\Dropbox\Raghda\CNA\Final Project\other methods\CFinder-2.0.6--1448\G:\Dropbox\Raghda\CNA\Final Project\Datasets\binary_networks\LFR2\networ_LFR2_Om3.dat
# at no lower link weight threshold,
# and at no upper link weight threshold.
# Links were treated as undirected.
# No time limit was set for the clique search.

0:
1000 230
1000 270
1000 324
1000 389
1000 416
1000 428
1000 559
1000 560
1000 572
1000 610
1000 650
1000 701
1000 712
1000 749
1000 750
1000 773
1000 787
1000 847
1000 935
1000 945
1000 948
1000 986
1000 992
230 847
230 945
230 986
270 945
270 948
270 986
324 773
324 948
324 986
389 935
389 945
389 948
389 986
416 935
416 948
416 986
428 750
428 935
428 948
428 986
559 701
559 935
559 945
559 986
560 650
560 847
560 945
560 986
572 701
572 935
572 945
572 948
572 986
610 847
610 935
610 945
610 948
610 986
650 701
650 935
650 945
650 986
701 935
701 945
701 986
712 787
712 935
712 945
712 948
712 986
712 992
749 787
749 935
749 945
749 948
749 986
749 992
750 773
750 787
750 847
750 935
750 948
750 986
773 847
773 935
773 945
773 948
773 986
773 992
787 945
787 948
787 986
787 992
847 935
847 945
847 948
847 986
847 992
935 945
935 948
935 986
935 992
945 948
945 986
945 992
948 986
948 992
986 992
1:
444 966
444 962
444 961
444 955
853 951
853 966
853 838
853 962
853 905
853 991
853 961
853 955
853 890
853 882
951 966
951 990
951 838
951 460
951 962
951 991
951 961
951 955
951 890
951 742
951 873
951 882
951 478
951 513
951 565
966 990
966 838
966 460
966 962
966 905
966 259
966 991
966 961
966 955
966 890
966 742
966 452
966 873
966 882
966 478
966 513
966 565
990 962
990 991
990 961
990 955
990 890
990 873
990 882
838 962
838 991
838 961
838 955
838 890
838 742
838 873
838 882
460 961
460 955
962 259
962 991
962 961
962 955
962 890
962 742
962 873
962 882
962 478
962 565
905 961
905 955
905 890
259 961
259 955
991 961
991 955
991 882
961 955
961 890
961 742
961 873
961 882
961 478
961 513
955 890
955 742
955 452
955 873
955 882
955 565
890 742
890 873
890 882
890 513
742 873
452 873
452 882
873 882
873 478
882 513
882 565
2:
997 998
997 987
997 930
997 971
997 910
997 911
997 908
997 972
997 968
997 926
997 351
997 214
997 932
997 799
997 593
997 260
997 335
997 453
997 548
997 419
997 566
997 759
993 998
993 930
993 926
993 932
998 987
998 930
998 971
998 910
998 911
998 972
998 968
998 926
998 214
998 932
998 799
998 419
987 971
987 910
987 911
987 972
987 932
987 799
987 759
930 971
930 972
930 968
930 926
930 932
971 910
971 911
971 908
971 972
971 968
971 926
971 351
971 214
971 932
971 799
971 593
971 260
971 335
971 453
971 548
971 419
971 566
971 759
910 911
910 908
910 972
910 968
910 926
910 932
910 593
910 566
910 759
911 972
911 968
911 926
911 932
911 799
911 453
911 548
911 759
908 972
908 932
972 926
972 932
972 799
972 593
972 260
972 335
972 548
972 419
972 566
972 759
968 926
968 932
968 799
968 566
926 351
926 932
926 799
926 593
926 335
926 453
926 759
351 932
214 932
932 799
932 260
932 548
932 759
593 759
3:
992 744
992 852
992 991
992 213
992 532
992 633
744 852
744 991
744 213
744 532
744 633
852 991
852 213
852 532
852 633
991 213
991 532
991 633
532 633
4:
941 947
941 861
941 804
941 909
941 245
941 824
941 387
941 743
941 544
941 585
941 721
941 628
941 599
947 861
947 804
947 909
947 245
947 824
947 387
947 743
947 544
947 585
947 721
947 628
947 599
861 804
861 909
861 245
861 824
861 743
861 544
861 721
861 628
861 599
804 909
804 824
804 387
804 743
804 721
804 628
909 245
909 824
909 387
909 743
909 544
909 585
909 721
909 628
909 599
824 743
824 585
824 721
824 599
743 628
585 721
721 599
5:
921 949
921 846
921 829
921 944
921 723
884 949
884 980
884 846
884 829
884 944
884 246
884 723
949 980
949 846
949 829
949 944
949 246
949 723
980 846
980 944
980 723
846 829
846 944
846 246
846 723
829 944
829 723
944 246
944 723
6:
755 953
755 985
755 973
755 974
755 906
755 916
755 927
953 985
953 973
953 810
953 974
953 970
953 906
953 916
953 927
953 864
953 812
953 253
953 933
953 287
953 897
953 514
953 695
953 412
985 973
985 974
985 970
985 906
985 916
985 927
985 864
985 812
985 253
985 933
985 287
985 897
985 695
985 412
985 615
973 810
973 974
973 970
973 849
973 906
973 916
973 927
973 864
973 812
973 933
973 897
973 371
973 412
973 615
810 849
810 916
810 927
810 812
810 933
974 970
974 906
974 916
974 927
974 864
974 812
974 253
974 933
974 897
974 514
974 371
974 695
974 615
970 864
970 812
970 933
970 695
849 927
849 933
906 927
906 864
906 812
906 933
906 287
906 897
906 615
916 927
916 864
916 812
916 933
916 514
916 371
927 864
927 812
927 933
927 897
927 514
927 371
927 695
864 933
864 287
812 933
253 933
933 897
933 412
897 695
897 615
7:
978 880
978 992
978 989
978 994
978 408
978 988
978 878
978 984
978 896
978 979
978 568
978 550
978 942
978 894
978 833
978 277
978 373
978 856
978 869
978 485
978 740
978 632
978 642
880 989
880 994
880 988
880 878
880 984
880 896
880 979
880 942
880 833
880 277
880 856
880 869
992 989
992 994
992 988
992 878
992 984
992 979
992 568
992 833
992 856
989 994
989 408
989 988
989 878
989 984
989 896
989 979
989 568
989 550
989 942
989 894
989 833
989 277
989 373
989 856
989 869
989 485
989 740
989 632
989 642
994 988
994 878
994 979
994 894
994 856
994 642
408 878
408 979
408 856
988 878
988 984
988 896
988 979
988 568
988 550
988 942
988 833
988 373
988 856
988 869
988 485
988 740
988 554
988 632
988 642
878 896
878 979
878 833
878 869
878 554
984 896
984 979
984 856
984 740
896 979
896 550
896 942
896 833
896 856
896 869
896 740
896 554
979 568
979 942
979 894
979 833
979 277
979 373
979 856
979 869
979 485
979 740
979 554
979 632
979 642
550 856
833 869
856 632
869 485
869 554
869 632
869 642
740 642
8:
994 851
994 995
994 996
994 957
994 849
994 929
994 779
851 952
851 995
851 996
851 954
851 957
851 929
851 840
851 670
851 779
952 728
952 996
952 954
952 929
952 820
952 779
995 728
995 789
995 996
995 954
995 957
995 849
995 929
995 840
995 334
995 730
995 673
995 487
995 670
995 653
728 996
728 954
728 929
728 779
789 996
789 957
789 653
996 954
996 957
996 929
996 334
996 730
996 820
996 487
996 670
996 653
996 779
954 957
954 929
954 840
954 334
954 673
954 820
954 653
957 849
957 929
957 840
957 334
957 730
957 673
957 487
957 670
957 653
957 779
849 929
929 840
929 673
929 820
929 487
929 779
840 673
840 779
730 653
487 670
9:
874 875
874 994
874 314
874 385
875 994
875 314
875 385
994 314
994 385
314 385
10:
525 867
525 964
525 863
525 907
867 964
867 823
867 863
867 907
867 922
867 903
867 319
867 461
895 964
895 823
895 863
895 907
895 922
895 775
895 903
895 780
895 596
895 473
895 528
895 858
895 716
964 863
964 907
964 922
964 775
964 903
964 319
964 780
964 477
964 596
964 461
964 473
964 528
964 858
964 716
823 863
823 922
823 775
823 903
823 858
863 907
863 922
863 903
863 780
863 477
863 716
907 922
907 775
907 903
907 319
907 780
907 477
907 596
907 473
907 528
907 858
922 775
922 903
922 780
922 477
922 596
922 461
922 858
775 596
775 858
903 319
903 780
903 596
903 461
903 473
903 528
903 858
780 461
780 858
780 716
528 858
858 716
11:
706 813
706 845
706 727
706 991
706 881
726 813
726 991
726 881
726 340
726 608
813 845
813 991
813 881
813 608
845 727
845 991
845 881
845 608
727 991
727 881
991 881
991 340
991 608
881 340
881 608
340 608
12:
681 934
681 959
681 848
681 680
934 959
934 848
934 680
934 347
934 381
959 848
959 680
959 347
959 381
848 680
848 347
848 381
680 347
680 381
13:
685 892
685 938
685 859
685 366
892 938
892 859
892 366
938 859
938 366
859 366
14:
767 375
767 664
767 676
767 688
375 664
375 676
375 688
664 676
664 688
676 688
15:
936 984
936 675
936 423
936 574
984 675
984 423
984 574
675 423
675 574
423 574
16:
713 682
713 699
713 451
713 405
682 699
682 451
682 405
699 451
699 405
451 405
17:
940 784
940 790
940 976
940 900
940 915
940 923
940 904
940 763
940 627
940 644
940 429
940 466
940 571
940 746
784 976
784 900
784 915
784 923
784 904
784 763
784 466
784 571
790 976
790 915
790 923
790 904
790 746
976 900
976 915
976 904
976 586
976 746
900 915
900 904
900 763
900 627
900 586
900 644
900 429
900 466
900 571
900 746
915 923
915 904
915 763
915 627
915 586
915 644
915 429
915 571
915 746
923 904
923 763
904 627
904 586
904 644
904 429
904 466
904 746
763 429
763 571
763 746
627 746
586 644
644 429
18:
924 956
924 570
924 914
924 582
924 594
924 459
924 788
924 540
924 822
924 545
924 618
956 570
956 914
956 855
956 582
956 594
956 459
956 788
956 540
956 822
956 545
956 618
570 914
570 855
570 788
570 822
914 855
914 582
914 594
914 459
914 788
914 540
914 822
914 545
914 618
855 594
855 459
855 788
855 540
855 822
855 545
582 822
594 822
459 788
788 822
788 545
788 618
540 822
822 618
19:
795 738
795 519
795 694
795 731
795 546
795 564
738 519
738 694
738 731
738 546
738 564
519 694
519 731
694 731
694 546
694 564
731 546
731 564
546 564
20:
892 938
892 646
892 859
892 470
892 510
938 646
938 859
938 470
938 510
646 859
646 510
859 470
859 510
470 510
21:
555 965
555 943
555 958
555 960
555 928
908 965
908 943
908 958
908 960
908 928
965 943
965 889
965 811
965 958
965 860
965 960
965 785
965 521
965 928
965 551
965 899
965 696
943 889
943 811
943 958
943 860
943 960
943 785
943 521
943 928
943 551
943 899
943 696
889 811
889 958
889 860
889 960
889 785
889 928
889 899
889 696
811 958
811 860
811 960
811 785
811 928
811 899
958 860
958 960
958 785
958 521
958 928
958 551
958 899
958 696
860 960
860 785
860 928
860 899
960 785
960 521
960 928
960 551
960 899
960 696
785 928
785 899
521 928
928 551
928 899
928 696
899 696
22:
832 983
832 993
832 990
832 976
832 821
832 865
832 815
832 655
983 993
983 479
983 990
983 887
983 976
983 865
983 831
983 587
983 815
983 495
983 700
983 655
993 479
993 990
993 887
993 976
993 821
993 865
993 831
993 587
993 815
993 495
993 700
993 655
479 865
479 815
990 887
990 976
990 821
990 865
990 831
990 815
887 976
887 831
887 587
887 495
887 700
976 821
976 865
976 815
865 815
865 655
831 587
831 815
831 495
831 700
815 655
495 700
23:
937 999
937 968
937 507
937 508
999 968
999 507
999 508
968 507
968 508
507 508
24:
836 918
836 942
836 826
836 901
836 739
836 660
836 511
918 942
918 826
918 901
918 739
918 660
918 542
942 901
942 739
942 511
826 901
826 739
826 660
826 542
901 739
901 660
901 542
901 511
739 511
660 542
25:
963 931
963 843
963 506
963 747
931 843
931 506
931 747
843 506
843 747
506 747
26:
995 996
995 601
995 730
995 722
996 601
996 730
996 722
601 730
601 722
730 722
27:
963 793
963 931
963 584
963 614
793 931
793 584
793 614
931 584
931 614
584 614
28:
807 891
807 946
807 981
807 969
807 870
891 946
891 981
891 870
946 981
946 839
946 969
946 870
946 577
981 839
981 969
981 870
981 577
839 969
839 870
839 577
969 870
870 577
29:
977 987
977 888
977 635
977 828
977 975
977 668
977 640
987 888
987 635
987 828
987 975
987 898
987 668
987 801
987 640
888 828
888 898
888 640
635 828
635 975
828 975
828 898
828 668
828 640
975 898
975 668
975 801
975 640
898 668
898 801
898 640
668 801
30:
982 987
982 990
982 679
982 857
982 652
987 990
987 679
987 857
987 652
990 679
990 857
990 652
679 857
679 652
857 652
31:
913 975
913 898
913 801
913 639
975 898
975 801
975 639
898 801
898 639
801 639
32:
963 931
963 843
963 970
963 976
963 814
963 800
963 747
963 802
963 752
931 970
931 976
931 800
931 747
931 752
843 970
843 814
843 802
970 814
970 800
970 802
970 752
976 814
976 800
976 747
976 802
976 752
814 800
814 802
800 802
800 752
747 752
802 752
33:
876 783
876 917
876 925
876 969
876 912
783 925
783 969
783 912
917 925
917 969
917 912
925 969
925 912
969 912
