# The contained cliques in the communities at k=5
# from G:\Dropbox\Raghda\CNA\Final Project\other methods\CFinder-2.0.6--1448\G:\Dropbox\Raghda\CNA\Final Project\Datasets\binary_networks\LFR2\networ_LFR2_Om3.dat
# at no lower link weight threshold,
# and at no upper link weight threshold.
# Links were treated as undirected.
# No time limit was set for the clique search.

0: 227 580 711 1084 579 844 443 578 709 710 919 1039 229 444 445 918 1038 1041 1042 232 
1: 254 449 1017 1169 1170 1171 1211 1227 454 574 691 707 1187 553 
2: 268 1082 1103 1104 1252 1253 1271 1272 326 354 486 656 659 744 1081 1102 1251 1254 660 272 531 1274 
3: 271 698 
4: 313 701 830 831 1028 1033 498 829 
5: 314 1022 1023 1020 
6: 322 1135 1136 1137 1193 1194 1195 1240 521 973 1043 1044 1128 974 837 433 644 1129 359 
7: 347 1161 1200 1201 1212 1213 437 451 608 668 708 725 841 842 905 906 907 1027 1162 1202 1203 1217 452 1239 
8: 355 891 1190 890 892 671 884 886 998 1119 1184 1188 1189 672 996 997 1151 1120 1121 1178 
9: 386 
10: 391 1191 488 556 576 800 1112 1113 1155 557 569 688 799 1106 1107 1157 1156 986 987 
11: 406 779 780 925 926 
12: 413 489 927 
13: 430 
14: 438 
15: 508 
16: 509 
17: 539 540 752 786 1035 1093 825 1036 1064 1094 1095 1034 785 562 
18: 554 555 703 728 838 704 729 700 806 699 804 805 
19: 563 706 
20: 566 664 
21: 581 692 697 983 1117 1250 
22: 584 914 1146 1133 1147 1219 1163 676 784 
23: 619 
24: 655 874 1005 1004 689 
25: 686 
26: 760 
27: 795 
28: 823 1168 1124 1122 
29: 859 870 897 871 872 901 900 896 
30: 873 
31: 894 
32: 1026 1076 1075 1078 1077 1110 1111 1142 
33: 1098 1205 
