# The communities at k=3
# from G:\Dropbox\Raghda\CNA\Final Project\other methods\CFinder-2.0.6--1448\G:\Dropbox\Raghda\CNA\Final Project\Datasets\binary_networks\LFR2\networ_LFR2_Om5.dat
# at no lower link weight threshold,
# and at no upper link weight threshold.
# Links were treated as undirected.
# No time limit was set for the clique search.

0: 1 909 938 
1: 65 633 11 56 661 994 569 831 197 273 
2: 10 452 49 636 861 650 750 412 528 530 748 513 
3: 304 909 938 100 837 853 949 978 1000 116 215 263 269 271 275 301 308 399 536 547 557 633 655 665 692 723 739 769 773 799 800 801 823 830 834 849 860 876 902 911 923 947 953 954 960 964 980 982 989 990 995 997 101 615 883 887 102 611 891 976 103 400 403 767 808 699 942 962 105 893 913 35 585 847 107 81 944 957 977 856 869 886 109 654 703 826 787 994 434 164 112 832 914 992 57 874 114 781 975 115 687 999 861 118 531 798 932 961 516 635 735 12 867 282 47 855 998 122 945 971 123 806 866 124 747 908 955 126 981 996 848 128 406 708 463 827 319 130 805 905 984 312 719 851 133 681 743 852 740 901 135 444 614 136 816 897 991 672 907 930 946 138 58 599 850 859 139 900 970 140 879 141 807 915 142 496 811 941 985 143 718 761 797 952 374 145 658 935 948 965 148 910 959 15 757 150 342 589 920 979 863 864 153 240 967 988 817 155 889 156 974 157 790 842 890 158 549 676 926 198 872 16 912 936 160 161 506 626 162 163 896 899 973 939 776 167 940 507 958 741 662 170 782 969 171 631 968 173 775 78 382 175 77 176 931 950 177 178 583 813 179 18 180 726 892 956 336 993 182 728 983 987 183 40 752 698 825 873 185 499 677 186 613 187 63 188 29 763 778 518 785 482 927 461 422 571 64 193 252 194 195 560 712 339 966 199 367 20 843 200 568 203 464 465 204 762 606 854 871 206 937 207 25 701 737 209 21 846 211 578 895 934 212 922 213 214 632 216 612 833 218 219 724 22 928 222 841 223 986 224 566 225 529 309 786 227 695 228 492 774 229 595 690 23 603 231 489 777 233 756 924 234 235 95 236 766 237 484 862 239 305 693 24 651 241 359 532 768 242 898 430 644 244 250 629 742 245 395 868 246 390 247 358 497 700 249 251 259 502 563 253 501 880 254 794 255 297 643 943 256 258 587 439 818 26 919 260 639 836 261 917 858 264 753 697 709 810 268 27 646 630 273 274 541 565 951 276 673 277 278 796 824 715 355 933 280 736 281 844 598 731 840 372 284 652 663 600 618 286 870 972 45 289 466 290 291 292 441 610 293 340 79 925 294 296 660 298 564 3 30 300 691 303 627 906 306 770 31 310 485 567 577 311 621 87 313 315 424 488 316 835 317 679 793 32 320 435 789 322 324 788 916 325 616 327 704 328 845 33 666 330 332 711 333 732 335 625 337 338 345 348 535 744 750 638 903 350 733 351 352 354 376 356 357 427 36 361 573 362 363 746 364 751 368 670 820 369 37 370 371 4 533 494 648 377 755 378 379 54 812 38 380 44 552 885 381 67 386 387 39 455 392 521 963 413 605 396 628 397 738 402 764 405 716 803 80 408 929 409 588 772 41 410 795 411 647 714 467 416 608 645 821 765 420 804 814 664 426 495 428 760 705 43 717 722 473 432 771 436 438 689 634 442 888 443 445 446 448 562 50 450 822 451 684 453 458 498 619 459 622 688 462 653 468 470 685 471 505 92 475 479 48 480 70 483 725 486 829 490 91 491 591 493 500 881 504 51 570 508 649 515 713 537 519 52 523 525 657 678 53 534 82 875 544 548 55 674 553 554 802 668 584 576 815 582 783 617 592 593 675 839 6 640 90 609 620 68 9 865 637 74 641 667 727 71 702 745 758 76 94 86 96 
4: 884 104 904 942 962 111 707 125 169 642 730 848 13 375 14 683 151 572 201 272 951 407 331 696 401 469 
5: 108 856 886 894 710 166 93 596 265 279 419 28 307 779 437 7 42 575 83 
6: 110 623 780 784 127 165 843 951 561 
7: 421 113 874 878 905 134 901 248 759 326 384 425 417 447 550 657 8 
8: 120 414 558 512 344 
9: 129 694 792 389 433 555 556 456 60 
10: 869 635 131 522 154 398 334 
11: 990 144 729 791 17 845 604 
12: 949 680 734 894 147 828 857 210 511 951 618 366 706 579 678 540 
13: 834 149 267 349 517 581 440 903 
14: 850 181 189 
15: 990 883 257 546 184 873 877 192 208 737 217 643 321 789 373 454 62 
16: 720 196 431 686 232 299 
17: 776 220 510 542 659 
18: 545 360 682 226 786 574 346 624 477 84 
19: 671 230 512 
20: 819 238 754 266 697 709 429 514 59 
21: 295 659 99 
22: 656 921 631 754 302 721 882 918 314 809 34 46 474 89 423 97 520 503 669 
23: 827 879 73 
24: 478 524 551 476 526 5 
25: 449 262 353 365 388 
26: 168 720 958 
27: 590 838 243 602 644 288 472 793 674 
28: 749 527 538 385 543 601 
29: 901 137 907 
30: 982 671 418 
31: 949 522 987 
32: 827 973 659 
33: 909 943 722 
