# The contained cliques in the communities at k=3
# from G:\Dropbox\Raghda\CNA\Final Project\other methods\CFinder-2.0.6--1448\G:\Dropbox\Raghda\CNA\Final Project\Datasets\binary_networks\LFR2\networ_LFR2_Om5.dat
# at no lower link weight threshold,
# and at no upper link weight threshold.
# Links were treated as undirected.
# No time limit was set for the clique search.

0: 0 
1: 1 19 133 691 745 20 480 
2: 2 3 453 454 629 630 631 525 526 638 760 
3: 4 102 517 644 846 1044 1067 58 63 381 643 648 919 1020 1075 197 213 920 921 139 912 987 107 110 119 182 245 268 278 293 349 359 505 532 541 560 655 753 1156 15 78 88 232 1204 140 1035 1034 740 1033 727 738 739 64 242 430 431 569 570 601 633 639 801 843 932 958 1001 1026 1027 1045 243 800 436 13 80 551 1128 1140 521 1065 1066 522 602 603 933 934 935 956 957 922 802 923 803 479 498 608 840 924 925 1024 499 500 1193 607 340 339 632 1050 1194 31 95 130 176 201 238 395 446 547 693 736 796 820 864 960 973 980 1051 1052 1090 1104 1175 1181 1182 1183 239 737 938 1068 1162 1187 757 1142 12 217 308 404 576 577 676 711 834 1096 307 314 575 675 710 833 1118 306 6 677 678 167 216 403 1017 1018 266 265 325 358 400 511 545 546 754 755 770 900 986 70 125 756 771 69 90 123 124 1055 1056 1117 256 260 261 572 574 746 823 874 916 967 1004 1059 1200 30 32 218 257 262 418 457 698 1021 1060 1102 1195 162 1198 258 5 1008 1077 1172 1007 1009 725 804 491 724 726 52 246 373 374 425 716 787 426 402 670 26 109 191 302 303 939 940 1163 25 128 669 1103 129 657 593 658 592 594 621 622 115 122 281 114 121 120 280 57 660 659 190 301 1125 764 1124 36 67 192 240 294 427 429 553 772 817 908 913 915 1012 1203 326 1119 1169 1189 1190 434 1028 435 272 332 651 271 138 322 324 333 422 473 652 653 703 704 985 320 321 768 423 1184 255 1079 1078 1167 428 1084 911 1058 1080 1081 1082 1083 1085 1161 350 357 364 494 520 568 616 679 778 909 910 962 963 998 999 1146 538 1145 8 777 7 49 365 776 883 366 367 617 354 1101 1105 1127 1139 1148 353 1097 1099 1098 1100 1196 29 135 156 356 394 440 475 554 555 623 871 917 1000 1049 1138 14 351 819 1197 1174 1069 101 202 249 461 472 508 774 845 873 887 928 954 1015 1070 1071 1072 100 969 1016 1179 927 968 970 971 929 276 449 509 510 543 702 876 930 953 1037 1041 277 471 1036 1039 1048 1154 507 1038 1135 1160 147 248 259 304 370 399 476 527 697 731 732 855 856 898 944 945 981 1086 1130 1132 1133 1134 1136 1171 305 897 899 1158 606 604 56 151 173 185 210 468 469 605 709 896 263 844 857 1168 24 43 86 134 236 313 319 529 531 548 549 581 654 663 722 825 826 831 858 992 993 997 1003 1030 1064 1159 1170 832 723 827 996 914 642 948 1029 612 946 947 949 318 536 613 641 837 895 965 966 317 537 561 614 761 836 1110 523 562 894 524 835 336 337 338 706 707 708 951 950 952 187 893 361 762 360 411 615 1025 1032 1031 175 291 443 671 728 742 806 901 136 148 157 251 377 493 972 1123 1188 38 87 289 384 424 231 984 982 983 1010 1114 1121 1122 565 37 98 299 535 1113 1116 108 159 165 184 282 323 459 462 767 830 859 905 906 1054 1112 1115 1192 1201 158 797 1014 1180 696 695 113 145 180 209 227 241 252 389 408 465 518 528 539 610 674 763 816 890 979 1019 1040 1046 1073 1093 1164 1191 1199 253 488 519 540 1144 1152 1153 183 1109 750 1108 878 877 348 413 813 347 812 888 811 886 1141 270 942 1186 327 943 328 712 713 714 715 780 849 851 97 152 188 341 486 566 567 672 673 686 687 781 808 809 848 850 860 903 76 105 179 387 487 904 1063 75 106 388 1176 1177 417 620 416 990 618 619 684 685 55 419 788 54 420 421 789 391 790 884 393 392 153 779 782 810 852 1185 376 783 375 784 195 342 991 694 688 369 889 91 111 144 196 363 379 386 447 474 611 664 773 853 854 1150 1149 380 492 412 414 1047 1088 1089 1091 1087 516 1074 415 1053 1092 1129 1143 1202 1006 1005 1061 1155 60 383 441 588 681 977 59 382 578 579 589 74 177 204 682 978 73 680 99 178 205 931 902 1111 1166 28 729 730 743 814 35 661 662 665 758 815 824 955 168 234 744 989 235 666 448 542 1013 9 460 1165 1022 298 297 295 296 286 309 311 609 287 310 941 433 155 872 1126 1157 1057 573 1205 964 103 104 1147 1178 33 818 484 805 131 149 485 194 595 193 171 1120 170 82 478 974 81 228 437 477 533 701 798 891 229 65 635 799 892 169 624 975 315 316 442 534 207 208 223 222 636 976 637 718 720 719 470 1011 867 869 870 926 994 995 161 233 343 352 627 841 868 1107 344 83 628 741 842 1106 1131 206 203 150 863 1173 875 918 1137 1151 717 1094 1095 1062 254 794 795 961 1042 1043 959 785 792 230 439 786 838 839 647 646 18 406 748 17 405 85 828 829 84 584 585 590 212 591 118 117 464 45 141 142 793 734 791 866 587 699 700 733 865 89 164 586 163 126 552 1002 362 625 1076 656 988 645 
4: 10 11 513 514 515 62 267 335 397 61 689 752 23 77 690 751 881 882 22 879 880 41 137 334 489 556 557 558 39 40 42 47 490 559 48 398 847 396 
5: 16 94 211 250 329 345 371 482 502 692 885 93 330 186 215 346 372 
6: 21 44 92 571 749 
7: 27 53 247 312 390 444 450 458 512 544 807 634 
8: 34 407 463 
9: 46 504 550 626 219 283 220 284 
10: 50 51 401 467 79 
11: 66 96 451 452 
12: 68 432 597 667 668 735 822 862 146 598 596 821 
13: 71 72 273 274 275 496 705 
14: 112 
15: 116 127 143 154 244 264 501 582 583 769 937 1023 438 936 385 
16: 132 174 292 
17: 160 600 599 
18: 166 409 563 721 410 564 224 288 
19: 172 
20: 181 237 331 495 506 
21: 189 
22: 198 199 214 221 368 378 503 530 640 649 747 759 861 650 
23: 200 
24: 225 226 455 456 
25: 269 290 285 
26: 279 
27: 300 483 683 765 766 355 
28: 445 481 
29: 466 
30: 497 
31: 580 
32: 775 
33: 907 
