# The links inside the communities at k=7
# from G:\Dropbox\Raghda\CNA\Final Project\other methods\CFinder-2.0.6--1448\G:\Dropbox\Raghda\CNA\Final Project\Datasets\binary_networks\LFR3\network_LFR3_Om5.dat
# at no lower link weight threshold,
# and at no upper link weight threshold.
# Links were treated as undirected.
# No time limit was set for the clique search.

0:
796 864
796 916
796 988
796 805
796 866
796 393
796 686
796 585
796 631
796 703
796 672
796 700
864 916
864 988
864 805
864 866
864 393
864 686
864 585
864 631
864 703
864 672
864 700
916 988
916 805
916 866
916 393
916 686
916 585
916 631
916 703
916 672
916 700
988 805
988 866
988 703
988 672
988 700
805 866
805 393
805 686
805 585
805 631
805 703
805 672
805 700
866 393
866 686
866 585
866 631
866 703
866 672
866 700
393 686
686 700
585 631
585 703
631 703
631 672
703 700
672 700
1:
873 893
873 930
873 653
873 876
873 787
873 851
873 863
873 545
873 400
873 815
873 723
893 930
893 653
893 876
893 787
893 851
893 863
893 545
893 400
893 815
893 723
930 653
930 876
930 787
930 851
930 863
930 545
930 400
930 815
930 723
653 876
653 787
653 851
653 863
653 815
876 787
876 851
876 863
876 545
876 400
876 815
876 723
787 851
787 863
787 815
787 723
851 863
851 400
851 815
851 723
863 545
863 815
863 723
545 815
400 815
815 723
2:
869 858
869 919
869 797
869 841
869 526
869 614
858 919
858 797
858 841
858 526
858 614
919 797
919 841
919 526
919 614
797 841
797 526
797 614
841 526
841 614
526 614
3:
640 932
640 955
640 972
640 943
640 954
640 958
932 955
932 909
932 972
932 828
932 943
932 954
932 958
932 920
932 793
932 905
932 689
932 800
932 633
955 909
955 972
955 828
955 943
955 954
955 958
955 920
955 767
955 793
955 905
955 689
955 800
955 633
909 972
909 828
909 943
909 954
909 958
909 920
909 767
909 905
909 689
909 800
909 633
972 943
972 954
972 958
972 920
972 767
972 793
972 905
972 689
972 800
972 633
828 954
828 958
828 920
828 905
943 954
943 958
943 920
943 767
943 793
943 905
943 800
943 633
954 958
954 920
954 767
954 793
954 905
954 800
958 920
958 767
958 905
958 689
958 800
958 633
920 689
920 633
767 800
793 905
793 800
4:
961 991
961 957
961 993
961 995
961 685
961 985
961 880
961 792
961 926
961 906
961 645
991 957
991 993
991 995
991 685
991 985
991 880
991 792
957 993
957 995
957 685
957 985
957 880
957 792
957 906
957 645
993 995
993 685
993 985
993 880
993 792
993 926
993 906
993 645
995 985
995 880
995 792
995 926
995 906
995 645
685 985
685 880
685 906
985 880
985 926
985 906
985 645
880 792
880 926
880 906
792 906
926 906
906 645
5:
963 976
963 987
963 768
963 867
963 910
963 986
963 959
963 762
963 917
963 844
963 824
963 948
963 802
963 886
976 987
976 768
976 867
976 910
976 986
976 959
976 762
976 917
976 846
976 844
976 824
976 704
976 948
976 663
976 802
976 779
976 886
987 768
987 867
987 910
987 986
987 959
987 917
987 846
987 844
987 824
987 948
987 663
987 802
987 779
987 886
768 959
768 917
768 846
768 886
867 910
867 986
867 959
867 917
867 948
867 663
867 802
867 886
910 986
910 959
910 917
910 846
910 824
910 704
910 948
910 663
910 802
910 886
986 959
986 762
986 917
986 844
986 824
986 704
986 948
986 663
986 802
986 886
959 762
959 917
959 846
959 844
959 704
959 948
959 886
762 917
762 886
917 846
917 844
917 824
917 704
917 948
917 779
917 886
846 886
844 948
844 802
844 779
844 886
824 948
704 948
948 663
948 802
948 779
948 886
779 886
6:
969 941
969 889
969 872
969 885
969 870
969 878
969 804
969 682
941 872
941 885
941 870
941 878
941 804
941 682
889 872
889 885
889 870
889 878
889 804
889 682
872 885
872 870
872 878
872 804
872 682
885 870
885 878
885 682
870 878
870 804
870 682
878 804
878 682
804 682
7:
713 761
713 969
713 941
713 885
713 870
713 878
761 969
761 941
761 885
761 870
761 878
969 941
969 885
969 870
969 878
941 885
941 870
941 878
885 870
885 878
870 878
8:
992 759
992 990
992 933
992 903
992 786
992 807
992 799
992 731
759 990
759 933
759 903
759 786
759 807
759 799
759 731
990 933
990 903
990 786
990 807
990 799
990 731
933 903
933 786
933 807
933 799
933 731
903 807
903 799
903 731
786 807
786 731
807 799
807 731
9:
967 951
967 877
967 994
967 980
967 790
967 835
967 735
951 877
951 994
951 980
951 790
951 835
951 735
877 994
877 980
877 790
877 835
877 735
994 980
994 790
994 835
994 735
980 790
980 835
980 735
790 835
835 735
10:
1000 753
1000 781
1000 785
1000 942
1000 964
1000 966
1000 968
1000 997
753 781
753 942
753 966
753 968
753 997
781 785
781 942
781 964
781 966
781 968
781 997
785 942
785 964
785 968
785 997
942 964
942 966
942 968
942 997
964 966
964 968
964 997
966 968
966 997
968 997
11:
865 951
865 877
865 904
865 994
865 980
865 790
951 877
951 904
951 994
951 980
951 790
877 904
877 994
877 980
877 790
904 994
904 980
904 790
994 980
994 790
980 790
12:
989 962
989 921
989 829
989 952
989 897
989 935
989 911
962 921
962 829
962 952
962 897
962 935
962 911
921 952
921 897
921 935
921 911
829 952
829 897
829 935
829 911
952 897
952 935
952 911
897 935
897 911
935 911
