# The links inside the communities at k=7
# from G:\Dropbox\Raghda\CNA\Final Project\other methods\CFinder-2.0.6--1448\G:\Dropbox\Raghda\CNA\Final Project\Datasets\binary_networks\LFR3\network_LFR3_Om2.dat
# at no lower link weight threshold,
# and at no upper link weight threshold.
# Links were treated as undirected.
# No time limit was set for the clique search.

0:
988 773
988 859
988 880
988 845
988 604
988 822
773 859
773 880
773 845
773 604
773 822
859 880
859 845
859 604
859 822
880 845
880 604
880 822
845 604
845 822
604 822
1:
751 829
751 898
751 908
751 804
751 765
751 633
751 614
829 898
829 908
829 804
829 765
829 633
829 614
898 908
898 804
898 765
898 633
898 614
908 804
908 765
908 633
908 614
804 765
804 614
765 633
765 614
633 614
2:
999 910
999 746
999 819
999 636
999 674
999 617
910 746
910 819
910 636
910 674
910 617
746 819
746 636
746 674
746 617
819 636
819 674
819 617
636 674
636 617
674 617
3:
864 927
864 947
864 991
864 968
864 979
864 904
864 919
864 999
864 687
864 682
864 770
864 808
927 947
927 991
927 968
927 979
927 962
927 901
927 904
927 919
927 999
927 860
927 770
927 803
927 724
927 808
947 991
947 968
947 962
947 901
947 904
947 919
947 999
947 687
947 682
947 803
947 808
991 968
991 979
991 962
991 901
991 904
991 919
991 999
991 860
991 687
991 682
991 770
991 803
991 724
991 808
968 979
968 962
968 901
968 904
968 919
968 999
968 860
968 687
968 682
968 770
968 803
968 808
979 962
979 901
979 904
979 919
979 999
979 860
979 687
979 682
979 770
979 803
979 724
979 808
962 901
962 904
962 919
962 860
962 770
962 803
962 724
962 808
901 904
901 919
901 999
901 770
901 803
901 724
901 808
904 919
904 999
904 770
904 724
904 808
919 999
919 687
919 682
919 724
919 808
999 687
999 682
999 770
999 803
999 724
999 808
860 808
803 724
803 808
4:
961 993
961 969
961 978
961 866
961 932
961 875
961 917
961 942
961 949
961 879
961 905
961 920
961 843
961 731
993 969
993 978
993 866
993 932
993 875
993 917
993 942
993 949
993 879
993 905
993 920
993 843
993 731
969 866
969 932
969 875
969 917
969 942
969 949
969 879
969 905
969 920
969 843
978 932
978 875
978 917
978 949
978 920
978 843
978 731
866 932
866 942
866 949
866 879
866 920
866 843
932 875
932 917
932 942
932 920
932 843
875 949
875 905
875 920
875 843
917 942
917 949
917 879
917 905
917 920
917 843
917 731
942 879
942 905
942 920
942 843
949 905
949 920
949 843
949 731
879 905
879 920
905 920
920 843
843 731
5:
986 876
986 985
986 996
986 874
986 911
986 899
986 863
986 881
986 767
876 985
876 996
876 874
876 881
876 767
985 996
985 874
985 911
985 899
985 863
985 881
985 767
996 874
996 911
996 899
996 863
996 881
996 767
874 911
874 881
874 767
911 899
911 863
911 881
911 767
899 863
899 881
899 767
863 767
881 767
6:
906 997
906 989
906 960
906 884
906 936
906 987
906 976
906 909
906 938
906 756
997 989
997 960
997 884
997 936
997 954
997 987
997 976
997 909
997 924
997 938
997 756
989 960
989 884
989 936
989 954
989 987
989 976
989 924
989 938
989 756
960 936
960 987
960 976
960 909
960 756
884 954
884 987
884 976
884 924
884 938
884 756
936 987
936 976
936 909
936 938
954 987
954 976
954 756
987 976
987 909
987 924
987 938
987 756
976 909
976 924
976 938
976 756
924 756
7:
966 982
966 995
966 873
966 900
966 890
966 925
966 907
966 813
982 995
982 873
982 900
982 890
982 925
982 907
982 813
995 873
995 900
995 890
995 925
995 907
995 813
873 900
873 907
873 813
900 890
900 907
900 813
890 925
890 907
890 813
925 907
925 813
907 813
8:
886 966
886 982
886 995
886 873
886 900
886 890
886 925
886 869
886 914
966 982
966 995
966 873
966 900
966 890
966 925
966 869
966 914
982 995
982 873
982 900
982 890
982 925
982 869
982 914
995 873
995 900
995 890
995 925
995 914
873 900
873 914
900 890
900 914
890 925
890 869
890 914
925 869
925 914
869 914
