# The communities at k=4
# from G:\Dropbox\Raghda\CNA\Final Project\other methods\CFinder-2.0.6--1448\G:\Dropbox\Raghda\CNA\Final Project\Datasets\binary_networks\LFR5\network_LFR5_Om5.dat
# at no lower link weight threshold,
# and at no upper link weight threshold.
# Links were treated as undirected.
# No time limit was set for the clique search.

0: 178 995 936 986 997 548 94 
1: 385 862 148 471 795 330 
2: 15 268 431 980 
3: 943 151 627 845 942 
4: 943 845 170 872 
5: 463 179 325 531 913 
6: 975 947 966 968 960 188 933 290 
7: 937 982 986 802 192 289 838 
8: 905 196 790 898 881 335 407 368 
9: 971 972 808 973 880 996 961 859 979 219 763 907 939 911 421 565 712 
10: 808 996 225 425 928 
11: 868 926 951 967 832 924 941 916 227 985 881 756 486 470 88 
12: 998 988 725 23 
13: 716 927 31 892 
14: 820 313 513 954 
15: 814 890 992 762 47 
16: 899 991 922 51 
17: 959 988 960 991 496 266 826 922 400 514 653 919 52 
18: 994 974 978 65 
19: 923 983 801 63 
20: 957 675 855 753 72 
21: 681 999 965 973 980 979 891 350 698 73 
22: 974 874 983 70 
23: 975 990 963 910 613 940 879 985 765 299 570 512 888 647 8 
24: 938 981 259 915 690 782 950 504 
25: 938 870 416 295 773 
26: 793 944 239 840 920 
27: 966 976 933 240 265 
28: 975 931 873 260 535 398 
29: 741 836 996 804 262 987 575 
30: 953 990 579 273 
31: 955 957 970 930 908 992 954 315 893 911 
32: 903 962 936 912 833 319 718 473 
33: 957 923 968 933 328 801 397 520 
34: 981 999 728 352 
35: 949 982 789 356 
36: 995 989 422 641 450 
37: 984 651 419 606 
38: 964 895 622 466 
39: 638 778 927 478 
40: 704 772 916 912 858 632 402 
41: 949 904 988 679 461 
42: 935 683 798 929 475 
43: 925 906 970 518 843 600 
44: 946 510 751 678 537 
45: 975 945 610 969 948 880 988 986 929 696 883 752 543 838 550 711 
46: 1000 561 659 727 953 
47: 589 941 958 714 
48: 949 701 601 709 730 
49: 952 959 611 821 
50: 910 899 878 595 
51: 785 621 973 932 607 
52: 896 982 731 633 920 
53: 700 968 961 977 997 655 
54: 817 998 909 703 942 623 
55: 659 953 990 835 
56: 955 977 669 997 
57: 935 981 950 723 660 
58: 974 809 803 830 665 
59: 938 909 703 928 
60: 722 984 979 699 
61: 761 996 977 794 
62: 875 998 842 951 961 934 997 908 979 985 837 869 771 888 
63: 896 982 933 760 
64: 935 848 992 758 
65: 766 958 911 919 
66: 825 803 830 894 
67: 1000 897 938 998 827 
68: 926 854 902 899 
69: 870 973 978 931 
70: 994 974 961 899 921 884 
71: 926 972 967 902 895 
72: 918 973 912 987 911 
