# The links inside the communities at k=4
# from G:\Dropbox\Raghda\CNA\Final Project\other methods\CFinder-2.0.6--1448\G:\Dropbox\Raghda\CNA\Final Project\Datasets\binary_networks\LFR5\network_LFR5_Om5.dat
# at no lower link weight threshold,
# and at no upper link weight threshold.
# Links were treated as undirected.
# No time limit was set for the clique search.

0:
178 995
178 986
178 997
995 936
995 986
995 997
995 548
995 94
936 997
936 548
986 997
986 548
997 548
997 94
548 94
1:
385 862
385 471
385 795
862 148
862 471
862 795
862 330
148 471
148 795
471 795
471 330
795 330
2:
15 268
15 431
15 980
268 431
268 980
431 980
3:
943 151
943 627
943 845
943 942
151 627
151 845
627 845
627 942
845 942
4:
943 845
943 170
943 872
845 170
845 872
170 872
5:
463 325
463 531
463 913
179 325
179 531
179 913
325 531
325 913
531 913
6:
975 947
975 968
975 960
975 290
947 966
947 968
947 960
947 188
947 290
966 968
966 960
966 188
966 933
968 960
968 933
968 290
960 188
960 933
7:
937 982
937 986
937 802
937 192
937 289
937 838
982 986
982 192
982 838
986 802
986 192
986 289
986 838
802 289
802 838
8:
905 196
905 790
905 898
905 881
905 335
905 407
905 368
196 790
196 898
790 898
790 881
790 407
790 368
898 881
898 335
898 407
898 368
335 407
9:
971 972
971 808
971 973
971 880
971 996
971 961
971 859
971 979
971 219
971 763
971 907
971 939
971 911
971 421
971 565
971 712
972 808
972 973
972 880
972 996
972 961
972 859
972 219
972 763
972 907
972 939
972 911
972 421
972 565
972 712
808 996
973 911
973 421
973 565
880 712
996 961
996 979
996 763
996 421
996 565
961 979
961 763
961 712
859 712
219 763
763 907
763 939
763 421
763 712
939 565
565 712
10:
808 996
808 425
808 928
996 225
996 425
996 928
225 425
225 928
425 928
11:
868 951
868 967
868 924
926 967
926 832
926 924
951 967
951 924
951 985
951 881
951 756
967 832
967 924
967 941
967 916
967 227
967 985
967 881
967 756
967 486
967 470
967 88
832 924
832 941
832 916
832 985
832 470
924 916
924 227
924 985
924 756
924 486
924 470
924 88
941 470
916 88
227 985
881 756
881 486
756 486
12:
998 988
998 725
998 23
988 725
988 23
725 23
13:
716 927
716 31
716 892
927 31
927 892
31 892
14:
820 313
820 513
820 954
313 513
313 954
513 954
15:
814 890
814 992
814 762
814 47
890 992
890 762
890 47
992 47
762 47
16:
899 991
899 922
899 51
991 922
991 51
922 51
17:
959 988
959 991
959 826
959 922
988 960
988 991
988 922
988 400
988 653
960 991
960 826
960 922
960 514
991 496
991 266
991 826
991 922
991 400
991 514
991 653
991 919
991 52
496 922
496 514
496 653
266 826
266 922
826 922
826 400
826 514
826 653
826 919
826 52
922 400
922 514
922 653
922 919
922 52
18:
994 974
994 978
994 65
974 978
974 65
978 65
19:
923 983
923 801
923 63
983 801
983 63
801 63
20:
957 675
957 855
957 753
957 72
675 855
675 753
855 753
855 72
753 72
21:
681 965
681 973
681 891
681 73
999 965
999 973
999 979
999 891
999 350
965 973
965 980
965 891
965 350
965 698
965 73
973 980
973 891
980 891
980 698
979 891
979 350
891 350
891 698
891 73
22:
974 874
974 983
974 70
874 983
874 70
983 70
23:
975 963
975 940
975 879
975 8
990 963
990 765
990 570
963 613
963 940
963 879
963 985
963 765
963 299
963 570
963 512
963 888
963 647
963 8
910 940
910 879
910 512
613 940
613 879
613 765
613 888
940 879
940 985
940 765
940 299
940 570
940 512
940 888
940 647
879 985
879 765
879 512
879 647
879 8
985 570
985 647
765 570
765 512
765 647
299 570
24:
938 981
938 915
938 782
938 950
981 259
981 915
981 690
981 782
981 950
981 504
259 915
259 950
915 690
915 782
915 950
915 504
690 950
690 504
782 950
950 504
25:
938 870
938 416
938 295
938 773
870 416
870 773
416 295
416 773
295 773
26:
793 944
793 239
793 840
793 920
944 239
944 840
944 920
239 840
840 920
27:
966 976
966 933
966 240
966 265
976 933
976 240
976 265
933 240
933 265
28:
975 931
975 873
975 260
975 535
975 398
931 873
931 260
873 260
873 535
873 398
260 535
535 398
29:
741 836
741 804
741 262
741 987
836 996
836 804
836 262
836 987
996 804
996 987
996 575
804 262
804 987
804 575
987 575
30:
953 990
953 579
953 273
990 579
990 273
579 273
31:
955 957
955 970
955 930
955 315
955 893
957 970
957 930
957 992
957 893
970 930
970 908
970 992
970 954
970 893
930 908
930 992
930 954
930 315
930 893
930 911
908 893
954 315
954 893
954 911
315 893
893 911
32:
903 962
903 936
903 912
903 833
903 319
903 718
903 473
962 912
962 833
962 718
962 473
936 833
936 718
912 718
912 473
833 319
833 718
833 473
319 718
33:
957 923
957 328
957 801
923 968
923 933
923 328
923 801
923 397
923 520
968 933
968 328
968 801
933 801
933 397
328 801
801 397
801 520
397 520
34:
981 999
981 728
981 352
999 728
999 352
728 352
35:
949 982
949 789
949 356
982 789
982 356
789 356
36:
995 989
995 641
995 450
989 422
989 641
989 450
422 641
422 450
641 450
37:
984 651
984 419
984 606
651 419
651 606
419 606
38:
964 895
964 622
964 466
895 622
895 466
622 466
39:
638 778
638 927
638 478
778 927
778 478
927 478
40:
704 772
704 916
704 912
704 858
704 632
704 402
772 912
772 858
916 858
916 632
912 858
912 402
858 632
858 402
632 402
41:
949 904
949 988
949 679
904 988
904 679
904 461
988 679
988 461
679 461
42:
935 683
935 798
935 929
935 475
683 798
683 929
683 475
798 929
798 475
929 475
43:
925 906
925 970
925 518
925 843
925 600
906 970
906 518
906 843
906 600
970 600
518 843
843 600
44:
946 510
946 751
946 678
946 537
510 751
510 678
510 537
751 678
751 537
678 537
45:
975 969
975 988
975 883
975 711
945 969
945 929
945 883
945 752
610 969
610 986
610 696
969 948
969 880
969 988
969 986
969 929
969 696
969 883
969 752
969 543
969 838
969 550
969 711
948 696
948 883
880 883
880 550
988 883
988 752
988 543
988 711
986 696
986 883
986 543
986 838
986 550
929 883
929 752
696 883
696 752
696 711
883 752
883 543
883 838
883 550
752 550
752 711
543 711
46:
1000 561
1000 659
1000 727
1000 953
561 727
561 953
659 727
659 953
727 953
47:
589 941
589 958
589 714
941 958
941 714
958 714
48:
949 701
949 709
949 730
701 601
701 709
701 730
601 709
601 730
709 730
49:
952 959
952 611
952 821
959 611
959 821
611 821
50:
910 899
910 878
910 595
899 878
899 595
878 595
51:
785 621
785 973
785 932
785 607
621 973
621 932
621 607
973 932
932 607
52:
896 982
896 731
896 633
896 920
982 731
982 633
982 920
731 633
731 920
53:
700 968
700 961
700 997
700 655
968 961
968 977
968 997
968 655
961 977
961 655
977 997
977 655
997 655
54:
817 998
817 909
817 703
817 942
817 623
998 909
998 942
998 623
909 703
909 942
909 623
703 623
942 623
55:
659 953
659 990
659 835
953 990
953 835
990 835
56:
955 977
955 669
955 997
977 669
977 997
669 997
57:
935 981
935 723
935 660
981 950
981 723
981 660
950 723
950 660
723 660
58:
974 803
974 830
974 665
809 803
809 830
809 665
803 830
803 665
830 665
59:
938 909
938 703
938 928
909 703
909 928
703 928
60:
722 984
722 979
722 699
984 979
984 699
979 699
61:
761 996
761 977
761 794
996 977
996 794
977 794
62:
875 998
875 961
875 985
998 842
998 961
998 997
998 979
998 985
842 979
842 985
951 985
951 837
951 869
951 771
961 979
961 985
934 997
934 837
934 869
934 771
997 979
997 985
997 837
997 869
997 771
908 837
908 869
908 771
979 985
979 837
979 869
979 771
985 837
985 869
985 771
837 869
837 771
837 888
869 771
869 888
771 888
63:
896 982
896 933
896 760
982 933
982 760
933 760
64:
935 848
935 992
935 758
848 992
848 758
992 758
65:
766 958
766 911
766 919
958 911
958 919
911 919
66:
825 803
825 830
825 894
803 830
803 894
830 894
67:
1000 897
1000 938
1000 998
897 938
897 998
897 827
938 998
938 827
998 827
68:
926 854
926 902
926 899
854 902
854 899
902 899
69:
870 973
870 978
870 931
973 978
973 931
978 931
70:
994 974
994 961
994 899
994 921
994 884
974 899
974 921
974 884
961 899
961 921
961 884
899 921
899 884
71:
926 972
926 967
926 902
926 895
972 967
972 902
967 902
967 895
902 895
72:
918 973
918 912
918 987
918 911
973 987
973 911
912 987
912 911
987 911
