# The graph of at k=4
# from G:\Dropbox\Raghda\CNA\Final Project\other methods\CFinder-2.0.6--1448\G:\Dropbox\Raghda\CNA\Final Project\Datasets\binary_networks\LFR5\network_LFR5_Om5.dat
# at no lower link weight threshold,
# and at no upper link weight threshold.
# Links were treated as undirected.
# No time limit was set for the clique search.

0 7 1
0 32 1
0 36 1
0 45 1
0 53 1
0 56 1
0 62 1
2 21 1
3 4 2
3 54 1
6 17 1
6 23 1
6 27 2
6 28 1
6 33 2
6 45 1
6 53 1
6 63 1
7 35 1
7 45 2
7 52 1
7 63 1
8 11 1
9 10 2
9 21 2
9 29 1
9 31 1
9 45 1
9 51 1
9 53 1
9 60 1
9 61 1
9 62 2
9 65 1
9 69 1
9 70 1
9 71 1
9 72 2
10 29 1
10 59 1
10 61 1
11 23 1
11 40 1
11 47 1
11 62 2
11 68 1
11 71 2
12 17 1
12 41 1
12 45 1
12 54 1
12 62 1
12 67 1
13 39 1
14 31 1
15 31 1
15 64 1
16 17 2
16 50 1
16 68 1
16 70 1
17 41 1
17 45 1
17 49 1
17 65 1
18 22 1
18 58 1
18 69 1
18 70 2
19 22 1
19 33 2
20 31 1
20 33 1
21 34 1
21 51 1
21 60 1
21 62 1
21 69 1
21 72 1
22 58 1
22 70 1
23 28 1
23 30 1
23 45 1
23 50 1
23 55 1
23 62 2
24 25 1
24 34 1
24 57 2
24 59 1
24 67 1
25 59 1
25 67 1
25 69 1
26 52 1
27 33 1
27 63 1
28 45 1
28 69 1
29 61 1
29 72 1
30 46 1
30 55 2
31 33 1
31 43 1
31 56 1
31 62 1
31 64 1
31 65 1
31 72 1
32 40 1
32 72 1
33 53 1
33 63 1
34 57 1
35 41 1
35 48 1
35 52 1
35 63 1
37 60 1
38 71 1
40 72 1
41 45 1
41 48 1
42 45 1
42 57 1
42 64 1
46 55 2
46 67 1
47 65 1
50 68 1
50 70 1
51 69 1
51 72 1
52 63 2
53 56 2
53 61 1
53 62 2
53 70 1
54 59 2
54 62 1
54 67 1
56 61 1
56 62 1
57 64 1
58 66 2
58 70 1
59 67 1
60 62 1
62 67 1
62 70 1
65 72 1
68 70 1
68 71 2
69 72 1
