# The cliques from G:\Dropbox\Raghda\CNA\Final Project\other methods\CFinder-2.0.6--1448\G:\Dropbox\Raghda\CNA\Final Project\Datasets\binary_networks\LFR6\network_LFR6_Om5.dat
# at no lower link weight threshold,
# and at no upper link weight threshold.
# Links were treated as undirected.
# No time limit was set for the clique search.

0: 1 918 992 
1: 1 940 992 
2: 1000 190 962 
3: 190 962 440 
4: 1000 207 949 962 
5: 207 949 752 
6: 1000 6 615 
7: 1000 6 807 
8: 1000 6 962 
9: 102 271 922 
10: 106 611 845 
11: 106 611 855 954 
12: 133 914 958 
13: 112 439 682 959 
14: 112 439 936 959 
15: 115 650 819 
16: 115 791 920 
17: 115 819 920 
18: 119 485 892 
19: 119 685 892 
20: 119 718 892 
21: 122 707 982 
22: 124 719 935 966 
23: 126 724 956 994 
24: 126 886 956 994 
25: 888 129 988 
26: 129 713 988 
27: 13 288 727 983 
28: 935 131 798 
29: 767 807 137 
30: 957 138 856 
31: 138 856 998 
32: 977 14 953 
33: 994 14 679 
34: 994 14 953 
35: 838 140 919 
36: 839 922 141 
37: 839 141 875 
38: 922 141 944 
39: 792 983 143 
40: 983 143 946 
41: 983 143 997 
42: 993 145 862 
43: 781 148 903 
44: 819 920 152 
45: 920 152 882 
46: 9 840 554 
47: 995 156 734 
48: 157 432 827 
49: 159 663 712 
50: 973 161 853 
51: 973 161 985 
52: 748 996 162 
53: 748 162 671 
54: 940 877 164 
55: 940 164 787 
56: 877 164 544 
57: 909 975 166 
58: 909 166 766 
59: 909 166 913 
60: 694 782 167 
61: 942 991 168 
62: 991 168 891 
63: 922 944 169 
64: 225 978 41 
65: 972 985 17 
66: 985 17 457 
67: 17 256 457 
68: 995 256 354 
69: 804 998 172 
70: 966 896 208 
71: 995 982 175 
72: 996 971 176 
73: 996 952 176 
74: 819 920 178 
75: 920 178 880 
76: 923 912 179 
77: 912 945 179 
78: 912 179 799 
79: 950 18 552 
80: 941 18 552 
81: 941 827 180 
82: 941 180 794 
83: 181 725 902 
84: 965 879 182 733 
85: 965 182 603 733 
86: 940 767 183 
87: 767 807 183 
88: 950 998 186 
89: 941 998 186 
90: 967 187 636 
91: 188 771 937 
92: 998 952 191 
93: 883 195 687 
94: 587 749 196 
95: 904 874 198 
96: 940 992 98 846 
97: 983 2 219 
98: 993 809 200 
99: 993 200 601 
100: 980 999 204 
101: 980 204 750 
102: 980 204 963 
103: 914 937 206 
104: 968 876 216 844 933 
105: 940 887 217 
106: 985 887 217 
107: 953 96 835 925 
108: 761 980 220 
109: 756 980 220 
110: 756 220 773 
111: 993 221 529 
112: 978 41 895 
113: 911 990 228 897 
114: 911 228 635 897 
115: 998 54 939 
116: 828 736 23 
117: 992 705 231 
118: 947 889 231 
119: 914 958 85 
120: 727 983 234 
121: 983 930 234 
122: 983 234 353 
123: 904 988 236 
124: 855 941 237 
125: 728 238 793 
126: 919 238 793 
127: 901 24 698 
128: 911 897 240 507 
129: 986 924 242 
130: 779 924 242 
131: 927 778 243 753 
132: 245 563 939 
133: 999 943 248 
134: 995 252 740 
135: 968 876 844 253 
136: 933 257 664 
137: 929 842 258 948 
138: 938 871 259 
139: 938 931 259 
140: 724 956 994 260 
141: 956 994 260 898 
142: 986 748 996 263 
143: 996 263 620 
144: 984 266 449 
145: 887 266 449 
146: 995 883 687 27 
147: 883 687 27 849 
148: 921 858 28 
149: 921 28 627 
150: 993 924 29 
151: 986 748 3 
152: 748 671 3 
153: 957 939 88 
154: 893 39 684 
155: 935 812 40 
156: 644 960 43 
157: 988 960 43 
158: 989 872 44 
159: 984 715 80 
160: 904 978 5 
161: 986 924 83 
162: 986 451 83 
163: 953 880 95 
164: 990 49 571 
165: 969 75 497 
166: 966 75 497 
167: 879 961 800 65 
168: 958 984 82 
169: 992 988 55 
170: 992 830 55 
171: 995 560 97 
172: 995 755 97 
173: 941 662 63 695 
174: 851 662 63 
175: 654 878 951 78 
176: 878 735 78 
177: 994 898 99 
178: 994 866 99 
179: 928 730 68 
180: 982 941 73 
181: 941 998 73 
182: 860 870 77 
183: 938 960 91 
184: 953 961 8 
185: 776 961 8 
186: 909 975 971 84 
187: 839 930 90 
188: 944 930 90 
189: 1000 267 665 
190: 1000 267 837 
191: 1000 301 962 
192: 324 994 617 
193: 1000 341 475 
194: 1000 341 949 962 
195: 358 996 952 
196: 1000 403 463 
197: 1000 403 767 
198: 1000 403 962 
199: 417 998 952 
200: 417 998 729 
201: 410 719 935 966 
202: 288 983 383 
203: 416 991 895 
204: 967 384 889 
205: 384 850 889 
206: 973 999 298 769 
207: 979 860 232 
208: 905 983 353 
209: 996 317 630 
210: 317 630 981 
211: 916 978 249 
212: 995 990 354 
213: 995 354 560 
214: 820 354 560 
215: 704 949 962 425 
216: 949 962 965 425 
217: 979 872 269 
218: 929 842 270 
219: 990 273 366 
220: 663 712 273 
221: 712 273 366 
222: 987 886 994 274 
223: 907 956 994 274 
224: 886 956 994 274 
225: 873 276 286 607 661 
226: 924 947 277 
227: 988 991 278 
228: 905 822 280 
229: 822 948 280 
230: 822 280 467 
231: 685 892 285 
232: 983 997 383 
233: 983 930 383 
234: 822 948 289 
235: 822 289 361 
236: 822 289 801 
237: 822 467 361 
238: 822 361 974 
239: 975 997 295 
240: 727 983 997 295 
241: 983 295 374 
242: 983 622 374 
243: 921 296 925 
244: 296 815 925 
245: 904 881 297 
246: 999 297 525 
247: 881 297 525 
248: 989 300 821 
249: 875 785 300 
250: 785 300 821 
251: 953 921 302 
252: 938 903 303 
253: 976 943 306 
254: 828 308 870 
255: 976 975 372 
256: 987 957 309 
257: 987 985 309 
258: 817 966 858 310 
259: 996 971 312 
260: 940 984 314 
261: 940 887 314 
262: 985 984 314 
263: 985 887 314 
264: 981 321 656 
265: 952 750 322 803 
266: 618 993 323 
267: 804 998 325 
268: 806 325 492 
269: 992 900 846 326 
270: 992 326 623 
271: 994 900 326 
272: 834 683 327 
273: 834 928 981 327 
274: 834 801 981 327 
275: 919 329 836 
276: 969 404 639 
277: 967 907 331 
278: 967 636 331 
279: 834 801 332 
280: 935 902 336 
281: 935 808 336 
282: 935 698 336 
283: 935 513 336 
284: 987 957 337 
285: 957 510 337 
286: 965 985 887 339 
287: 771 937 943 342 
288: 943 342 386 
289: 979 519 345 
290: 345 577 703 
291: 994 679 347 564 
292: 994 963 347 
293: 984 369 789 
294: 369 824 789 
295: 637 424 599 
296: 992 976 390 520 
297: 922 958 357 
298: 922 944 978 357 
299: 958 937 357 
300: 944 937 978 357 
301: 959 999 359 
302: 999 359 754 
303: 359 754 824 
304: 972 985 362 
305: 943 364 442 
306: 943 364 652 
307: 983 998 387 
308: 712 865 375 
309: 526 993 376 
310: 959 847 381 
311: 941 392 662 
312: 941 392 868 
313: 794 868 394 
314: 873 726 395 
315: 969 944 948 399 
316: 944 916 399 
317: 918 929 825 400 
318: 825 600 400 
319: 959 555 401 
320: 919 405 811 
321: 804 915 415 
322: 995 982 419 
323: 919 829 420 
324: 919 999 420 
325: 919 593 420 
326: 919 793 420 
327: 934 791 920 422 
328: 791 920 917 422 
329: 819 920 422 
330: 909 913 865 423 
331: 909 708 423 
332: 853 913 423 
333: 999 843 427 
334: 843 498 427 
335: 1000 431 972 
336: 431 972 988 
337: 1000 463 807 837 
338: 1000 475 587 782 
339: 1000 502 949 962 
340: 502 949 962 440 
341: 502 949 962 866 
342: 976 439 959 686 
343: 439 936 959 686 
344: 780 485 892 
345: 780 485 893 
346: 485 892 982 
347: 491 877 813 
348: 964 430 997 
349: 964 430 818 
350: 964 430 797 
351: 430 997 861 
352: 430 818 861 
353: 488 960 906 
354: 862 454 947 
355: 955 985 476 
356: 964 833 931 453 
357: 965 955 887 472 
358: 911 897 507 974 524 
359: 867 919 498 
360: 940 935 513 812 
361: 965 902 887 449 
362: 916 822 467 
363: 958 924 840 473 505 
364: 840 473 673 
365: 915 428 974 
366: 921 925 428 
367: 972 482 722 
368: 987 948 474 
369: 976 959 975 459 
370: 682 959 975 459 
371: 976 943 442 
372: 980 628 486 
373: 787 963 471 
374: 740 981 443 
375: 981 584 443 
376: 817 950 429 
377: 954 998 434 
378: 790 621 437 
379: 790 437 447 
380: 621 984 437 
381: 790 977 447 
382: 927 594 731 438 
383: 927 778 731 438 
384: 731 639 438 
385: 762 912 854 441 
386: 912 850 854 441 
387: 901 860 870 448 
388: 901 860 448 490 
389: 860 832 448 490 
390: 781 860 490 
391: 860 735 490 
392: 719 935 877 452 
393: 935 877 698 452 
394: 935 902 452 
395: 928 844 455 
396: 955 942 844 455 
397: 942 876 844 455 
398: 992 950 456 
399: 841 464 810 
400: 893 464 810 
401: 881 460 746 
402: 460 641 722 
403: 460 722 810 
404: 982 461 823 
405: 979 461 823 
406: 986 748 996 462 
407: 748 671 462 
408: 996 971 462 
409: 973 999 769 465 
410: 973 769 465 723 
411: 973 465 489 
412: 737 769 465 
413: 973 581 489 
414: 762 912 512 
415: 912 512 640 
416: 958 924 840 505 554 
417: 899 893 951 477 
418: 993 910 951 478 
419: 993 894 478 
420: 951 645 478 
421: 944 978 493 495 
422: 944 978 493 517 
423: 944 493 592 
424: 978 851 493 
425: 918 978 495 
426: 978 588 495 
427: 967 969 497 
428: 967 966 497 
429: 969 732 497 
430: 976 959 499 
431: 976 943 499 
432: 771 943 499 
433: 955 968 844 503 
434: 968 876 844 503 
435: 795 985 506 
436: 795 999 506 
437: 999 843 506 
438: 886 956 994 546 898 508 
439: 940 992 511 
440: 1000 518 949 962 
441: 518 949 962 990 
442: 518 949 853 
443: 518 962 859 
444: 1000 526 807 
445: 1000 537 837 
446: 1000 537 949 
447: 537 949 866 
448: 1000 587 704 
449: 583 954 957 
450: 583 957 820 
451: 911 591 990 897 578 
452: 911 591 635 897 578 
453: 911 591 635 897 974 
454: 954 557 945 
455: 954 557 787 
456: 557 945 788 
457: 964 521 944 
458: 570 960 796 
459: 973 581 999 
460: 979 566 863 
461: 566 947 863 
462: 964 979 519 
463: 964 519 833 
464: 590 534 720 
465: 965 555 902 
466: 950 552 794 
467: 950 552 757 
468: 941 552 794 
469: 941 552 757 
470: 903 552 757 
471: 967 886 956 546 
472: 561 921 858 
473: 977 540 849 
474: 968 540 870 
475: 993 946 716 529 
476: 993 946 529 939 
477: 798 984 541 
478: 954 998 563 
479: 954 563 974 
480: 998 563 939 
481: 563 939 974 
482: 959 960 580 
483: 983 997 542 
484: 911 990 897 578 932 
485: 973 999 531 
486: 958 955 531 
487: 915 539 813 
488: 999 848 525 
489: 881 525 680 
490: 977 971 569 
491: 856 874 569 
492: 536 824 789 
493: 979 863 538 
494: 947 863 538 
495: 856 874 577 
496: 886 956 994 679 564 
497: 886 956 994 898 564 
498: 674 898 564 
499: 675 820 560 
500: 845 925 550 
501: 966 925 550 
502: 973 985 527 
503: 992 976 988 520 
504: 992 976 830 520 
505: 923 976 988 520 
506: 672 978 588 
507: 978 895 588 
508: 934 974 562 
509: 948 974 562 
510: 996 977 869 565 
511: 996 715 565 
512: 973 928 579 723 
513: 973 999 579 
514: 973 872 579 
515: 925 549 556 
516: 995 990 571 
517: 921 835 532 
518: 826 840 554 
519: 911 990 897 524 
520: 911 635 897 974 524 
521: 976 975 528 
522: 938 528 547 
523: 975 997 528 
524: 938 871 960 906 547 
525: 918 993 535 
526: 938 960 548 
527: 644 925 556 
528: 966 921 835 925 556 
529: 965 933 551 
530: 968 933 551 
531: 671 666 553 
532: 867 847 559 
533: 867 863 559 
534: 959 847 559 
535: 959 947 863 559 
536: 863 559 805 
537: 940 992 573 
538: 940 889 573 
539: 992 967 998 573 
540: 992 705 573 
541: 967 889 573 
542: 993 716 601 582 
543: 993 894 582 
544: 993 939 582 
545: 888 997 586 
546: 888 786 586 
547: 956 997 586 
548: 955 997 586 
549: 997 802 586 
550: 596 983 746 
551: 610 878 946 
552: 610 878 960 
553: 614 978 851 
554: 615 990 903 
555: 598 964 659 
556: 899 618 951 
557: 618 993 951 
558: 790 621 996 715 
559: 790 621 752 
560: 621 996 984 715 
561: 927 986 594 731 
562: 927 986 594 714 
563: 927 594 779 
564: 654 878 602 
565: 935 966 602 
566: 973 619 769 
567: 619 910 759 
568: 965 603 733 948 800 
569: 965 603 930 948 800 
570: 603 733 961 948 800 
571: 677 927 624 
572: 967 977 636 
573: 899 944 609 
574: 867 609 863 
575: 918 993 601 
576: 987 993 601 
577: 993 601 951 
578: 905 983 622 
579: 983 946 622 932 
580: 983 622 746 
581: 946 622 939 
582: 905 825 600 
583: 905 600 981 
584: 827 825 600 
585: 996 620 831 
586: 873 851 607 
587: 873 607 720 
588: 997 637 775 
589: 986 921 627 
590: 919 829 627 
591: 894 802 629 
592: 980 999 625 
593: 979 872 626 
594: 979 626 604 
595: 626 816 796 
596: 952 980 595 
597: 952 725 595 
598: 984 978 617 
599: 984 617 599 
600: 992 945 623 
601: 996 945 623 
602: 996 666 623 
603: 926 884 606 
604: 926 981 606 
605: 916 884 681 606 
606: 972 986 597 
607: 972 713 597 
608: 986 753 597 
609: 839 963 592 
610: 855 944 963 592 
611: 969 944 592 
612: 938 871 960 604 
613: 938 979 960 604 
614: 938 862 604 
615: 871 882 960 604 
616: 719 935 605 
617: 988 881 605 
618: 938 955 960 616 
619: 938 979 960 616 
620: 938 960 850 616 
621: 938 960 796 616 
622: 989 894 638 
623: 989 939 638 
624: 929 836 638 
625: 665 986 917 
626: 665 970 945 
627: 672 904 978 
628: 654 878 910 951 
629: 644 970 991 
630: 644 991 846 
631: 650 819 971 
632: 650 819 885 
633: 912 647 640 
634: 649 999 722 
635: 958 926 663 
636: 926 663 712 
637: 748 671 666 
638: 986 748 996 666 
639: 748 666 646 
640: 884 643 931 
641: 833 643 931 
642: 990 903 657 
643: 862 947 655 
644: 980 750 655 
645: 752 873 661 
646: 873 661 726 
647: 873 661 711 
648: 683 964 653 
649: 817 844 653 
650: 986 719 653 
651: 975 914 648 
652: 914 958 648 
653: 771 943 652 
654: 967 950 662 
655: 950 832 662 
656: 950 851 662 
657: 950 662 695 
658: 941 832 662 
659: 969 900 639 
660: 918 993 906 667 
661: 960 651 796 
662: 972 641 722 
663: 942 991 641 
664: 839 964 669 
665: 899 944 669 
666: 969 944 669 
667: 964 944 669 
668: 893 951 645 
669: 912 854 640 
670: 910 854 640 
671: 954 964 975 659 
672: 995 990 642 
673: 990 981 642 
674: 988 884 646 
675: 890 937 646 
676: 890 939 646 
677: 995 982 883 660 
678: 995 924 660 
679: 995 850 660 
680: 904 936 660 
681: 904 977 660 
682: 982 883 738 660 
683: 977 883 660 
684: 907 956 668 
685: 998 980 668 
686: 677 927 969 778 
687: 677 927 778 753 731 
688: 677 927 779 753 
689: 677 927 714 
690: 700 855 963 
691: 700 678 872 
692: 700 963 872 
693: 700 963 701 
694: 1000 683 949 
695: 683 949 990 
696: 683 964 979 
697: 1000 693 962 
698: 693 962 990 
699: 693 784 821 
700: 1000 694 782 807 
701: 1000 694 807 949 
702: 1000 694 826 
703: 694 782 868 
704: 940 704 949 962 
705: 1000 704 837 962 
706: 1000 704 949 962 987 
707: 689 915 849 
708: 689 937 738 
709: 689 849 738 
710: 986 682 816 
711: 685 892 905 847 
712: 685 892 982 847 
713: 685 892 725 
714: 685 892 691 
715: 992 705 734 
716: 992 705 884 
717: 995 705 734 
718: 995 705 884 
719: 706 801 744 
720: 888 702 997 
721: 964 702 997 
722: 724 956 994 679 
723: 886 956 994 679 997 
724: 956 994 679 902 
725: 675 917 869 
726: 675 820 885 
727: 972 799 674 
728: 988 687 709 
729: 883 687 849 738 
730: 936 896 686 
731: 896 814 686 
732: 896 930 686 
733: 901 698 812 
734: 986 935 698 
735: 935 877 698 812 
736: 993 946 691 
737: 909 971 766 708 
738: 909 766 708 895 
739: 909 917 708 
740: 984 978 703 
741: 978 703 823 
742: 863 703 823 
743: 992 982 709 
744: 992 988 709 
745: 922 944 709 
746: 780 893 684 
747: 893 875 951 684 
748: 893 711 684 
749: 893 684 810 
750: 951 770 684 
751: 916 681 676 
752: 971 881 680 
753: 971 680 722 
754: 971 680 699 
755: 991 881 680 
756: 972 864 673 
757: 734 889 673 
758: 901 982 690 
759: 952 980 690 
760: 998 946 701 
761: 998 952 701 
762: 952 963 701 
763: 989 970 676 
764: 859 890 676 
765: 916 974 676 
766: 890 974 676 
767: 923 949 692 
768: 841 963 692 
769: 963 872 692 
770: 837 853 697 
771: 819 963 697 
772: 873 711 697 
773: 980 984 710 
774: 980 803 710 
775: 817 950 695 
776: 817 941 695 
777: 950 998 695 
778: 950 891 695 
779: 950 794 695 
780: 941 998 695 
781: 941 794 695 
782: 971 913 699 
783: 913 836 699 
784: 879 733 688 
785: 879 930 688 
786: 791 882 688 
787: 791 939 688 
788: 858 925 688 
789: 936 888 696 
790: 888 988 777 991 696 
791: 888 988 998 991 696 
792: 777 866 696 
793: 991 895 696 
794: 728 985 793 
795: 728 894 793 
796: 909 717 885 
797: 954 718 945 
798: 718 892 847 
799: 718 912 945 
800: 718 847 913 
801: 718 945 913 
802: 718 913 932 
803: 986 719 935 
804: 719 935 966 812 
805: 719 935 877 812 
806: 724 994 751 
807: 724 994 900 
808: 724 994 737 
809: 972 936 713 
810: 972 713 988 
811: 972 713 853 
812: 713 988 998 991 
813: 713 998 997 
814: 713 997 866 
815: 713 853 991 
816: 727 983 946 932 
817: 992 967 734 
818: 992 734 808 
819: 995 734 889 
820: 995 734 808 
821: 967 734 947 889 
822: 993 946 716 805 
823: 993 910 716 
824: 994 737 832 
825: 737 943 754 
826: 900 756 725 
827: 725 902 887 
828: 965 987 733 948 
829: 965 879 733 948 800 
830: 879 733 961 948 800 
831: 972 985 732 
832: 857 996 736 
833: 996 736 864 
834: 736 981 864 
835: 804 998 729 
836: 998 900 729 
837: 998 729 939 
838: 900 890 729 
839: 890 729 939 974 
840: 989 976 735 
841: 952 980 735 
842: 967 966 730 
843: 967 926 730 
844: 928 966 730 
845: 928 926 730 
846: 928 951 730 
847: 995 975 740 
848: 975 997 740 
849: 997 740 981 
850: 997 740 775 
851: 790 934 715 
852: 790 859 715 
853: 934 984 715 
854: 986 996 726 
855: 996 979 726 
856: 994 898 726 
857: 927 986 753 731 
858: 989 742 721 
859: 982 941 739 
860: 980 963 739 
861: 973 999 722 
862: 972 971 722 
863: 972 722 810 
864: 973 928 856 723 
865: 973 985 815 723 
866: 973 985 769 723 
867: 973 769 885 723 
868: 928 968 723 
869: 982 883 849 738 
870: 882 883 849 738 
871: 883 937 738 
872: 826 840 720 
873: 911 897 720 
874: 927 856 714 
875: 979 856 714 
876: 758 927 986 
877: 758 938 988 906 
878: 758 906 774 
879: 940 767 949 
880: 940 767 996 
881: 1000 767 807 837 
882: 1000 767 807 949 
883: 1000 767 949 987 
884: 767 807 837 990 
885: 767 807 949 990 
886: 767 949 987 990 
887: 976 761 945 
888: 761 998 952 980 
889: 761 945 980 
890: 761 952 891 803 
891: 761 952 980 803 
892: 761 980 848 803 
893: 762 912 745 
894: 762 912 764 854 
895: 762 786 764 
896: 879 747 800 
897: 989 977 751 
898: 871 751 906 
899: 751 862 906 
900: 973 745 985 
901: 826 989 970 742 
902: 989 936 742 
903: 989 970 977 742 
904: 989 970 742 991 821 
905: 970 977 953 742 
906: 970 953 742 991 821 
907: 742 991 931 821 
908: 988 953 760 991 
909: 988 760 884 
910: 988 760 902 
911: 988 760 861 
912: 979 953 760 
913: 979 760 861 
914: 949 990 752 
915: 954 957 752 
916: 857 756 980 
917: 857 756 773 
918: 998 900 756 
919: 998 756 980 
920: 756 980 999 961 
921: 756 999 961 773 
922: 992 909 945 766 
923: 992 909 766 932 
924: 909 766 885 
925: 990 766 932 
926: 990 766 895 
927: 912 763 764 
928: 911 749 897 
929: 934 920 749 
930: 934 749 897 
931: 983 997 749 
932: 992 950 757 932 
933: 992 941 757 932 
934: 901 950 757 
935: 950 891 757 
936: 942 980 750 
937: 952 980 750 803 
938: 980 750 831 
939: 993 910 759 
940: 912 759 854 
941: 910 759 854 
942: 966 779 753 
943: 912 945 764 
944: 916 764 854 
945: 910 764 854 
946: 928 765 981 
947: 814 765 981 
948: 992 964 743 
949: 992 808 743 
950: 954 964 743 
951: 935 966 743 
952: 935 808 743 
953: 994 963 768 
954: 985 984 768 
955: 976 943 754 824 
956: 795 999 754 
957: 999 943 754 
958: 959 801 744 
959: 889 801 744 
960: 922 944 746 
961: 995 889 755 
962: 972 957 755 
963: 970 957 755 
964: 1000 782 807 837 
965: 1000 782 807 965 
966: 1000 782 899 
967: 782 899 944 
968: 790 996 977 
969: 989 792 984 
970: 989 792 939 
971: 792 984 931 
972: 792 984 908 
973: 792 931 796 
974: 899 780 893 
975: 934 791 920 882 
976: 934 791 920 971 
977: 791 920 880 917 
978: 927 779 924 
979: 966 779 933 
980: 888 777 997 
981: 777 997 866 
982: 995 781 903 
983: 995 781 931 
984: 964 781 931 
985: 972 888 786 
986: 972 776 820 
987: 875 776 895 
988: 776 820 885 
989: 918 787 963 
990: 920 787 963 
991: 967 969 926 783 
992: 967 966 783 
993: 928 966 783 
994: 928 926 783 
995: 950 982 794 
996: 950 794 808 
997: 950 794 772 
998: 982 859 941 794 
999: 941 794 868 
1000: 862 771 943 
1001: 910 771 943 
1002: 771 999 943 
1003: 771 943 824 
1004: 989 936 784 
1005: 989 970 991 784 821 
1006: 989 970 784 961 
1007: 989 838 784 
1008: 936 784 785 
1009: 970 875 784 
1010: 970 945 784 
1011: 875 784 785 
1012: 991 784 785 821 
1013: 857 996 773 
1014: 996 945 773 
1015: 996 961 773 
1016: 987 985 793 
1017: 955 985 793 
1018: 955 894 793 
1019: 955 843 793 
1020: 919 985 793 
1021: 919 793 861 
1022: 987 957 772 
1023: 950 827 772 
1024: 950 851 772 
1025: 774 801 981 
1026: 976 991 785 
1027: 991 931 785 821 
1028: 973 853 769 
1029: 973 985 872 769 
1030: 973 999 769 885 
1031: 899 951 770 
1032: 972 824 789 
1033: 920 963 788 
1034: 886 994 963 788 
1035: 958 955 818 788 
1036: 958 945 788 
1037: 804 852 914 
1038: 804 852 942 
1039: 804 852 915 
1040: 804 914 910 
1041: 878 795 951 
1042: 935 795 812 
1043: 795 985 951 
1044: 905 798 825 
1045: 935 798 877 
1046: 909 913 799 
1047: 968 799 876 
1048: 989 970 894 797 
1049: 989 797 870 
1050: 964 833 931 797 
1051: 894 931 797 
1052: 997 802 813 
1053: 921 858 802 
1054: 952 980 999 803 
1055: 952 980 803 908 
1056: 980 999 848 803 
1057: 965 879 930 948 800 
1058: 967 969 805 
1059: 967 998 805 
1060: 904 936 805 
1061: 904 993 805 
1062: 993 809 805 
1063: 878 946 805 
1064: 998 946 805 
1065: 998 809 805 
1066: 938 871 960 906 796 
1067: 938 842 931 796 
1068: 938 842 960 796 
1069: 1000 807 949 965 
1070: 817 886 956 
1071: 817 968 844 
1072: 819 920 971 
1073: 819 920 814 
1074: 819 920 963 
1075: 819 920 885 
1076: 975 806 914 890 
1077: 957 806 939 974 
1078: 806 914 926 
1079: 806 900 890 
1080: 806 890 939 974 
1081: 905 916 822 974 
1082: 822 948 974 
1083: 896 814 981 
1084: 954 998 809 
1085: 993 809 939 
1086: 892 982 809 
1087: 998 991 809 
1088: 998 809 939 
1089: 991 809 846 
1090: 964 958 818 
1091: 964 931 818 
1092: 931 818 861 
1093: 992 950 808 
1094: 995 891 808 
1095: 950 891 808 
1096: 935 877 808 
1097: 894 943 808 
1098: 999 943 808 
1099: 972 986 957 820 
1100: 912 815 854 
1101: 989 970 926 821 
1102: 970 821 869 
1103: 876 844 813 864 
1104: 940 935 966 812 
1105: 940 935 877 812 
1106: 940 889 812 
1107: 935 902 812 
1108: 970 961 811 
1109: 986 935 816 
1110: 986 915 816 
1111: 867 930 816 
1112: 976 991 816 
1113: 976 961 816 
1114: 991 930 816 
1115: 972 888 810 
1116: 972 884 810 
1117: 1000 826 962 
1118: 826 852 914 
1119: 826 914 890 
1120: 878 827 910 
1121: 871 955 829 
1122: 871 829 850 
1123: 919 829 836 
1124: 913 829 836 
1125: 829 850 889 
1126: 829 889 836 
1127: 992 859 830 
1128: 962 838 825 
1129: 929 905 825 
1130: 929 838 825 948 
1131: 929 896 825 
1132: 929 825 848 
1133: 972 943 824 
1134: 839 922 823 
1135: 839 985 823 
1136: 922 978 823 
1137: 979 856 823 
1138: 979 863 823 
1139: 882 863 823 
1140: 1000 837 923 962 
1141: 837 962 859 
1142: 837 962 990 
1143: 839 922 930 
1144: 839 922 963 
1145: 839 904 930 
1146: 839 985 984 
1147: 839 930 948 
1148: 841 928 968 
1149: 841 968 876 933 
1150: 989 838 894 
1151: 838 921 858 
1152: 923 956 994 833 
1153: 867 994 832 
1154: 886 994 832 
1155: 954 945 831 
1156: 996 945 980 831 
1157: 956 994 898 831 
1158: 857 966 835 
1159: 857 953 835 
1160: 845 835 925 
1161: 855 954 921 835 
1162: 954 964 835 925 
1163: 954 921 858 835 925 
1164: 966 921 858 835 925 
1165: 953 921 835 925 
1166: 862 947 836 
1167: 947 889 836 
1168: 973 845 947 
1169: 845 902 925 
1170: 859 852 914 
1171: 852 942 868 
1172: 852 900 896 
1173: 847 913 885 
1174: 973 928 853 
1175: 928 853 991 
1176: 928 853 913 
1177: 928 853 981 
1178: 969 968 942 876 844 
1179: 928 968 844 
1180: 955 968 942 844 
1181: 955 968 844 908 
1182: 968 876 844 908 
1183: 968 876 844 864 
1184: 968 844 870 
1185: 995 850 889 
1186: 989 970 850 
1187: 938 871 960 850 
1188: 901 950 851 
1189: 936 915 849 
1190: 977 883 849 
1191: 915 883 849 
1192: 969 968 848 
1193: 996 977 848 
1194: 996 980 848 
1195: 955 968 848 
1196: 940 930 846 
1197: 867 930 846 
1198: 991 930 846 
1199: 923 912 854 
1200: 923 910 854 
1201: 857 996 977 
1202: 857 996 980 
1203: 857 977 953 
1204: 857 977 883 
1205: 857 966 874 
1206: 857 883 874 
1207: 855 954 974 
1208: 855 950 891 
1209: 855 990 963 
1210: 855 896 890 
1211: 855 896 921 
1212: 855 890 974 
1213: 992 982 859 941 
1214: 859 914 890 
1215: 973 856 999 
1216: 927 856 874 
1217: 936 957 856 
1218: 959 938 862 906 
1219: 959 862 947 863 
1220: 993 862 951 
1221: 993 862 906 
1222: 983 946 865 
1223: 983 997 865 
1224: 968 946 865 876 
1225: 968 865 876 933 
1226: 946 865 939 
1227: 997 865 939 
1228: 905 921 858 925 
1229: 902 921 858 925 
1230: 959 979 863 
1231: 972 888 864 
1232: 934 974 864 
1233: 996 961 864 
1234: 968 876 951 864 
1235: 961 981 864 
1236: 966 896 861 
1237: 867 956 994 
1238: 867 975 930 
1239: 959 938 871 960 906 
1240: 938 871 955 960 906 
1241: 938 871 903 960 906 
1242: 871 882 960 906 
1243: 911 990 897 869 
1244: 911 897 932 974 
1245: 934 897 974 
1246: 989 961 872 
1247: 959 979 906 872 
1248: 990 963 872 
1249: 965 985 870 
1250: 989 957 870 
1251: 989 991 870 
1252: 970 977 869 
1253: 996 917 869 
1254: 977 883 869 
1255: 941 998 868 
1256: 998 946 939 868 
1257: 956 994 997 866 
1258: 975 997 866 
1259: 975 951 866 
1260: 968 876 951 866 
1261: 878 946 951 
1262: 938 880 906 
1263: 970 953 880 961 
1264: 880 961 981 
1265: 904 993 874 
1266: 968 946 876 951 
1267: 968 876 951 908 
1268: 972 936 888 
1269: 972 888 988 
1270: 888 998 997 
1271: 923 886 956 994 997 
1272: 967 987 886 
1273: 967 969 886 
1274: 967 886 956 953 
1275: 987 886 994 997 898 
1276: 969 886 900 
1277: 886 956 994 953 898 
1278: 886 956 994 997 898 
1279: 886 956 994 963 898 
1280: 886 994 900 898 
1281: 987 934 882 
1282: 987 994 882 898 
1283: 956 994 882 898 
1284: 992 988 884 
1285: 995 975 884 
1286: 995 884 931 
1287: 972 988 884 
1288: 988 942 884 
1289: 958 926 884 
1290: 916 884 978 
1291: 995 883 937 
1292: 998 991 883 
1293: 923 976 890 
1294: 923 910 890 
1295: 976 975 890 
1296: 975 914 910 890 
1297: 914 890 937 
1298: 900 896 890 
1299: 915 890 974 
1300: 965 955 985 887 
1301: 955 887 908 
1302: 940 995 889 
1303: 972 988 881 
1304: 972 971 881 
1305: 904 988 881 
1306: 904 971 881 
1307: 928 991 881 
1308: 988 991 881 
1309: 909 913 885 
1310: 977 926 885 
1311: 995 893 951 
1312: 923 910 891 
1313: 979 953 891 
1314: 953 991 891 
1315: 929 896 908 
1316: 966 896 921 925 
1317: 953 896 921 925 
1318: 904 993 894 
1319: 987 985 898 
1320: 907 956 994 898 
1321: 956 994 902 898 
1322: 909 913 895 
1323: 944 978 895 
1324: 1000 899 949 962 
1325: 899 922 944 
1326: 899 922 981 
1327: 899 922 908 
1328: 899 944 984 
1329: 899 915 984 
1330: 899 984 908 
1331: 899 951 908 
1332: 901 950 982 
1333: 976 904 988 
1334: 904 977 971 
1335: 995 907 924 937 
1336: 967 907 977 
1337: 967 907 956 
1338: 934 907 971 
1339: 907 977 971 
1340: 905 983 930 
1341: 995 990 903 
1342: 992 998 900 
1343: 927 969 900 
1344: 938 988 902 
1345: 959 938 988 960 906 
1346: 959 938 979 960 906 
1347: 918 922 963 978 
1348: 992 909 945 913 
1349: 992 909 913 932 
1350: 992 909 917 
1351: 909 970 945 
1352: 909 971 913 
1353: 914 958 926 
1354: 914 958 937 
1355: 998 916 980 
1356: 944 916 978 
1357: 972 986 915 
1358: 972 936 915 
1359: 986 996 915 
1360: 996 915 984 
1361: 975 910 951 
1362: 986 996 917 
1363: 986 935 917 
1364: 929 948 908 
1365: 964 997 908 
1366: 955 997 908 
1367: 955 984 908 
1368: 998 997 908 
1369: 998 952 980 908 
1370: 997 937 908 
1371: 980 984 908 
1372: 1000 923 949 962 
1373: 923 988 998 
1374: 923 998 997 
1375: 922 969 944 978 
1376: 922 944 930 
1377: 922 944 963 978 
1378: 927 986 924 
1379: 928 926 981 
1380: 928 968 951 
1381: 967 989 977 926 
1382: 989 976 926 
1383: 989 970 977 926 
1384: 986 924 937 
1385: 958 924 937 
1386: 964 944 931 
1387: 944 984 931 
1388: 983 930 932 
1389: 944 930 948 
1390: 992 950 998 932 
1391: 992 941 998 932 
1392: 983 998 946 932 
1393: 934 971 974 
1394: 972 936 959 
1395: 972 936 957 
1396: 972 936 985 
1397: 987 936 957 
1398: 987 936 985 
1399: 989 936 957 
1400: 958 997 937 
1401: 940 996 984 
1402: 976 988 942 991 
1403: 969 942 991 
1404: 996 942 980 963 
1405: 989 970 957 939 
1406: 970 953 939 
1407: 998 997 939 
1408: 969 944 978 948 
1409: 964 944 978 
1410: 944 984 978 
1411: 993 946 951 
1412: 992 976 945 
1413: 970 977 945 
1414: 996 977 945 
1415: 1000 949 962 965 987 
1416: 949 962 987 990 
1417: 965 948 974 
1418: 995 954 975 
1419: 954 957 974 
1420: 992 967 950 998 
1421: 992 950 982 
1422: 958 955 997 
1423: 958 955 984 
1424: 955 985 984 
1425: 967 977 953 
1426: 996 952 980 963 
1427: 996 952 980 961 
1428: 952 980 999 961 
1429: 952 961 981 
1430: 995 975 951 
1431: 964 958 997 
1432: 972 959 988 
1433: 976 959 988 991 
1434: 965 996 963 
1435: 989 976 961 
1436: 965 987 985 
1437: 965 996 971 
1438: 965 971 974 
1439: 1000 967 987 
1440: 964 975 997 
1441: 972 986 985 
1442: 996 977 971 
1443: 989 976 991 
1444: 987 975 997 
1445: 996 980 984 
1446: 988 983 998 
1447: 983 998 997 
1448: 992 988 998 
