# The links from G:\Dropbox\Raghda\CNA\Final Project\other methods\CFinder-2.0.6--1448\G:\Dropbox\Raghda\CNA\Final Project\Datasets\binary_networks\LFR6\network_LFR6_Om5.dat
# at no lower link weight threshold,
# and at no upper link weight threshold.
# Links were treated as undirected.
# No time limit was set for the clique search.
# (mutual links and self-links were removed)

1 741
1 918
1 940
1 992
10 677
10 728
10 834
10 973
100 56
100 700
100 857
100 995
1000 109
1000 154
1000 155
1000 190
1000 207
1000 267
1000 301
1000 324
1000 330
1000 341
1000 356
1000 358
1000 393
1000 403
1000 431
1000 463
1000 475
1000 481
1000 502
1000 518
1000 526
1000 537
1000 587
1000 596
1000 6
1000 610
1000 614
1000 615
1000 665
1000 683
1000 693
1000 694
1000 704
1000 758
1000 767
1000 782
1000 807
1000 817
1000 826
1000 837
1000 839
1000 87
1000 899
1000 923
1000 949
1000 962
1000 965
1000 967
1000 972
1000 987
101 598
101 672
101 901
101 989
102 271
102 618
102 790
102 922
103 31
103 379
103 911
103 927
103 929
104 74
104 86
104 909
104 987
105 431
105 583
105 598
105 995
106 611
106 845
106 855
106 954
107 654
107 804
107 986
107 987
108 417
108 644
108 879
108 934
109 1000
109 60
109 748
109 973
11 615
11 867
11 950
11 976
110 591
110 761
110 792
110 904
111 133
111 689
111 909
111 987
112 439
112 682
112 936
112 959
113 254
113 557
113 762
113 780
114 127
114 841
114 938
114 949
115 650
115 791
115 819
115 920
116 596
116 969
116 970
116 993
117 410
117 717
117 871
117 928
118 209
118 621
118 907
118 911
118 993
119 485
119 685
119 718
119 892
12 747
12 888
12 912
12 996
120 241
120 344
120 705
120 911
120 970
121 282
121 594
121 878
121 905
122 360
122 707
122 964
122 982
123 247
123 859
123 934
123 977
124 719
124 780
124 935
124 966
125 521
125 778
125 965
125 973
126 724
126 886
126 956
126 994
127 114
127 244
127 795
127 975
128 779
128 867
128 909
128 969
129 713
129 888
129 957
129 988
13 288
13 727
13 983
13 990
130 330
130 806
130 893
130 987
131 491
131 780
131 798
131 935
132 570
132 602
132 852
132 923
133 111
133 914
133 958
133 962
134 706
134 926
134 955
134 979
135 581
135 777
135 892
135 979
136 702
136 941
136 968
136 973
137 587
137 767
137 807
137 838
138 702
138 856
138 957
138 998
139 430
139 619
139 751
139 877
14 679
14 953
14 977
14 994
140 194
140 728
140 838
140 919
141 839
141 875
141 922
141 944
142 223
142 360
142 368
142 982
143 792
143 946
143 983
143 997
144 328
144 488
144 566
144 781
145 747
145 862
145 907
145 993
146 210
146 842
146 892
146 965
147 786
147 916
147 918
147 924
148 781
148 903
148 929
148 942
149 537
149 893
149 929
149 957
15 519
15 822
15 847
15 929
150 590
150 745
150 900
150 946
151 647
151 67
151 879
151 922
152 819
152 882
152 9
152 920
153 62
153 742
153 965
153 983
154 1000
154 59
154 760
154 946
155 1000
155 416
155 900
155 971
156 384
156 649
156 734
156 995
157 432
157 752
157 827
157 893
158 555
158 760
158 915
158 976
159 262
159 663
159 712
159 910
16 756
16 942
16 945
16 952
160 165
160 60
160 700
160 716
161 826
161 853
161 973
161 985
162 671
162 748
162 991
162 996
163 37
163 776
163 89
163 907
164 544
164 787
164 877
164 940
165 160
165 884
165 901
165 970
166 766
166 909
166 913
166 975
167 414
167 694
167 782
167 865
168 555
168 891
168 942
168 991
169 225
169 572
169 922
169 944
17 256
17 457
17 972
17 985
170 173
170 598
170 829
170 922
171 783
171 883
171 907
171 922
172 201
172 804
172 896
172 998
173 170
173 666
173 828
173 890
174 208
174 919
174 977
174 997
175 737
175 833
175 982
175 995
176 717
176 952
176 971
176 996
177 675
177 929
177 976
177 980
178 763
178 819
178 880
178 920
179 799
179 912
179 923
179 945
18 552
18 909
18 941
18 950
180 546
180 794
180 827
180 941
181 433
181 678
181 725
181 902
182 603
182 733
182 879
182 965
183 749
183 767
183 807
183 940
184 762
184 874
184 935
184 995
185 624
185 757
185 763
185 909
186 763
186 941
186 950
186 998
187 636
187 894
187 967
187 973
188 454
188 771
188 937
188 984
189 732
189 784
189 971
189 999
19 298
19 476
19 674
19 70
190 1000
190 412
190 440
190 962
191 568
191 609
191 952
191 998
192 350
192 840
192 878
192 952
193 643
193 649
193 736
193 860
193 935
194 140
194 943
194 968
194 991
195 687
195 814
195 883
195 936
196 587
196 749
196 931
196 962
197 378
197 453
197 515
197 828
198 239
198 874
198 904
198 924
199 665
199 900
199 930
199 98
2 219
2 561
2 832
2 983
20 729
20 809
20 879
20 893
200 558
200 601
200 809
200 993
201 172
201 887
201 905
201 927
202 298
202 693
202 707
202 747
203 686
203 892
203 973
203 993
204 750
204 963
204 980
204 999
205 628
205 737
205 859
205 945
206 759
206 914
206 923
206 937
207 1000
207 752
207 949
207 962
208 174
208 670
208 896
208 966
209 118
209 593
209 960
209 975
21 818
21 888
21 912
21 941
210 146
210 830
210 876
210 917
211 589
211 622
211 756
211 914
212 760
212 806
212 909
212 989
213 292
213 540
213 957
213 978
214 782
214 921
214 961
214 993
215 867
215 903
215 927
215 977
216 844
216 876
216 933
216 968
217 887
217 940
217 96
217 985
218 647
218 702
218 843
218 933
219 2
219 398
219 828
219 983
22 757
22 822
22 947
22 993
220 756
220 761
220 773
220 980
221 523
221 529
221 916
221 993
222 757
222 947
222 968
222 995
223 142
223 458
223 850
223 931
224 472
224 860
224 933
224 945
224 951
225 169
225 41
225 978
225 985
226 889
226 901
226 934
226 945
227 398
227 750
227 825
227 989
228 635
228 897
228 911
228 990
229 54
229 934
229 946
229 957
23 487
23 736
23 828
23 832
230 735
230 880
230 916
230 993
231 705
231 889
231 947
231 992
232 730
232 860
232 873
232 942
232 979
233 85
233 859
233 952
233 977
234 353
234 727
234 930
234 983
235 776
235 797
235 804
235 980
236 533
236 830
236 904
236 988
237 808
237 855
237 938
237 941
238 476
238 728
238 793
238 919
239 198
239 272
239 484
239 762
24 698
24 845
24 901
24 994
240 507
240 851
240 897
240 911
241 120
241 663
241 858
241 960
242 779
242 900
242 924
242 986
243 753
243 778
243 903
243 927
244 127
244 510
244 614
244 802
245 541
245 563
245 772
245 939
246 317
246 54
246 920
246 982
247 123
247 315
247 498
247 950
248 657
248 943
248 947
248 999
249 426
249 911
249 916
249 950
249 978
25 491
25 741
25 874
25 983
250 513
250 600
250 820
250 971
251 630
251 734
251 935
251 946
252 740
252 906
252 962
252 995
253 580
253 844
253 876
253 968
254 113
254 485
254 685
254 712
255 727
255 877
255 902
255 970
256 17
256 354
256 457
256 995
257 402
257 664
257 843
257 933
258 53
258 842
258 929
258 948
259 774
259 871
259 931
259 938
26 487
26 937
26 949
26 989
260 724
260 898
260 956
260 994
261 52
261 542
261 888
261 976
262 159
262 764
262 776
262 922
263 620
263 748
263 986
263 996
264 425
264 834
264 898
264 919
265 463
265 596
265 872
265 873
265 972
266 449
266 583
266 887
266 984
267 1000
267 578
267 655
267 665
267 837
268 831
268 833
268 874
268 953
268 997
269 57
269 872
269 927
269 941
269 979
27 687
27 849
27 883
27 995
270 531
270 664
270 835
270 842
270 929
271 102
271 288
271 876
271 922
271 996
272 239
272 539
272 574
272 830
272 874
273 366
273 663
273 712
273 718
273 990
274 886
274 907
274 956
274 987
274 994
275 609
275 840
275 892
275 920
275 960
276 286
276 607
276 661
276 847
276 873
277 451
277 691
277 915
277 924
277 947
278 915
278 932
278 979
278 988
278 991
279 637
279 736
279 863
279 901
279 913
28 627
28 858
28 921
28 982
280 467
280 765
280 822
280 905
280 948
281 466
281 576
281 689
281 988
281 995
282 121
282 481
282 835
282 918
282 987
283 473
283 475
283 790
283 954
283 989
284 858
284 901
284 917
284 929
284 973
285 575
285 685
285 730
285 892
285 973
286 276
286 607
286 661
286 793
286 873
287 715
287 851
287 881
287 897
287 999
288 13
288 271
288 383
288 727
288 983
289 361
289 629
289 801
289 822
289 948
29 819
29 880
29 924
29 993
290 42
290 625
290 799
290 802
290 828
291 654
291 848
291 911
291 917
291 978
292 213
292 879
292 934
292 962
292 970
293 921
293 949
293 978
293 980
293 993
294 732
294 785
294 907
294 942
294 964
295 374
295 727
295 975
295 983
295 997
296 567
296 815
296 921
296 925
296 977
297 525
297 881
297 904
297 969
297 999
298 19
298 202
298 769
298 973
298 999
299 627
299 764
299 860
299 879
299 899
299 906
3 671
3 748
3 914
3 986
30 818
30 893
30 981
30 999
300 626
300 785
300 821
300 875
300 989
301 1000
301 736
301 889
301 952
301 962
302 569
302 625
302 815
302 921
302 953
303 712
303 818
303 893
303 903
303 938
304 335
304 428
304 778
304 779
304 781
305 313
305 807
305 979
305 983
305 989
306 482
306 536
306 842
306 943
306 976
307 474
307 830
307 843
307 966
307 996
308 372
308 813
308 828
308 841
308 870
309 726
309 957
309 981
309 985
309 987
31 103
31 759
31 857
31 965
310 316
310 348
310 817
310 858
310 966
311 846
311 901
311 927
311 941
311 977
312 479
312 50
312 711
312 971
312 996
313 305
313 870
313 877
313 932
313 960
314 389
314 887
314 940
314 984
314 985
315 247
315 595
315 643
315 678
315 853
316 310
316 34
316 765
316 892
316 989
317 246
317 630
317 981
317 996
317 999
318 349
318 708
318 873
318 910
318 961
318 986
319 48
319 867
319 942
319 943
319 973
32 476
32 743
32 906
32 999
320 542
320 840
320 871
320 883
320 967
321 656
321 879
321 892
321 941
321 981
322 750
322 803
322 882
322 944
322 952
323 618
323 756
323 852
323 929
323 993
324 1000
324 617
324 849
324 892
324 994
325 492
325 804
325 806
325 88
325 998
326 623
326 846
326 900
326 992
326 994
327 683
327 801
327 834
327 928
327 981
328 144
328 863
328 879
328 912
328 996
329 625
329 836
329 843
329 919
329 933
33 404
33 525
33 657
33 983
330 1000
330 130
330 830
330 919
330 982
331 574
331 636
331 832
331 907
331 967
332 500
332 769
332 792
332 801
332 834
333 501
333 773
333 794
333 882
333 908
334 492
334 683
334 854
334 982
334 988
335 304
335 653
335 876
335 974
335 989
336 513
336 698
336 808
336 902
336 935
337 510
337 780
337 951
337 957
337 987
338 831
338 860
338 862
338 873
338 913
338 949
339 378
339 702
339 887
339 965
339 985
34 316
34 820
34 870
34 89
340 351
340 731
340 760
340 783
340 887
341 1000
341 475
341 949
341 962
341 963
342 386
342 771
342 937
342 943
342 961
343 538
343 576
343 743
343 925
343 946
344 120
344 813
344 814
344 893
344 950
345 519
345 577
345 703
345 791
345 979
346 374
346 707
346 828
346 867
346 984
347 564
347 679
347 963
347 967
347 994
348 310
348 648
348 750
348 759
348 989
349 318
349 650
349 786
349 871
349 929
35 598
35 767
35 978
35 995
350 192
350 572
350 864
350 904
350 985
351 340
351 369
351 424
351 985
351 995
352 533
352 619
352 795
352 875
352 919
353 234
353 905
353 939
353 954
353 983
354 256
354 560
354 820
354 990
354 995
355 768
355 857
355 943
355 952
355 955
356 1000
356 390
356 459
356 550
356 902
357 922
357 937
357 944
357 958
357 978
358 1000
358 852
358 952
358 969
358 996
359 360
359 754
359 824
359 959
359 999
36 797
36 932
36 951
36 962
360 122
360 142
360 359
360 483
360 87
361 289
361 467
361 765
361 822
361 974
362 590
362 752
362 89
362 972
362 985
363 656
363 814
363 914
363 925
363 989
364 442
364 652
364 856
364 891
364 943
365 383
365 812
365 921
365 974
365 975
366 273
366 409
366 712
366 770
366 990
367 486
367 584
367 700
367 822
367 843
368 142
368 860
368 873
368 931
368 960
368 997
369 351
369 386
369 789
369 824
369 984
37 163
37 631
37 747
37 896
370 387
370 806
370 849
370 878
370 969
371 390
371 664
371 869
371 956
371 980
372 308
372 654
372 927
372 975
372 976
373 375
373 388
373 855
373 952
373 973
374 295
374 346
374 593
374 622
374 983
375 373
375 450
375 712
375 770
375 865
376 526
376 925
376 958
376 974
376 993
377 414
377 754
377 770
377 789
377 901
378 197
378 339
378 545
378 840
378 86
378 860
379 103
379 775
379 818
379 842
379 979
38 527
38 529
38 900
38 907
380 41
380 818
380 834
380 953
380 962
381 709
381 814
381 847
381 943
381 959
382 392
382 869
382 910
382 947
382 992
383 288
383 365
383 930
383 983
383 997
384 156
384 705
384 850
384 889
384 967
385 649
385 829
385 830
385 978
385 981
386 342
386 369
386 936
386 943
386 947
387 370
387 852
387 968
387 983
387 998
388 373
388 488
388 930
388 982
388 986
389 314
389 633
389 783
389 921
389 972
39 684
39 72
39 745
39 893
390 356
390 371
390 520
390 976
390 992
391 471
391 681
391 837
391 875
391 968
392 382
392 662
392 868
392 941
392 969
393 1000
393 881
393 973
393 983
393 984
394 777
394 794
394 828
394 868
394 958
395 633
395 726
395 736
395 873
395 959
396 727
396 861
396 877
396 879
396 907
397 788
397 836
397 843
397 968
397 987
398 219
398 227
398 698
398 869
398 973
399 814
399 916
399 944
399 948
399 969
4 606
4 717
4 948
4 973
40 491
40 812
40 851
40 935
400 600
400 623
400 825
400 918
400 929
401 402
401 555
401 799
401 942
401 959
402 257
402 401
402 869
402 949
402 979
403 1000
403 463
403 580
403 767
403 962
404 33
404 480
404 639
404 874
404 969
405 664
405 772
405 800
405 811
405 919
406 560
406 599
406 621
406 956
406 960
407 733
407 743
407 908
407 917
407 950
408 522
408 633
408 877
408 985
408 993
409 366
409 443
409 589
409 866
409 985
41 225
41 380
41 895
41 978
410 117
410 57
410 719
410 935
410 966
411 680
411 740
411 887
411 898
411 926
412 190
412 672
412 873
412 937
412 946
413 834
413 846
413 870
413 884
413 979
414 167
414 377
414 869
414 912
414 953
415 800
415 804
415 878
415 915
415 921
416 155
416 895
416 935
416 960
416 991
417 108
417 729
417 852
417 952
417 998
418 453
418 588
418 735
418 826
418 938
419 768
419 871
419 968
419 982
419 995
42 290
42 801
42 893
42 994
420 593
420 793
420 829
420 919
420 999
421 615
421 800
421 828
421 885
421 954
422 791
422 819
422 917
422 920
422 934
423 708
423 853
423 865
423 909
423 913
424 351
424 599
424 637
424 780
424 838
425 264
425 704
425 949
425 962
425 965
426 249
426 773
426 845
426 873
426 993
426 994
427 498
427 53
427 843
427 987
427 999
428 304
428 824
428 915
428 921
428 925
428 974
429 817
429 900
429 912
429 950
429 952
429 971
43 644
43 829
43 960
43 988
430 139
430 797
430 818
430 861
430 964
430 997
431 1000
431 105
431 834
431 917
431 972
431 988
432 157
432 558
432 633
432 798
432 827
432 977
433 181
433 533
433 724
433 775
433 852
433 964
434 594
434 880
434 937
434 954
434 977
434 998
435 562
435 643
435 673
435 945
435 969
435 975
436 702
436 828
436 881
436 886
436 931
436 980
437 447
437 502
437 565
437 621
437 790
437 984
438 594
438 639
438 731
438 778
438 867
438 927
439 112
439 682
439 686
439 936
439 959
439 976
44 778
44 872
44 953
44 989
440 190
440 470
440 502
440 515
440 949
440 962
441 514
441 762
441 848
441 850
441 854
441 912
442 364
442 536
442 724
442 943
442 947
442 976
443 409
443 469
443 572
443 584
443 740
443 981
444 579
444 724
444 800
444 93
444 970
444 983
445 543
445 667
445 704
445 846
445 934
445 994
446 451
446 597
446 7
446 816
446 947
446 996
447 437
447 633
447 744
447 790
447 80
447 977
448 490
448 653
448 832
448 860
448 870
448 901
449 266
449 887
449 902
449 917
449 965
449 984
45 557
45 728
45 798
45 967
450 375
450 630
450 721
450 811
450 814
450 917
451 277
451 446
451 5
451 690
451 83
451 986
452 698
452 719
452 877
452 902
452 935
452 996
453 197
453 418
453 552
453 833
453 931
453 964
454 188
454 46
454 818
454 862
454 947
454 976
455 748
455 844
455 876
455 928
455 942
455 955
456 521
456 590
456 611
456 675
456 950
456 992
457 17
457 256
457 464
457 895
457 95
457 985
458 223
458 574
458 651
458 834
458 919
458 963
459 356
459 682
459 739
459 959
459 975
459 976
46 454
46 585
46 653
46 943
460 641
460 722
460 746
460 810
460 881
460 930
461 775
461 823
461 886
461 979
461 982
461 983
462 671
462 748
462 81
462 971
462 986
462 996
463 1000
463 265
463 403
463 549
463 807
463 837
464 457
464 810
464 819
464 841
464 855
464 893
465 489
465 723
465 737
465 769
465 973
465 999
466 281
466 79
466 801
466 883
466 894
466 936
467 280
467 361
467 770
467 822
467 916
467 941
468 492
468 657
468 669
468 740
468 949
468 996
469 443
469 645
469 814
469 841
469 849
469 914
47 512
47 738
47 854
47 901
470 440
470 632
470 715
470 870
470 892
470 964
471 391
471 787
471 916
471 963
471 975
471 989
472 224
472 702
472 887
472 955
472 965
472 970
473 283
473 505
473 673
473 840
473 924
473 958
474 307
474 701
474 784
474 893
474 948
474 987
475 1000
475 283
475 341
475 587
475 76
475 782
476 19
476 238
476 32
476 664
476 955
476 985
477 773
477 893
477 899
477 951
477 959
477 997
478 645
478 655
478 894
478 910
478 951
478 993
479 312
479 608
479 72
479 736
479 841
479 961
48 319
48 965
48 995
48 999
480 404
480 717
480 937
480 948
480 970
480 981
481 1000
481 282
481 657
481 911
481 979
481 983
482 306
482 648
482 722
482 777
482 972
482 983
483 360
483 631
483 754
483 845
483 893
483 903
484 239
484 568
484 87
484 938
484 958
484 978
485 119
485 254
485 780
485 892
485 893
485 982
486 367
486 628
486 67
486 837
486 938
486 980
487 23
487 26
487 711
487 903
487 983
487 987
488 144
488 388
488 648
488 828
488 906
488 960
489 465
489 581
489 840
489 945
489 961
489 973
49 571
49 810
49 990
49 991
490 448
490 735
490 781
490 832
490 860
490 901
491 131
491 25
491 40
491 813
491 877
491 917
492 325
492 334
492 468
492 806
492 887
492 983
493 495
493 517
493 592
493 851
493 944
493 978
494 601
494 634
494 753
494 834
494 919
494 991
495 493
495 588
495 918
495 944
495 949
495 978
496 516
496 676
496 75
496 802
496 968
496 992
497 617
497 732
497 75
497 966
497 967
497 969
498 247
498 427
498 843
498 867
498 919
498 943
499 732
499 771
499 789
499 943
499 959
499 976
5 451
5 592
5 904
5 978
50 312
50 76
50 778
50 983
500 332
500 532
500 640
500 693
500 794
500 966
501 333
501 596
501 698
501 733
501 819
501 988
502 1000
502 437
502 440
502 866
502 949
502 962
503 659
503 806
503 844
503 876
503 955
503 968
504 574
504 647
504 723
504 888
504 958
504 966
505 473
505 554
505 840
505 924
505 958
505 987
506 593
506 795
506 843
506 861
506 985
506 999
507 240
507 524
507 670
507 897
507 911
507 974
508 546
508 613
508 886
508 898
508 956
508 994
509 877
509 891
509 894
509 956
509 982
509 990
51 519
51 857
51 890
51 997
510 244
510 337
510 727
510 947
510 957
510 990
511 806
511 863
511 940
511 991
511 992
511 994
512 47
512 640
512 755
512 762
512 912
512 916
513 250
513 336
513 812
513 910
513 935
513 940
514 441
514 707
514 881
514 887
514 929
514 936
515 197
515 440
515 776
515 777
515 843
515 861
515 987
516 496
516 656
516 843
516 919
516 974
516 975
516 990
517 493
517 538
517 595
517 908
517 944
517 953
517 978
518 1000
518 853
518 859
518 949
518 962
518 988
518 990
519 15
519 345
519 51
519 833
519 874
519 964
519 979
52 261
52 765
52 927
52 961
520 390
520 830
520 923
520 958
520 976
520 988
520 992
521 125
521 456
521 749
521 921
521 944
521 964
521 970
522 408
522 681
522 771
522 895
522 958
522 961
522 974
523 221
523 585
523 848
523 873
523 890
523 909
523 933
524 507
524 635
524 897
524 911
524 974
524 982
524 990
525 297
525 33
525 680
525 848
525 881
525 918
525 999
526 1000
526 376
526 730
526 807
526 822
526 993
526 997
527 38
527 636
527 651
527 691
527 948
527 973
527 985
528 530
528 547
528 661
528 938
528 975
528 976
528 997
529 221
529 38
529 716
529 861
529 939
529 946
529 993
53 258
53 427
53 608
53 990
530 528
530 692
530 825
530 846
530 868
530 952
530 967
531 270
531 760
531 826
531 955
531 958
531 973
531 999
532 500
532 57
532 835
532 860
532 914
532 920
532 921
533 236
533 352
533 433
533 968
533 978
533 987
533 999
534 545
534 590
534 720
534 738
534 791
534 879
534 967
535 59
535 678
535 918
535 969
535 984
535 993
535 994
536 306
536 442
536 789
536 824
536 897
536 94
536 999
537 1000
537 149
537 837
537 838
537 866
537 949
537 959
538 343
538 517
538 840
538 863
538 947
538 952
538 979
539 272
539 62
539 670
539 691
539 813
539 915
539 947
54 229
54 246
54 939
54 998
540 213
540 633
540 747
540 849
540 870
540 968
540 977
541 245
541 643
541 765
541 798
541 804
541 984
541 995
542 261
542 320
542 562
542 643
542 979
542 983
542 997
543 445
543 634
543 674
543 867
543 963
543 991
543 992
544 164
544 65
544 667
544 758
544 816
544 863
544 877
545 378
545 534
545 641
545 741
545 770
545 788
545 928
546 180
546 508
546 886
546 898
546 956
546 967
546 994
547 528
547 626
547 82
547 871
547 906
547 938
547 960
548 589
548 7
548 863
548 928
548 938
548 960
548 995
549 463
549 556
549 604
549 633
549 854
549 925
549 994
55 827
55 830
55 988
55 992
550 356
550 675
550 745
550 845
550 925
550 943
550 966
551 686
551 774
551 933
551 935
551 965
551 968
551 975
552 18
552 453
552 757
552 794
552 903
552 941
552 950
553 607
553 666
553 671
553 785
553 946
553 970
553 992
554 505
554 739
554 826
554 840
554 9
554 924
554 958
555 158
555 168
555 401
555 861
555 902
555 959
555 965
556 549
556 644
556 835
556 921
556 925
556 946
556 966
557 113
557 45
557 585
557 787
557 788
557 945
557 954
558 200
558 432
558 631
558 645
558 768
558 786
558 918
559 790
559 805
559 847
559 863
559 867
559 947
559 959
56 100
56 72
56 892
56 933
560 354
560 406
560 675
560 801
560 820
560 97
560 995
561 2
561 778
561 822
561 858
561 878
561 915
561 921
562 435
562 542
562 714
562 934
562 948
562 974
562 982
563 245
563 796
563 845
563 939
563 954
563 974
563 998
564 347
564 674
564 679
564 886
564 898
564 956
564 994
565 437
565 715
565 869
565 899
565 966
565 977
565 996
566 144
566 863
566 866
566 911
566 944
566 947
566 979
567 296
567 67
567 773
567 830
567 920
567 923
567 982
568 191
568 484
568 628
568 697
568 772
568 889
568 933
569 302
569 856
569 874
569 962
569 964
569 971
569 977
57 269
57 410
57 532
57 584
570 132
570 588
570 612
570 685
570 796
570 820
570 960
571 49
571 759
571 795
571 936
571 984
571 990
571 995
572 169
572 350
572 443
572 658
572 741
572 850
572 994
573 609
573 705
573 889
573 940
573 967
573 992
573 998
574 272
574 331
574 458
574 504
574 671
574 846
574 973
575 285
575 627
575 659
575 751
575 792
575 827
575 907
576 281
576 343
576 671
576 757
576 835
576 976
576 986
577 345
577 703
577 847
577 856
577 874
577 924
577 964
578 267
578 591
578 635
578 897
578 911
578 932
578 990
579 444
579 723
579 872
579 928
579 973
579 988
579 999
58 914
58 915
58 957
58 998
580 253
580 403
580 791
580 952
580 954
580 959
580 960
581 135
581 489
581 819
581 889
581 973
581 975
581 999
582 601
582 656
582 716
582 875
582 894
582 939
582 993
583 105
583 266
583 820
583 865
583 914
583 954
583 957
584 367
584 443
584 57
584 715
584 968
584 971
584 981
585 46
585 523
585 557
585 629
585 879
585 881
585 929
586 786
586 802
586 888
586 955
586 956
586 992
586 997
587 1000
587 137
587 196
587 475
587 704
587 749
587 782
588 418
588 495
588 570
588 672
588 895
588 899
588 978
589 211
589 409
589 548
589 611
589 854
589 891
589 907
59 154
59 535
59 905
59 957
590 150
590 362
590 456
590 534
590 720
590 933
590 987
591 110
591 578
591 635
591 897
591 911
591 974
591 990
592 493
592 5
592 672
592 839
592 855
592 944
592 963
592 969
593 209
593 374
593 420
593 506
593 651
593 728
593 919
593 955
594 121
594 434
594 438
594 714
594 731
594 779
594 927
594 986
595 315
595 517
595 631
595 725
595 834
595 897
595 952
595 980
596 1000
596 116
596 265
596 501
596 746
596 80
596 960
596 983
597 446
597 713
597 753
597 836
597 920
597 972
597 981
597 986
598 101
598 105
598 170
598 35
598 659
598 711
598 810
598 964
599 406
599 424
599 617
599 637
599 651
599 740
599 984
599 990
6 1000
6 615
6 807
6 962
60 109
60 160
60 772
60 850
600 250
600 400
600 658
600 825
600 827
600 905
600 908
600 981
601 200
601 494
601 582
601 716
601 918
601 951
601 987
601 993
602 132
602 654
602 820
602 878
602 914
602 920
602 935
602 966
603 182
603 733
603 800
603 930
603 948
603 954
603 961
603 965
604 549
604 626
604 862
604 871
604 882
604 938
604 960
604 979
605 628
605 719
605 880
605 881
605 924
605 935
605 988
605 989
606 4
606 681
606 797
606 884
606 916
606 926
606 971
606 981
607 276
607 286
607 553
607 661
607 710
607 720
607 851
607 873
608 479
608 53
608 781
608 888
608 892
608 897
608 993
608 999
609 191
609 275
609 573
609 863
609 867
609 899
609 929
609 944
61 689
61 730
61 775
61 980
610 1000
610 674
610 744
610 808
610 875
610 878
610 946
610 960
611 106
611 456
611 589
611 624
611 845
611 855
611 881
611 954
612 570
612 652
612 787
612 800
612 818
612 838
612 952
612 997
613 508
613 694
613 828
613 851
613 858
613 926
613 961
613 962
614 1000
614 244
614 652
614 812
614 851
614 864
614 932
614 978
615 1000
615 11
615 421
615 6
615 903
615 913
615 988
615 990
616 796
616 807
616 811
616 850
616 938
616 955
616 960
616 979
617 324
617 497
617 599
617 738
617 970
617 978
617 984
617 994
618 102
618 323
618 877
618 899
618 912
618 951
618 974
618 993
619 139
619 352
619 729
619 759
619 769
619 910
619 954
619 973
62 153
62 539
62 943
62 978
620 263
620 641
620 744
620 831
620 860
620 885
620 969
620 996
621 118
621 406
621 437
621 715
621 752
621 790
621 984
621 996
622 211
622 374
622 746
622 905
622 932
622 939
622 946
622 983
623 326
623 400
623 666
623 898
623 927
623 945
623 992
623 996
624 185
624 611
624 677
624 682
624 842
624 878
624 927
624 976
625 290
625 302
625 329
625 680
625 821
625 925
625 980
625 999
626 300
626 547
626 604
626 70
626 796
626 816
626 872
626 979
627 28
627 299
627 575
627 829
627 919
627 921
627 960
627 986
628 205
628 486
628 568
628 605
628 707
628 814
628 936
628 980
629 289
629 585
629 802
629 894
629 895
629 903
629 956
629 958
63 662
63 695
63 851
63 941
630 251
630 317
630 450
630 647
630 704
630 885
630 981
630 996
631 37
631 483
631 558
631 595
631 676
631 684
631 716
631 849
632 470
632 669
632 803
632 903
632 926
632 939
632 948
632 986
633 389
633 395
633 408
633 432
633 447
633 540
633 549
633 967
634 494
634 543
634 667
634 796
634 845
634 911
634 937
634 996
635 228
635 524
635 578
635 591
635 897
635 911
635 956
635 974
636 187
636 331
636 527
636 66
636 827
636 951
636 967
636 977
637 279
637 424
637 599
637 657
637 775
637 894
637 934
637 997
638 775
638 836
638 874
638 894
638 929
638 939
638 954
638 989
639 404
639 438
639 706
639 731
639 779
639 836
639 856
639 900
639 969
64 755
64 857
64 944
64 950
640 500
640 512
640 647
640 786
640 854
640 910
640 912
640 92
640 982
641 460
641 545
641 620
641 722
641 775
641 848
641 942
641 972
641 991
642 674
642 768
642 851
642 866
642 934
642 953
642 981
642 990
642 995
643 193
643 315
643 435
643 541
643 542
643 833
643 884
643 891
643 931
644 108
644 43
644 556
644 846
644 925
644 960
644 967
644 970
644 991
645 469
645 478
645 558
645 652
645 816
645 824
645 893
645 911
645 951
646 666
646 748
646 811
646 884
646 890
646 912
646 937
646 939
646 988
647 151
647 218
647 504
647 630
647 640
647 783
647 912
647 985
647 988
648 348
648 482
648 488
648 729
648 815
648 914
648 942
648 958
648 975
649 156
649 193
649 385
649 722
649 833
649 853
649 889
649 998
649 999
65 544
65 800
65 879
65 961
650 115
650 349
650 758
650 759
650 819
650 885
650 917
650 918
650 971
651 458
651 527
651 593
651 599
651 796
651 947
651 960
651 968
651 983
652 364
652 612
652 614
652 645
652 732
652 771
652 789
652 847
652 943
653 335
653 448
653 46
653 683
653 719
653 817
653 844
653 964
653 986
654 107
654 291
654 372
654 602
654 71
654 78
654 878
654 910
654 951
655 267
655 478
655 750
655 862
655 9
655 94
655 947
655 962
655 980
656 321
656 363
656 516
656 582
656 681
656 703
656 811
656 923
656 981
657 248
657 33
657 468
657 481
657 637
657 79
657 823
657 903
657 990
658 572
658 600
658 785
658 811
658 929
658 946
658 960
658 964
658 967
659 503
659 575
659 598
659 832
659 840
659 954
659 964
659 975
659 999
66 636
66 803
66 939
66 978
660 738
660 850
660 883
660 904
660 924
660 936
660 977
660 982
660 995
661 276
661 286
661 528
661 607
661 711
661 726
661 752
661 873
661 895
662 392
662 63
662 695
662 720
662 832
662 851
662 941
662 950
662 967
663 159
663 241
663 273
663 712
663 749
663 895
663 903
663 926
663 958
664 257
664 270
664 371
664 405
664 476
664 822
664 933
664 987
664 999
665 1000
665 199
665 267
665 810
665 846
665 917
665 945
665 970
665 986
666 173
666 553
666 623
666 646
666 671
666 748
666 875
666 986
666 996
667 445
667 544
667 634
667 906
667 918
667 981
667 99
667 993
667 998
668 709
668 854
668 887
668 907
668 956
668 974
668 979
668 980
668 998
669 468
669 632
669 839
669 865
669 899
669 944
669 964
669 969
669 972
67 151
67 486
67 567
67 948
670 208
670 507
670 539
670 701
670 810
670 878
670 913
670 961
670 986
671 162
671 3
671 462
671 553
671 574
671 576
671 666
671 711
671 748
672 101
672 412
672 588
672 592
672 799
672 904
672 931
672 958
672 978
673 435
673 473
673 734
673 787
673 803
673 840
673 864
673 889
673 956
673 972
674 19
674 543
674 564
674 610
674 642
674 799
674 873
674 898
674 948
674 972
675 177
675 456
675 550
675 560
675 76
675 820
675 869
675 885
675 917
675 993
676 496
676 631
676 681
676 859
676 890
676 916
676 970
676 974
676 989
676 994
677 10
677 624
677 714
677 731
677 753
677 778
677 779
677 831
677 927
677 969
678 181
678 315
678 535
678 700
678 703
678 722
678 739
678 763
678 872
678 877
679 14
679 347
679 564
679 724
679 846
679 886
679 902
679 956
679 994
679 997
68 717
68 730
68 774
68 928
680 411
680 525
680 625
680 699
680 720
680 722
680 823
680 881
680 971
680 991
681 391
681 522
681 606
681 656
681 676
681 752
681 774
681 884
681 916
681 917
682 112
682 439
682 459
682 624
682 74
682 816
682 904
682 959
682 975
682 986
683 1000
683 327
683 334
683 653
683 700
683 834
683 949
683 964
683 979
683 990
684 39
684 631
684 711
684 770
684 780
684 810
684 852
684 875
684 893
684 951
685 119
685 254
685 285
685 570
685 691
685 725
685 847
685 892
685 905
685 982
686 203
686 439
686 551
686 814
686 845
686 896
686 930
686 936
686 959
686 976
687 195
687 27
687 709
687 738
687 823
687 849
687 883
687 988
687 989
687 995
688 733
688 761
688 791
688 858
688 879
688 882
688 925
688 930
688 939
688 958
689 111
689 281
689 61
689 703
689 738
689 849
689 859
689 869
689 915
689 937
69 830
69 861
69 87
69 911
69 978
690 451
690 765
690 813
690 878
690 901
690 934
690 943
690 952
690 980
690 982
691 277
691 527
691 539
691 685
691 708
691 781
691 892
691 946
691 993
691 994
692 530
692 818
692 841
692 842
692 872
692 923
692 925
692 947
692 949
692 963
693 1000
693 202
693 500
693 712
693 784
693 821
693 857
693 885
693 962
693 990
694 1000
694 167
694 613
694 782
694 807
694 826
694 859
694 868
694 943
694 949
695 63
695 662
695 737
695 794
695 817
695 852
695 891
695 941
695 950
695 998
696 772
696 777
696 790
696 866
696 888
696 895
696 936
696 988
696 991
696 998
697 568
697 711
697 748
697 751
697 819
697 837
697 853
697 873
697 905
697 963
698 24
698 336
698 398
698 452
698 501
698 812
698 877
698 901
698 935
698 986
699 680
699 827
699 836
699 849
699 874
699 888
699 913
699 924
699 942
699 971
7 446
7 548
7 712
7 834
70 19
70 626
70 950
70 969
700 100
700 160
700 367
700 678
700 683
700 701
700 832
700 855
700 872
700 963
701 474
701 670
701 700
701 706
701 946
701 947
701 952
701 955
701 963
701 998
702 136
702 138
702 218
702 339
702 436
702 472
702 847
702 888
702 964
702 997
703 345
703 577
703 656
703 678
703 689
703 823
703 863
703 978
703 984
703 988
704 1000
704 425
704 445
704 587
704 630
704 837
704 940
704 949
704 962
704 987
705 120
705 231
705 384
705 573
705 734
705 829
705 884
705 933
705 992
705 995
706 134
706 639
706 701
706 714
706 721
706 744
706 801
706 811
706 845
706 924
707 122
707 202
707 346
707 514
707 628
707 746
707 829
707 841
707 891
707 982
708 318
708 423
708 691
708 726
708 766
708 79
708 895
708 909
708 917
708 971
709 381
709 668
709 687
709 863
709 922
709 944
709 965
709 982
709 988
709 992
71 654
71 968
71 979
71 980
710 607
710 762
710 803
710 896
710 922
710 923
710 927
710 933
710 980
710 984
711 312
711 487
711 598
711 661
711 671
711 684
711 697
711 729
711 873
711 893
711 986
712 159
712 254
712 273
712 303
712 366
712 375
712 663
712 693
712 7
712 865
712 926
713 129
713 597
713 853
713 866
713 934
713 936
713 972
713 988
713 991
713 997
713 998
714 562
714 594
714 677
714 706
714 755
714 82
714 856
714 903
714 927
714 979
714 986
715 287
715 470
715 565
715 584
715 621
715 790
715 80
715 859
715 934
715 984
715 996
716 160
716 529
716 582
716 601
716 631
716 805
716 811
716 910
716 937
716 946
716 993
717 117
717 176
717 4
717 480
717 68
717 783
717 793
717 836
717 885
717 909
717 974
718 119
718 273
718 789
718 847
718 864
718 892
718 912
718 913
718 932
718 945
718 954
719 124
719 410
719 452
719 605
719 653
719 812
719 877
719 935
719 966
719 980
719 986
72 39
72 479
72 56
72 973
720 534
720 590
720 607
720 662
720 680
720 746
720 826
720 840
720 873
720 897
720 911
721 450
721 706
721 742
721 820
721 879
721 887
721 937
721 941
721 950
721 959
721 989
722 460
722 482
722 641
722 649
722 678
722 680
722 810
722 971
722 972
722 973
722 999
723 465
723 504
723 579
723 769
723 815
723 856
723 885
723 928
723 968
723 973
723 985
724 126
724 260
724 433
724 442
724 444
724 679
724 737
724 751
724 900
724 956
724 994
725 181
725 595
725 685
725 756
725 868
725 887
725 888
725 892
725 900
725 902
725 952
726 309
726 395
726 661
726 708
726 873
726 898
726 934
726 979
726 986
726 994
726 996
727 13
727 234
727 255
727 288
727 295
727 396
727 510
727 932
727 946
727 983
727 997
728 10
728 140
728 238
728 45
728 593
728 763
728 793
728 894
728 915
728 985
728 999
729 20
729 417
729 619
729 648
729 711
729 804
729 890
729 900
729 939
729 974
729 998
73 882
73 941
73 982
73 998
730 232
730 285
730 526
730 61
730 68
730 746
730 926
730 928
730 951
730 966
730 967
731 340
731 438
731 594
731 639
731 677
731 753
731 778
731 927
731 933
731 986
731 991
732 189
732 294
732 497
732 499
732 652
732 838
732 946
732 950
732 969
732 972
732 985
733 182
733 407
733 501
733 603
733 688
733 800
733 879
733 948
733 961
733 965
733 987
734 156
734 251
734 673
734 705
734 741
734 808
734 889
734 947
734 967
734 992
734 995
735 230
735 418
735 490
735 78
735 860
735 878
735 952
735 976
735 980
735 987
735 989
736 193
736 23
736 279
736 301
736 395
736 479
736 828
736 857
736 864
736 981
736 996
737 175
737 205
737 465
737 695
737 724
737 754
737 769
737 832
737 943
737 954
737 994
738 47
738 534
738 617
738 660
738 687
738 689
738 849
738 882
738 883
738 937
738 982
739 459
739 554
739 678
739 824
739 904
739 939
739 941
739 963
739 980
739 982
739 983
74 104
74 682
74 834
74 938
740 252
740 411
740 443
740 468
740 599
740 775
740 92
740 975
740 981
740 995
740 997
741 1
741 25
741 545
741 572
741 734
741 751
741 765
741 824
741 880
741 971
741 978
741 993
742 153
742 721
742 821
742 826
742 908
742 931
742 936
742 953
742 970
742 977
742 989
742 991
743 32
743 343
743 407
743 808
743 813
743 887
743 935
743 952
743 954
743 964
743 966
743 992
744 447
744 610
744 620
744 706
744 771
744 801
744 809
744 830
744 889
744 923
744 927
744 959
745 150
745 39
745 550
745 753
745 762
745 830
745 899
745 912
745 933
745 967
745 973
745 985
746 460
746 596
746 622
746 707
746 720
746 730
746 783
746 881
746 919
746 922
746 944
746 983
747 12
747 145
747 202
747 37
747 540
747 768
747 783
747 800
747 851
747 879
747 880
747 918
748 109
748 162
748 263
748 3
748 455
748 462
748 646
748 666
748 671
748 697
748 986
748 996
749 183
749 196
749 521
749 587
749 663
749 897
749 911
749 920
749 934
749 983
749 986
749 997
75 496
75 497
75 966
75 969
750 204
750 227
750 322
750 348
750 655
750 773
750 787
750 803
750 831
750 942
750 952
750 980
751 139
751 575
751 697
751 724
751 741
751 862
751 871
751 906
751 940
751 977
751 989
751 994
752 157
752 207
752 362
752 621
752 661
752 681
752 790
752 873
752 949
752 954
752 957
752 990
753 243
753 494
753 597
753 677
753 731
753 745
753 778
753 779
753 927
753 945
753 966
753 986
754 359
754 377
754 483
754 737
754 795
754 824
754 891
754 943
754 974
754 976
754 984
754 999
755 512
755 64
755 714
755 779
755 847
755 854
755 889
755 957
755 97
755 970
755 972
755 995
756 16
756 211
756 220
756 323
756 725
756 773
756 857
756 900
756 961
756 980
756 998
756 999
757 185
757 22
757 222
757 552
757 576
757 891
757 901
757 903
757 932
757 941
757 950
757 992
758 1000
758 544
758 650
758 774
758 868
758 906
758 920
758 927
758 938
758 977
758 986
758 988
759 206
759 31
759 348
759 571
759 619
759 650
759 854
759 910
759 912
759 920
759 961
759 993
76 475
76 50
76 675
76 981
760 154
760 158
760 212
760 340
760 531
760 861
760 884
760 902
760 953
760 979
760 988
760 991
761 110
761 220
761 688
761 803
761 848
761 872
761 891
761 945
761 952
761 976
761 980
761 998
762 113
762 184
762 239
762 441
762 512
762 710
762 745
762 764
762 775
762 786
762 854
762 912
763 178
763 185
763 186
763 678
763 728
763 764
763 843
763 869
763 912
763 919
763 971
763 989
764 262
764 299
764 762
764 763
764 786
764 854
764 901
764 910
764 912
764 916
764 924
764 945
765 280
765 316
765 361
765 52
765 541
765 690
765 741
765 814
765 928
765 945
765 964
765 981
766 166
766 708
766 792
766 853
766 885
766 895
766 909
766 932
766 945
766 971
766 990
766 992
767 1000
767 137
767 183
767 35
767 403
767 807
767 837
767 940
767 949
767 987
767 990
767 996
768 355
768 419
768 558
768 642
768 747
768 778
768 868
768 957
768 963
768 984
768 985
768 994
769 298
769 332
769 465
769 619
769 723
769 737
769 853
769 872
769 885
769 932
769 973
769 985
769 999
77 860
77 870
77 875
77 982
770 366
770 375
770 377
770 467
770 545
770 684
770 881
770 892
770 899
770 918
770 943
770 951
770 974
771 188
771 342
771 499
771 522
771 652
771 744
771 824
771 862
771 910
771 932
771 937
771 943
771 999
772 245
772 405
772 568
772 60
772 696
772 794
772 827
772 843
772 851
772 947
772 950
772 957
772 987
773 220
773 333
773 426
773 477
773 567
773 750
773 756
773 857
773 891
773 945
773 961
773 996
773 999
774 259
774 551
774 68
774 681
774 758
774 801
774 906
774 91
774 93
774 942
774 946
774 970
774 981
775 379
775 433
775 461
775 61
775 637
775 638
775 641
775 740
775 762
775 864
775 936
775 990
775 997
776 163
776 235
776 262
776 515
776 8
776 820
776 842
776 875
776 885
776 895
776 896
776 961
776 972
777 135
777 394
777 482
777 515
777 696
777 779
777 805
777 866
777 888
777 934
777 988
777 991
777 997
778 125
778 243
778 304
778 438
778 44
778 50
778 561
778 677
778 731
778 753
778 768
778 927
778 969
779 128
779 242
779 304
779 594
779 639
779 677
779 753
779 755
779 777
779 924
779 927
779 933
779 966
78 654
78 735
78 878
78 951
780 113
780 124
780 131
780 337
780 424
780 485
780 684
780 828
780 849
780 892
780 893
780 899
780 926
781 144
781 148
781 304
781 490
781 608
781 691
781 860
781 862
781 903
781 931
781 964
781 977
781 995
782 1000
782 167
782 214
782 475
782 587
782 694
782 807
782 837
782 868
782 899
782 926
782 944
782 965
783 171
783 340
783 389
783 647
783 717
783 746
783 747
783 926
783 928
783 957
783 966
783 967
783 969
784 189
784 474
784 693
784 785
784 821
784 838
784 875
784 936
784 945
784 961
784 970
784 989
784 991
785 294
785 300
785 553
785 658
785 784
785 821
785 831
785 850
785 875
785 931
785 936
785 976
785 991
786 147
786 349
786 558
786 586
786 640
786 762
786 764
786 8
786 846
786 888
786 933
786 972
786 993
787 164
787 471
787 557
787 612
787 673
787 750
787 869
787 918
787 920
787 940
787 954
787 963
787 982
788 397
788 545
788 557
788 818
788 881
788 886
788 920
788 945
788 955
788 958
788 963
788 994
788 999
789 369
789 377
789 499
789 536
789 652
789 718
789 824
789 833
789 894
789 949
789 951
789 972
789 984
79 466
79 657
79 708
79 968
790 102
790 283
790 437
790 447
790 559
790 621
790 696
790 715
790 752
790 859
790 934
790 977
790 996
791 115
791 345
791 422
791 534
791 580
791 688
791 880
791 882
791 917
791 920
791 934
791 939
791 971
792 110
792 143
792 332
792 575
792 766
792 796
792 908
792 913
792 931
792 939
792 983
792 984
792 989
793 238
793 286
793 420
793 717
793 728
793 843
793 861
793 894
793 919
793 933
793 955
793 985
793 987
794 180
794 333
794 394
794 500
794 552
794 695
794 772
794 808
794 859
794 868
794 941
794 950
794 982
795 127
795 352
795 506
795 571
795 754
795 804
795 812
795 878
795 92
795 935
795 945
795 951
795 985
795 999
796 563
796 570
796 616
796 626
796 634
796 651
796 792
796 816
796 842
796 871
796 906
796 931
796 938
796 960
797 235
797 36
797 430
797 606
797 833
797 849
797 870
797 894
797 895
797 931
797 964
797 970
797 986
797 989
798 131
798 432
798 45
798 541
798 805
798 825
798 872
798 877
798 905
798 935
798 947
798 951
798 984
798 992
799 179
799 290
799 401
799 672
799 674
799 827
799 842
799 876
799 909
799 912
799 913
799 968
799 972
799 997
8 776
8 786
8 953
8 961
80 447
80 596
80 715
80 984
800 405
800 415
800 421
800 444
800 603
800 612
800 65
800 733
800 747
800 879
800 930
800 948
800 961
800 965
801 289
801 327
801 332
801 42
801 466
801 560
801 706
801 744
801 774
801 822
801 834
801 889
801 959
801 981
802 244
802 290
802 496
802 586
802 629
802 810
802 813
802 858
802 894
802 921
802 948
802 963
802 971
802 997
803 322
803 632
803 66
803 673
803 710
803 750
803 761
803 848
803 891
803 897
803 908
803 952
803 980
803 999
804 107
804 172
804 235
804 325
804 415
804 541
804 729
804 795
804 852
804 910
804 914
804 915
804 942
804 998
805 559
805 716
805 777
805 798
805 809
805 863
805 878
805 904
805 936
805 946
805 967
805 969
805 993
805 998
806 130
806 212
806 325
806 370
806 492
806 503
806 511
806 890
806 900
806 914
806 926
806 939
806 957
806 974
806 975
807 1000
807 137
807 183
807 305
807 463
807 526
807 6
807 616
807 694
807 767
807 782
807 837
807 949
807 965
807 990
808 237
808 336
808 610
808 734
808 743
808 794
808 877
808 891
808 894
808 935
808 943
808 950
808 992
808 995
808 999
809 20
809 200
809 744
809 805
809 833
809 846
809 875
809 892
809 926
809 939
809 954
809 982
809 991
809 993
809 998
81 462
81 881
81 938
81 940
810 460
810 464
810 49
810 598
810 665
810 670
810 684
810 722
810 802
810 841
810 884
810 888
810 893
810 895
810 972
811 405
811 450
811 616
811 646
811 656
811 658
811 706
811 716
811 834
811 91
811 919
811 956
811 961
811 966
811 970
812 365
812 40
812 513
812 614
812 698
812 719
812 795
812 877
812 889
812 901
812 902
812 935
812 940
812 966
812 993
813 308
813 344
813 491
813 539
813 690
813 743
813 802
813 844
813 864
813 876
813 877
813 915
813 924
813 977
813 997
814 195
814 344
814 363
814 381
814 399
814 450
814 469
814 628
814 686
814 765
814 819
814 896
814 920
814 979
814 981
815 296
815 302
815 648
815 723
815 848
815 851
815 852
815 854
815 903
815 912
815 925
815 933
815 957
815 973
815 985
816 446
816 544
816 626
816 645
816 682
816 796
816 867
816 915
816 930
816 935
816 955
816 961
816 976
816 986
816 991
817 1000
817 310
817 429
817 653
817 695
817 844
817 845
817 858
817 877
817 886
817 941
817 950
817 956
817 966
817 968
818 21
818 30
818 303
818 379
818 380
818 430
818 454
818 612
818 692
818 788
818 861
818 931
818 955
818 958
818 964
819 115
819 152
819 178
819 29
819 422
819 464
819 501
819 581
819 650
819 697
819 814
819 885
819 920
819 963
819 971
82 547
82 714
82 958
82 984
820 250
820 34
820 354
820 560
820 570
820 583
820 602
820 675
820 721
820 776
820 827
820 885
820 957
820 972
820 986
821 300
821 625
821 693
821 742
821 784
821 785
821 869
821 903
821 926
821 931
821 953
821 955
821 970
821 989
821 991
822 15
822 22
822 280
822 289
822 361
822 367
822 467
822 526
822 561
822 664
822 801
822 905
822 916
822 948
822 974
823 461
823 657
823 680
823 687
823 703
823 839
823 845
823 856
823 863
823 882
823 922
823 926
823 978
823 979
823 982
823 985
824 359
824 369
824 428
824 536
824 645
824 739
824 741
824 754
824 771
824 789
824 913
824 917
824 943
824 947
824 972
824 976
825 227
825 400
825 530
825 600
825 798
825 827
825 838
825 84
825 848
825 880
825 896
825 905
825 918
825 929
825 948
825 962
826 1000
826 161
826 418
826 531
826 554
826 694
826 720
826 742
826 840
826 852
826 890
826 914
826 933
826 962
826 970
826 989
827 157
827 180
827 432
827 55
827 575
827 600
827 636
827 699
827 772
827 799
827 820
827 825
827 878
827 910
827 941
827 950
828 173
828 197
828 219
828 23
828 290
828 308
828 346
828 394
828 421
828 436
828 488
828 613
828 736
828 780
828 870
828 971
829 170
829 385
829 420
829 43
829 627
829 705
829 707
829 836
829 850
829 871
829 889
829 913
829 919
829 955
829 974
829 975
83 451
83 901
83 924
83 986
830 210
830 236
830 272
830 307
830 330
830 385
830 520
830 55
830 567
830 69
830 744
830 745
830 859
830 976
830 992
830 993
831 268
831 338
831 620
831 677
831 750
831 785
831 891
831 898
831 937
831 945
831 954
831 956
831 980
831 982
831 989
831 994
831 996
832 2
832 23
832 331
832 448
832 490
832 659
832 662
832 700
832 737
832 857
832 860
832 867
832 886
832 941
832 950
832 981
832 994
833 175
833 268
833 453
833 519
833 643
833 649
833 789
833 797
833 809
833 847
833 923
833 931
833 943
833 956
833 957
833 964
833 994
834 10
834 264
834 327
834 332
834 380
834 413
834 431
834 458
834 494
834 595
834 683
834 7
834 74
834 801
834 811
834 928
834 981
835 270
835 282
835 532
835 556
835 576
835 845
835 855
835 857
835 858
835 871
835 921
835 925
835 953
835 954
835 96
835 964
835 966
836 329
836 397
836 597
836 638
836 639
836 699
836 717
836 829
836 862
836 889
836 913
836 917
836 919
836 929
836 947
836 965
836 991
837 1000
837 267
837 391
837 463
837 486
837 537
837 697
837 704
837 767
837 782
837 807
837 853
837 859
837 923
837 962
837 966
837 990
838 137
838 140
838 424
838 537
838 612
838 732
838 784
838 825
838 843
838 858
838 894
838 919
838 921
838 929
838 948
838 962
838 989
839 1000
839 141
839 592
839 669
839 823
839 875
839 90
839 904
839 916
839 922
839 930
839 937
839 948
839 963
839 964
839 984
839 985
84 825
84 909
84 971
84 975
840 192
840 275
840 320
840 378
840 473
840 489
840 505
840 538
840 554
840 659
840 673
840 720
840 826
840 9
840 923
840 924
840 958
841 114
841 308
841 464
841 469
841 479
841 692
841 707
841 810
841 862
841 868
841 876
841 928
841 933
841 957
841 963
841 968
841 997
842 146
842 258
842 270
842 306
842 379
842 624
842 692
842 776
842 796
842 799
842 854
842 922
842 929
842 931
842 938
842 948
842 960
843 218
843 257
843 307
843 329
843 367
843 397
843 427
843 498
843 506
843 515
843 516
843 763
843 772
843 793
843 838
843 899
843 955
843 999
844 216
844 253
844 455
844 503
844 653
844 813
844 817
844 864
844 870
844 876
844 908
844 928
844 933
844 942
844 955
844 968
844 969
844 971
845 106
845 24
845 426
845 483
845 550
845 563
845 611
845 634
845 686
845 706
845 817
845 823
845 835
845 902
845 925
845 934
845 947
845 973
846 311
846 326
846 413
846 445
846 530
846 574
846 644
846 665
846 679
846 786
846 809
846 867
846 900
846 930
846 940
846 98
846 991
846 992
847 15
847 276
847 381
847 559
847 577
847 652
847 685
847 702
847 718
847 755
847 833
847 867
847 885
847 892
847 905
847 913
847 959
847 982
848 291
848 441
848 523
848 525
848 641
848 761
848 803
848 815
848 825
848 929
848 955
848 968
848 969
848 977
848 980
848 981
848 996
848 999
849 27
849 324
849 370
849 469
849 540
849 631
849 687
849 689
849 699
849 738
849 780
849 797
849 882
849 883
849 915
849 936
849 977
849 982
85 233
85 866
85 914
85 958
850 223
850 384
850 441
850 572
850 60
850 616
850 660
850 785
850 829
850 854
850 871
850 889
850 912
850 938
850 960
850 970
850 989
850 995
851 240
851 287
851 40
851 493
851 607
851 613
851 614
851 63
851 642
851 662
851 747
851 772
851 815
851 856
851 873
851 901
851 950
851 978
852 132
852 323
852 358
852 387
852 417
852 433
852 684
852 695
852 804
852 815
852 826
852 859
852 868
852 896
852 900
852 914
852 915
852 942
853 161
853 315
853 423
853 518
853 649
853 697
853 713
853 766
853 769
853 837
853 913
853 928
853 949
853 972
853 973
853 975
853 981
853 991
854 334
854 441
854 47
854 549
854 589
854 640
854 668
854 755
854 759
854 762
854 764
854 815
854 842
854 850
854 910
854 912
854 916
854 923
855 106
855 237
855 373
855 464
855 592
855 611
855 700
855 835
855 890
855 891
855 896
855 921
855 941
855 944
855 950
855 954
855 963
855 974
855 990
856 138
856 364
856 569
856 577
856 639
856 714
856 723
856 823
856 851
856 864
856 874
856 927
856 928
856 936
856 957
856 973
856 979
856 998
856 999
857 100
857 31
857 355
857 51
857 64
857 693
857 736
857 756
857 773
857 832
857 835
857 874
857 883
857 929
857 953
857 966
857 977
857 980
857 996
858 241
858 28
858 284
858 310
858 561
858 613
858 688
858 802
858 817
858 835
858 838
858 866
858 902
858 905
858 921
858 925
858 946
858 954
858 966
859 123
859 205
859 233
859 518
859 676
859 689
859 694
859 715
859 790
859 794
859 830
859 837
859 852
859 890
859 914
859 941
859 962
859 982
859 992
86 104
86 378
86 868
86 922
860 193
860 224
860 232
860 299
860 338
860 368
860 378
860 448
860 490
860 532
860 620
860 735
860 77
860 781
860 832
860 870
860 881
860 901
860 979
861 396
861 430
861 506
861 515
861 529
861 555
861 69
861 760
861 793
861 818
861 883
861 896
861 919
861 924
861 931
861 966
861 979
861 988
861 997
862 145
862 338
862 454
862 604
862 655
862 751
862 771
862 781
862 836
862 841
862 863
862 906
862 938
862 943
862 947
862 951
862 959
862 992
862 993
863 279
863 328
863 511
863 538
863 544
863 548
863 559
863 566
863 609
863 703
863 709
863 805
863 823
863 862
863 867
863 882
863 947
863 959
863 979
864 350
864 614
864 673
864 718
864 736
864 775
864 813
864 844
864 856
864 876
864 888
864 934
864 951
864 961
864 968
864 972
864 974
864 981
864 996
865 167
865 375
865 423
865 583
865 669
865 712
865 876
865 884
865 909
865 913
865 922
865 925
865 933
865 939
865 946
865 968
865 983
865 990
865 997
866 409
866 502
866 537
866 566
866 642
866 696
866 713
866 777
866 85
866 858
866 876
866 949
866 951
866 956
866 962
866 968
866 975
866 99
866 994
866 997
867 11
867 128
867 215
867 319
867 346
867 438
867 498
867 543
867 559
867 609
867 816
867 832
867 846
867 847
867 863
867 919
867 930
867 956
867 975
867 994
868 392
868 394
868 530
868 694
868 725
868 758
868 768
868 782
868 794
868 841
868 852
868 86
868 903
868 936
868 939
868 940
868 941
868 942
868 946
868 998
869 371
869 382
869 398
869 402
869 414
869 565
869 675
869 689
869 763
869 787
869 821
869 883
869 897
869 911
869 917
869 970
869 976
869 977
869 990
869 996
87 1000
87 360
87 484
87 69
870 308
870 313
870 34
870 413
870 448
870 470
870 540
870 77
870 797
870 828
870 844
870 860
870 901
870 957
870 965
870 968
870 985
870 989
870 991
870 995
871 117
871 259
871 320
871 349
871 419
871 547
871 604
871 751
871 796
871 829
871 835
871 850
871 882
871 903
871 906
871 938
871 955
871 959
871 960
871 983
872 265
872 269
872 44
872 579
872 626
872 678
872 692
872 700
872 761
872 769
872 798
872 906
872 959
872 961
872 963
872 973
872 979
872 985
872 989
872 990
873 232
873 265
873 276
873 286
873 318
873 338
873 368
873 395
873 412
873 426
873 523
873 607
873 661
873 674
873 697
873 711
873 720
873 726
873 752
873 851
873 914
874 184
874 198
874 25
874 268
874 272
874 404
874 519
874 569
874 577
874 638
874 699
874 856
874 857
874 875
874 883
874 904
874 927
874 94
874 950
874 966
874 993
875 141
875 300
875 352
875 391
875 582
875 610
875 666
875 684
875 77
875 776
875 784
875 785
875 809
875 839
875 874
875 893
875 895
875 940
875 951
875 97
875 970
876 210
876 216
876 253
876 271
876 335
876 455
876 503
876 799
876 813
876 841
876 844
876 864
876 865
876 866
876 908
876 933
876 942
876 946
876 951
876 968
876 969
877 139
877 164
877 255
877 313
877 396
877 408
877 452
877 491
877 509
877 544
877 618
877 678
877 698
877 719
877 798
877 808
877 812
877 813
877 817
877 935
877 940
878 121
878 192
878 370
878 415
878 561
878 602
878 610
878 624
878 654
878 670
878 690
878 735
878 78
878 795
878 805
878 827
878 883
878 910
878 946
878 951
878 960
879 108
879 151
879 182
879 20
879 292
879 299
879 321
879 328
879 396
879 534
879 585
879 65
879 688
879 721
879 733
879 747
879 800
879 930
879 948
879 961
879 965
88 325
88 939
88 942
88 957
880 178
880 230
880 29
880 434
880 605
880 741
880 747
880 791
880 825
880 895
880 906
880 915
880 917
880 920
880 938
880 940
880 95
880 953
880 961
880 970
880 981
881 287
881 297
881 393
881 436
881 460
881 514
881 525
881 585
881 605
881 611
881 680
881 746
881 770
881 788
881 81
881 860
881 904
881 928
881 971
881 972
881 988
881 991
882 152
882 322
882 333
882 604
882 688
882 73
882 738
882 791
882 823
882 849
882 863
882 871
882 883
882 898
882 906
882 920
882 934
882 956
882 960
882 980
882 987
882 994
883 171
883 195
883 27
883 320
883 466
883 660
883 687
883 738
883 849
883 857
883 861
883 869
883 874
883 878
883 882
883 915
883 937
883 977
883 982
883 991
883 995
883 998
884 165
884 413
884 606
884 643
884 646
884 681
884 705
884 760
884 810
884 865
884 911
884 916
884 926
884 931
884 942
884 958
884 972
884 975
884 978
884 988
884 992
884 995
885 421
885 620
885 630
885 650
885 675
885 693
885 717
885 723
885 766
885 769
885 776
885 819
885 820
885 847
885 909
885 913
885 916
885 920
885 926
885 973
885 977
885 999
886 126
886 274
886 436
886 461
886 508
886 546
886 564
886 679
886 788
886 817
886 832
886 898
886 900
886 923
886 953
886 956
886 963
886 967
886 969
886 987
886 994
886 997
887 201
887 217
887 266
887 314
887 339
887 340
887 411
887 449
887 472
887 492
887 514
887 668
887 721
887 725
887 743
887 902
887 908
887 940
887 955
887 965
887 985
887 991
888 12
888 129
888 21
888 261
888 504
888 586
888 608
888 696
888 699
888 702
888 725
888 777
888 786
888 810
888 864
888 918
888 936
888 972
888 988
888 991
888 997
888 998
889 226
889 231
889 301
889 384
889 568
889 573
889 581
889 649
889 673
889 734
889 744
889 755
889 801
889 812
889 829
889 836
889 850
889 918
889 940
889 947
889 967
889 995
89 163
89 34
89 362
89 957
890 173
890 51
890 523
890 646
890 676
890 729
890 806
890 826
890 855
890 859
890 896
890 900
890 910
890 914
890 915
890 923
890 93
890 937
890 939
890 974
890 975
890 976
891 168
891 364
891 509
891 589
891 643
891 695
891 707
891 754
891 757
891 761
891 773
891 803
891 808
891 831
891 855
891 910
891 923
891 950
891 952
891 953
891 979
891 991
891 995
892 119
892 135
892 146
892 203
892 275
892 285
892 316
892 321
892 324
892 470
892 485
892 56
892 608
892 685
892 691
892 718
892 725
892 770
892 780
892 809
892 847
892 905
892 982
893 130
893 149
893 157
893 20
893 30
893 303
893 344
893 39
893 42
893 464
893 474
893 477
893 483
893 485
893 645
893 684
893 711
893 780
893 810
893 875
893 899
893 951
893 995
894 187
894 466
894 478
894 509
894 582
894 629
894 637
894 638
894 728
894 789
894 793
894 797
894 802
894 808
894 838
894 904
894 925
894 931
894 943
894 955
894 970
894 989
894 993
895 41
895 416
895 457
895 522
895 588
895 629
895 661
895 663
895 696
895 708
895 766
895 776
895 797
895 810
895 875
895 880
895 909
895 913
895 944
895 978
895 990
895 991
895 997
896 172
896 208
896 37
896 686
896 710
896 776
896 814
896 825
896 852
896 855
896 861
896 890
896 900
896 908
896 912
896 921
896 925
896 929
896 930
896 936
896 953
896 966
896 981
897 228
897 240
897 287
897 507
897 524
897 536
897 578
897 591
897 595
897 608
897 635
897 720
897 749
897 803
897 869
897 911
897 932
897 934
897 974
897 990
898 260
898 264
898 411
898 508
898 546
898 564
898 623
898 674
898 726
898 831
898 882
898 886
898 900
898 902
898 907
898 953
898 956
898 963
898 985
898 987
898 99
898 994
898 997
899 1000
899 299
899 477
899 565
899 588
899 609
899 618
899 669
899 745
899 770
899 780
899 782
899 843
899 893
899 908
899 915
899 920
899 922
899 944
899 949
899 951
899 962
899 981
899 984
9 152
9 554
9 655
9 840
90 839
90 910
90 930
90 944
900 150
900 155
900 199
900 242
900 326
900 38
900 429
900 639
900 724
900 725
900 729
900 756
900 806
900 846
900 852
900 886
900 890
900 896
900 898
900 927
900 969
900 992
900 994
900 998
901 101
901 165
901 226
901 24
901 279
901 284
901 311
901 377
901 448
901 47
901 490
901 690
901 698
901 757
901 764
901 812
901 83
901 851
901 860
901 870
901 947
901 950
901 964
901 982
902 181
902 255
902 336
902 356
902 449
902 452
902 555
902 679
902 725
902 760
902 812
902 845
902 858
902 887
902 898
902 921
902 925
902 935
902 938
902 956
902 965
902 975
902 988
902 994
903 148
903 215
903 243
903 303
903 483
903 487
903 552
903 615
903 629
903 632
903 657
903 663
903 714
903 757
903 781
903 815
903 821
903 868
903 871
903 906
903 938
903 960
903 990
903 995
904 110
904 198
904 236
904 297
904 350
904 5
904 660
904 672
904 682
904 739
904 805
904 839
904 874
904 881
904 894
904 930
904 936
904 971
904 976
904 977
904 978
904 988
904 993
904 997
905 121
905 201
905 280
905 353
905 59
905 600
905 622
905 685
905 697
905 798
905 822
905 825
905 847
905 858
905 892
905 916
905 921
905 925
905 929
905 930
905 958
905 974
905 981
905 983
906 252
906 299
906 32
906 488
906 547
906 667
906 751
906 758
906 774
906 796
906 862
906 871
906 872
906 880
906 882
906 903
906 918
906 938
906 955
906 959
906 960
906 979
906 988
906 993
907 118
907 145
907 163
907 171
907 274
907 294
907 331
907 38
907 396
907 575
907 589
907 668
907 898
907 924
907 934
907 937
907 956
907 961
907 962
907 967
907 971
907 977
907 994
907 995
908 333
908 407
908 517
908 600
908 742
908 792
908 803
908 844
908 876
908 887
908 896
908 899
908 922
908 929
908 937
908 948
908 951
908 952
908 955
908 964
908 968
908 980
908 984
908 997
908 998
909 104
909 111
909 128
909 166
909 18
909 185
909 212
909 423
909 523
909 708
909 717
909 766
909 799
909 84
909 865
909 885
909 895
909 913
909 917
909 932
909 945
909 970
909 971
909 975
909 992
91 774
91 811
91 938
91 960
910 159
910 318
910 382
910 478
910 513
910 619
910 640
910 654
910 716
910 759
910 764
910 771
910 804
910 827
910 854
910 878
910 890
910 891
910 90
910 914
910 923
910 943
910 951
910 975
910 993
911 103
911 118
911 120
911 228
911 240
911 249
911 291
911 481
911 507
911 524
911 566
911 578
911 591
911 634
911 635
911 645
911 69
911 720
911 749
911 869
911 884
911 897
911 932
911 974
911 990
912 12
912 179
912 21
912 328
912 414
912 429
912 441
912 512
912 618
912 640
912 646
912 647
912 718
912 745
912 759
912 762
912 763
912 764
912 799
912 815
912 850
912 854
912 896
912 923
912 945
913 166
913 279
913 338
913 423
913 615
913 670
913 699
913 718
913 792
913 799
913 824
913 829
913 836
913 847
913 853
913 865
913 885
913 895
913 909
913 928
913 932
913 945
913 953
913 971
913 992
914 133
914 206
914 211
914 3
914 363
914 469
914 532
914 58
914 583
914 602
914 648
914 804
914 806
914 826
914 85
914 852
914 859
914 873
914 890
914 910
914 926
914 937
914 958
914 975
914 996
915 158
915 277
915 278
915 415
915 428
915 539
915 561
915 58
915 689
915 728
915 804
915 813
915 816
915 849
915 852
915 880
915 883
915 890
915 899
915 936
915 972
915 974
915 984
915 986
915 996
916 147
916 221
916 230
916 249
916 399
916 467
916 471
916 512
916 606
916 676
916 681
916 764
916 822
916 839
916 854
916 884
916 885
916 905
916 92
916 944
916 974
916 978
916 980
916 987
916 998
917 210
917 284
917 291
917 407
917 422
917 431
917 449
917 450
917 491
917 650
917 665
917 675
917 681
917 708
917 791
917 824
917 836
917 869
917 880
917 909
917 920
917 935
917 986
917 992
917 996
918 1
918 147
918 282
918 400
918 495
918 525
918 535
918 558
918 601
918 650
918 667
918 747
918 770
918 787
918 825
918 888
918 889
918 906
918 922
918 928
918 929
918 963
918 978
918 992
918 993
919 140
919 174
919 238
919 264
919 329
919 330
919 352
919 405
919 420
919 458
919 494
919 498
919 516
919 593
919 627
919 746
919 763
919 793
919 811
919 829
919 836
919 838
919 861
919 867
919 985
919 999
92 640
92 740
92 795
92 916
920 115
920 152
920 178
920 246
920 275
920 422
920 532
920 567
920 597
920 602
920 749
920 758
920 759
920 787
920 788
920 791
920 814
920 819
920 880
920 882
920 885
920 899
920 917
920 930
920 934
920 963
920 971
921 214
921 28
921 293
921 296
921 302
921 365
921 389
921 415
921 428
921 521
921 532
921 556
921 561
921 627
921 802
921 835
921 838
921 855
921 858
921 896
921 902
921 905
921 925
921 953
921 954
921 966
921 986
922 102
922 141
922 151
922 169
922 170
922 171
922 262
922 271
922 357
922 709
922 710
922 746
922 823
922 839
922 842
922 86
922 865
922 899
922 908
922 918
922 930
922 944
922 958
922 963
922 969
922 978
922 981
923 1000
923 132
923 179
923 206
923 520
923 567
923 656
923 692
923 710
923 744
923 833
923 837
923 840
923 854
923 886
923 890
923 891
923 910
923 912
923 949
923 956
923 962
923 976
923 988
923 994
923 997
923 998
924 147
924 198
924 242
924 277
924 29
924 473
924 505
924 554
924 577
924 605
924 660
924 699
924 706
924 764
924 779
924 813
924 83
924 840
924 861
924 907
924 927
924 937
924 947
924 958
924 986
924 993
924 995
925 296
925 343
925 363
925 376
925 428
925 549
925 550
925 556
925 625
925 644
925 688
925 692
925 815
925 835
925 845
925 858
925 865
925 894
925 896
925 902
925 905
925 921
925 953
925 954
925 96
925 964
925 966
926 134
926 411
926 606
926 613
926 632
926 663
926 712
926 730
926 780
926 782
926 783
926 806
926 809
926 821
926 823
926 884
926 885
926 914
926 928
926 958
926 967
926 969
926 970
926 976
926 977
926 981
926 989
927 103
927 201
927 215
927 243
927 269
927 311
927 372
927 438
927 52
927 594
927 623
927 624
927 677
927 710
927 714
927 731
927 744
927 753
927 758
927 778
927 779
927 856
927 874
927 900
927 924
927 969
927 986
928 117
928 327
928 455
928 545
928 548
928 579
928 68
928 723
928 730
928 765
928 783
928 834
928 841
928 844
928 853
928 856
928 881
928 913
928 918
928 926
928 950
928 951
928 966
928 968
928 973
928 981
928 991
929 103
929 148
929 149
929 15
929 177
929 258
929 270
929 284
929 323
929 349
929 400
929 514
929 585
929 609
929 638
929 658
929 825
929 836
929 838
929 842
929 848
929 857
929 896
929 905
929 908
929 918
929 948
929 994
93 444
93 774
93 890
93 998
930 199
930 234
930 383
930 388
930 460
930 603
930 686
930 688
930 800
930 816
930 839
930 846
930 867
930 879
930 896
930 90
930 904
930 905
930 920
930 922
930 932
930 940
930 944
930 948
930 965
930 975
930 983
930 991
931 196
931 223
931 259
931 368
931 436
931 453
931 643
931 672
931 742
931 781
931 785
931 792
931 796
931 797
931 818
931 821
931 833
931 842
931 861
931 884
931 894
931 938
931 94
931 944
931 964
931 984
931 991
931 995
932 278
932 313
932 36
932 578
932 614
932 622
932 718
932 727
932 757
932 766
932 769
932 771
932 897
932 909
932 911
932 913
932 930
932 935
932 941
932 946
932 950
932 972
932 974
932 983
932 984
932 990
932 992
932 998
933 216
933 218
933 224
933 257
933 329
933 523
933 551
933 56
933 568
933 590
933 664
933 705
933 710
933 731
933 745
933 779
933 786
933 793
933 815
933 826
933 841
933 844
933 865
933 876
933 965
933 966
933 968
933 977
933 978
934 108
934 123
934 226
934 229
934 292
934 422
934 445
934 562
934 637
934 642
934 690
934 713
934 715
934 726
934 749
934 777
934 790
934 791
934 845
934 864
934 882
934 897
934 907
934 920
934 971
934 974
934 984
934 987
934 992
935 124
935 131
935 184
935 193
935 251
935 336
935 40
935 410
935 416
935 452
935 513
935 551
935 602
935 605
935 698
935 719
935 743
935 795
935 798
935 808
935 812
935 816
935 877
935 902
935 917
935 932
935 940
935 966
935 986
936 112
936 195
936 386
936 439
936 466
936 514
936 571
936 628
936 660
936 686
936 696
936 713
936 742
936 775
936 784
936 785
936 805
936 849
936 856
936 868
936 888
936 896
936 904
936 915
936 957
936 959
936 972
936 985
936 987
936 989
937 188
937 206
937 26
937 342
937 357
937 412
937 434
937 480
937 634
937 646
937 689
937 716
937 721
937 738
937 771
937 831
937 839
937 883
937 890
937 907
937 908
937 914
937 924
937 943
937 944
937 958
937 978
937 986
937 995
937 997
938 114
938 237
938 259
938 303
938 418
938 484
938 486
938 528
938 547
938 548
938 604
938 616
938 74
938 758
938 796
938 81
938 842
938 850
938 862
938 871
938 880
938 902
938 903
938 906
938 91
938 931
938 955
938 959
938 960
938 979
938 988
939 245
939 353
939 529
939 54
939 563
939 582
939 622
939 632
939 638
939 646
939 66
939 688
939 729
939 739
939 791
939 792
939 806
939 809
939 865
939 868
939 88
939 890
939 946
939 953
939 957
939 970
939 974
939 989
939 993
939 997
939 998
94 536
94 655
94 874
94 931
940 1
940 164
940 183
940 217
940 314
940 511
940 513
940 573
940 704
940 751
940 767
940 787
940 81
940 812
940 846
940 868
940 875
940 877
940 880
940 887
940 889
940 930
940 935
940 949
940 962
940 966
940 98
940 984
940 992
940 995
940 996
941 136
941 18
941 180
941 186
941 21
941 237
941 269
941 311
941 321
941 392
941 467
941 552
941 63
941 662
941 695
941 721
941 73
941 739
941 757
941 794
941 817
941 827
941 832
941 855
941 859
941 868
941 932
941 970
941 982
941 992
941 998
942 148
942 16
942 168
942 232
942 294
942 319
942 401
942 455
942 641
942 648
942 699
942 750
942 774
942 804
942 844
942 852
942 868
942 876
942 88
942 884
942 954
942 955
942 963
942 966
942 968
942 969
942 976
942 980
942 988
942 991
942 996
943 194
943 248
943 306
943 319
943 342
943 355
943 364
943 381
943 386
943 442
943 46
943 498
943 499
943 550
943 62
943 652
943 690
943 694
943 737
943 754
943 770
943 771
943 808
943 824
943 833
943 862
943 894
943 910
943 937
943 972
943 976
943 999
944 141
944 169
944 322
944 357
944 399
944 493
944 495
944 517
944 521
944 566
944 592
944 609
944 64
944 669
944 709
944 746
944 782
944 855
944 895
944 899
944 90
944 916
944 922
944 930
944 931
944 937
944 948
944 963
944 964
944 969
944 978
944 984
945 16
945 179
945 205
945 224
945 226
945 435
945 489
945 557
945 623
945 665
945 718
945 753
945 761
945 764
945 765
945 766
945 773
945 784
945 788
945 795
945 831
945 909
945 912
945 913
945 954
945 958
945 970
945 976
945 977
945 980
945 992
945 996
946 143
946 150
946 154
946 229
946 251
946 343
946 412
946 529
946 553
946 556
946 610
946 622
946 658
946 691
946 701
946 716
946 727
946 732
946 774
946 805
946 858
946 865
946 868
946 876
946 878
946 932
946 939
946 951
946 968
946 983
946 993
946 998
947 22
947 222
947 231
947 248
947 277
947 382
947 386
947 442
947 446
947 454
947 510
947 538
947 539
947 559
947 566
947 651
947 655
947 692
947 701
947 734
947 772
947 798
947 824
947 836
947 845
947 862
947 863
947 889
947 901
947 924
947 959
947 967
947 973
948 258
948 280
948 289
948 399
948 4
948 474
948 480
948 527
948 562
948 603
948 632
948 67
948 674
948 733
948 800
948 802
948 822
948 825
948 838
948 839
948 842
948 879
948 908
948 929
948 930
948 944
948 961
948 965
948 969
948 974
948 977
948 978
948 987
949 1000
949 114
949 207
949 26
949 293
949 338
949 341
949 402
949 425
949 440
949 468
949 495
949 502
949 518
949 537
949 683
949 692
949 694
949 704
949 752
949 767
949 789
949 807
949 853
949 866
949 899
949 923
949 940
949 962
949 965
949 987
949 990
949 999
95 457
95 880
95 953
95 980
950 11
950 18
950 186
950 247
950 249
950 344
950 407
950 429
950 456
950 552
950 64
950 662
950 695
950 70
950 721
950 732
950 757
950 772
950 794
950 808
950 817
950 827
950 832
950 851
950 855
950 874
950 891
950 901
950 928
950 932
950 967
950 982
950 992
950 998
951 224
951 337
951 36
951 477
951 478
951 601
951 618
951 636
951 645
951 654
951 684
951 730
951 770
951 78
951 789
951 795
951 798
951 862
951 864
951 866
951 875
951 876
951 878
951 893
951 899
951 908
951 910
951 928
951 946
951 968
951 975
951 985
951 993
951 995
952 16
952 176
952 191
952 192
952 233
952 301
952 322
952 355
952 358
952 373
952 417
952 429
952 530
952 538
952 580
952 595
952 612
952 690
952 701
952 725
952 735
952 743
952 750
952 761
952 803
952 891
952 908
952 961
952 963
952 980
952 981
952 996
952 998
952 999
953 14
953 268
953 302
953 380
953 414
953 44
953 517
953 642
953 742
953 760
953 8
953 821
953 835
953 857
953 880
953 886
953 891
953 896
953 898
953 913
953 921
953 925
953 939
953 95
953 956
953 96
953 961
953 967
953 970
953 977
953 979
953 988
953 991
953 994
954 106
954 283
954 353
954 421
954 434
954 557
954 563
954 580
954 583
954 603
954 611
954 619
954 638
954 659
954 718
954 737
954 743
954 752
954 787
954 809
954 831
954 835
954 855
954 858
954 921
954 925
954 942
954 945
954 957
954 964
954 974
954 975
954 995
954 998
955 134
955 355
955 455
955 472
955 476
955 503
955 531
955 586
955 593
955 616
955 701
955 788
955 793
955 816
955 818
955 821
955 829
955 843
955 844
955 848
955 871
955 887
955 894
955 906
955 908
955 938
955 942
955 958
955 960
955 965
955 968
955 984
955 985
955 997
956 126
956 260
956 274
956 371
956 406
956 508
956 509
956 546
956 564
956 586
956 629
956 635
956 668
956 673
956 679
956 724
956 811
956 817
956 831
956 833
956 866
956 867
956 882
956 886
956 898
956 902
956 907
956 923
956 953
956 963
956 967
956 984
956 994
956 997
957 129
957 138
957 149
957 213
957 229
957 309
957 337
957 510
957 58
957 583
957 59
957 752
957 755
957 768
957 772
957 783
957 806
957 815
957 820
957 833
957 841
957 856
957 870
957 88
957 89
957 936
957 939
957 954
957 970
957 972
957 974
957 986
957 987
957 989
958 133
958 357
958 376
958 394
958 473
958 484
958 504
958 505
958 520
958 522
958 531
958 554
958 629
958 648
958 663
958 672
958 688
958 788
958 818
958 82
958 840
958 85
958 884
958 905
958 914
958 922
958 924
958 926
958 937
958 945
958 955
958 964
958 984
958 990
958 997
959 112
959 359
959 381
959 395
959 401
959 439
959 459
959 477
959 499
959 537
959 555
959 559
959 580
959 682
959 686
959 721
959 744
959 801
959 847
959 862
959 863
959 871
959 872
959 906
959 936
959 938
959 947
959 960
959 972
959 975
959 976
959 979
959 984
959 988
959 991
959 999
96 217
96 835
96 925
96 953
960 209
960 241
960 275
960 313
960 368
960 406
960 416
960 43
960 488
960 547
960 548
960 570
960 580
960 596
960 604
960 610
960 616
960 627
960 644
960 651
960 658
960 796
960 842
960 850
960 871
960 878
960 882
960 903
960 906
960 91
960 938
960 955
960 959
960 971
960 979
960 988
961 214
961 318
961 342
961 479
961 489
961 52
961 522
961 603
961 613
961 65
961 670
961 733
961 756
961 759
961 773
961 776
961 784
961 8
961 800
961 811
961 816
961 864
961 872
961 879
961 880
961 907
961 948
961 952
961 953
961 970
961 976
961 980
961 981
961 989
961 996
961 999
962 1000
962 133
962 190
962 196
962 207
962 252
962 292
962 301
962 341
962 36
962 380
962 403
962 425
962 440
962 502
962 518
962 569
962 6
962 613
962 655
962 693
962 704
962 825
962 826
962 837
962 838
962 859
962 866
962 899
962 907
962 923
962 940
962 949
962 965
962 987
962 990
963 204
963 341
963 347
963 458
963 471
963 543
963 592
963 692
963 697
963 700
963 701
963 739
963 768
963 787
963 788
963 802
963 819
963 839
963 841
963 855
963 872
963 886
963 898
963 918
963 920
963 922
963 942
963 944
963 952
963 956
963 965
963 978
963 980
963 990
963 994
963 996
964 122
964 294
964 430
964 433
964 453
964 470
964 519
964 521
964 569
964 577
964 598
964 653
964 658
964 659
964 669
964 683
964 702
964 743
964 765
964 781
964 797
964 818
964 833
964 835
964 839
964 901
964 908
964 925
964 931
964 944
964 954
964 958
964 975
964 978
964 979
964 992
964 997
965 1000
965 125
965 146
965 153
965 182
965 31
965 339
965 425
965 449
965 472
965 48
965 551
965 555
965 603
965 709
965 733
965 782
965 800
965 807
965 836
965 870
965 879
965 887
965 902
965 930
965 933
965 948
965 949
965 955
965 962
965 963
965 971
965 974
965 981
965 985
965 987
965 996
966 124
966 208
966 307
966 310
966 410
966 497
966 500
966 504
966 550
966 556
966 565
966 602
966 719
966 730
966 743
966 75
966 753
966 779
966 783
966 811
966 812
966 817
966 835
966 837
966 857
966 858
966 861
966 874
966 896
966 921
966 925
966 928
966 933
966 935
966 940
966 942
966 967
967 1000
967 187
967 320
967 331
967 347
967 384
967 45
967 497
967 530
967 534
967 546
967 573
967 633
967 636
967 644
967 658
967 662
967 730
967 734
967 745
967 783
967 805
967 886
967 889
967 907
967 926
967 947
967 950
967 953
967 956
967 966
967 969
967 977
967 987
967 989
967 992
967 998
968 136
968 194
968 216
968 222
968 253
968 387
968 391
968 397
968 419
968 496
968 503
968 533
968 540
968 551
968 584
968 651
968 71
968 723
968 79
968 799
968 817
968 841
968 844
968 848
968 864
968 865
968 866
968 870
968 876
968 908
968 928
968 933
968 942
968 946
968 951
968 955
968 969
969 116
969 128
969 297
969 358
969 370
969 392
969 399
969 404
969 435
969 497
969 535
969 592
969 620
969 639
969 669
969 677
969 70
969 732
969 75
969 778
969 783
969 805
969 844
969 848
969 876
969 886
969 900
969 922
969 926
969 927
969 942
969 944
969 948
969 967
969 968
969 978
969 990
969 991
97 560
97 755
97 875
97 995
970 116
970 120
970 165
970 255
970 292
970 444
970 472
970 480
970 521
970 553
970 617
970 644
970 665
970 676
970 742
970 755
970 774
970 784
970 797
970 811
970 821
970 826
970 850
970 869
970 875
970 880
970 894
970 909
970 926
970 939
970 941
970 945
970 953
970 957
970 961
970 977
970 989
970 991
971 155
971 176
971 189
971 250
971 312
971 429
971 462
971 569
971 584
971 606
971 650
971 680
971 699
971 708
971 722
971 741
971 763
971 766
971 791
971 802
971 819
971 828
971 84
971 844
971 881
971 904
971 907
971 909
971 913
971 920
971 934
971 960
971 965
971 972
971 974
971 975
971 977
971 996
972 1000
972 17
972 265
972 362
972 389
972 431
972 482
972 597
972 641
972 669
972 673
972 674
972 713
972 722
972 732
972 755
972 776
972 786
972 789
972 799
972 810
972 820
972 824
972 853
972 864
972 881
972 884
972 888
972 915
972 932
972 936
972 943
972 957
972 959
972 971
972 985
972 986
972 988
973 10
973 109
973 125
973 136
973 161
973 187
973 203
973 284
973 285
973 298
973 319
973 373
973 393
973 398
973 4
973 465
973 489
973 527
973 531
973 574
973 579
973 581
973 619
973 72
973 722
973 723
973 745
973 769
973 815
973 845
973 853
973 856
973 872
973 885
973 928
973 947
973 985
973 999
974 335
974 361
974 365
974 376
974 428
974 507
974 516
974 522
974 524
974 562
974 563
974 591
974 618
974 635
974 668
974 676
974 717
974 729
974 754
974 770
974 806
974 822
974 829
974 855
974 864
974 890
974 897
974 905
974 911
974 915
974 916
974 932
974 934
974 939
974 948
974 954
974 957
974 965
974 971
975 127
975 166
975 209
975 295
975 365
975 372
975 435
975 459
975 471
975 516
975 528
975 551
975 581
975 648
975 659
975 682
975 740
975 806
975 829
975 84
975 853
975 866
975 867
975 884
975 890
975 902
975 909
975 910
975 914
975 930
975 951
975 954
975 959
975 964
975 971
975 976
975 987
975 995
975 997
976 11
976 158
976 177
976 261
976 306
976 372
976 390
976 439
976 442
976 454
976 459
976 499
976 520
976 528
976 576
976 624
976 686
976 735
976 754
976 761
976 785
976 816
976 824
976 830
976 869
976 890
976 904
976 923
976 926
976 942
976 943
976 945
976 959
976 961
976 975
976 988
976 989
976 991
976 992
977 123
977 14
977 174
977 215
977 233
977 296
977 311
977 432
977 434
977 447
977 540
977 565
977 569
977 636
977 660
977 742
977 751
977 758
977 781
977 790
977 813
977 848
977 849
977 857
977 869
977 883
977 885
977 904
977 907
977 926
977 933
977 945
977 948
977 953
977 967
977 970
977 971
977 989
977 996
978 213
978 225
978 249
978 291
978 293
978 35
978 357
978 385
978 41
978 484
978 493
978 495
978 5
978 517
978 533
978 588
978 614
978 617
978 62
978 66
978 672
978 69
978 703
978 741
978 823
978 851
978 884
978 895
978 904
978 916
978 918
978 922
978 933
978 937
978 944
978 948
978 963
978 964
978 969
978 984
979 134
979 135
979 232
979 269
979 278
979 305
979 345
979 379
979 402
979 413
979 461
979 481
979 519
979 538
979 542
979 566
979 604
979 616
979 626
979 668
979 683
979 71
979 714
979 726
979 760
979 814
979 823
979 856
979 860
979 861
979 863
979 872
979 891
979 906
979 938
979 953
979 959
979 960
979 964
979 996
98 199
98 846
98 940
98 992
980 177
980 204
980 220
980 235
980 293
980 371
980 436
980 486
980 595
980 61
980 625
980 628
980 655
980 668
980 690
980 71
980 710
980 719
980 735
980 739
980 750
980 756
980 761
980 803
980 831
980 848
980 857
980 882
980 908
980 916
980 942
980 945
980 95
980 952
980 961
980 963
980 984
980 996
980 998
980 999
981 30
981 309
981 317
981 321
981 327
981 385
981 443
981 480
981 584
981 597
981 600
981 606
981 630
981 642
981 656
981 667
981 736
981 740
981 76
981 765
981 774
981 801
981 814
981 832
981 834
981 848
981 853
981 864
981 880
981 896
981 899
981 905
981 922
981 926
981 928
981 952
981 961
981 965
981 990
981 997
982 122
982 142
982 175
982 246
982 28
982 330
982 334
982 388
982 419
982 461
982 485
982 509
982 524
982 562
982 567
982 640
982 660
982 685
982 690
982 707
982 709
982 73
982 738
982 739
982 77
982 787
982 794
982 809
982 823
982 831
982 847
982 849
982 859
982 883
982 892
982 901
982 941
982 950
982 992
982 995
983 13
983 143
983 153
983 2
983 219
983 234
983 25
983 288
983 295
983 305
983 33
983 353
983 374
983 383
983 387
983 393
983 444
983 461
983 481
983 482
983 487
983 492
983 50
983 542
983 596
983 622
983 651
983 727
983 739
983 746
983 749
983 792
983 865
983 871
983 905
983 930
983 932
983 946
983 988
983 997
983 998
984 188
984 266
984 314
984 346
984 369
984 393
984 437
984 449
984 535
984 541
984 571
984 599
984 617
984 621
984 703
984 710
984 715
984 754
984 768
984 789
984 792
984 798
984 80
984 82
984 839
984 899
984 908
984 915
984 931
984 932
984 934
984 940
984 944
984 955
984 956
984 958
984 959
984 978
984 980
984 985
984 989
984 996
985 161
985 17
985 217
985 225
985 309
985 314
985 339
985 350
985 351
985 362
985 408
985 409
985 457
985 476
985 506
985 527
985 647
985 723
985 728
985 732
985 745
985 768
985 769
985 793
985 795
985 815
985 823
985 839
985 870
985 872
985 887
985 898
985 919
985 936
985 951
985 955
985 965
985 972
985 973
985 984
985 986
985 987
986 107
986 242
986 263
986 3
986 318
986 388
986 451
986 462
986 576
986 594
986 597
986 627
986 632
986 653
986 665
986 666
986 670
986 682
986 698
986 711
986 714
986 719
986 726
986 731
986 748
986 749
986 753
986 758
986 797
986 816
986 820
986 83
986 915
986 917
986 921
986 924
986 927
986 935
986 937
986 957
986 972
986 985
986 996
987 1000
987 104
987 107
987 111
987 130
987 274
987 282
987 309
987 337
987 397
987 427
987 474
987 487
987 505
987 515
987 533
987 590
987 601
987 664
987 704
987 733
987 735
987 767
987 772
987 793
987 882
987 886
987 898
987 916
987 934
987 936
987 948
987 949
987 957
987 962
987 965
987 967
987 975
987 985
987 990
987 993
987 994
987 997
988 129
988 236
988 278
988 281
988 334
988 43
988 431
988 501
988 518
988 520
988 55
988 579
988 605
988 615
988 646
988 647
988 687
988 696
988 703
988 709
988 713
988 758
988 760
988 777
988 861
988 881
988 884
988 888
988 902
988 904
988 906
988 923
988 938
988 942
988 953
988 959
988 960
988 972
988 976
988 983
988 991
988 992
988 998
989 101
989 212
989 227
989 26
989 283
989 300
989 305
989 316
989 335
989 348
989 363
989 44
989 471
989 605
989 638
989 676
989 687
989 721
989 735
989 742
989 751
989 763
989 784
989 792
989 797
989 821
989 826
989 831
989 838
989 850
989 870
989 872
989 894
989 926
989 936
989 939
989 957
989 961
989 967
989 970
989 976
989 977
989 984
989 991
99 667
99 866
99 898
99 994
990 13
990 228
990 273
990 354
990 366
990 49
990 509
990 510
990 516
990 518
990 524
990 53
990 571
990 578
990 591
990 599
990 615
990 642
990 657
990 683
990 693
990 752
990 766
990 767
990 775
990 807
990 837
990 855
990 865
990 869
990 872
990 895
990 897
990 903
990 911
990 932
990 949
990 958
990 962
990 963
990 969
990 981
990 987
990 995
991 162
991 168
991 194
991 278
991 416
991 49
991 494
991 511
991 543
991 641
991 644
991 680
991 696
991 713
991 731
991 742
991 760
991 777
991 784
991 785
991 809
991 816
991 821
991 836
991 846
991 853
991 870
991 881
991 883
991 887
991 888
991 891
991 895
991 928
991 930
991 931
991 942
991 953
991 959
991 969
991 970
991 976
991 988
991 989
991 998
992 1
992 231
992 326
992 382
992 390
992 456
992 496
992 511
992 520
992 543
992 55
992 553
992 573
992 586
992 623
992 705
992 709
992 734
992 743
992 757
992 766
992 798
992 808
992 830
992 846
992 859
992 862
992 884
992 900
992 909
992 913
992 917
992 918
992 932
992 934
992 940
992 941
992 945
992 950
992 964
992 967
992 976
992 98
992 982
992 988
992 998
993 116
993 118
993 145
993 200
993 203
993 214
993 22
993 221
993 230
993 29
993 293
993 323
993 376
993 408
993 426
993 478
993 526
993 529
993 535
993 582
993 601
993 608
993 618
993 667
993 675
993 691
993 716
993 741
993 759
993 786
993 805
993 809
993 812
993 830
993 862
993 874
993 894
993 904
993 906
993 910
993 918
993 924
993 939
993 946
993 951
993 987
994 126
994 14
994 24
994 260
994 274
994 324
994 326
994 347
994 42
994 426
994 445
994 508
994 511
994 535
994 546
994 549
994 564
994 572
994 617
994 676
994 679
994 691
994 724
994 726
994 737
994 751
994 768
994 788
994 831
994 832
994 833
994 866
994 867
994 882
994 886
994 898
994 900
994 902
994 907
994 923
994 929
994 953
994 956
994 963
994 987
994 99
994 997
995 100
995 105
995 156
995 175
995 184
995 222
995 252
995 256
995 27
995 281
995 35
995 351
995 354
995 419
995 48
995 541
995 548
995 560
995 571
995 642
995 660
995 687
995 705
995 734
995 740
995 755
995 781
995 808
995 850
995 870
995 883
995 884
995 889
995 891
995 893
995 903
995 907
995 924
995 931
995 937
995 940
995 951
995 954
995 97
995 975
995 982
995 990
996 12
996 162
996 176
996 263
996 271
996 307
996 312
996 317
996 328
996 358
996 446
996 452
996 462
996 468
996 565
996 620
996 621
996 623
996 630
996 634
996 666
996 715
996 726
996 736
996 748
996 767
996 773
996 790
996 831
996 848
996 857
996 864
996 869
996 914
996 915
996 917
996 940
996 942
996 945
996 952
996 961
996 963
996 965
996 971
996 977
996 979
996 980
996 984
996 986
997 143
997 174
997 268
997 295
997 368
997 383
997 430
997 477
997 51
997 526
997 528
997 542
997 586
997 612
997 637
997 679
997 702
997 713
997 727
997 740
997 749
997 775
997 777
997 799
997 802
997 813
997 841
997 861
997 865
997 866
997 886
997 888
997 895
997 898
997 904
997 908
997 923
997 937
997 939
997 955
997 956
997 958
997 964
997 975
997 981
997 983
997 987
997 994
997 998
998 138
998 172
998 186
998 191
998 325
998 387
998 417
998 434
998 54
998 563
998 573
998 58
998 649
998 667
998 668
998 695
998 696
998 701
998 713
998 729
998 73
998 756
998 761
998 804
998 805
998 809
998 856
998 868
998 883
998 888
998 900
998 908
998 916
998 923
998 93
998 932
998 939
998 941
998 946
998 950
998 952
998 954
998 967
998 980
998 983
998 988
998 991
998 992
998 997
999 189
999 204
999 248
999 287
999 297
999 298
999 30
999 317
999 32
999 359
999 420
999 427
999 465
999 48
999 506
999 525
999 531
999 533
999 536
999 579
999 581
999 608
999 625
999 649
999 659
999 664
999 722
999 728
999 754
999 756
999 769
999 771
999 773
999 788
999 795
999 803
999 808
999 843
999 848
999 856
999 885
999 919
999 943
999 949
999 952
999 959
999 961
999 973
999 980
