# The links inside the communities at k=4
# from G:\Dropbox\Raghda\CNA\Final Project\other methods\CFinder-2.0.6--1448\G:\Dropbox\Raghda\CNA\Final Project\Datasets\binary_networks\LFR2\networ_LFR2_Om6.dat
# at no lower link weight threshold,
# and at no upper link weight threshold.
# Links were treated as undirected.
# No time limit was set for the clique search.

0:
100 579
100 824
100 934
579 824
579 934
579 534
579 593
579 359
824 934
824 59
824 287
824 534
824 615
824 593
824 940
824 359
934 59
934 287
934 534
934 615
934 593
934 940
934 359
59 615
287 534
287 615
534 615
615 359
593 940
1:
1000 144
1000 18
1000 184
1000 196
1000 360
1000 370
1000 382
1000 464
1000 551
1000 57
1000 572
1000 608
1000 641
1000 694
1000 727
1000 814
1000 830
1000 837
1000 900
1000 919
1000 928
1000 944
1000 990
1000 993
144 990
144 993
18 990
18 993
184 990
184 993
196 990
196 993
360 990
360 993
370 990
370 993
382 944
382 990
382 993
464 944
464 990
464 993
551 830
551 944
551 990
551 993
57 990
57 993
572 830
572 944
572 990
572 993
608 814
608 830
608 944
608 990
608 993
641 814
641 830
641 837
641 944
641 990
641 993
694 814
694 830
694 837
694 944
694 990
694 993
727 814
727 830
727 837
727 944
727 990
727 993
814 830
814 837
814 944
814 990
814 993
830 837
830 944
830 990
830 993
837 944
837 990
837 993
900 990
900 993
919 990
919 993
928 990
928 993
944 990
944 993
990 993
2:
35 986
35 886
35 705
604 986
604 652
604 886
604 704
604 705
986 652
986 886
986 210
986 704
986 622
986 273
986 307
986 682
986 705
986 439
652 886
652 210
652 704
652 682
886 210
886 704
886 622
886 273
886 307
886 682
886 705
886 439
704 273
704 705
622 705
307 682
682 439
3:
102 309
102 805
102 836
102 942
309 805
309 836
309 942
805 836
805 942
805 118
805 148
805 760
805 247
805 883
836 942
836 118
836 760
836 222
836 247
836 275
836 883
942 118
942 148
942 760
942 222
942 247
942 275
942 883
148 760
760 222
760 275
4:
103 767
103 882
103 921
767 882
767 921
767 159
767 901
767 787
767 889
767 618
882 921
882 538
882 901
882 495
882 278
882 787
882 284
882 316
882 889
882 618
921 538
921 159
921 901
921 495
921 278
921 787
921 284
921 316
921 889
921 321
921 553
538 901
538 889
538 553
159 901
901 278
901 787
901 284
901 316
901 889
901 321
901 553
495 787
495 889
278 787
787 284
787 889
787 618
316 889
889 321
889 618
889 553
5:
104 93
104 972
104 985
93 972
93 985
972 985
6:
693 127
693 775
693 123
693 660
693 513
693 128
693 372
127 775
127 513
775 123
775 660
775 513
775 128
775 372
123 660
660 513
660 128
513 372
7:
972 970
972 909
972 922
970 111
970 909
970 959
970 112
970 899
970 922
970 228
970 233
970 259
970 594
970 347
970 398
970 497
970 842
970 822
970 757
111 909
111 959
909 959
909 112
909 899
909 922
909 228
909 233
909 259
909 594
909 347
909 398
909 497
909 842
909 822
909 757
959 112
959 899
959 922
959 228
959 233
959 259
959 594
959 347
959 398
959 497
959 842
959 822
959 757
112 899
899 594
899 398
899 497
899 842
899 822
899 757
594 842
842 822
842 757
822 757
8:
121 533
121 573
121 820
533 573
533 820
533 240
573 820
573 240
820 240
9:
674 988
674 978
674 996
674 954
674 926
674 870
407 988
407 996
407 954
407 905
988 122
988 978
988 996
988 847
988 954
988 165
988 926
988 258
988 905
988 312
988 314
988 319
988 844
988 349
988 789
988 395
988 410
988 414
988 870
988 558
988 664
988 61
988 854
988 623
988 811
988 99
122 978
122 996
978 996
978 847
978 954
978 926
978 258
978 905
978 312
978 314
978 319
978 844
978 349
978 789
978 395
978 410
978 414
978 870
978 524
978 558
978 664
978 61
978 854
978 623
978 811
996 847
996 954
996 165
996 926
996 258
996 905
996 312
996 314
996 319
996 844
996 349
996 789
996 395
996 410
996 414
996 870
996 524
996 558
996 664
996 61
996 854
996 623
996 811
996 99
847 954
847 165
847 926
847 905
847 844
847 789
847 870
847 854
847 811
954 926
954 258
954 905
954 312
954 844
954 789
954 395
954 410
954 414
954 870
954 558
954 664
954 854
954 623
954 811
926 905
926 314
926 319
926 844
926 789
926 870
926 524
926 664
926 854
926 811
926 99
905 844
905 789
905 870
905 524
905 854
905 623
905 811
844 789
844 870
844 558
844 854
789 870
870 524
870 854
870 623
870 811
664 854
854 811
10:
919 828
919 904
919 722
828 124
828 720
828 904
828 722
124 720
124 904
720 904
720 722
904 722
11:
971 981
971 125
971 845
971 139
971 463
971 596
971 958
971 170
971 642
971 663
971 209
971 709
971 236
971 286
971 606
971 420
971 684
971 493
971 798
971 88
981 125
981 845
981 139
981 463
981 596
981 958
981 170
981 642
981 663
981 209
981 709
981 236
981 286
981 606
981 420
981 684
981 493
981 798
981 88
125 845
845 596
845 642
845 663
845 709
845 236
845 606
845 420
139 463
463 596
596 642
958 798
170 642
642 798
663 709
663 684
663 798
209 709
709 684
286 606
606 493
606 798
420 684
684 493
798 88
12:
884 29
884 156
884 816
29 156
29 816
156 816
13:
657 916
657 930
657 945
657 661
657 892
657 648
133 916
133 930
133 945
916 930
916 945
916 661
916 892
916 234
916 343
916 648
916 46
916 58
916 588
916 633
930 945
930 661
930 892
930 234
930 343
930 648
930 46
930 58
930 588
930 633
945 661
945 892
945 234
945 343
945 648
945 46
945 58
945 588
945 633
661 892
661 588
892 648
892 588
892 633
648 633
588 633
14:
914 955
914 918
914 466
914 850
914 142
914 897
914 22
914 268
914 838
914 322
914 818
914 678
914 940
914 578
955 918
955 466
955 134
955 850
955 142
955 897
955 268
955 274
955 838
955 322
955 818
955 678
955 328
955 352
955 940
955 578
900 850
900 897
900 838
918 466
918 134
918 850
918 897
918 268
918 274
918 838
918 322
918 818
918 678
918 328
918 940
918 578
466 818
134 850
850 897
850 22
850 838
850 818
850 328
850 578
142 897
897 22
897 274
897 838
897 818
897 678
897 352
838 818
838 678
838 578
322 818
818 678
818 352
818 578
15:
864 917
864 927
864 987
864 998
864 778
864 799
864 721
864 509
864 656
864 807
864 587
864 669
917 927
917 135
917 987
917 998
917 778
917 799
917 563
917 368
917 721
917 491
917 656
917 677
917 807
917 587
917 669
927 987
927 998
927 778
927 799
927 7
927 563
927 36
927 368
927 721
927 509
927 491
927 677
927 807
927 587
927 669
135 987
135 998
987 998
987 778
987 216
987 799
987 7
987 563
987 36
987 368
987 721
987 509
987 491
987 656
987 677
987 54
987 807
987 587
987 669
998 778
998 216
998 799
998 7
998 563
998 36
998 368
998 721
998 509
998 491
998 656
998 677
998 54
998 807
998 587
998 669
778 799
778 721
778 656
778 807
216 799
799 721
799 656
799 807
563 677
721 807
509 656
677 587
54 807
807 669
16:
994 975
994 933
994 384
994 80
994 580
994 885
994 178
994 731
994 589
994 548
994 279
994 315
994 895
994 802
994 643
994 448
994 5
994 51
994 687
975 933
975 384
975 80
975 580
975 885
975 178
975 731
975 589
975 548
975 279
975 315
975 895
975 802
975 643
975 448
975 5
975 51
975 687
933 895
384 895
80 895
580 885
580 802
580 643
885 731
885 589
885 548
885 279
885 315
885 895
885 802
885 643
885 51
885 687
178 731
731 895
731 802
731 643
731 448
589 548
589 895
589 687
548 895
315 895
895 802
895 448
895 5
895 687
802 643
802 448
802 687
17:
869 961
869 924
869 969
869 475
869 952
869 248
869 271
869 860
869 545
961 924
961 145
961 969
961 475
961 952
961 206
961 248
961 334
961 271
961 860
961 545
924 145
924 969
924 475
924 952
924 206
924 248
924 334
924 271
924 860
924 545
145 969
969 475
969 952
969 206
969 248
969 334
969 271
969 860
969 545
475 860
860 545
18:
932 823
932 913
932 974
932 952
932 668
932 906
932 815
932 253
932 264
932 768
932 346
932 754
932 697
932 490
932 621
932 85
146 823
146 913
146 974
823 913
823 974
823 906
823 582
823 264
823 768
823 346
823 621
913 974
913 668
913 906
913 582
913 815
913 253
913 264
913 299
913 768
913 754
913 697
913 621
974 952
974 23
974 668
974 906
974 582
974 815
974 253
974 264
974 299
974 768
974 346
974 754
974 697
974 490
974 621
952 621
23 668
23 906
668 906
906 582
906 815
906 768
906 754
906 697
906 490
906 85
582 299
815 299
815 754
815 490
768 754
768 697
768 621
346 754
754 697
697 85
19:
149 634
149 777
149 780
634 777
634 780
634 162
634 86
634 544
777 780
777 162
777 86
777 544
780 162
780 86
780 544
20:
963 933
963 152
963 698
963 912
963 585
963 283
963 636
963 819
963 388
963 417
963 766
963 576
963 654
933 912
933 819
152 698
152 912
698 912
698 585
698 819
698 576
698 654
912 585
912 283
912 636
912 819
912 388
912 417
912 766
912 576
912 654
585 636
585 766
283 636
283 819
636 766
636 576
636 654
819 388
819 417
819 766
819 576
819 654
417 766
766 576
766 654
21:
928 920
928 965
928 938
153 907
153 920
153 965
907 920
907 965
907 485
907 479
907 520
907 250
907 938
907 33
907 488
907 350
907 781
907 742
907 834
907 667
920 965
920 485
920 479
920 520
920 250
920 938
920 33
920 488
920 344
920 781
920 742
920 834
920 667
965 485
965 479
965 520
965 250
965 938
965 488
965 344
965 350
965 781
965 742
965 834
965 667
485 938
479 938
520 938
520 834
250 938
938 33
938 488
938 344
938 350
938 781
938 742
938 834
938 667
781 742
781 834
781 667
742 834
742 667
834 667
22:
614 949
614 929
614 903
614 437
614 840
614 518
949 716
949 803
949 16
949 829
949 929
949 745
949 734
949 903
949 586
949 329
949 336
949 761
949 840
949 603
949 518
716 745
716 903
716 840
803 929
803 734
803 903
803 586
803 761
803 840
16 829
16 929
829 929
829 745
829 734
829 903
829 329
829 761
829 840
829 498
929 745
929 586
929 329
929 336
929 761
929 437
929 840
929 498
929 518
745 903
745 603
734 903
734 840
734 603
903 586
903 761
903 840
903 498
903 603
903 518
336 761
761 603
437 840
840 498
23:
982 434
982 877
982 977
982 779
982 946
982 526
982 773
982 737
982 308
982 758
982 794
982 8
982 492
982 507
982 81
982 616
434 977
434 794
877 977
877 779
877 737
877 891
877 673
877 8
877 506
877 507
877 616
977 779
977 946
977 526
977 161
977 737
977 891
977 308
977 758
977 673
977 794
977 8
977 492
977 506
977 507
977 81
977 616
779 946
779 891
779 758
779 673
779 506
946 773
946 161
946 737
946 891
946 308
946 758
946 673
946 794
946 506
946 616
526 492
773 737
773 758
773 616
161 737
737 794
891 308
891 794
891 507
758 492
507 81
24:
898 995
898 967
898 910
898 931
898 859
898 629
898 185
898 232
898 378
898 611
898 639
898 729
898 97
632 995
632 967
632 931
632 756
632 729
995 967
995 577
995 910
995 958
995 163
995 931
995 859
995 629
995 185
995 369
995 232
995 280
995 301
995 326
995 332
995 756
995 378
995 611
995 639
995 729
995 97
967 577
967 910
967 163
967 931
967 859
967 629
967 185
967 369
967 952
967 232
967 280
967 301
967 326
967 756
967 378
967 611
967 639
967 729
967 97
577 931
577 639
577 729
910 958
910 931
910 859
910 629
910 952
910 280
910 301
910 332
910 756
910 378
910 639
958 756
163 931
931 859
931 369
931 952
931 326
931 332
931 756
931 611
931 639
931 729
859 326
859 756
859 611
859 639
859 729
629 301
369 232
756 729
25:
972 985
972 17
972 462
972 186
985 17
985 462
985 186
17 462
462 186
26:
809 896
809 446
809 175
809 733
809 478
809 282
809 505
896 446
896 175
896 733
896 478
896 282
896 505
446 733
446 505
175 733
733 478
733 282
733 505
478 505
27:
755 177
755 658
755 730
177 658
177 730
658 730
28:
991 987
991 998
991 180
987 998
987 180
998 180
29:
995 980
995 183
995 973
925 980
925 983
925 635
925 964
925 973
925 738
925 956
925 744
925 894
925 785
925 701
925 741
951 980
951 964
951 973
951 956
980 983
980 635
980 964
980 183
980 973
980 20
980 738
980 956
980 261
980 289
980 744
980 454
980 376
980 894
980 785
980 701
980 630
980 741
983 974
983 635
983 964
983 183
983 973
983 20
983 738
983 956
983 261
983 289
983 744
983 454
983 376
983 894
983 785
983 701
983 559
983 630
983 741
974 964
974 559
635 964
635 973
635 956
964 973
964 738
964 956
964 261
964 744
964 454
964 376
964 894
964 785
964 701
964 559
964 630
964 741
183 973
973 20
973 738
973 956
973 289
973 744
973 454
973 376
973 894
973 785
973 701
973 559
973 630
973 741
738 956
738 894
738 785
956 261
956 289
956 744
956 894
956 785
956 701
956 559
956 630
956 741
744 894
894 785
894 701
894 741
785 741
30:
770 187
770 880
770 939
770 695
770 262
770 515
770 442
770 725
770 878
958 880
958 939
958 676
958 645
187 880
187 939
880 939
880 695
880 255
880 676
880 262
880 515
880 442
880 645
880 725
939 695
939 255
939 676
939 515
939 442
939 645
939 725
939 878
695 676
695 515
695 645
695 725
255 676
676 725
262 515
442 645
645 725
725 878
31:
935 936
935 199
935 460
935 214
935 853
935 325
935 703
935 409
935 743
935 441
935 610
936 199
936 460
936 365
936 214
936 853
936 325
936 703
936 409
936 743
936 441
936 610
199 460
460 853
460 743
365 853
365 703
214 853
853 325
853 703
853 409
853 743
853 441
853 610
325 703
703 743
703 610
409 743
743 441
743 610
32:
601 915
601 968
601 979
601 710
601 713
412 968
412 979
412 598
915 968
915 979
915 600
915 277
915 647
915 710
915 543
915 598
968 979
968 714
968 422
968 2
968 952
968 277
968 647
968 710
968 543
968 670
968 598
968 713
979 714
979 600
979 422
979 2
979 952
979 277
979 647
979 710
979 543
979 670
979 598
979 713
714 600
714 647
714 670
714 713
600 647
600 598
422 647
422 670
2 952
952 647
710 670
710 713
543 713
33:
750 203
750 386
750 540
203 386
203 540
386 540
34:
855 298
855 215
855 612
298 215
298 612
215 612
35:
976 933
976 951
976 962
976 517
976 218
976 941
976 817
976 465
976 391
976 874
976 290
976 953
976 292
976 32
976 736
976 443
976 564
976 427
976 428
976 800
976 473
933 962
933 941
951 962
951 941
951 953
962 517
962 218
962 941
962 817
962 465
962 391
962 874
962 953
962 32
962 736
962 37
962 427
962 428
962 800
962 473
517 953
517 736
218 941
941 817
941 391
941 874
941 290
941 953
941 292
941 736
941 37
941 564
941 800
941 473
817 874
817 953
817 736
817 887
817 427
817 800
465 874
465 953
874 953
874 32
874 736
874 443
874 887
874 427
874 428
874 800
290 953
953 292
953 736
953 37
953 443
953 887
953 564
953 427
953 428
953 800
953 473
736 800
443 800
564 800
36:
943 752
943 494
943 747
943 774
943 902
943 226
943 504
943 812
943 449
943 522
943 500
943 581
943 627
752 747
752 902
752 226
752 504
752 449
752 581
494 774
494 902
494 537
747 902
747 226
747 504
747 581
747 627
774 902
774 537
774 812
774 449
774 522
774 500
902 537
902 812
902 449
902 522
902 500
902 581
902 627
504 581
537 812
812 500
812 627
522 627
37:
900 989
900 997
900 546
791 989
791 997
791 863
791 911
791 361
791 685
791 408
791 432
791 541
989 997
989 863
989 377
989 570
989 911
989 530
989 302
989 528
989 313
989 6
989 331
989 361
989 685
989 367
989 408
989 546
989 432
989 541
989 512
989 539
989 98
997 863
997 377
997 570
997 911
997 530
997 302
997 528
997 313
997 6
997 331
997 361
997 685
997 367
997 408
997 546
997 432
997 541
997 512
997 539
997 98
863 570
863 911
863 528
863 313
863 331
863 685
863 541
863 539
863 98
377 911
570 911
570 546
570 539
911 530
911 528
911 313
911 685
911 367
911 432
911 541
911 512
911 539
530 408
530 432
302 528
6 512
361 685
546 512
38:
884 951
884 816
884 724
884 243
884 327
884 300
884 38
951 816
951 724
816 724
816 243
816 327
816 300
816 38
724 243
724 327
724 300
724 38
243 327
39:
790 392
790 702
790 708
790 43
790 602
790 468
392 702
392 708
702 708
702 602
702 468
708 43
708 602
708 468
43 602
602 468
40:
928 991
928 960
928 908
726 991
726 960
726 776
726 865
726 718
726 908
726 413
726 561
991 960
991 239
991 776
991 865
991 244
991 718
991 266
991 908
991 270
991 413
991 561
991 396
991 402
991 47
991 556
991 56
960 239
960 776
960 865
960 244
960 718
960 266
960 908
960 270
960 413
960 396
960 47
960 556
960 56
239 776
239 865
776 865
776 244
776 718
776 908
776 402
865 718
865 908
865 561
865 396
865 402
865 47
865 556
244 718
718 561
266 908
908 270
908 413
908 561
908 396
908 402
908 556
908 56
41:
480 868
480 771
480 796
893 868
893 796
893 699
868 686
868 771
868 857
868 796
868 48
868 699
686 771
686 857
686 699
771 857
771 796
771 48
771 699
857 796
857 48
796 699
42:
700 937
700 966
700 947
700 810
700 717
831 937
831 966
831 947
831 948
831 810
831 555
831 260
831 813
831 404
831 728
831 53
937 966
937 947
937 948
937 238
937 810
937 555
937 260
937 797
937 342
937 387
937 717
937 723
937 728
966 947
966 549
966 948
966 238
966 229
966 810
966 260
966 813
966 797
966 342
966 387
966 717
966 723
966 484
966 728
947 549
947 948
947 238
947 229
947 810
947 813
947 797
947 342
947 387
947 717
947 404
947 728
549 948
549 813
549 728
948 238
948 229
948 810
948 797
948 717
948 404
948 728
948 53
229 810
810 555
810 797
810 723
555 728
260 813
813 797
813 723
813 484
797 717
797 723
797 484
387 717
728 53
43:
755 730
755 841
755 90
730 841
730 90
841 90
44:
928 759
928 950
928 91
759 950
759 91
950 91
45:
358 762
358 857
358 796
762 857
762 429
762 796
857 429
857 796
429 796
46:
928 972
928 985
928 826
972 985
972 227
972 826
972 477
972 355
972 356
972 423
972 366
972 457
985 227
985 826
985 477
985 355
985 356
985 423
985 366
985 457
227 826
826 477
826 355
826 356
826 366
826 457
356 423
423 366
47:
712 839
712 323
712 680
712 566
712 565
839 323
839 680
839 566
839 565
323 566
680 565
566 565
48:
242 339
242 481
242 637
242 707
339 637
339 707
481 637
481 707
481 940
637 707
637 940
707 940
49:
628 772
628 568
628 254
772 568
772 254
568 254
50:
692 769
692 851
692 631
692 788
769 858
769 631
769 267
769 788
769 393
769 753
851 858
851 631
851 267
851 788
851 438
851 753
858 267
858 788
858 438
858 393
858 753
631 788
631 753
267 788
788 438
788 393
788 753
438 753
393 753
51:
846 542
846 793
846 272
846 690
846 940
846 440
542 793
542 272
542 690
542 440
793 272
793 690
793 940
793 440
272 690
690 940
690 440
52:
659 508
659 293
659 740
508 293
508 740
293 740
53:
651 739
651 364
651 624
739 364
739 624
364 624
54:
999 984
999 992
999 832
999 735
999 681
999 296
999 888
999 957
999 330
999 338
999 363
999 389
999 609
999 467
999 746
999 471
999 535
999 554
999 583
984 992
984 832
984 735
984 681
984 296
984 888
984 957
984 330
984 338
984 363
984 389
984 609
984 467
984 746
984 471
984 535
984 554
984 583
992 832
992 735
992 888
992 957
832 735
832 681
832 888
832 957
832 746
832 535
832 554
832 583
735 681
735 888
735 957
735 746
681 957
681 746
296 888
296 957
888 957
888 330
888 338
888 363
888 609
888 471
888 583
957 330
957 338
957 363
957 389
957 609
957 467
957 746
957 471
957 535
957 554
957 583
609 467
609 554
467 746
746 535
55:
951 839
951 489
951 566
839 489
839 566
489 566
56:
848 922
848 595
848 890
848 873
848 425
848 640
848 430
922 873
922 640
595 873
595 425
595 640
595 430
890 873
890 640
873 425
873 640
873 430
425 640
640 430
57:
759 950
759 952
759 436
950 952
950 436
952 436
58:
856 852
856 591
856 688
852 653
852 591
852 688
653 591
653 688
591 688
59:
881 592
881 666
881 671
592 666
592 671
666 671
60:
921 998
921 804
921 889
998 804
998 889
804 889
