# The communities at k=4
# from G:\Dropbox\Raghda\CNA\Final Project\other methods\CFinder-2.0.6--1448\G:\Dropbox\Raghda\CNA\Final Project\Datasets\binary_networks\LFR2\networ_LFR2_Om6.dat
# at no lower link weight threshold,
# and at no upper link weight threshold.
# Links were treated as undirected.
# No time limit was set for the clique search.

0: 100 579 824 934 59 287 534 615 593 940 359 
1: 1000 144 18 184 196 360 370 382 464 551 57 572 608 641 694 727 814 830 837 900 919 928 944 990 993 
2: 35 604 986 652 886 210 704 622 273 307 682 705 439 
3: 102 309 805 836 942 118 148 760 222 247 275 883 
4: 103 767 882 921 538 159 901 495 278 787 284 316 889 321 618 553 
5: 104 93 972 985 
6: 693 127 775 123 660 513 128 372 
7: 972 970 111 909 959 112 899 922 228 233 259 594 347 398 497 842 822 757 
8: 121 533 573 820 240 
9: 674 407 988 122 978 996 847 954 165 926 258 905 312 314 319 844 349 789 395 410 414 870 524 558 664 61 854 623 811 99 
10: 919 828 124 720 904 722 
11: 971 981 125 845 139 463 596 958 170 642 663 209 709 236 286 606 420 684 493 798 88 
12: 884 29 156 816 
13: 657 133 916 930 945 661 892 234 343 648 46 58 588 633 
14: 914 955 900 918 466 134 850 142 897 22 268 274 838 322 818 678 328 352 940 578 
15: 864 917 927 135 987 998 778 216 799 7 563 36 368 721 509 491 656 677 54 807 587 669 
16: 994 975 933 384 80 580 885 178 731 589 548 279 315 895 802 643 448 5 51 687 
17: 869 961 924 145 969 475 952 206 248 334 271 860 545 
18: 932 146 823 913 974 952 23 668 906 582 815 253 264 299 768 346 754 697 490 621 85 
19: 149 634 777 780 162 86 544 
20: 963 933 152 698 912 585 283 636 819 388 417 766 576 654 
21: 928 153 907 920 965 485 479 520 250 938 33 488 344 350 781 742 834 667 
22: 614 949 716 803 16 829 929 745 734 903 586 329 336 761 437 840 498 603 518 
23: 982 434 877 977 779 946 526 773 161 737 891 308 758 673 794 8 492 506 507 81 616 
24: 898 632 995 967 577 910 958 163 931 859 629 185 369 952 232 280 301 326 332 756 378 611 639 729 97 
25: 972 985 17 462 186 
26: 809 896 446 175 733 478 282 505 
27: 755 177 658 730 
28: 991 987 998 180 
29: 995 925 951 980 983 974 635 964 183 973 20 738 956 261 289 744 454 376 894 785 701 559 630 741 
30: 770 958 187 880 939 695 255 676 262 515 442 645 725 878 
31: 935 936 199 460 365 214 853 325 703 409 743 441 610 
32: 601 412 915 968 979 714 600 422 2 952 277 647 710 543 670 598 713 
33: 750 203 386 540 
34: 855 298 215 612 
35: 976 933 951 962 517 218 941 817 465 391 874 290 953 292 32 736 37 443 887 564 427 428 800 473 
36: 943 752 494 747 774 902 226 504 537 812 449 522 500 581 627 
37: 900 791 989 997 863 377 570 911 530 302 528 313 6 331 361 685 367 408 546 432 541 512 539 98 
38: 884 951 816 724 243 327 300 38 
39: 790 392 702 708 43 602 468 
40: 928 726 991 960 239 776 865 244 718 266 908 270 413 561 396 402 47 556 56 
41: 480 893 868 686 771 857 796 48 699 
42: 700 831 937 966 947 549 948 238 229 810 555 260 813 797 342 387 717 404 723 484 728 53 
43: 755 730 841 90 
44: 928 759 950 91 
45: 358 762 857 429 796 
46: 928 972 985 227 826 477 355 356 423 366 457 
47: 712 839 323 680 566 565 
48: 242 339 481 637 707 940 
49: 628 772 568 254 
50: 692 769 851 858 631 267 788 438 393 753 
51: 846 542 793 272 690 940 440 
52: 659 508 293 740 
53: 651 739 364 624 
54: 999 984 992 832 735 681 296 888 957 330 338 363 389 609 467 746 471 535 554 583 
55: 951 839 489 566 
56: 848 922 595 890 873 425 640 430 
57: 759 950 952 436 
58: 856 852 653 591 688 
59: 881 592 666 671 
60: 921 998 804 889 
