# The contained cliques in the communities at k=5
# from G:\Dropbox\Raghda\CNA\Final Project\other methods\CFinder-2.0.6--1448\G:\Dropbox\Raghda\CNA\Final Project\Datasets\binary_networks\LFR1\networ_LFR1_Om6.dat
# at no lower link weight threshold,
# and at no upper link weight threshold.
# Links were treated as undirected.
# No time limit was set for the clique search.

0: 9 10 12 13 295 296 602 603 669 670 735 783 784 809 810 963 965 
1: 15 107 148 252 361 386 427 532 544 565 755 756 770 771 774 776 777 778 811 830 831 976 987 
2: 18 366 632 791 792 812 869 350 349 435 595 434 182 339 
3: 24 169 284 639 656 719 729 769 808 971 
4: 36 175 337 353 511 582 659 709 722 772 821 829 942 974 978 437 979 209 139 
5: 42 391 517 518 703 392 692 258 581 580 551 
6: 43 326 338 345 406 521 539 573 662 663 716 728 805 973 
7: 45 612 69 276 583 
8: 46 100 459 461 525 696 697 712 713 723 754 759 760 764 766 767 832 833 834 835 841 842 843 844 862 863 864 865 866 875 876 877 981 986 
9: 53 109 590 643 715 730 794 931 214 422 
10: 73 282 347 348 436 456 589 658 707 717 768 773 807 945 966 980 
11: 74 495 550 814 210 402 415 
12: 86 741 742 619 
13: 89 407 408 
14: 92 
15: 99 367 423 519 520 253 
16: 103 714 737 806 836 867 533 549 566 649 664 710 718 779 868 952 977 983 956 
17: 114 266 333 818 224 362 556 682 683 758 906 554 905 757 490 130 555 
18: 122 160 294 404 446 531 633 765 883 
19: 127 586 657 743 587 424 630 644 344 414 481 149 
20: 128 638 526 
21: 158 197 748 749 542 817 543 857 562 
22: 159 343 388 453 594 668 854 
23: 190 540 578 541 286 
24: 195 
25: 196 455 529 557 822 463 859 860 861 943 330 331 378 
26: 207 588 354 355 395 429 625 695 929 930 372 216 
27: 215 396 457 491 
28: 245 553 609 691 893 894 329 610 351 352 623 297 
29: 260 389 
30: 261 617 377 
31: 262 624 787 293 359 360 394 458 528 797 410 
32: 265 488 660 871 332 489 584 585 267 460 801 872 
33: 283 721 727 720 726 828 725 827 
34: 305 478 487 506 507 382 383 471 
35: 340 390 708 724 788 874 928 
36: 381 479 635 651 705 762 901 480 636 637 677 702 545 546 652 
37: 387 
38: 405 433 454 548 597 667 761 904 
39: 409 
40: 418 419 679 628 739 
41: 420 421 675 
42: 431 688 564 600 563 599 
43: 450 
44: 470 
45: 505 648 
46: 522 579 596 640 
47: 523 524 
48: 574 575 576 665 577 621 666 800 700 816 620 796 
49: 616 
50: 622 
51: 653 
52: 672 689 
53: 674 
