# The cliques from G:\Dropbox\Raghda\CNA\Final Project\other methods\CFinder-2.0.6--1448\G:\Dropbox\Raghda\CNA\Final Project\Datasets\binary_networks\LFR2\networ_LFR2_Om2.dat
# at no lower link weight threshold,
# and at no upper link weight threshold.
# Links were treated as undirected.
# No time limit was set for the clique search.

0: 110 784 792 
1: 1 810 882 
2: 10 673 845 
3: 215 368 741 
4: 215 538 741 
5: 100 944 954 961 
6: 1000 148 990 
7: 148 990 866 
8: 172 952 806 
9: 1000 176 917 
10: 1000 176 960 
11: 981 1000 190 
12: 1000 190 894 990 
13: 1000 200 912 990 
14: 1000 204 938 990 
15: 1000 206 861 990 
16: 1000 217 948 990 
17: 1000 27 960 
18: 27 960 423 
19: 1000 32 917 990 
20: 1000 32 998 
21: 1000 39 990 
22: 1000 61 948 990 
23: 1000 74 929 
24: 1000 74 98 
25: 1000 960 98 
26: 978 102 757 849 
27: 981 957 103 765 
28: 105 885 934 939 
29: 107 889 999 
30: 944 961 108 
31: 961 108 463 
32: 109 2 927 
33: 2 927 897 
34: 11 630 749 795 
35: 954 961 111 
36: 774 25 901 
37: 984 112 964 
38: 112 472 964 
39: 113 794 884 
40: 188 752 756 
41: 114 799 967 
42: 114 920 967 
43: 971 115 953 969 
44: 116 933 982 
45: 117 850 930 
46: 117 930 955 
47: 118 776 989 
48: 964 12 975 988 
49: 998 120 959 962 
50: 841 122 813 
51: 122 157 813 
52: 952 997 123 910 
53: 749 795 124 742 
54: 974 87 941 995 
55: 125 778 905 
56: 999 126 899 942 
57: 127 755 891 
58: 127 855 891 
59: 747 826 238 756 
60: 920 967 129 
61: 983 986 13 993 
62: 844 130 542 931 
63: 982 131 877 958 
64: 132 777 793 
65: 132 777 96 
66: 999 942 134 
67: 942 134 20 
68: 899 942 20 
69: 981 135 772 
70: 981 135 977 
71: 136 668 831 
72: 136 668 898 
73: 987 930 137 
74: 138 244 544 
75: 339 244 544 
76: 989 139 690 869 
77: 982 958 3 
78: 982 3 645 
79: 989 887 869 14 
80: 845 140 301 
81: 967 875 242 
82: 144 409 740 93 
83: 145 608 996 
84: 987 996 146 963 
85: 979 147 836 
86: 732 884 149 738 
87: 998 15 994 
88: 992 15 950 
89: 992 15 994 
90: 150 232 365 
91: 151 271 545 
92: 152 837 897 
93: 774 883 153 590 
94: 999 942 154 
95: 942 154 509 
96: 155 619 730 
97: 155 730 843 
98: 979 836 156 835 
99: 987 996 158 
100: 987 158 438 
101: 159 719 848 947 
102: 934 939 16 
103: 848 947 43 
104: 160 862 922 972 
105: 997 161 893 995 
106: 162 513 872 
107: 162 786 872 
108: 954 961 163 840 
109: 982 205 908 
110: 989 165 644 943 
111: 983 986 993 166 
112: 178 641 811 859 
113: 167 914 949 
114: 885 934 939 168 
115: 942 170 829 
116: 890 171 678 
117: 974 173 935 
118: 891 175 812 819 
119: 177 399 895 
120: 177 775 895 
121: 989 887 179 
122: 989 179 753 
123: 998 18 970 
124: 989 887 181 
125: 989 181 618 
126: 794 884 208 572 
127: 974 995 182 
128: 995 182 446 
129: 937 987 909 183 
130: 955 184 752 
131: 184 821 842 
132: 185 921 946 976 
133: 934 939 186 886 
134: 979 189 40 
135: 992 979 40 
136: 987 835 19 
137: 979 836 835 19 
138: 525 191 865 965 
139: 947 192 600 
140: 979 836 835 193 
141: 998 994 970 194 
142: 845 195 517 706 
143: 858 719 196 
144: 828 719 196 
145: 983 986 993 197 
146: 982 958 198 852 
147: 952 997 199 868 
148: 989 753 201 720 
149: 947 29 285 
150: 998 970 203 918 
151: 876 209 916 
152: 949 209 916 
153: 822 210 879 
154: 999 942 211 547 
155: 777 793 213 691 
156: 929 841 813 214 
157: 975 988 216 
158: 988 965 216 
159: 931 713 218 
160: 219 290 926 
161: 988 956 221 980 
162: 810 882 823 220 
163: 989 222 565 
164: 989 222 677 
165: 944 954 671 223 
166: 582 608 224 
167: 608 996 224 
168: 952 910 868 225 
169: 929 841 226 
170: 934 939 227 
171: 998 918 228 904 
172: 927 758 229 
173: 927 897 229 
174: 937 909 23 
175: 941 995 230 
176: 952 997 868 231 
177: 997 941 231 
178: 998 969 233 
179: 998 962 970 233 
180: 674 234 785 
181: 234 626 785 
182: 235 327 458 
183: 850 914 236 
184: 944 954 961 237 
185: 991 988 956 239 
186: 934 886 240 789 
187: 949 241 936 
188: 944 954 961 243 
189: 989 869 245 
190: 989 245 452 
191: 966 972 976 246 
192: 981 992 247 940 
193: 536 897 248 
194: 745 897 248 
195: 998 959 918 249 
196: 730 843 250 
197: 939 886 251 
198: 973 943 252 493 
199: 981 957 992 64 
200: 741 28 535 672 
201: 898 282 41 
202: 898 41 854 
203: 998 970 42 
204: 937 987 30 
205: 987 30 790 
206: 897 31 804 
207: 882 823 77 
208: 855 730 33 
209: 855 33 712 
210: 741 535 88 
211: 741 331 88 
212: 889 999 34 
213: 983 993 76 
214: 889 999 35 825 
215: 974 995 924 36 
216: 665 361 66 
217: 958 761 82 
218: 958 379 82 
219: 933 877 958 38 
220: 872 387 86 
221: 872 86 664 
222: 399 895 4 
223: 895 4 638 
224: 494 665 52 
225: 665 407 52 
226: 876 932 90 
227: 732 884 738 89 
228: 931 99 444 
229: 613 432 49 
230: 973 662 45 
231: 855 843 712 46 
232: 934 886 789 47 
233: 999 977 91 
234: 858 848 48 
235: 944 954 961 83 
236: 844 931 5 
237: 878 949 5 
238: 907 994 915 51 
239: 973 943 510 95 
240: 952 997 53 
241: 747 826 756 54 
242: 952 910 642 57 
243: 719 947 69 
244: 673 706 675 58 
245: 755 843 84 
246: 998 962 970 6 
247: 872 664 75 
248: 957 992 940 78 
249: 885 939 618 65 
250: 965 846 62 
251: 844 931 628 81 
252: 630 749 795 80 
253: 973 943 652 70 
254: 785 854 94 
255: 991 975 956 67 
256: 992 950 9 
257: 992 945 9 
258: 971 923 68 
259: 971 711 68 
260: 978 849 680 7 
261: 865 965 846 71 
262: 984 975 988 8 
263: 952 997 910 97 
264: 974 941 995 92 
265: 261 859 965 846 
266: 1000 263 998 
267: 263 998 963 
268: 263 987 963 
269: 984 369 991 
270: 1000 369 938 
271: 929 304 841 
272: 304 841 381 
273: 952 296 997 910 
274: 979 356 835 647 
275: 907 267 994 881 915 
276: 402 856 768 
277: 955 343 824 932 
278: 955 343 692 
279: 271 545 947 
280: 374 916 820 
281: 971 969 358 
282: 955 314 936 
283: 368 741 672 
284: 368 741 331 
285: 772 280 814 
286: 977 280 814 945 
287: 955 916 404 
288: 955 404 760 
289: 949 916 404 
290: 982 290 926 
291: 979 836 647 397 
292: 953 969 815 254 
293: 592 327 458 
294: 812 819 384 746 
295: 812 819 384 615 
296: 907 994 253 881 915 
297: 955 914 255 
298: 914 949 255 
299: 914 255 721 
300: 933 908 256 
301: 908 743 256 
302: 667 982 350 
303: 966 922 921 976 257 
304: 876 936 258 
305: 878 949 936 258 
306: 755 843 259 
307: 855 843 670 259 
308: 740 260 566 709 
309: 260 559 709 
310: 898 377 702 
311: 971 969 905 262 
312: 971 969 262 688 
313: 979 836 835 264 
314: 991 988 956 980 265 
315: 813 986 266 
316: 986 993 266 
317: 998 959 896 970 268 
318: 810 882 823 269 
319: 988 980 270 857 
320: 841 813 272 605 
321: 513 872 273 
322: 786 872 273 
323: 855 891 843 670 274 
324: 978 757 849 275 680 
325: 747 826 752 756 276 
326: 972 921 976 277 
327: 883 278 500 
328: 955 878 279 
329: 878 949 279 
330: 983 986 993 281 
331: 993 281 534 
332: 898 895 282 
333: 898 282 702 
334: 989 887 283 291 
335: 989 926 283 
336: 989 887 291 782 
337: 957 903 992 977 284 
338: 992 977 286 
339: 736 902 969 287 
340: 979 996 321 
341: 998 959 962 970 288 
342: 984 964 289 
343: 964 933 289 
344: 998 959 962 970 292 
345: 947 293 428 
346: 947 293 429 622 
347: 913 842 294 585 
348: 978 757 849 295 
349: 996 856 297 
350: 694 856 297 
351: 755 371 712 
352: 855 371 712 
353: 371 712 342 
354: 934 939 886 789 298 
355: 934 298 696 
356: 872 299 437 
357: 872 299 533 
358: 810 882 823 394 586 
359: 826 752 756 300 502 
360: 876 824 302 
361: 989 690 322 
362: 989 782 322 
363: 973 943 652 303 662 
364: 987 930 909 827 305 
365: 987 996 909 827 306 
366: 999 996 306 
367: 882 823 307 659 
368: 882 307 412 659 
369: 979 308 439 
370: 979 308 716 
371: 991 975 309 851 
372: 953 716 310 
373: 953 310 711 
374: 732 884 311 
375: 794 884 311 
376: 966 946 976 312 870 
377: 811 859 865 313 
378: 987 963 909 315 
379: 983 986 993 316 
380: 997 895 317 
381: 898 895 317 748 
382: 317 748 807 
383: 937 987 318 
384: 987 901 318 
385: 885 934 319 
386: 862 320 925 
387: 320 400 454 
388: 591 400 531 
389: 983 986 993 985 323 
390: 913 842 324 
391: 913 324 403 
392: 780 913 403 750 
393: 907 994 915 326 
394: 952 997 910 328 
395: 983 986 993 985 329 
396: 732 884 332 
397: 884 332 346 
398: 794 884 346 
399: 884 346 395 
400: 944 961 643 333 
401: 973 943 652 334 
402: 974 997 995 935 335 
403: 927 837 897 336 
404: 927 837 336 700 
405: 979 694 337 
406: 694 337 768 
407: 991 975 980 338 
408: 791 880 340 
409: 923 880 340 
410: 919 967 341 
411: 967 875 689 341 
412: 891 670 342 
413: 944 954 961 344 
414: 749 795 742 390 448 
415: 592 432 345 
416: 884 738 395 
417: 777 793 691 347 634 
418: 998 962 348 
419: 979 996 348 
420: 983 986 993 985 349 
421: 810 882 351 586 
422: 972 770 351 
423: 974 831 995 352 
424: 974 995 924 352 
425: 952 872 353 
426: 786 872 353 
427: 872 353 387 
428: 999 899 942 354 
429: 953 969 905 355 
430: 953 625 355 
431: 829 357 370 
432: 829 357 646 
433: 987 438 359 715 
434: 987 359 728 
435: 952 910 868 360 
436: 983 993 362 
437: 984 975 988 363 
438: 999 414 363 
439: 966 972 870 364 
440: 955 936 932 366 
441: 787 960 990 367 
442: 990 367 540 
443: 978 923 372 
444: 633 791 376 
445: 883 698 373 
446: 883 581 373 
447: 981 977 950 375 
448: 981 977 945 375 
449: 958 852 379 
450: 907 994 881 915 382 
451: 984 956 383 
452: 889 999 383 
453: 999 956 383 
454: 984 964 838 385 
455: 984 857 385 
456: 983 986 993 985 386 
457: 994 881 915 388 
458: 917 929 389 
459: 929 595 389 
460: 929 813 606 389 
461: 983 986 993 985 391 
462: 844 931 392 
463: 931 392 527 
464: 749 795 742 393 
465: 927 745 804 396 
466: 927 396 573 
467: 934 939 886 398 
468: 974 997 995 401 
469: 914 949 405 
470: 982 908 926 406 
471: 1000 496 839 990 
472: 1000 496 861 960 990 
473: 582 464 768 
474: 464 996 768 
475: 464 996 669 
476: 954 961 463 703 781 
477: 472 964 975 980 
478: 486 875 689 906 
479: 486 906 593 
480: 409 740 709 453 
481: 736 971 902 422 
482: 891 419 812 819 707 
483: 995 446 951 924 
484: 949 469 936 
485: 469 767 936 
486: 972 421 870 925 863 
487: 795 742 451 
488: 784 792 451 
489: 991 988 980 488 892 
490: 673 845 485 675 
491: 989 887 452 
492: 989 452 477 
493: 989 452 516 
494: 927 758 745 499 
495: 927 837 499 
496: 973 943 493 510 
497: 937 987 455 
498: 974 997 995 924 501 
499: 971 815 418 
500: 883 500 686 
501: 584 500 686 
502: 858 947 428 
503: 828 947 428 
504: 828 947 429 
505: 786 872 437 664 
506: 786 437 491 
507: 747 826 752 756 502 
508: 810 882 412 659 
509: 592 613 432 
510: 979 996 439 
511: 996 439 925 
512: 953 969 923 480 
513: 969 923 688 480 
514: 747 826 752 756 420 
515: 777 793 481 634 
516: 777 793 481 515 
517: 979 996 856 524 
518: 979 835 524 
519: 999 899 414 
520: 899 414 574 
521: 889 999 417 
522: 982 495 479 
523: 994 915 495 
524: 630 749 795 742 448 
525: 885 934 939 789 461 
526: 810 882 823 659 408 
527: 740 566 709 453 
528: 850 949 410 
529: 949 932 410 
530: 721 932 410 
531: 913 766 411 734 
532: 913 750 411 734 
533: 927 745 804 430 
534: 927 837 804 430 
535: 777 793 691 413 515 
536: 984 964 975 980 415 
537: 984 964 975 830 415 
538: 979 836 835 647 554 416 
539: 889 999 825 460 539 
540: 927 758 424 
541: 927 573 424 
542: 941 893 995 951 425 
543: 969 880 426 
544: 895 748 426 
545: 885 934 939 886 427 
546: 811 865 965 846 490 
547: 965 528 490 
548: 891 812 819 431 
549: 812 819 431 624 
550: 732 738 433 
551: 794 738 433 
552: 794 572 433 
553: 979 996 856 443 669 
554: 858 848 434 
555: 848 434 456 
556: 848 947 622 456 
557: 984 964 991 980 435 
558: 997 941 951 436 
559: 831 951 436 
560: 920 967 491 
561: 981 950 816 440 
562: 981 945 816 440 
563: 981 977 950 441 
564: 981 977 814 441 
565: 788 920 967 442 
566: 920 967 442 727 
567: 931 444 628 
568: 784 792 445 558 620 
569: 933 982 973 447 
570: 931 527 449 
571: 931 449 459 
572: 542 931 459 
573: 931 769 459 
574: 952 997 910 806 868 450 
575: 989 869 477 
576: 989 720 477 
577: 978 757 849 680 468 
578: 995 935 951 924 457 
579: 591 531 466 
580: 967 578 487 
581: 967 727 487 
582: 967 487 593 
583: 982 973 890 479 
584: 998 959 994 918 462 
585: 983 986 993 985 465 
586: 811 859 965 846 467 
587: 942 661 829 470 
588: 974 941 995 951 471 
589: 957 903 473 
590: 953 888 923 473 
591: 967 875 833 474 
592: 967 727 474 
593: 833 863 474 
594: 971 815 475 
595: 971 631 475 
596: 984 975 988 956 980 476 
597: 999 899 942 661 498 
598: 513 872 478 
599: 786 872 533 478 
600: 983 986 993 985 968 482 
601: 927 745 897 483 
602: 927 837 897 483 
603: 966 922 976 484 
604: 966 976 484 773 
605: 844 769 628 489 
606: 989 887 869 492 
607: 989 530 492 
608: 981 992 772 497 
609: 981 992 977 497 
610: 907 994 881 915 503 
611: 933 982 958 504 
612: 933 982 908 504 
613: 981 903 992 977 505 
614: 889 999 506 
615: 831 951 506 
616: 951 924 506 
617: 889 999 825 507 627 
618: 988 838 537 
619: 988 956 537 
620: 1000 529 911 912 938 948 
621: 1000 563 861 960 990 
622: 1000 563 938 960 990 
623: 525 859 865 965 846 
624: 984 919 991 988 521 
625: 844 542 931 713 
626: 927 536 897 804 
627: 729 545 947 
628: 858 545 947 
629: 899 942 509 
630: 942 832 509 
631: 832 509 555 
632: 732 884 738 571 
633: 794 884 738 571 
634: 794 884 571 572 
635: 875 833 560 
636: 875 560 689 
637: 996 561 856 716 
638: 629 517 706 
639: 975 556 851 
640: 913 556 589 
641: 999 942 547 820 
642: 999 942 547 646 
643: 538 741 731 672 
644: 538 741 535 672 
645: 964 975 528 980 
646: 964 965 528 980 
647: 776 989 887 565 
648: 989 720 565 
649: 989 565 530 
650: 983 986 993 985 532 968 
651: 966 972 976 559 
652: 740 566 654 
653: 955 916 543 932 
654: 955 936 543 932 
655: 916 820 543 
656: 984 964 975 956 523 
657: 971 902 969 923 520 
658: 971 969 905 923 520 
659: 907 994 881 915 514 
660: 834 963 909 534 
661: 987 963 909 534 
662: 987 909 534 575 
663: 993 963 534 
664: 786 872 533 664 
665: 937 987 996 557 
666: 966 976 557 
667: 917 938 990 540 
668: 938 995 540 
669: 999 899 942 562 
670: 899 851 562 
671: 931 769 527 
672: 914 949 526 
673: 949 526 611 
674: 927 837 573 
675: 954 961 574 
676: 899 661 574 
677: 729 828 550 
678: 729 621 550 
679: 858 600 550 
680: 858 621 550 
681: 828 600 550 
682: 998 959 962 970 904 564 
683: 959 877 564 
684: 784 792 604 558 620 
685: 599 518 576 
686: 673 845 530 
687: 939 720 516 
688: 989 869 943 516 
689: 989 943 720 516 
690: 889 999 825 539 627 
691: 974 997 995 935 553 
692: 973 943 662 510 
693: 999 820 555 
694: 829 820 555 
695: 919 799 511 
696: 919 920 511 
697: 799 906 511 
698: 799 511 695 
699: 920 906 511 
700: 920 511 695 
701: 944 954 961 781 519 657 
702: 944 961 975 519 
703: 991 975 818 522 
704: 850 914 569 
705: 914 932 569 
706: 937 987 909 575 
707: 987 901 909 575 
708: 883 901 581 541 
709: 883 686 541 
710: 901 635 541 
711: 920 833 906 546 
712: 972 921 946 548 
713: 972 946 623 548 
714: 946 773 548 
715: 974 995 951 549 
716: 883 686 549 
717: 951 686 549 
718: 944 954 961 871 551 
719: 944 954 961 657 551 
720: 961 884 551 
721: 991 956 980 570 
722: 822 775 879 552 
723: 898 895 879 552 
724: 775 895 879 552 
725: 937 987 930 996 909 567 
726: 785 854 568 
727: 733 854 568 
728: 702 854 568 
729: 1000 587 911 912 938 990 
730: 1000 587 912 938 960 990 
731: 1000 601 948 990 
732: 601 948 990 866 
733: 582 608 768 
734: 582 856 768 
735: 629 784 792 620 
736: 595 982 958 817 
737: 595 982 908 926 
738: 889 610 980 
739: 991 988 610 980 857 892 
740: 774 584 590 
741: 774 584 581 
742: 774 584 686 
743: 952 997 910 642 806 
744: 952 997 910 642 660 
745: 608 996 768 
746: 774 590 635 
747: 774 883 901 581 
748: 855 619 730 
749: 958 619 852 
750: 619 852 871 
751: 641 811 859 865 965 632 
752: 929 841 813 606 605 
753: 989 753 618 
754: 858 947 600 
755: 828 947 600 
756: 828 800 600 
757: 729 947 621 
758: 858 719 947 621 
759: 974 941 893 995 935 579 
760: 974 893 995 579 676 
761: 933 973 592 
762: 978 953 888 625 
763: 978 888 625 880 
764: 668 898 626 
765: 898 895 626 748 
766: 780 913 821 842 594 750 
767: 780 913 594 589 
768: 913 821 842 594 766 
769: 913 594 766 589 
770: 971 953 969 923 631 
771: 971 953 791 631 
772: 876 791 631 
773: 912 929 605 
774: 841 813 605 598 
775: 774 901 635 
776: 927 837 897 580 804 
777: 927 837 580 700 
778: 848 800 622 
779: 913 821 842 585 
780: 913 821 585 651 
781: 792 846 604 
782: 982 877 908 645 
783: 908 743 645 
784: 978 849 612 
785: 955 878 936 612 
786: 922 972 976 616 
787: 944 954 961 643 781 
788: 810 882 823 659 586 
789: 981 992 977 945 602 
790: 981 977 685 602 
791: 997 977 602 
792: 891 812 819 615 707 
793: 812 819 615 707 624 
794: 898 895 638 
795: 775 895 638 
796: 861 707 624 
797: 844 931 769 628 
798: 998 959 962 994 970 904 609 
799: 876 824 932 611 
800: 876 916 932 611 
801: 949 824 932 611 
802: 949 916 932 611 
803: 967 906 593 708 
804: 967 656 593 
805: 972 946 976 863 623 
806: 999 996 627 
807: 996 909 627 
808: 844 931 769 576 
809: 913 766 679 589 
810: 971 902 969 888 577 
811: 971 969 905 577 
812: 969 905 880 577 
813: 969 888 880 577 
814: 889 999 825 639 
815: 931 713 639 
816: 931 769 639 
817: 966 972 921 976 588 
818: 966 972 921 696 588 
819: 966 972 976 863 588 
820: 966 972 696 863 588 
821: 998 959 962 994 970 904 583 
822: 937 987 930 996 827 596 
823: 937 987 996 963 827 596 
824: 997 893 995 935 924 597 
825: 875 859 598 
826: 811 859 865 598 
827: 966 914 603 
828: 966 921 976 925 603 771 
829: 984 964 991 607 
830: 862 972 925 607 
831: 998 959 962 896 970 614 
832: 984 964 991 617 
833: 984 991 857 617 
834: 964 991 892 617 
835: 991 857 892 617 
836: 811 859 865 965 846 632 
837: 983 986 993 985 928 968 636 
838: 907 994 881 915 847 867 637 
839: 992 977 950 940 640 
840: 992 977 940 945 640 
841: 673 845 706 675 
842: 667 933 982 958 
843: 667 982 655 958 
844: 648 974 941 995 935 951 
845: 648 974 831 995 935 951 
846: 648 974 970 
847: 991 683 975 980 
848: 683 975 970 
849: 982 655 890 958 
850: 982 655 890 926 
851: 655 958 761 
852: 668 898 733 
853: 668 775 807 
854: 668 733 807 
855: 999 661 892 
856: 899 942 661 829 
857: 982 890 678 926 744 
858: 982 678 908 926 744 
859: 678 865 664 
860: 855 730 843 670 
861: 944 954 961 671 871 
862: 944 954 961 671 703 
863: 776 989 943 677 782 
864: 989 690 677 
865: 822 674 785 807 
866: 674 733 807 
867: 998 994 665 
868: 981 977 940 685 725 
869: 981 977 685 816 
870: 955 936 685 
871: 978 971 969 923 688 
872: 983 986 993 985 928 900 666 968 
873: 952 997 910 806 868 653 724 
874: 974 997 893 995 924 676 
875: 788 920 967 875 906 650 
876: 920 967 650 727 
877: 913 842 766 679 
878: 913 766 679 734 
879: 913 766 679 651 
880: 966 922 972 770 946 925 681 
881: 999 899 942 646 
882: 899 942 829 646 
883: 978 902 888 684 
884: 902 888 710 684 
885: 778 888 684 
886: 911 856 669 
887: 979 694 856 669 
888: 919 967 656 
889: 967 800 656 
890: 967 727 656 
891: 967 656 695 
892: 967 656 654 
893: 952 997 910 868 660 724 
894: 774 883 686 
895: 951 686 739 
896: 984 991 988 956 965 980 649 
897: 788 967 906 654 
898: 967 740 654 
899: 877 906 654 
900: 780 913 821 651 
901: 913 821 766 651 
902: 997 941 995 935 951 924 663 
903: 876 916 932 658 
904: 878 914 916 932 658 
905: 878 658 697 
906: 966 972 921 946 976 925 682 
907: 976 915 682 
908: 952 997 910 806 868 724 687 
909: 989 887 690 869 
910: 989 690 720 
911: 974 941 699 995 935 951 924 
912: 974 831 699 995 935 951 
913: 997 698 972 
914: 966 698 972 976 
915: 694 856 768 
916: 902 953 969 888 710 
917: 969 888 832 710 
918: 920 967 875 689 906 
919: 898 879 702 748 
920: 898 879 702 854 
921: 966 922 972 921 946 696 
922: 966 922 972 946 696 863 
923: 971 953 969 711 
924: 971 953 791 711 
925: 971 778 711 
926: 969 880 711 
927: 791 880 711 
928: 755 843 712 
929: 944 954 961 700 
930: 850 930 916 692 
931: 850 930 936 692 
932: 930 955 916 767 692 
933: 930 955 767 936 692 
934: 937 834 909 715 
935: 937 987 909 715 
936: 987 790 715 
937: 861 989 707 
938: 812 819 746 707 
939: 944 954 961 840 703 
940: 944 954 961 703 781 
941: 788 799 967 695 
942: 788 920 967 833 695 
943: 885 934 939 886 789 701 
944: 885 934 939 886 790 701 
945: 885 934 939 886 701 783 
946: 903 992 977 950 705 
947: 903 992 950 796 705 
948: 903 992 950 754 705 
949: 992 977 950 940 705 
950: 992 950 940 754 705 
951: 919 799 967 708 
952: 919 920 967 708 
953: 799 967 906 708 
954: 920 967 906 708 
955: 920 967 727 708 
956: 850 930 697 
957: 850 949 697 
958: 930 955 697 
959: 955 878 760 697 
960: 878 949 697 
961: 981 957 992 977 945 693 
962: 981 957 992 796 945 693 
963: 981 992 977 945 874 693 
964: 981 992 796 945 874 693 
965: 907 994 802 881 915 847 867 704 
966: 998 959 962 994 896 970 918 714 
967: 736 971 902 953 969 
968: 736 971 902 953 791 
969: 736 971 778 
970: 1000 737 894 911 938 948 990 
971: 1000 737 894 938 948 960 990 
972: 737 911 938 948 990 866 
973: 737 938 948 960 990 866 
974: 737 960 925 
975: 729 828 947 
976: 729 848 947 
977: 755 730 843 
978: 858 719 848 947 
979: 828 719 947 
980: 933 982 973 723 
981: 933 982 958 723 852 
982: 982 973 723 817 
983: 982 958 723 852 817 
984: 723 852 743 817 
985: 898 879 733 854 
986: 879 733 807 854 
987: 991 994 802 867 
988: 878 914 936 721 932 
989: 878 760 721 
990: 824 936 721 932 
991: 908 926 731 
992: 926 731 871 
993: 981 765 992 977 950 940 722 
994: 981 992 977 950 940 722 874 
995: 979 996 856 716 
996: 996 856 716 768 
997: 774 883 901 717 
998: 953 969 905 717 
999: 981 957 992 977 950 940 725 764 
1000: 937 834 996 963 827 728 
1001: 937 987 930 996 827 728 
1002: 937 987 996 963 827 728 
1003: 998 959 962 994 896 970 918 904 718 
1004: 780 913 821 750 734 
1005: 985 734 864 
1006: 913 821 766 734 
1007: 998 959 962 994 896 970 918 726 
1008: 998 949 726 
1009: 974 997 941 893 995 935 951 739 
1010: 974 831 995 935 951 739 
1011: 995 936 739 
1012: 978 757 849 735 
1013: 973 761 735 
1014: 958 761 735 
1015: 984 919 763 964 988 980 
1016: 984 763 964 988 838 965 980 
1017: 984 763 964 988 956 965 980 
1018: 755 891 843 
1019: 889 758 881 
1020: 927 758 745 804 
1021: 927 745 897 804 
1022: 974 831 995 751 935 951 
1023: 974 893 995 751 935 951 924 
1024: 776 989 869 753 782 
1025: 933 973 761 
1026: 933 958 761 
1027: 958 985 761 
1028: 958 761 744 
1029: 852 908 743 
1030: 908 926 743 744 
1031: 876 955 760 
1032: 973 890 926 746 
1033: 890 958 746 
1034: 957 903 992 977 762 945 
1035: 957 992 977 940 762 814 945 
1036: 903 992 977 762 945 874 
1037: 992 977 940 762 814 945 874 
1038: 983 986 993 985 928 900 759 968 864 
1039: 898 895 879 748 
1040: 879 748 807 
1041: 981 903 992 950 754 
1042: 981 903 992 945 754 
1043: 981 992 950 940 754 764 
1044: 981 992 940 945 754 764 
1045: 981 957 992 977 940 945 764 
1046: 982 890 877 958 744 
1047: 982 890 877 926 744 
1048: 982 877 908 926 744 
1049: 788 799 967 906 
1050: 788 920 967 875 833 906 
1051: 1000 779 801 839 894 948 
1052: 1000 779 801 894 912 948 960 
1053: 1000 779 839 894 911 938 948 
1054: 1000 779 894 911 912 938 948 
1055: 1000 779 894 912 938 948 960 
1056: 779 912 950 
1057: 1000 787 911 917 990 
1058: 1000 787 960 990 
1059: 787 911 917 990 866 
1060: 787 960 990 866 
1061: 981 957 765 992 977 950 940 
1062: 981 957 765 977 950 816 
1063: 776 989 887 869 943 782 
1064: 776 869 972 
1065: 971 778 905 923 
1066: 971 778 888 923 
1067: 981 957 903 992 772 
1068: 981 957 992 772 814 
1069: 981 957 772 816 
1070: 786 872 797 
1071: 822 775 879 807 854 
1072: 966 862 922 972 770 946 976 925 
1073: 966 922 972 770 946 976 925 863 
1074: 822 879 785 807 854 
1075: 955 878 916 767 932 
1076: 955 878 767 936 932 
1077: 955 824 767 936 932 
1078: 939 986 789 
1079: 976 915 847 
1080: 845 943 782 
1081: 939 987 790 
1082: 987 996 790 
1083: 987 835 790 
1084: 996 904 768 
1085: 944 954 961 871 781 
1086: 917 988 781 
1087: 966 862 946 976 925 773 
1088: 966 946 976 870 925 863 773 
1089: 896 870 773 
1090: 974 941 995 951 783 
1091: 966 862 922 972 921 976 925 797 771 
1092: 1000 801 805 839 917 948 
1093: 1000 801 805 912 917 948 
1094: 1000 801 805 912 948 960 
1095: 1000 801 839 894 917 948 
1096: 1000 801 894 912 917 948 
1097: 801 805 839 917 948 866 
1098: 801 805 948 960 866 
1099: 803 983 986 993 985 928 900 853 968 808 
1100: 803 983 986 993 985 928 900 853 968 864 
1101: 1000 805 839 917 938 948 990 
1102: 1000 805 912 917 938 948 990 
1103: 1000 805 912 938 948 960 990 
1104: 805 839 917 938 948 990 866 
1105: 805 938 948 960 990 866 
1106: 999 793 977 
1107: 920 967 800 906 
1108: 911 866 806 
1109: 981 957 903 992 950 796 
1110: 981 957 903 992 796 945 
1111: 981 903 992 950 796 874 
1112: 981 903 992 796 945 874 
1113: 983 986 993 985 809 928 900 853 798 968 
1114: 983 986 993 985 928 900 853 798 968 864 
1115: 966 862 922 972 921 946 976 925 797 
1116: 966 922 972 921 946 976 870 925 797 
1117: 939 986 808 
1118: 983 986 993 985 809 928 900 853 968 808 
1119: 937 834 992 
1120: 937 834 996 963 909 827 
1121: 998 834 963 
1122: 998 834 916 
1123: 834 901 996 909 
1124: 983 813 986 
1125: 833 972 863 
1126: 971 969 888 832 
1127: 985 809 852 
1128: 978 971 953 969 905 815 923 
1129: 978 969 905 815 923 880 
1130: 942 829 820 
1131: 893 995 812 
1132: 876 955 824 936 932 
1133: 850 949 824 936 
1134: 949 824 936 932 
1135: 998 959 962 873 963 994 896 970 860 918 904 
1136: 942 916 820 
1137: 937 987 930 996 909 827 
1138: 937 987 996 963 909 827 
1139: 981 957 992 977 940 814 945 
1140: 981 992 977 940 814 945 874 
1141: 982 973 890 817 
1142: 982 890 958 817 
1143: 981 957 977 945 816 
1144: 981 977 950 816 874 
1145: 981 977 945 816 874 
1146: 979 995 816 
1147: 984 964 991 975 988 956 830 
1148: 984 964 991 975 988 851 830 
1149: 984 991 975 988 857 851 830 
1150: 984 949 830 
1151: 944 975 830 
1152: 944 840 830 
1153: 964 991 975 988 956 830 892 
1154: 964 991 975 988 851 830 892 
1155: 991 975 988 857 851 830 892 
1156: 991 988 956 840 830 
1157: 984 964 991 975 988 838 980 818 
1158: 984 964 991 975 988 956 980 818 
1159: 984 964 991 988 838 965 980 818 
1160: 984 964 991 988 956 965 980 818 
1161: 991 988 994 818 
1162: 1000 839 894 911 917 938 948 990 
1163: 839 911 917 938 948 990 866 
1164: 984 962 873 
1165: 984 873 940 
1166: 873 994 864 
1167: 964 991 975 988 838 980 892 
1168: 979 835 995 
1169: 978 969 840 
1170: 991 988 956 840 965 980 
1171: 937 965 846 
1172: 1000 861 911 912 917 948 990 
1173: 1000 861 912 948 960 990 
1174: 850 890 958 
1175: 850 914 949 916 
1176: 850 914 949 936 
1177: 973 855 908 
1178: 986 848 945 
1179: 931 928 853 
1180: 933 982 852 908 
1181: 933 852 871 
1182: 958 985 852 
1183: 984 991 975 988 980 857 851 
1184: 991 975 988 980 857 851 892 
1185: 984 919 964 991 988 980 851 
1186: 984 964 991 975 988 980 851 
1187: 919 964 991 988 980 851 892 
1188: 964 991 975 988 980 851 892 
1189: 953 905 854 
1190: 876 930 955 916 
1191: 876 930 955 936 
1192: 876 955 916 932 
1193: 966 922 972 946 976 870 925 863 
1194: 981 903 992 977 950 874 
1195: 981 903 992 977 945 874 
1196: 982 977 874 
1197: 933 973 926 871 
1198: 933 877 926 871 
1199: 933 982 890 877 958 
1200: 933 982 890 877 926 
1201: 933 982 877 908 926 
1202: 959 890 877 
1203: 955 878 914 916 932 
1204: 955 878 914 936 932 
1205: 878 914 949 916 932 
1206: 878 914 949 936 932 
1207: 978 969 888 923 880 
1208: 1000 894 911 912 917 929 948 990 
1209: 1000 894 911 912 917 938 948 990 
1210: 1000 894 912 929 948 960 990 
1211: 1000 894 912 938 948 960 990 
1212: 894 991 965 
1213: 894 997 895 
1214: 981 885 934 
1215: 933 982 973 890 926 
1216: 978 971 902 953 969 888 923 
1217: 974 997 941 893 995 935 951 924 
1218: 999 956 892 
1219: 964 991 975 988 956 980 892 
1220: 899 942 970 
1221: 987 901 996 909 
1222: 981 957 903 992 977 950 
1223: 981 957 903 992 977 945 
1224: 953 905 935 
1225: 969 905 977 
1226: 959 972 904 
1227: 996 963 904 
1228: 983 993 963 928 
1229: 948 982 908 
1230: 933 982 973 908 926 
1231: 974 949 913 
1232: 974 913 924 
1233: 998 949 916 
1234: 917 929 988 
1235: 954 998 918 
1236: 930 962 918 
1237: 952 997 922 
1238: 997 922 972 
1239: 960 972 925 
1240: 929 960 988 
1241: 981 934 993 
1242: 981 934 977 
1243: 987 930 936 
1244: 984 975 935 
1245: 984 997 935 
1246: 955 995 936 
1247: 984 965 940 
1248: 961 993 968 
1249: 986 945 968 
1250: 944 961 952 
1251: 967 986 950 
1252: 954 961 998 
1253: 981 993 963 
1254: 993 996 963 
1255: 983 974 995 
1256: 997 979 995 
