# The links from G:\Dropbox\Raghda\CNA\Final Project\other methods\CFinder-2.0.6--1448\G:\Dropbox\Raghda\CNA\Final Project\Datasets\binary_networks\LFR2\networ_LFR2_Om2.dat
# at no lower link weight threshold,
# and at no upper link weight threshold.
# Links were treated as undirected.
# No time limit was set for the clique search.
# (mutual links and self-links were removed)

1 788
1 810
1 882
1 984
10 215
10 673
10 845
10 981
100 944
100 954
100 961
100 981
1000 148
1000 172
1000 176
1000 190
1000 200
1000 204
1000 206
1000 217
1000 261
1000 263
1000 27
1000 32
1000 369
1000 39
1000 496
1000 529
1000 563
1000 587
1000 601
1000 61
1000 667
1000 732
1000 736
1000 737
1000 74
1000 747
1000 779
1000 787
1000 801
1000 803
1000 805
1000 823
1000 839
1000 844
1000 861
1000 894
1000 911
1000 912
1000 917
1000 929
1000 937
1000 938
1000 948
1000 960
1000 978
1000 98
1000 981
1000 990
1000 998
101 582
101 919
101 957
101 998
102 304
102 757
102 849
102 978
103 464
103 765
103 957
103 981
104 729
104 858
104 957
104 971
105 774
105 885
105 934
105 939
106 339
106 629
106 834
106 987
107 889
107 903
107 934
107 999
108 463
108 648
108 944
108 961
109 2
109 595
109 927
109 952
11 630
11 749
11 763
11 795
110 784
110 792
110 983
111 25
111 296
111 954
111 961
112 472
112 964
112 974
112 984
113 188
113 794
113 884
113 902
114 799
114 920
114 967
114 991
115 876
115 953
115 969
115 971
116 683
116 933
116 982
116 990
117 655
117 850
117 930
117 955
118 776
118 826
118 989
118 998
119 633
119 795
119 883
119 973
12 964
12 975
12 988
12 997
120 959
120 962
120 992
120 998
121 826
121 841
121 907
121 959
122 157
122 525
122 813
122 841
123 887
123 910
123 952
123 997
124 742
124 749
124 795
124 87
125 778
125 905
125 967
125 979
126 890
126 899
126 942
126 999
127 755
127 855
127 891
127 978
128 238
128 758
128 986
128 992
129 486
129 521
129 920
129 967
13 873
13 983
13 986
13 993
130 542
130 844
130 931
130 941
131 877
131 958
131 982
131 984
132 610
132 777
132 793
132 96
133 912
133 942
133 966
133 993
134 20
134 875
134 942
134 999
135 59
135 772
135 977
135 981
136 668
136 822
136 831
136 898
137 356
137 930
137 974
137 987
138 244
138 494
138 544
138 780
139 3
139 690
139 869
139 989
14 869
14 878
14 887
14 989
140 301
140 63
140 845
140 933
141 512
141 699
141 713
141 769
142 267
142 584
142 698
142 901
143 242
143 642
143 799
143 833
144 402
144 409
144 740
144 93
145 343
145 536
145 608
145 996
146 661
146 963
146 987
146 996
147 836
147 838
147 952
147 979
148 1000
148 866
148 888
148 990
149 732
149 738
149 832
149 884
15 950
15 992
15 994
15 998
150 232
150 339
150 365
150 745
151 271
151 545
151 828
151 891
152 694
152 792
152 837
152 897
153 374
153 590
153 774
153 883
154 509
154 581
154 942
154 999
155 619
155 730
155 843
155 985
156 835
156 836
156 941
156 979
157 122
157 381
157 667
157 813
158 438
158 837
158 987
158 996
159 719
159 809
159 848
159 947
16 43
16 934
16 939
16 960
160 862
160 922
160 956
160 972
161 893
161 928
161 995
161 997
162 513
162 608
162 786
162 872
163 840
163 954
163 961
163 999
164 205
164 751
164 877
164 981
165 644
165 943
165 978
165 989
166 178
166 983
166 986
166 993
167 652
167 800
167 914
167 949
168 885
168 909
168 934
168 939
169 358
169 422
169 571
169 815
17 419
17 710
17 791
17 933
170 829
170 896
170 942
170 984
171 21
171 678
171 890
171 923
172 1000
172 806
172 832
172 952
173 793
173 935
173 974
173 990
174 560
174 578
174 799
174 995
175 738
175 812
175 819
175 891
176 1000
176 913
176 917
176 960
177 180
177 399
177 775
177 895
178 166
178 641
178 811
178 859
179 753
179 770
179 887
179 989
18 232
18 960
18 970
18 998
180 177
180 606
180 723
180 877
181 208
181 618
181 887
181 989
182 446
182 824
182 974
182 995
183 900
183 909
183 937
183 987
184 752
184 821
184 842
184 955
185 670
185 921
185 946
185 976
186 853
186 886
186 934
186 939
187 314
187 374
187 469
187 689
188 113
188 752
188 756
188 895
189 40
189 421
189 561
189 979
19 835
19 836
19 979
19 987
190 1000
190 894
190 981
190 990
191 525
191 647
191 865
191 965
192 600
192 947
192 955
192 989
193 835
193 836
193 972
193 979
194 821
194 970
194 994
194 998
195 517
195 706
195 845
195 929
196 508
196 719
196 828
196 858
197 542
197 983
197 986
197 993
198 810
198 852
198 958
198 982
199 784
199 868
199 952
199 997
2 109
2 212
2 897
2 927
20 134
20 887
20 899
20 942
200 1000
200 860
200 912
200 990
201 720
201 753
201 964
201 989
202 29
202 621
202 800
202 963
203 579
203 918
203 970
203 998
204 1000
204 796
204 938
204 990
205 164
205 556
205 908
205 982
206 1000
206 861
206 990
206 995
207 451
207 591
207 592
207 846
208 181
208 572
208 794
208 884
209 542
209 876
209 916
209 949
21 171
21 325
21 761
21 982
210 285
210 50
210 822
210 879
211 547
211 751
211 942
211 999
212 2
212 625
212 902
212 964
213 691
213 777
213 793
213 972
214 671
214 813
214 841
214 929
215 10
215 368
215 538
215 741
216 280
216 965
216 975
216 988
217 1000
217 404
217 948
217 990
218 380
218 61
218 713
218 931
219 221
219 290
219 508
219 926
22 397
22 469
22 528
22 914
220 409
220 810
220 823
220 882
221 219
221 956
221 980
221 988
222 565
222 677
222 970
222 989
223 671
223 944
223 954
223 976
224 582
224 608
224 625
224 996
225 868
225 910
225 921
225 952
226 521
226 841
226 929
226 947
227 674
227 860
227 934
227 939
228 254
228 904
228 918
228 998
229 758
229 879
229 897
229 927
23 488
23 798
23 909
23 937
230 791
230 820
230 941
230 995
231 868
231 941
231 952
231 997
232 150
232 18
232 365
232 544
233 962
233 969
233 970
233 998
234 626
234 674
234 785
234 955
235 327
235 458
235 613
235 994
236 767
236 850
236 914
236 937
237 594
237 944
237 954
237 961
238 128
238 747
238 756
238 826
239 733
239 956
239 988
239 991
24 240
24 485
24 743
24 998
240 24
240 789
240 886
240 934
241 587
241 760
241 936
241 949
242 143
242 875
242 957
242 967
243 794
243 944
243 954
243 961
244 138
244 339
244 544
244 665
245 452
245 766
245 869
245 989
246 880
246 966
246 972
246 976
247 789
247 940
247 981
247 992
248 536
248 745
248 897
248 990
249 631
249 918
249 959
249 998
25 111
25 774
25 813
25 901
250 730
250 802
250 843
250 844
251 384
251 499
251 886
251 939
252 493
252 532
252 943
252 973
253 455
253 881
253 907
253 915
253 994
254 228
254 815
254 950
254 953
254 969
255 608
255 721
255 914
255 949
255 955
256 350
256 743
256 847
256 908
256 933
257 685
257 921
257 922
257 966
257 976
258 876
258 878
258 886
258 936
258 949
259 670
259 755
259 843
259 855
259 878
26 633
26 849
26 880
26 971
260 377
260 559
260 566
260 709
260 740
261 1000
261 709
261 846
261 859
261 965
262 688
262 866
262 905
262 969
262 971
263 1000
263 746
263 963
263 987
263 998
264 729
264 835
264 836
264 895
264 979
265 951
265 956
265 980
265 988
265 991
266 543
266 762
266 813
266 986
266 993
267 142
267 881
267 907
267 915
267 994
268 666
268 896
268 959
268 970
268 998
269 810
269 823
269 827
269 882
269 955
27 1000
27 423
27 924
27 960
270 523
270 857
270 933
270 980
270 988
271 151
271 520
271 545
271 947
271 967
272 501
272 605
272 796
272 813
272 841
273 513
273 633
273 786
273 872
273 894
274 418
274 670
274 843
274 855
274 891
275 680
275 731
275 757
275 849
275 978
276 747
276 752
276 756
276 826
276 856
277 64
277 921
277 924
277 972
277 976
278 500
278 635
278 883
278 920
278 953
279 671
279 878
279 949
279 955
279 960
28 535
28 672
28 741
28 990
280 216
280 772
280 814
280 945
280 977
281 514
281 534
281 983
281 986
281 993
282 41
282 702
282 895
282 898
282 957
283 291
283 580
283 887
283 926
283 989
284 817
284 903
284 957
284 977
284 992
285 210
285 29
285 513
285 578
285 947
286 42
286 644
286 977
286 992
286 996
287 321
287 736
287 902
287 949
287 969
288 578
288 959
288 962
288 970
288 998
289 817
289 911
289 933
289 964
289 984
29 202
29 285
29 921
29 947
290 219
290 55
290 902
290 926
290 982
291 283
291 301
291 782
291 887
291 989
292 321
292 959
292 962
292 970
292 998
293 428
293 429
293 622
293 947
293 979
294 585
294 604
294 722
294 842
294 913
295 757
295 778
295 800
295 849
295 978
296 111
296 888
296 910
296 952
296 997
297 371
297 547
297 694
297 856
297 996
298 696
298 789
298 886
298 934
298 939
299 394
299 437
299 533
299 872
299 990
3 139
3 645
3 958
3 982
30 790
30 792
30 937
30 987
300 502
300 752
300 756
300 826
300 913
301 140
301 291
301 629
301 845
301 993
302 322
302 737
302 824
302 876
302 914
303 652
303 662
303 943
303 973
303 977
304 102
304 381
304 653
304 841
304 929
305 759
305 827
305 909
305 930
305 987
306 827
306 909
306 987
306 996
306 999
307 412
307 659
307 816
307 823
307 882
308 432
308 439
308 716
308 799
308 979
309 480
309 612
309 851
309 975
309 991
31 512
31 804
31 883
31 897
310 439
310 608
310 711
310 716
310 953
311 732
311 788
311 794
311 884
311 957
312 870
312 904
312 946
312 966
312 976
313 420
313 804
313 811
313 859
313 865
314 187
314 710
314 765
314 936
314 955
315 500
315 805
315 909
315 963
315 987
316 875
316 983
316 986
316 990
316 993
317 748
317 807
317 895
317 898
317 997
318 676
318 901
318 937
318 941
318 987
319 481
319 823
319 885
319 934
319 989
32 1000
32 917
32 990
32 998
320 400
320 454
320 616
320 862
320 925
321 287
321 292
321 402
321 979
321 996
322 302
322 690
322 782
322 960
322 989
323 907
323 983
323 985
323 986
323 993
324 403
324 643
324 842
324 873
324 913
325 21
325 884
325 906
325 919
325 971
326 830
326 836
326 907
326 915
326 994
327 235
327 454
327 458
327 592
327 974
328 77
328 910
328 952
328 978
328 997
329 691
329 983
329 985
329 986
329 993
33 712
33 730
33 855
33 931
330 590
330 650
330 717
330 891
330 989
331 368
331 741
331 88
331 967
331 978
332 346
332 732
332 884
332 906
332 990
333 524
333 643
333 874
333 944
333 961
334 557
334 652
334 943
334 973
334 999
335 679
335 935
335 974
335 995
335 997
336 700
336 837
336 885
336 897
336 927
337 556
337 561
337 694
337 768
337 979
338 350
338 725
338 975
338 980
338 991
339 106
339 150
339 244
339 509
339 544
34 836
34 889
34 953
34 999
340 76
340 791
340 827
340 880
340 923
341 599
341 689
341 875
341 919
341 967
342 371
342 670
342 712
342 891
342 919
343 145
343 692
343 824
343 932
343 955
344 390
344 811
344 944
344 954
344 961
345 432
345 531
345 592
345 601
345 616
346 332
346 395
346 44
346 794
346 884
347 525
347 634
347 691
347 777
347 793
348 914
348 962
348 979
348 996
348 998
349 888
349 983
349 985
349 986
349 993
35 825
35 882
35 889
35 999
350 256
350 338
350 667
350 688
350 982
351 586
351 770
351 810
351 882
351 972
352 700
352 831
352 924
352 974
352 995
353 387
353 602
353 786
353 872
353 952
354 606
354 899
354 942
354 961
354 999
355 625
355 681
355 905
355 953
355 969
356 137
356 647
356 666
356 835
356 979
357 370
357 414
357 646
357 829
357 931
358 169
358 684
358 943
358 969
358 971
359 438
359 715
359 728
359 871
359 987
36 451
36 924
36 974
36 995
360 868
360 910
360 952
360 965
360 966
361 365
361 417
361 66
361 665
361 803
362 794
362 919
362 978
362 983
362 993
363 414
363 975
363 984
363 988
363 999
364 852
364 870
364 924
364 966
364 972
365 150
365 232
365 361
365 494
365 811
366 717
366 932
366 936
366 944
366 955
367 540
367 787
367 960
367 989
367 990
368 215
368 331
368 523
368 672
368 741
369 1000
369 932
369 938
369 984
369 991
37 495
37 765
37 787
37 929
370 357
370 819
370 829
370 832
370 999
371 297
371 342
371 712
371 755
371 855
372 376
372 419
372 923
372 947
372 978
373 554
373 581
373 698
373 779
373 883
374 153
374 187
374 820
374 916
374 928
375 619
375 945
375 950
375 977
375 981
376 372
376 633
376 743
376 791
376 987
377 260
377 702
377 822
377 862
377 898
378 407
378 544
378 72
378 817
378 926
379 645
379 82
379 852
379 958
379 968
38 718
38 877
38 933
38 958
380 218
380 417
380 472
380 512
380 844
381 157
381 304
381 562
381 841
381 962
382 766
382 881
382 907
382 915
382 994
383 889
383 948
383 956
383 984
383 999
384 251
384 615
384 746
384 812
384 819
385 838
385 857
385 964
385 984
385 990
386 971
386 983
386 985
386 986
386 993
387 353
387 39
387 846
387 86
387 872
388 775
388 881
388 915
388 987
388 994
389 595
389 606
389 813
389 917
389 929
39 1000
39 387
39 750
39 990
390 344
390 448
390 742
390 749
390 795
391 448
391 983
391 985
391 986
391 993
392 527
392 839
392 844
392 857
392 931
393 526
393 742
393 749
393 795
393 962
394 299
394 586
394 810
394 823
394 882
395 346
395 738
395 865
395 884
395 906
396 573
396 745
396 804
396 927
396 947
397 22
397 647
397 836
397 979
397 989
398 886
398 924
398 934
398 939
398 970
399 177
399 4
399 854
399 895
399 951
4 399
4 638
4 895
4 960
40 189
40 873
40 979
40 992
400 320
400 454
400 461
400 531
400 591
401 414
401 664
401 974
401 995
401 997
402 144
402 321
402 768
402 798
402 856
403 324
403 750
403 780
403 913
403 973
404 217
404 760
404 916
404 949
404 955
405 820
405 901
405 904
405 914
405 949
406 493
406 494
406 908
406 926
406 982
407 378
407 52
407 526
407 665
407 931
408 659
408 810
408 823
408 882
408 893
408 959
409 144
409 220
409 453
409 709
409 740
409 93
41 282
41 854
41 898
41 910
410 672
410 721
410 850
410 902
410 932
410 949
411 430
411 734
411 750
411 766
411 90
411 913
412 307
412 659
412 810
412 882
412 976
412 997
413 515
413 691
413 694
413 777
413 793
413 983
414 357
414 363
414 401
414 574
414 899
414 999
415 699
415 830
415 964
415 975
415 980
415 984
416 532
416 554
416 647
416 835
416 836
416 979
417 361
417 380
417 675
417 889
417 931
417 999
418 274
418 60
418 684
418 815
418 910
418 971
419 17
419 372
419 707
419 812
419 819
419 891
42 286
42 879
42 970
42 998
420 313
420 747
420 752
420 756
420 825
420 826
421 189
421 550
421 863
421 870
421 925
421 972
422 169
422 736
422 830
422 902
422 925
422 971
423 27
423 460
423 601
423 897
423 911
423 960
424 573
424 721
424 758
424 79
424 843
424 927
425 529
425 867
425 893
425 941
425 951
425 995
426 748
426 759
426 880
426 895
426 969
426 974
427 885
427 886
427 89
427 926
427 934
427 939
428 293
428 828
428 854
428 858
428 947
428 99
429 293
429 490
429 622
429 828
429 947
429 983
43 16
43 536
43 848
43 947
430 411
430 745
430 79
430 804
430 837
430 927
431 624
431 812
431 819
431 891
431 915
431 943
432 308
432 345
432 49
432 591
432 592
432 613
433 443
433 572
433 722
433 732
433 738
433 794
434 456
434 757
434 848
434 858
434 935
434 969
435 903
435 963
435 964
435 980
435 984
435 991
436 831
436 859
436 941
436 948
436 951
436 997
437 299
437 491
437 664
437 786
437 872
437 874
438 158
438 359
438 564
438 715
438 975
438 987
439 308
439 310
439 925
439 949
439 979
439 996
44 346
44 845
44 953
44 957
440 816
440 919
440 933
440 945
440 950
440 981
441 814
441 837
441 851
441 950
441 977
441 981
442 696
442 727
442 788
442 901
442 920
442 967
443 433
443 526
443 669
443 856
443 979
443 996
444 512
444 586
444 628
444 656
444 931
444 99
445 558
445 609
445 620
445 754
445 784
445 792
446 182
446 660
446 924
446 944
446 951
446 995
447 461
447 731
447 933
447 968
447 973
447 982
448 390
448 391
448 630
448 742
448 749
448 795
449 459
449 518
449 527
449 530
449 768
449 931
45 662
45 796
45 824
45 973
450 806
450 868
450 910
450 952
450 982
450 997
451 207
451 36
451 742
451 784
451 792
451 795
452 245
452 477
452 516
452 887
452 989
452 992
453 409
453 566
453 709
453 740
453 866
453 910
454 320
454 327
454 400
454 56
454 580
454 891
455 253
455 760
455 932
455 937
455 956
455 987
456 434
456 468
456 622
456 711
456 848
456 947
457 829
457 876
457 924
457 935
457 951
457 995
458 235
458 327
458 466
458 592
458 611
458 850
459 449
459 487
459 542
459 660
459 769
459 931
46 479
46 712
46 843
46 855
460 423
460 539
460 764
460 825
460 889
460 999
461 400
461 447
461 789
461 885
461 934
461 939
462 918
462 922
462 943
462 959
462 994
462 998
463 108
463 703
463 781
463 954
463 961
463 965
464 103
464 582
464 669
464 768
464 996
464 997
465 646
465 980
465 983
465 985
465 986
465 993
466 458
466 49
466 531
466 591
466 650
466 688
467 811
467 846
467 859
467 965
467 976
467 995
468 456
468 680
468 757
468 849
468 965
468 978
469 187
469 22
469 767
469 936
469 949
469 996
47 789
47 825
47 886
47 934
470 661
470 733
470 811
470 829
470 91
470 942
471 837
471 932
471 941
471 951
471 974
471 995
472 112
472 380
472 921
472 964
472 975
472 980
473 633
473 888
473 903
473 923
473 953
473 957
474 725
474 727
474 833
474 863
474 875
474 967
475 631
475 717
475 815
475 818
475 860
475 971
476 498
476 956
476 975
476 980
476 984
476 988
477 452
477 553
477 720
477 869
477 957
477 989
478 513
478 533
478 573
478 786
478 862
478 872
479 46
479 495
479 890
479 973
479 982
479 986
48 848
48 858
48 904
48 991
480 309
480 688
480 923
480 953
480 969
480 987
481 319
481 515
481 634
481 777
481 793
481 820
482 648
482 968
482 983
482 985
482 986
482 993
483 745
483 837
483 897
483 927
483 930
483 947
484 773
484 83
484 922
484 938
484 966
484 976
485 24
485 673
485 675
485 845
485 927
485 969
486 129
486 593
486 689
486 731
486 875
486 906
487 459
487 578
487 593
487 727
487 885
487 967
488 23
488 890
488 892
488 980
488 988
488 991
489 518
489 628
489 769
489 844
489 917
489 950
49 432
49 466
49 510
49 613
490 429
490 528
490 811
490 846
490 865
490 965
491 437
491 502
491 513
491 786
491 920
491 967
492 530
492 786
492 792
492 869
492 887
492 989
493 252
493 406
493 510
493 905
493 943
493 973
494 138
494 365
494 406
494 52
494 665
494 819
495 37
495 479
495 863
495 915
495 982
495 994
496 1000
496 836
496 839
496 861
496 960
496 990
497 593
497 772
497 802
497 977
497 981
497 992
498 476
498 543
498 661
498 899
498 942
498 999
499 251
499 553
499 745
499 758
499 837
499 927
5 844
5 878
5 931
5 949
50 210
50 888
50 897
50 986
500 278
500 315
500 584
500 686
500 801
500 883
501 272
501 623
501 924
501 974
501 995
501 997
502 300
502 491
502 747
502 752
502 756
502 826
503 649
503 854
503 881
503 907
503 915
503 994
504 851
504 889
504 908
504 933
504 958
504 982
505 513
505 892
505 903
505 977
505 981
505 992
506 831
506 889
506 924
506 951
506 989
506 999
507 627
507 825
507 840
507 845
507 889
507 999
508 196
508 219
508 667
508 706
508 852
508 973
508 998
509 154
509 339
509 555
509 576
509 832
509 899
509 942
51 840
51 907
51 915
51 994
510 49
510 493
510 662
510 943
510 95
510 973
510 992
511 695
511 762
511 799
511 88
511 906
511 919
511 920
512 141
512 31
512 380
512 444
512 518
512 797
512 955
513 162
513 273
513 285
513 478
513 491
513 505
513 872
514 281
514 859
514 881
514 886
514 907
514 915
514 994
515 413
515 481
515 691
515 770
515 777
515 793
515 888
516 452
516 720
516 748
516 869
516 939
516 943
516 989
517 195
517 629
517 63
517 680
517 706
517 845
517 982
518 449
518 489
518 512
518 576
518 599
518 817
518 962
519 657
519 781
519 939
519 944
519 954
519 961
519 975
52 407
52 494
52 665
52 952
520 271
520 902
520 905
520 923
520 969
520 971
520 976
521 129
521 226
521 784
521 919
521 984
521 988
521 991
522 654
522 709
522 801
522 818
522 966
522 975
522 991
523 270
523 368
523 880
523 956
523 964
523 975
523 984
524 333
524 755
524 835
524 856
524 979
524 996
525 122
525 191
525 347
525 846
525 859
525 865
525 965
526 393
526 407
526 443
526 611
526 760
526 914
526 949
527 392
527 449
527 569
527 599
527 769
527 918
527 931
528 22
528 490
528 907
528 964
528 965
528 975
528 980
529 1000
529 425
529 911
529 912
529 922
529 938
529 948
53 683
53 798
53 952
53 997
530 449
530 492
530 565
530 673
530 822
530 845
530 989
531 345
531 400
531 466
531 59
531 591
531 749
531 921
532 252
532 416
532 968
532 983
532 985
532 986
532 993
533 299
533 478
533 664
533 786
533 845
533 872
533 899
534 281
534 575
534 834
534 909
534 963
534 987
534 993
535 28
535 538
535 646
535 672
535 741
535 88
535 885
536 145
536 248
536 43
536 804
536 882
536 897
536 927
537 701
537 838
537 850
537 956
537 973
537 988
538 215
538 535
538 581
538 672
538 691
538 731
538 741
539 460
539 627
539 705
539 825
539 889
539 911
539 999
54 747
54 756
54 826
54 868
540 367
540 85
540 917
540 938
540 973
540 990
540 995
541 573
541 581
541 635
541 686
541 789
541 883
541 901
542 130
542 197
542 209
542 459
542 713
542 844
542 931
543 266
543 498
543 820
543 916
543 932
543 936
543 955
544 138
544 232
544 244
544 339
544 378
544 799
544 890
545 151
545 271
545 729
545 821
545 835
545 858
545 947
546 562
546 832
546 833
546 906
546 920
546 929
546 989
547 211
547 297
547 646
547 809
547 820
547 942
547 999
548 580
548 623
548 773
548 821
548 921
548 946
548 972
549 63
549 686
549 883
549 951
549 958
549 974
549 995
55 290
55 817
55 933
55 966
550 421
550 600
550 621
550 729
550 745
550 828
550 858
551 570
551 657
551 871
551 884
551 944
551 954
551 961
552 775
552 822
552 861
552 879
552 895
552 898
552 901
553 477
553 499
553 748
553 935
553 974
553 995
553 997
554 373
554 416
554 647
554 835
554 836
554 968
554 979
555 509
555 655
555 670
555 820
555 829
555 832
555 999
556 205
556 337
556 589
556 758
556 851
556 913
556 975
557 334
557 937
557 966
557 976
557 978
557 987
557 996
558 445
558 604
558 620
558 621
558 744
558 784
558 792
559 260
559 709
559 748
559 772
559 966
559 972
559 976
56 454
56 613
56 620
56 971
560 174
560 572
560 689
560 800
560 833
560 875
560 921
561 189
561 337
561 600
561 716
561 736
561 856
561 996
562 381
562 546
562 747
562 851
562 899
562 942
562 999
563 1000
563 709
563 861
563 938
563 960
563 962
563 990
564 438
564 877
564 904
564 959
564 962
564 970
564 998
565 222
565 530
565 718
565 720
565 776
565 887
565 989
566 260
566 453
566 654
566 701
566 709
566 740
566 987
567 874
567 909
567 930
567 937
567 954
567 987
567 996
568 577
568 702
568 733
568 785
568 854
568 895
568 956
569 527
569 820
569 850
569 858
569 914
569 932
569 946
57 642
57 910
57 952
57 985
570 551
570 832
570 899
570 907
570 956
570 980
570 991
571 169
571 572
571 732
571 738
571 794
571 867
571 884
572 208
572 433
572 560
572 571
572 747
572 794
572 884
573 396
573 424
573 478
573 541
573 639
573 837
573 927
574 414
574 661
574 668
574 899
574 954
574 961
574 983
575 534
575 810
575 875
575 901
575 909
575 937
575 987
576 509
576 518
576 599
576 769
576 795
576 844
576 917
576 931
577 568
577 814
577 880
577 888
577 902
577 905
577 969
577 971
578 174
578 285
578 288
578 487
578 69
578 848
578 871
578 967
579 203
579 676
579 893
579 935
579 941
579 946
579 974
579 995
58 673
58 675
58 706
58 807
580 283
580 454
580 548
580 700
580 804
580 837
580 897
580 927
581 154
581 373
581 538
581 541
581 584
581 774
581 883
581 901
582 101
582 224
582 464
582 588
582 608
582 768
582 856
582 900
583 883
583 904
583 959
583 962
583 970
583 973
583 994
583 998
584 142
584 500
584 581
584 590
584 686
584 774
584 781
584 970
585 294
585 651
585 706
585 708
585 821
585 842
585 913
585 992
586 351
586 394
586 444
586 659
586 726
586 810
586 823
586 882
587 1000
587 241
587 698
587 911
587 912
587 938
587 960
587 990
588 582
588 696
588 863
588 921
588 942
588 966
588 972
588 976
589 556
589 594
589 679
589 766
589 780
589 783
589 913
589 968
59 135
59 531
59 613
59 815
590 153
590 330
590 584
590 635
590 774
590 883
590 961
590 999
591 207
591 400
591 432
591 466
591 531
591 785
591 960
591 980
592 207
592 327
592 345
592 432
592 458
592 613
592 933
592 973
593 486
593 487
593 497
593 656
593 662
593 708
593 906
593 967
594 237
594 589
594 750
594 766
594 780
594 821
594 842
594 913
595 109
595 389
595 817
595 908
595 926
595 929
595 958
595 982
596 827
596 84
596 930
596 937
596 963
596 968
596 987
596 996
597 777
597 893
597 924
597 935
597 964
597 995
597 996
597 997
598 605
598 724
598 811
598 813
598 841
598 859
598 865
598 875
599 341
599 518
599 527
599 576
599 713
599 839
599 985
599 99
6 75
6 962
6 970
6 998
60 418
60 778
60 78
60 978
600 192
600 550
600 561
600 710
600 800
600 828
600 858
600 947
601 1000
601 345
601 423
601 725
601 807
601 866
601 948
601 990
602 353
602 685
602 74
602 945
602 977
602 981
602 992
602 997
603 630
603 771
603 899
603 914
603 921
603 925
603 966
603 976
604 294
604 558
604 620
604 784
604 792
604 846
604 868
604 944
605 272
605 598
605 606
605 813
605 841
605 912
605 929
605 992
606 180
606 354
606 389
606 605
606 813
606 822
606 841
606 929
607 827
607 862
607 899
607 925
607 964
607 972
607 984
607 991
608 145
608 162
608 224
608 255
608 310
608 582
608 768
608 996
609 445
609 903
609 904
609 959
609 962
609 970
609 994
609 998
61 1000
61 218
61 948
61 990
610 132
610 857
610 889
610 892
610 968
610 980
610 988
610 991
611 458
611 526
611 824
611 876
611 916
611 932
611 949
611 976
612 309
612 849
612 878
612 891
612 936
612 955
612 967
612 978
613 235
613 432
613 49
613 56
613 59
613 592
613 750
613 956
614 748
614 896
614 897
614 923
614 959
614 962
614 970
614 998
615 384
615 624
615 695
615 707
615 812
615 819
615 842
615 891
616 320
616 345
616 841
616 922
616 933
616 967
616 972
616 976
617 660
617 801
617 857
617 892
617 918
617 964
617 984
617 991
618 181
618 65
618 655
618 753
618 796
618 885
618 939
618 989
619 155
619 375
619 730
619 852
619 855
619 871
619 95
619 958
62 726
62 775
62 846
62 965
620 445
620 558
620 56
620 604
620 629
620 663
620 784
620 792
621 202
621 550
621 558
621 719
621 729
621 858
621 947
621 994
622 293
622 429
622 456
622 634
622 800
622 848
622 944
622 947
623 501
623 548
623 705
623 769
623 863
623 946
623 972
623 976
624 431
624 615
624 677
624 707
624 812
624 815
624 819
624 861
625 212
625 224
625 355
625 880
625 888
625 953
625 978
625 985
626 234
626 668
626 748
626 785
626 895
626 898
626 954
626 963
627 507
627 539
627 825
627 887
627 889
627 909
627 996
627 999
628 444
628 489
628 692
628 769
628 81
628 844
628 931
628 998
629 106
629 301
629 517
629 620
629 706
629 784
629 792
629 933
63 140
63 517
63 549
63 675
630 11
630 448
630 603
630 742
630 749
630 795
630 80
630 929
631 249
631 475
631 791
631 876
631 923
631 953
631 969
631 971
632 641
632 783
632 811
632 846
632 859
632 865
632 900
632 965
633 119
633 26
633 273
633 376
633 473
633 791
633 832
633 905
634 347
634 481
634 622
634 650
634 691
634 777
634 793
634 984
635 278
635 541
635 590
635 698
635 774
635 876
635 901
635 978
636 737
636 928
636 968
636 983
636 985
636 986
636 988
636 993
637 847
637 867
637 881
637 907
637 915
637 950
637 958
637 994
638 4
638 775
638 785
638 895
638 898
638 929
638 974
638 976
639 573
639 713
639 769
639 813
639 825
639 889
639 931
639 999
64 277
64 957
64 981
64 992
640 822
640 940
640 945
640 950
640 955
640 966
640 977
640 992
641 178
641 632
641 811
641 859
641 865
641 897
641 902
641 965
642 143
642 57
642 660
642 806
642 882
642 910
642 952
642 997
643 324
643 333
643 753
643 781
643 944
643 954
643 959
643 961
644 165
644 286
644 880
644 943
644 971
644 987
644 988
644 989
645 3
645 379
645 743
645 877
645 889
645 908
645 938
645 982
646 357
646 465
646 535
646 547
646 829
646 899
646 924
646 942
646 999
647 191
647 356
647 397
647 416
647 554
647 835
647 836
647 947
647 979
648 108
648 482
648 831
648 935
648 941
648 951
648 970
648 974
648 995
649 503
649 719
649 946
649 956
649 965
649 980
649 984
649 988
649 991
65 618
65 882
65 885
65 939
650 330
650 466
650 634
650 727
650 788
650 875
650 906
650 920
650 967
651 585
651 658
651 679
651 766
651 780
651 821
651 913
651 984
651 993
652 167
652 303
652 334
652 662
652 70
652 734
652 863
652 943
652 973
653 304
653 712
653 724
653 806
653 868
653 903
653 910
653 952
653 997
654 522
654 566
654 656
654 740
654 788
654 808
654 877
654 906
654 967
655 117
655 555
655 618
655 667
655 761
655 890
655 926
655 958
655 982
656 444
656 593
656 654
656 695
656 727
656 800
656 820
656 919
656 967
657 519
657 551
657 720
657 781
657 859
657 914
657 944
657 954
657 961
658 651
658 697
658 876
658 878
658 898
658 914
658 916
658 932
658 954
659 307
659 408
659 412
659 586
659 810
659 823
659 882
659 94
659 962
66 361
66 665
66 951
66 970
660 446
660 459
660 617
660 642
660 724
660 868
660 910
660 952
660 997
661 146
661 470
661 498
661 574
661 829
661 892
661 899
661 942
661 999
662 303
662 45
662 510
662 593
662 652
662 715
662 943
662 951
662 973
663 620
663 697
663 924
663 935
663 941
663 951
663 993
663 995
663 997
664 401
664 437
664 533
664 678
664 75
664 786
664 86
664 865
664 872
665 244
665 361
665 407
665 494
665 52
665 66
665 928
665 994
665 998
666 268
666 356
666 900
666 928
666 968
666 983
666 985
666 986
666 993
667 1000
667 157
667 350
667 508
667 655
667 683
667 933
667 958
667 982
668 136
668 574
668 626
668 733
668 775
668 807
668 831
668 898
668 960
669 443
669 464
669 690
669 694
669 856
669 911
669 964
669 979
669 996
67 898
67 956
67 975
67 991
670 185
670 259
670 274
670 342
670 555
670 730
670 843
670 855
670 891
671 214
671 223
671 279
671 703
671 871
671 944
671 954
671 961
671 971
672 28
672 368
672 410
672 535
672 538
672 731
672 741
672 781
672 946
673 10
673 485
673 530
673 58
673 675
673 706
673 845
673 9
673 994
674 227
674 234
674 733
674 785
674 807
674 814
674 822
674 895
674 90
675 417
675 485
675 58
675 63
675 673
675 706
675 845
675 886
675 942
676 318
676 579
676 893
676 924
676 930
676 974
676 990
676 995
676 997
677 222
677 624
677 690
677 726
677 776
677 782
677 943
677 979
677 989
678 171
678 664
678 744
678 865
678 881
678 890
678 908
678 926
678 982
679 335
679 589
679 651
679 734
679 766
679 829
679 842
679 913
679 941
68 711
68 923
68 937
68 971
680 275
680 468
680 517
680 7
680 757
680 849
680 938
680 967
680 978
681 355
681 770
681 922
681 925
681 946
681 966
681 972
681 986
681 990
682 896
682 909
682 915
682 921
682 925
682 946
682 966
682 972
682 976
683 116
683 53
683 667
683 843
683 890
683 970
683 975
683 980
683 991
684 358
684 418
684 710
684 778
684 786
684 888
684 902
684 930
684 978
685 257
685 602
685 725
685 816
685 936
685 940
685 955
685 977
685 981
686 500
686 541
686 549
686 584
686 739
686 774
686 883
686 951
686 976
687 702
687 724
687 750
687 806
687 868
687 910
687 952
687 958
687 997
688 262
688 350
688 466
688 480
688 923
688 966
688 969
688 971
688 978
689 187
689 341
689 486
689 560
689 741
689 875
689 906
689 920
689 964
689 967
69 578
69 719
69 947
69 975
690 139
690 322
690 669
690 677
690 720
690 728
690 869
690 887
690 954
690 989
691 213
691 329
691 347
691 413
691 515
691 538
691 634
691 761
691 777
691 793
692 343
692 628
692 767
692 850
692 864
692 916
692 930
692 936
692 955
692 956
693 796
693 874
693 884
693 892
693 893
693 945
693 957
693 977
693 981
693 992
694 152
694 297
694 337
694 413
694 669
694 73
694 768
694 856
694 872
694 979
695 511
695 615
695 656
695 788
695 799
695 833
695 920
695 928
695 967
695 991
696 298
696 442
696 588
696 863
696 921
696 922
696 934
696 946
696 966
696 972
697 658
697 663
697 729
697 760
697 850
697 878
697 930
697 938
697 949
697 955
698 142
698 373
698 587
698 635
698 883
698 966
698 971
698 972
698 976
698 997
699 141
699 415
699 831
699 924
699 935
699 941
699 951
699 965
699 974
699 995
7 680
7 849
7 939
7 978
70 652
70 773
70 943
70 973
700 336
700 352
700 580
700 719
700 837
700 927
700 944
700 954
700 961
700 985
701 537
701 566
701 783
701 789
701 790
701 832
701 885
701 886
701 934
701 939
702 282
702 377
702 568
702 687
702 748
702 854
702 879
702 884
702 898
702 916
703 463
703 671
703 772
703 781
703 840
703 944
703 945
703 954
703 961
703 974
704 782
704 802
704 847
704 855
704 867
704 881
704 907
704 915
704 956
704 994
705 539
705 623
705 754
705 796
705 903
705 908
705 940
705 950
705 977
705 992
706 195
706 508
706 517
706 58
706 585
706 629
706 673
706 675
706 845
706 966
707 419
707 615
707 624
707 746
707 812
707 819
707 861
707 878
707 891
707 989
708 585
708 593
708 727
708 799
708 868
708 899
708 906
708 919
708 920
708 967
709 260
709 261
709 409
709 453
709 522
709 559
709 563
709 566
709 740
709 963
71 846
71 865
71 965
71 993
710 17
710 314
710 600
710 684
710 764
710 832
710 888
710 902
710 953
710 969
711 310
711 456
711 68
711 778
711 791
711 880
711 890
711 953
711 969
711 971
712 33
712 342
712 371
712 46
712 653
712 755
712 773
712 843
712 855
712 901
713 141
713 218
713 542
713 599
713 639
713 724
713 844
713 897
713 931
713 945
714 887
714 896
714 918
714 926
714 935
714 959
714 962
714 970
714 994
714 998
715 359
715 438
715 662
715 790
715 834
715 864
715 909
715 932
715 937
715 987
716 308
716 310
716 561
716 768
716 856
716 897
716 926
716 953
716 962
716 979
716 996
717 330
717 366
717 475
717 774
717 810
717 883
717 901
717 905
717 953
717 964
717 969
718 38
718 565
718 735
718 896
718 904
718 918
718 959
718 962
718 970
718 994
718 998
719 159
719 196
719 621
719 649
719 69
719 700
719 828
719 848
719 858
719 938
719 947
72 378
72 901
72 937
72 978
720 201
720 477
720 516
720 565
720 657
720 690
720 753
720 927
720 939
720 943
720 989
721 255
721 410
721 424
721 760
721 824
721 878
721 905
721 914
721 932
721 936
721 948
722 294
722 433
722 755
722 765
722 874
722 886
722 940
722 950
722 977
722 981
722 992
723 180
723 743
723 817
723 834
723 852
723 856
723 933
723 941
723 958
723 973
723 982
724 598
724 653
724 660
724 687
724 713
724 806
724 868
724 910
724 932
724 952
724 997
725 338
725 474
725 601
725 685
725 764
725 940
725 950
725 957
725 977
725 981
725 992
726 586
726 62
726 677
726 896
726 918
726 949
726 959
726 962
726 970
726 994
726 998
727 442
727 474
727 487
727 650
727 656
727 708
727 784
727 822
727 920
727 967
727 996
728 359
728 690
728 814
728 827
728 834
728 930
728 937
728 963
728 987
728 990
728 996
729 104
729 264
729 545
729 550
729 621
729 697
729 744
729 828
729 848
729 862
729 947
73 694
73 952
73 959
73 996
730 155
730 250
730 33
730 619
730 670
730 755
730 820
730 827
730 843
730 855
730 983
731 275
731 447
731 486
731 538
731 672
731 741
731 766
731 871
731 908
731 926
731 975
732 1000
732 149
732 311
732 332
732 433
732 571
732 738
732 843
732 884
732 89
732 915
733 239
733 470
733 568
733 668
733 674
733 807
733 854
733 867
733 879
733 898
733 981
734 411
734 652
734 679
734 750
734 766
734 780
734 821
734 864
734 870
734 913
734 985
735 718
735 743
735 757
735 761
735 788
735 849
735 903
735 942
735 958
735 973
735 978
736 1000
736 287
736 422
736 561
736 778
736 791
736 902
736 953
736 969
736 971
736 997
737 1000
737 302
737 636
737 866
737 894
737 911
737 925
737 938
737 948
737 960
737 990
738 149
738 175
738 395
738 433
738 571
738 732
738 794
738 818
738 884
738 89
738 940
739 686
739 831
739 893
739 935
739 936
739 941
739 951
739 959
739 974
739 995
739 997
74 1000
74 602
74 929
74 98
740 144
740 260
740 409
740 453
740 566
740 654
740 709
740 93
740 932
740 941
740 967
741 215
741 28
741 331
741 368
741 535
741 538
741 672
741 689
741 731
741 88
741 938
742 124
742 390
742 393
742 448
742 451
742 630
742 749
742 795
742 872
742 989
742 999
743 24
743 256
743 376
743 645
743 723
743 735
743 744
743 817
743 852
743 869
743 908
743 926
744 558
744 678
744 729
744 743
744 761
744 861
744 877
744 890
744 908
744 926
744 958
744 982
745 150
745 248
745 396
745 430
745 483
745 499
745 550
745 753
745 758
745 804
745 897
745 927
746 263
746 384
746 707
746 812
746 819
746 821
746 831
746 890
746 926
746 958
746 973
746 990
747 1000
747 238
747 276
747 420
747 502
747 54
747 562
747 572
747 752
747 756
747 826
747 922
748 317
748 426
748 516
748 553
748 559
748 614
748 626
748 702
748 807
748 879
748 895
748 898
749 11
749 124
749 390
749 393
749 448
749 531
749 630
749 742
749 795
749 80
749 934
749 994
75 6
75 664
75 872
75 999
750 39
750 403
750 411
750 594
750 613
750 687
750 734
750 780
750 805
750 821
750 842
750 913
751 164
751 211
751 831
751 893
751 924
751 931
751 935
751 940
751 951
751 974
751 988
751 995
752 184
752 188
752 276
752 300
752 420
752 502
752 747
752 756
752 76
752 826
752 928
752 955
753 179
753 201
753 618
753 643
753 720
753 745
753 776
753 782
753 786
753 869
753 937
753 989
754 445
754 705
754 764
754 805
754 896
754 903
754 940
754 945
754 950
754 980
754 981
754 992
755 127
755 259
755 371
755 524
755 712
755 722
755 730
755 757
755 84
755 843
755 891
755 898
756 188
756 238
756 276
756 300
756 420
756 502
756 54
756 747
756 752
756 826
756 839
756 996
757 102
757 275
757 295
757 434
757 468
757 680
757 735
757 755
757 816
757 849
757 854
757 978
758 128
758 229
758 424
758 499
758 556
758 745
758 804
758 880
758 881
758 889
758 927
758 928
759 305
759 426
759 779
759 864
759 900
759 928
759 964
759 968
759 983
759 985
759 986
759 993
76 340
76 752
76 983
76 993
760 241
760 404
760 455
760 526
760 697
760 721
760 876
760 878
760 887
760 893
760 946
760 955
761 21
761 655
761 691
761 735
761 744
761 82
761 933
761 940
761 946
761 958
761 973
761 985
762 266
762 511
762 770
762 814
762 874
762 903
762 913
762 940
762 945
762 957
762 977
762 992
763 11
763 794
763 838
763 888
763 919
763 956
763 964
763 965
763 979
763 980
763 984
763 988
764 460
764 710
764 725
764 754
764 940
764 945
764 950
764 957
764 977
764 981
764 985
764 992
765 103
765 314
765 37
765 722
765 816
765 883
765 940
765 950
765 957
765 977
765 980
765 981
765 992
766 245
766 382
766 411
766 589
766 594
766 651
766 679
766 731
766 734
766 821
766 823
766 842
766 913
767 236
767 469
767 692
767 824
767 838
767 878
767 916
767 930
767 932
767 936
767 947
767 955
767 989
768 337
768 402
768 449
768 464
768 582
768 608
768 694
768 716
768 800
768 841
768 856
768 904
768 996
769 141
769 459
769 489
769 527
769 576
769 623
769 628
769 639
769 844
769 864
769 901
769 931
769 965
77 328
77 823
77 882
77 973
770 179
770 351
770 515
770 681
770 762
770 862
770 863
770 922
770 925
770 946
770 966
770 972
770 976
771 603
771 793
771 797
771 862
771 892
771 907
771 908
771 921
771 922
771 925
771 966
771 972
771 976
772 135
772 280
772 497
772 559
772 703
772 814
772 816
772 903
772 921
772 957
772 964
772 981
772 992
773 484
773 548
773 70
773 712
773 80
773 862
773 863
773 870
773 896
773 925
773 946
773 966
773 976
774 105
774 153
774 25
774 581
774 584
774 590
774 635
774 686
774 717
774 883
774 901
774 913
774 980
775 177
775 388
775 552
775 62
775 638
775 668
775 807
775 822
775 854
775 879
775 883
775 895
775 971
776 118
776 565
776 677
776 753
776 782
776 848
776 869
776 887
776 893
776 943
776 972
776 983
776 989
777 132
777 213
777 347
777 413
777 481
777 515
777 597
777 634
777 691
777 793
777 911
777 918
777 96
778 125
778 295
778 60
778 684
778 711
778 736
778 888
778 905
778 920
778 923
778 957
778 971
778 987
779 1000
779 373
779 759
779 801
779 814
779 839
779 894
779 911
779 912
779 938
779 948
779 950
779 960
78 60
78 940
78 957
78 992
780 138
780 403
780 589
780 594
780 651
780 734
780 750
780 821
780 842
780 913
780 919
780 930
780 943
781 463
781 519
781 584
781 643
781 657
781 672
781 703
781 871
781 917
781 944
781 954
781 961
781 988
782 291
782 322
782 677
782 704
782 753
782 776
782 842
782 845
782 869
782 887
782 892
782 943
782 989
783 589
783 632
783 701
783 847
783 885
783 886
783 934
783 939
783 941
783 951
783 972
783 974
783 995
784 110
784 199
784 445
784 451
784 521
784 558
784 604
784 620
784 629
784 727
784 792
784 987
785 234
785 568
785 591
785 626
785 638
785 674
785 807
785 817
785 822
785 854
785 879
785 94
785 943
786 162
786 273
786 353
786 437
786 478
786 491
786 492
786 533
786 664
786 684
786 753
786 797
786 872
787 1000
787 367
787 37
787 85
787 857
787 866
787 911
787 917
787 927
787 960
787 961
787 966
787 990
788 1
788 311
788 442
788 650
788 654
788 695
788 735
788 799
788 833
788 875
788 906
788 920
788 967
789 240
789 247
789 298
789 461
789 47
789 541
789 701
789 885
789 886
789 934
789 939
789 951
789 986
79 424
79 430
79 825
79 897
790 30
790 701
790 715
790 835
790 868
790 885
790 886
790 914
790 934
790 939
790 971
790 987
790 996
791 17
791 230
791 340
791 376
791 631
791 633
791 711
791 736
791 876
791 880
791 902
791 953
791 963
791 971
792 110
792 152
792 30
792 445
792 451
792 492
792 558
792 604
792 620
792 629
792 784
792 846
792 900
792 91
793 132
793 173
793 213
793 347
793 413
793 481
793 515
793 634
793 691
793 771
793 777
793 898
793 977
793 999
794 113
794 208
794 243
794 311
794 346
794 362
794 433
794 571
794 572
794 738
794 763
794 884
794 963
794 982
795 11
795 119
795 124
795 390
795 393
795 448
795 451
795 576
795 630
795 742
795 749
795 80
795 837
795 914
796 204
796 272
796 45
796 618
796 693
796 705
796 870
796 874
796 903
796 945
796 950
796 957
796 981
796 992
797 512
797 771
797 786
797 852
797 862
797 870
797 872
797 921
797 922
797 925
797 946
797 966
797 972
797 976
798 23
798 402
798 53
798 809
798 853
798 864
798 867
798 900
798 928
798 968
798 983
798 985
798 986
798 993
799 114
799 143
799 174
799 308
799 511
799 544
799 695
799 708
799 788
799 906
799 919
799 967
799 976
799 992
8 908
8 975
8 984
8 988
80 630
80 749
80 773
80 795
800 167
800 202
800 295
800 560
800 600
800 622
800 656
800 768
800 807
800 828
800 848
800 906
800 920
800 967
801 1000
801 500
801 522
801 617
801 779
801 805
801 839
801 866
801 894
801 912
801 917
801 923
801 948
801 960
802 250
802 497
802 704
802 808
802 847
802 867
802 881
802 907
802 915
802 991
802 994
803 1000
803 361
803 806
803 808
803 847
803 853
803 864
803 900
803 928
803 968
803 983
803 985
803 986
803 993
804 31
804 313
804 396
804 430
804 536
804 580
804 745
804 758
804 837
804 897
804 927
804 944
804 979
804 982
805 1000
805 315
805 750
805 754
805 801
805 817
805 839
805 866
805 912
805 917
805 938
805 948
805 960
805 990
806 172
806 450
806 642
806 653
806 687
806 724
806 803
806 866
806 868
806 910
806 911
806 952
806 971
806 997
807 317
807 58
807 601
807 668
807 674
807 733
807 748
807 775
807 785
807 800
807 822
807 854
807 857
807 879
808 654
808 802
808 803
808 809
808 816
808 853
808 900
808 928
808 939
808 968
808 983
808 985
808 986
808 993
809 159
809 547
809 798
809 808
809 852
809 853
809 900
809 928
809 930
809 968
809 983
809 985
809 986
809 988
809 993
81 628
81 844
81 931
81 988
810 1
810 198
810 220
810 269
810 351
810 394
810 408
810 412
810 575
810 586
810 659
810 717
810 823
810 828
810 882
811 178
811 313
811 344
811 365
811 467
811 470
811 490
811 598
811 632
811 641
811 846
811 859
811 865
811 965
811 990
812 175
812 384
812 419
812 431
812 615
812 624
812 707
812 746
812 819
812 86
812 891
812 893
812 912
812 919
812 995
813 122
813 157
813 214
813 25
813 266
813 272
813 389
813 598
813 605
813 606
813 639
813 841
813 929
813 983
813 986
814 280
814 441
814 577
814 674
814 728
814 762
814 772
814 779
814 874
814 940
814 945
814 957
814 977
814 981
814 992
815 169
815 254
815 418
815 475
815 59
815 624
815 880
815 882
815 905
815 918
815 923
815 953
815 969
815 971
815 978
816 307
816 440
816 685
816 757
816 765
816 772
816 808
816 874
816 945
816 950
816 957
816 977
816 979
816 981
816 995
817 284
817 289
817 378
817 518
817 55
817 595
817 723
817 743
817 785
817 805
817 852
817 890
817 958
817 973
817 982
818 475
818 522
818 738
818 838
818 948
818 956
818 964
818 965
818 975
818 980
818 984
818 988
818 989
818 991
818 994
819 175
819 370
819 384
819 419
819 431
819 494
819 615
819 624
819 707
819 746
819 812
819 891
819 953
819 979
819 988
82 379
82 761
82 931
82 958
820 230
820 374
820 405
820 481
820 543
820 547
820 555
820 569
820 656
820 730
820 829
820 916
820 942
820 958
820 999
821 184
821 194
821 545
821 548
821 585
821 594
821 651
821 734
821 746
821 750
821 766
821 780
821 842
821 913
821 948
822 136
822 210
822 377
822 530
822 552
822 606
822 640
822 674
822 727
822 775
822 785
822 807
822 854
822 879
822 980
823 1000
823 220
823 269
823 307
823 319
823 394
823 408
823 586
823 659
823 766
823 77
823 810
823 882
823 969
823 994
824 182
824 302
824 343
824 45
824 611
824 721
824 767
824 850
824 876
824 932
824 936
824 949
824 951
824 955
824 959
825 35
825 420
825 460
825 47
825 507
825 539
825 627
825 639
825 79
825 870
825 889
825 982
825 999
826 118
826 121
826 238
826 276
826 300
826 420
826 502
826 54
826 747
826 752
826 756
826 927
826 954
826 964
826 979
827 269
827 305
827 306
827 340
827 596
827 607
827 728
827 730
827 834
827 909
827 930
827 937
827 963
827 987
827 996
828 151
828 196
828 428
828 429
828 550
828 600
828 719
828 729
828 800
828 810
828 856
828 915
828 929
828 940
828 947
829 170
829 357
829 370
829 457
829 470
829 555
829 646
829 661
829 679
829 820
829 877
829 899
829 936
829 942
829 945
83 484
83 944
83 954
83 961
830 326
830 415
830 422
830 840
830 851
830 857
830 892
830 944
830 949
830 956
830 964
830 975
830 984
830 988
830 991
831 136
831 352
831 436
831 506
831 648
831 668
831 699
831 739
831 746
831 751
831 914
831 935
831 951
831 974
831 995
832 149
832 172
832 370
832 509
832 546
832 555
832 570
832 633
832 701
832 710
832 879
832 888
832 942
832 969
832 971
833 143
833 474
833 546
833 560
833 695
833 788
833 863
833 875
833 906
833 920
833 926
833 958
833 961
833 967
833 972
834 106
834 534
834 715
834 723
834 728
834 827
834 901
834 909
834 916
834 937
834 963
834 991
834 992
834 996
834 998
835 156
835 19
835 193
835 264
835 356
835 416
835 524
835 545
835 554
835 647
835 790
835 836
835 979
835 985
835 987
835 995
836 147
836 156
836 19
836 193
836 264
836 326
836 34
836 397
836 416
836 496
836 554
836 647
836 835
836 877
836 898
836 979
837 152
837 158
837 336
837 430
837 441
837 471
837 483
837 499
837 573
837 580
837 700
837 795
837 804
837 897
837 920
837 927
838 147
838 385
838 537
838 763
838 767
838 818
838 875
838 892
838 951
838 964
838 965
838 975
838 980
838 984
838 988
838 991
839 1000
839 392
839 496
839 599
839 756
839 779
839 801
839 805
839 866
839 886
839 894
839 911
839 917
839 938
839 948
839 990
84 596
84 755
84 843
84 924
840 163
840 507
840 51
840 703
840 830
840 944
840 946
840 954
840 956
840 961
840 965
840 969
840 978
840 980
840 988
840 991
841 121
841 122
841 214
841 226
841 272
841 304
841 381
841 598
841 605
841 606
841 616
841 768
841 813
841 920
841 929
841 950
842 184
842 294
842 324
842 585
842 594
842 615
842 679
842 750
842 766
842 780
842 782
842 821
842 861
842 913
842 936
842 979
843 155
843 250
843 259
843 274
843 424
843 46
843 670
843 683
843 712
843 730
843 732
843 755
843 84
843 855
843 891
843 967
844 1000
844 130
844 250
844 380
844 392
844 489
844 5
844 542
844 576
844 628
844 713
844 769
844 81
844 922
844 931
844 987
845 10
845 140
845 195
845 301
845 44
845 485
845 507
845 517
845 530
845 533
845 673
845 675
845 706
845 782
845 943
845 946
846 207
846 261
846 387
846 467
846 490
846 525
846 604
846 62
846 632
846 71
846 792
846 811
846 859
846 865
846 937
846 965
847 256
847 637
847 704
847 783
847 802
847 803
847 867
847 881
847 907
847 915
847 955
847 976
847 994
848 159
848 43
848 434
848 456
848 48
848 578
848 622
848 719
848 729
848 776
848 800
848 858
848 913
848 942
848 945
848 947
848 986
849 102
849 26
849 275
849 295
849 468
849 612
849 680
849 7
849 735
849 757
849 952
849 962
849 978
849 980
849 995
85 540
85 787
85 861
85 923
850 117
850 236
850 410
850 458
850 537
850 569
850 692
850 697
850 824
850 890
850 914
850 916
850 930
850 936
850 949
850 958
850 970
851 309
851 441
851 504
851 556
851 562
851 830
851 857
851 892
851 898
851 899
851 919
851 964
851 975
851 980
851 984
851 988
851 991
852 198
852 364
852 379
852 508
852 619
852 723
852 743
852 797
852 809
852 817
852 871
852 908
852 933
852 958
852 975
852 982
852 985
853 186
853 798
853 803
853 808
853 809
853 864
853 900
853 910
853 928
853 931
853 932
853 96
853 968
853 983
853 985
853 986
853 993
854 399
854 41
854 428
854 503
854 568
854 702
854 733
854 757
854 775
854 785
854 807
854 822
854 879
854 898
854 905
854 94
854 953
855 127
855 259
855 274
855 33
855 371
855 46
855 619
855 670
855 704
855 712
855 730
855 843
855 868
855 891
855 908
855 929
855 973
856 276
856 297
856 402
856 443
856 524
856 561
856 582
856 669
856 694
856 716
856 723
856 768
856 828
856 911
856 975
856 979
856 996
857 270
857 385
857 392
857 610
857 617
857 787
857 807
857 830
857 851
857 892
857 973
857 975
857 980
857 984
857 986
857 988
857 991
858 104
858 196
858 428
858 434
858 48
858 545
858 550
858 569
858 600
858 621
858 719
858 848
858 929
858 947
858 977
858 983
858 984
859 178
859 261
859 313
859 436
859 467
859 514
859 525
859 598
859 632
859 641
859 657
859 811
859 846
859 865
859 871
859 875
859 965
86 387
86 664
86 812
86 872
860 200
860 227
860 475
860 873
860 896
860 904
860 918
860 926
860 935
860 959
860 962
860 963
860 970
860 994
860 998
861 1000
861 206
861 496
861 552
861 563
861 624
861 707
861 744
861 842
861 85
861 911
861 912
861 917
861 948
861 960
861 989
861 990
862 160
862 320
862 377
862 478
862 607
862 729
862 770
862 771
862 773
862 797
862 921
862 922
862 925
862 946
862 966
862 972
862 976
862 992
863 421
863 474
863 495
863 588
863 623
863 652
863 696
863 770
863 773
863 833
863 870
863 922
863 925
863 946
863 966
863 972
863 976
863 988
864 692
864 715
864 734
864 759
864 769
864 798
864 803
864 853
864 873
864 900
864 928
864 968
864 983
864 985
864 986
864 993
864 994
864 999
865 191
865 313
865 395
865 490
865 525
865 598
865 632
865 641
865 664
865 678
865 71
865 811
865 846
865 859
865 866
865 912
865 965
865 992
866 148
866 262
866 453
866 601
866 737
866 787
866 801
866 805
866 806
866 839
866 865
866 911
866 917
866 918
866 938
866 948
866 960
866 990
867 425
867 571
867 637
867 704
867 733
867 798
867 802
867 847
867 881
867 907
867 915
867 936
867 991
867 994
868 199
868 225
868 231
868 360
868 450
868 54
868 604
868 653
868 660
868 687
868 708
868 724
868 790
868 806
868 855
868 910
868 952
868 997
869 139
869 14
869 245
869 477
869 492
869 516
869 690
869 743
869 753
869 776
869 782
869 874
869 880
869 887
869 909
869 943
869 972
869 989
87 124
87 941
87 974
87 995
870 312
870 364
870 421
870 734
870 773
870 796
870 797
870 825
870 863
870 896
870 921
870 922
870 925
870 946
870 966
870 972
870 976
870 991
871 359
871 551
871 578
871 619
871 671
871 731
871 781
871 852
871 859
871 877
871 920
871 926
871 933
871 944
871 954
871 961
871 973
871 980
872 162
872 273
872 299
872 353
872 387
872 437
872 478
872 513
872 533
872 664
872 694
872 742
872 75
872 786
872 797
872 86
872 952
872 981
873 13
873 324
873 40
873 860
873 864
873 896
873 904
873 918
873 940
873 959
873 962
873 963
873 970
873 984
873 994
873 998
874 333
874 437
874 567
874 693
874 722
874 762
874 796
874 814
874 816
874 869
874 903
874 940
874 945
874 950
874 977
874 981
874 982
874 992
875 134
875 242
875 316
875 341
875 474
875 486
875 560
875 575
875 598
875 650
875 689
875 788
875 833
875 838
875 859
875 906
875 920
875 967
876 115
876 209
876 258
876 302
876 457
876 611
876 631
876 635
876 658
876 760
876 791
876 824
876 90
876 916
876 930
876 932
876 936
876 955
877 131
877 164
877 180
877 38
877 564
877 645
877 654
877 744
877 829
877 836
877 871
877 890
877 906
877 908
877 926
877 933
877 958
877 959
877 982
878 14
878 258
878 259
878 279
878 5
878 612
878 658
878 697
878 707
878 721
878 760
878 767
878 914
878 916
878 932
878 936
878 949
878 955
878 962
879 210
879 229
879 42
879 552
879 702
879 733
879 748
879 775
879 785
879 807
879 822
879 832
879 854
879 895
879 898
879 909
879 98
879 991
879 993
88 331
88 511
88 535
88 741
880 246
880 26
880 340
880 426
880 523
880 577
880 625
880 644
880 711
880 758
880 791
880 815
880 869
880 888
880 905
880 923
880 969
880 978
880 992
881 253
881 267
881 382
881 388
881 503
881 514
881 637
881 678
881 704
881 758
881 802
881 847
881 867
881 889
881 907
881 910
881 915
881 994
881 995
882 1
882 220
882 269
882 307
882 35
882 351
882 394
882 408
882 412
882 536
882 586
882 642
882 65
882 659
882 77
882 810
882 815
882 823
882 981
883 119
883 153
883 278
883 31
883 373
883 500
883 541
883 549
883 581
883 583
883 590
883 686
883 698
883 717
883 765
883 774
883 775
883 891
883 901
884 113
884 149
884 208
884 311
884 325
884 332
884 346
884 395
884 551
884 571
884 572
884 693
884 702
884 732
884 738
884 794
884 89
884 961
884 980
885 105
885 168
885 319
885 336
885 427
885 461
885 487
885 535
885 618
885 65
885 701
885 783
885 789
885 790
885 886
885 906
885 934
885 939
885 976
885 981
886 186
886 240
886 251
886 258
886 298
886 398
886 427
886 47
886 514
886 675
886 701
886 722
886 783
886 789
886 790
886 839
886 885
886 925
886 934
886 939
887 123
887 14
887 179
887 181
887 20
887 283
887 291
887 452
887 492
887 565
887 627
887 690
887 714
887 760
887 776
887 782
887 869
887 943
887 989
887 991
888 148
888 296
888 349
888 473
888 50
888 515
888 577
888 625
888 684
888 710
888 763
888 778
888 832
888 880
888 902
888 923
888 953
888 969
888 971
888 978
889 107
889 34
889 35
889 383
889 417
889 460
889 504
889 506
889 507
889 539
889 610
889 627
889 639
889 645
889 758
889 825
889 881
889 980
889 999
89 427
89 732
89 738
89 884
890 126
890 171
890 479
890 488
890 544
890 655
890 678
890 683
890 711
890 744
890 746
890 817
890 850
890 877
890 926
890 933
890 958
890 959
890 973
890 982
891 127
891 151
891 175
891 274
891 330
891 342
891 419
891 431
891 454
891 612
891 615
891 670
891 707
891 755
891 812
891 819
891 843
891 855
891 883
891 903
892 488
892 505
892 610
892 617
892 661
892 693
892 771
892 782
892 830
892 838
892 851
892 857
892 919
892 956
892 964
892 975
892 980
892 988
892 991
892 999
893 161
893 408
893 425
893 579
893 597
893 676
893 693
893 739
893 751
893 760
893 776
893 812
893 924
893 935
893 941
893 951
893 974
893 995
893 997
893 998
894 1000
894 190
894 273
894 737
894 779
894 801
894 839
894 895
894 911
894 912
894 917
894 929
894 934
894 938
894 948
894 960
894 965
894 990
894 991
894 997
895 177
895 188
895 264
895 282
895 317
895 399
895 4
895 426
895 552
895 568
895 626
895 638
895 674
895 748
895 775
895 879
895 894
895 898
895 903
895 958
895 997
896 170
896 268
896 614
896 682
896 714
896 718
896 726
896 754
896 773
896 860
896 870
896 873
896 904
896 918
896 959
896 962
896 963
896 970
896 978
896 994
896 998
897 152
897 2
897 229
897 248
897 31
897 336
897 423
897 483
897 50
897 536
897 580
897 614
897 641
897 713
897 716
897 745
897 79
897 804
897 837
897 927
897 937
898 136
898 282
898 317
898 377
898 41
898 552
898 626
898 638
898 658
898 668
898 67
898 702
898 733
898 748
898 755
898 793
898 836
898 851
898 854
898 879
898 895
899 126
899 20
899 354
899 414
899 498
899 509
899 533
899 562
899 570
899 574
899 603
899 607
899 646
899 661
899 708
899 829
899 851
899 912
899 942
899 970
899 999
9 673
9 945
9 950
9 992
90 411
90 674
90 876
90 932
900 183
900 582
900 632
900 666
900 759
900 792
900 798
900 803
900 808
900 809
900 853
900 864
900 928
900 954
900 968
900 969
900 983
900 985
900 986
900 993
901 142
901 25
901 318
901 405
901 442
901 541
901 552
901 575
901 581
901 635
901 712
901 717
901 72
901 769
901 774
901 834
901 883
901 909
901 962
901 987
901 996
902 113
902 212
902 287
902 290
902 410
902 422
902 520
902 577
902 641
902 684
902 710
902 736
902 791
902 888
902 923
902 953
902 957
902 969
902 971
902 978
902 999
903 107
903 284
903 435
903 473
903 505
903 609
903 653
903 705
903 735
903 754
903 762
903 772
903 796
903 874
903 891
903 895
903 945
903 950
903 957
903 977
903 981
903 992
904 228
904 312
904 405
904 48
904 564
904 583
904 609
904 718
904 768
904 860
904 873
904 896
904 918
904 959
904 962
904 963
904 970
904 972
904 980
904 994
904 996
904 998
905 125
905 262
905 355
905 493
905 520
905 577
905 633
905 717
905 721
905 778
905 815
905 854
905 880
905 916
905 923
905 935
905 938
905 953
905 969
905 971
905 977
905 978
906 325
906 332
906 395
906 486
906 511
906 546
906 593
906 650
906 654
906 689
906 708
906 788
906 799
906 800
906 833
906 875
906 877
906 885
906 907
906 920
906 957
906 967
906 979
907 121
907 253
907 267
907 323
907 326
907 382
907 503
907 51
907 514
907 528
907 570
907 637
907 704
907 771
907 802
907 847
907 867
907 881
907 906
907 915
907 940
907 994
907 996
908 205
908 256
908 406
908 504
908 595
908 645
908 678
908 705
908 731
908 743
908 744
908 771
908 8
908 852
908 855
908 877
908 916
908 926
908 933
908 948
908 973
908 978
908 982
909 168
909 183
909 23
909 305
909 306
909 315
909 534
909 567
909 575
909 627
909 682
909 715
909 827
909 834
909 869
909 879
909 901
909 919
909 930
909 937
909 963
909 971
909 987
909 996
91 470
91 792
91 977
91 999
910 123
910 225
910 296
910 328
910 360
910 41
910 418
910 450
910 453
910 57
910 642
910 653
910 660
910 687
910 724
910 806
910 853
910 868
910 881
910 942
910 948
910 952
910 97
910 997
911 1000
911 289
911 423
911 529
911 539
911 587
911 669
911 737
911 777
911 779
911 787
911 806
911 839
911 856
911 861
911 866
911 894
911 912
911 917
911 929
911 930
911 938
911 948
911 990
912 1000
912 133
912 200
912 529
912 587
912 605
912 779
912 801
912 805
912 812
912 861
912 865
912 894
912 899
912 911
912 917
912 929
912 938
912 947
912 948
912 950
912 960
912 990
912 994
913 176
913 294
913 300
913 324
913 403
913 411
913 556
913 585
913 589
913 594
913 651
913 679
913 734
913 750
913 762
913 766
913 774
913 780
913 821
913 842
913 848
913 924
913 949
913 974
914 167
914 22
914 236
914 255
914 302
914 348
914 405
914 526
914 569
914 603
914 657
914 658
914 721
914 790
914 795
914 831
914 850
914 878
914 916
914 932
914 936
914 949
914 955
914 966
915 253
915 267
915 326
915 382
915 388
915 431
915 495
915 503
915 51
915 514
915 637
915 682
915 704
915 732
915 802
915 828
915 847
915 867
915 881
915 907
915 917
915 931
915 976
915 994
916 209
916 374
916 404
916 543
916 611
916 658
916 692
916 702
916 767
916 820
916 834
916 850
916 876
916 878
916 905
916 908
916 914
916 930
916 932
916 942
916 945
916 949
916 955
916 998
917 1000
917 176
917 32
917 389
917 489
917 540
917 576
917 781
917 787
917 801
917 805
917 839
917 861
917 866
917 894
917 911
917 912
917 915
917 922
917 929
917 938
917 948
917 988
917 990
917 996
918 203
918 228
918 249
918 462
918 527
918 617
918 714
918 718
918 726
918 777
918 815
918 860
918 866
918 873
918 896
918 904
918 930
918 954
918 959
918 962
918 963
918 970
918 986
918 994
918 998
919 101
919 325
919 341
919 342
919 362
919 440
919 511
919 521
919 656
919 708
919 763
919 780
919 799
919 812
919 851
919 892
919 909
919 920
919 964
919 967
919 980
919 982
919 984
919 988
919 991
92 941
92 968
92 974
92 995
920 114
920 129
920 278
920 442
920 491
920 511
920 546
920 650
920 689
920 695
920 708
920 727
920 778
920 788
920 800
920 833
920 837
920 841
920 871
920 875
920 906
920 919
920 967
920 969
920 997
921 185
921 225
921 257
921 277
921 29
921 472
921 531
921 548
921 560
921 588
921 603
921 682
921 696
921 771
921 772
921 797
921 862
921 870
921 922
921 925
921 946
921 965
921 966
921 971
921 972
921 976
922 160
922 257
922 462
922 484
922 529
922 616
922 681
922 696
922 747
922 770
922 771
922 797
922 844
922 862
922 863
922 870
922 917
922 921
922 925
922 946
922 952
922 966
922 969
922 972
922 976
922 997
923 171
923 340
923 372
923 473
923 480
923 520
923 614
923 631
923 68
923 688
923 778
923 801
923 815
923 85
923 880
923 888
923 902
923 905
923 93
923 953
923 954
923 963
923 969
923 971
923 973
923 978
924 27
924 277
924 352
924 36
924 364
924 398
924 446
924 457
924 501
924 506
924 597
924 646
924 663
924 676
924 699
924 751
924 84
924 893
924 913
924 935
924 941
924 951
924 974
924 986
924 995
924 997
925 320
925 421
925 422
925 439
925 603
925 607
925 681
925 682
925 737
925 770
925 771
925 773
925 797
925 862
925 863
925 870
925 886
925 921
925 922
925 946
925 960
925 966
925 972
925 975
925 976
925 996
926 219
926 283
926 290
926 378
926 406
926 427
926 595
926 655
926 678
926 714
926 716
926 731
926 743
926 744
926 746
926 833
926 860
926 871
926 877
926 890
926 908
926 933
926 968
926 973
926 982
926 989
927 109
927 2
927 229
927 336
927 396
927 424
927 430
927 483
927 485
927 499
927 536
927 573
927 580
927 700
927 720
927 745
927 758
927 787
927 804
927 826
927 837
927 897
927 97
927 977
927 983
927 991
928 161
928 374
928 636
928 665
928 666
928 695
928 752
928 758
928 759
928 798
928 803
928 808
928 809
928 853
928 864
928 900
928 931
928 963
928 968
928 983
928 985
928 986
928 993
929 1000
929 195
929 214
929 226
929 304
929 37
929 389
929 546
929 595
929 605
929 606
929 630
929 638
929 74
929 813
929 828
929 841
929 855
929 858
929 894
929 911
929 912
929 917
929 948
929 960
929 988
929 990
93 144
93 409
93 740
93 923
930 117
930 137
930 305
930 483
930 567
930 596
930 676
930 684
930 692
930 697
930 728
930 767
930 780
930 809
930 827
930 850
930 876
930 909
930 911
930 916
930 918
930 936
930 937
930 955
930 962
930 987
930 996
931 130
931 218
931 33
931 357
931 392
931 407
931 417
931 444
931 449
931 459
931 5
931 527
931 542
931 576
931 628
931 639
931 713
931 751
931 769
931 81
931 82
931 844
931 853
931 915
931 928
931 989
931 99
932 343
932 366
932 369
932 410
932 455
932 471
932 543
932 569
932 611
932 658
932 715
932 721
932 724
932 740
932 767
932 824
932 853
932 876
932 878
932 90
932 914
932 916
932 936
932 949
932 950
932 955
932 978
933 116
933 140
933 17
933 256
933 270
933 289
933 38
933 440
933 447
933 504
933 55
933 592
933 616
933 629
933 667
933 723
933 761
933 852
933 871
933 877
933 890
933 908
933 926
933 958
933 964
933 973
933 982
934 105
934 107
934 16
934 168
934 186
934 227
934 240
934 298
934 319
934 398
934 427
934 461
934 47
934 696
934 701
934 749
934 783
934 789
934 790
934 885
934 886
934 894
934 935
934 939
934 977
934 981
934 993
935 173
935 335
935 434
935 457
935 553
935 579
935 597
935 648
935 663
935 699
935 714
935 739
935 751
935 831
935 860
935 893
935 905
935 924
935 934
935 941
935 951
935 953
935 974
935 975
935 984
935 995
935 997
936 241
936 258
936 314
936 366
936 469
936 543
936 612
936 685
936 692
936 721
936 739
936 767
936 824
936 829
936 842
936 850
936 867
936 876
936 878
936 914
936 930
936 932
936 949
936 953
936 955
936 987
936 995
937 1000
937 183
937 23
937 236
937 30
937 318
937 455
937 557
937 567
937 575
937 596
937 68
937 715
937 72
937 728
937 753
937 827
937 834
937 846
937 897
937 909
937 930
937 963
937 965
937 987
937 992
937 996
938 1000
938 204
938 369
938 484
938 529
938 540
938 563
938 587
938 645
938 680
938 697
938 719
938 737
938 741
938 779
938 805
938 839
938 866
938 894
938 905
938 911
938 912
938 917
938 948
938 960
938 990
938 995
939 105
939 16
939 168
939 186
939 227
939 251
939 298
939 398
939 427
939 461
939 516
939 519
939 618
939 65
939 7
939 701
939 720
939 783
939 789
939 790
939 808
939 885
939 886
939 934
939 982
939 986
939 987
94 659
94 785
94 854
94 946
940 247
940 640
940 685
940 705
940 722
940 725
940 738
940 751
940 754
940 761
940 762
940 764
940 765
940 78
940 814
940 828
940 873
940 874
940 907
940 945
940 950
940 957
940 965
940 977
940 981
940 984
940 992
941 130
941 156
941 230
941 231
941 318
941 425
941 436
941 471
941 579
941 648
941 663
941 679
941 699
941 723
941 739
941 740
941 783
941 87
941 893
941 92
941 924
941 935
941 951
941 974
941 995
941 996
941 997
942 126
942 133
942 134
942 154
942 170
942 20
942 211
942 354
942 470
942 498
942 509
942 547
942 562
942 588
942 646
942 661
942 675
942 735
942 820
942 829
942 832
942 848
942 899
942 910
942 916
942 960
942 970
942 999
943 165
943 252
943 303
943 334
943 358
943 431
943 462
943 493
943 510
943 516
943 644
943 652
943 662
943 677
943 70
943 720
943 776
943 780
943 782
943 785
943 845
943 869
943 887
943 944
943 95
943 973
943 985
943 989
944 100
944 108
944 223
944 237
944 243
944 333
944 344
944 366
944 446
944 519
944 551
944 604
944 622
944 643
944 657
944 671
944 700
944 703
944 781
944 804
944 83
944 830
944 840
944 871
944 943
944 952
944 954
944 961
944 975
945 280
945 375
945 440
945 602
945 640
945 693
945 703
945 713
945 754
945 762
945 764
945 796
945 814
945 816
945 829
945 848
945 874
945 9
945 903
945 916
945 940
945 948
945 957
945 968
945 977
945 981
945 986
945 992
945 996
946 185
946 312
946 548
946 569
946 579
946 623
946 649
946 672
946 681
946 682
946 696
946 760
946 761
946 770
946 773
946 797
946 840
946 845
946 862
946 863
946 870
946 921
946 922
946 925
946 94
946 966
946 967
946 972
946 976
947 159
947 192
947 226
947 271
947 285
947 29
947 293
947 372
947 396
947 428
947 429
947 43
947 456
947 483
947 545
947 600
947 621
947 622
947 647
947 69
947 719
947 729
947 767
947 828
947 848
947 858
947 912
947 968
947 988
948 1000
948 217
948 383
948 436
948 529
948 601
948 61
948 721
948 737
948 779
948 801
948 805
948 818
948 821
948 839
948 861
948 866
948 894
948 908
948 910
948 911
948 912
948 917
948 929
948 938
948 945
948 960
948 982
948 990
949 167
949 209
949 241
949 255
949 258
949 279
949 287
949 404
949 405
949 410
949 439
949 469
949 5
949 526
949 611
949 697
949 726
949 824
949 830
949 850
949 878
949 913
949 914
949 916
949 932
949 936
949 974
949 984
949 998
95 510
95 619
95 943
95 973
950 15
950 254
950 375
950 440
950 441
950 489
950 637
950 640
950 705
950 722
950 725
950 754
950 764
950 765
950 779
950 796
950 816
950 841
950 874
950 9
950 903
950 912
950 932
950 940
950 957
950 967
950 977
950 981
950 986
950 992
951 265
951 399
951 425
951 436
951 446
951 457
951 471
951 506
951 549
951 648
951 66
951 662
951 663
951 686
951 699
951 739
951 751
951 783
951 789
951 824
951 831
951 838
951 893
951 924
951 935
951 941
951 974
951 982
951 995
951 997
952 109
952 123
952 147
952 172
952 199
952 225
952 231
952 296
952 328
952 353
952 360
952 450
952 52
952 53
952 57
952 642
952 653
952 660
952 687
952 724
952 73
952 806
952 849
952 868
952 872
952 910
952 922
952 944
952 961
952 97
952 997
953 115
953 254
953 278
953 310
953 34
953 355
953 44
953 473
953 480
953 625
953 631
953 710
953 711
953 716
953 717
953 736
953 791
953 815
953 819
953 854
953 888
953 902
953 905
953 923
953 935
953 936
953 958
953 969
953 971
953 978
953 990
954 100
954 111
954 163
954 223
954 237
954 243
954 344
954 463
954 519
954 551
954 567
954 574
954 626
954 643
954 657
954 658
954 671
954 690
954 700
954 703
954 781
954 826
954 83
954 840
954 871
954 900
954 918
954 923
954 944
954 961
954 998
955 117
955 184
955 192
955 234
955 255
955 269
955 279
955 314
955 343
955 366
955 404
955 512
955 543
955 612
955 640
955 685
955 692
955 697
955 752
955 760
955 767
955 824
955 847
955 876
955 878
955 914
955 916
955 930
955 932
955 936
955 995
956 160
956 221
956 239
956 265
956 383
956 455
956 476
956 523
956 537
956 568
956 570
956 613
956 649
956 67
956 692
956 704
956 763
956 818
956 830
956 840
956 892
956 959
956 964
956 965
956 975
956 980
956 984
956 988
956 991
956 993
956 999
957 101
957 103
957 104
957 242
957 282
957 284
957 311
957 44
957 473
957 477
957 64
957 693
957 725
957 762
957 764
957 765
957 772
957 778
957 78
957 796
957 814
957 816
957 902
957 903
957 906
957 940
957 945
957 950
957 977
957 981
957 992
958 131
958 198
958 3
958 379
958 38
958 504
958 549
958 595
958 619
958 637
958 655
958 667
958 687
958 723
958 735
958 744
958 746
958 761
958 817
958 82
958 820
958 833
958 850
958 852
958 877
958 890
958 895
958 933
958 953
958 982
958 985
958 987
959 120
959 121
959 249
959 268
959 288
959 292
959 408
959 462
959 564
959 583
959 609
959 614
959 643
959 714
959 718
959 726
959 73
959 739
959 824
959 860
959 873
959 877
959 890
959 896
959 904
959 918
959 956
959 962
959 963
959 970
959 972
959 994
959 998
96 132
96 777
96 853
96 969
960 1000
960 16
960 176
960 18
960 27
960 279
960 322
960 367
960 4
960 423
960 496
960 563
960 587
960 591
960 668
960 737
960 779
960 787
960 801
960 805
960 861
960 866
960 894
960 912
960 925
960 929
960 938
960 942
960 948
960 972
960 973
960 98
960 988
960 990
961 100
961 108
961 111
961 163
961 237
961 243
961 333
961 344
961 354
961 463
961 519
961 551
961 574
961 590
961 643
961 657
961 671
961 700
961 703
961 781
961 787
961 83
961 833
961 840
961 871
961 884
961 944
961 952
961 954
961 968
961 975
961 982
961 993
961 998
962 120
962 233
962 288
962 292
962 348
962 381
962 393
962 518
962 563
962 564
962 583
962 6
962 609
962 614
962 659
962 714
962 716
962 718
962 726
962 849
962 860
962 873
962 878
962 896
962 901
962 904
962 918
962 930
962 959
962 963
962 970
962 984
962 994
962 998
963 146
963 202
963 263
963 315
963 435
963 534
963 596
963 626
963 709
963 728
963 791
963 794
963 827
963 834
963 860
963 873
963 896
963 904
963 909
963 918
963 923
963 928
963 937
963 959
963 962
963 970
963 981
963 983
963 987
963 993
963 994
963 996
963 998
964 112
964 12
964 201
964 212
964 289
964 385
964 415
964 435
964 472
964 523
964 528
964 597
964 607
964 617
964 669
964 689
964 717
964 759
964 763
964 772
964 818
964 826
964 830
964 838
964 851
964 892
964 919
964 933
964 956
964 965
964 966
964 975
964 980
964 984
964 988
964 991
965 191
965 216
965 261
965 360
965 463
965 467
965 468
965 490
965 525
965 528
965 62
965 632
965 641
965 649
965 699
965 71
965 763
965 769
965 811
965 818
965 838
965 840
965 846
965 859
965 865
965 894
965 921
965 937
965 940
965 956
965 964
965 980
965 984
965 988
965 991
965 998
966 133
966 246
966 257
966 312
966 360
966 364
966 484
966 522
966 55
966 557
966 559
966 588
966 603
966 640
966 681
966 682
966 688
966 696
966 698
966 706
966 770
966 771
966 773
966 787
966 797
966 862
966 863
966 870
966 914
966 921
966 922
966 925
966 946
966 964
966 972
966 976
966 999
967 114
967 125
967 129
967 242
967 271
967 331
967 341
967 442
967 474
967 487
967 491
967 578
967 593
967 612
967 616
967 650
967 654
967 656
967 680
967 689
967 695
967 708
967 727
967 740
967 788
967 799
967 800
967 833
967 843
967 875
967 906
967 919
967 920
967 946
967 950
967 986
967 994
968 379
968 447
968 482
968 532
968 554
968 589
968 596
968 610
968 636
968 666
968 759
968 798
968 803
968 808
968 809
968 853
968 864
968 900
968 92
968 926
968 928
968 945
968 947
968 961
968 983
968 985
968 986
968 993
969 115
969 233
969 254
969 262
969 287
969 355
969 358
969 426
969 434
969 480
969 485
969 520
969 577
969 631
969 688
969 710
969 711
969 717
969 736
969 815
969 823
969 832
969 840
969 880
969 888
969 900
969 902
969 905
969 920
969 922
969 923
969 953
969 96
969 971
969 977
969 978
969 998
97 910
97 927
97 952
97 997
970 18
970 194
970 203
970 222
970 233
970 268
970 288
970 292
970 398
970 42
970 564
970 583
970 584
970 6
970 609
970 614
970 648
970 66
970 683
970 714
970 718
970 726
970 850
970 860
970 873
970 896
970 899
970 904
970 918
970 942
970 959
970 962
970 963
970 974
970 975
970 994
970 998
971 104
971 115
971 26
971 262
971 325
971 358
971 386
971 418
971 422
971 475
971 520
971 56
971 577
971 631
971 644
971 671
971 68
971 688
971 698
971 711
971 736
971 775
971 778
971 790
971 791
971 806
971 815
971 832
971 888
971 902
971 905
971 909
971 921
971 923
971 953
971 969
971 978
971 995
972 160
972 193
972 213
972 246
972 277
972 351
972 364
972 421
972 548
972 559
972 588
972 607
972 616
972 623
972 681
972 682
972 696
972 698
972 770
972 771
972 776
972 783
972 797
972 833
972 862
972 863
972 869
972 870
972 904
972 921
972 922
972 925
972 946
972 959
972 960
972 966
972 976
972 997
973 119
973 252
973 303
973 334
973 403
973 447
973 45
973 479
973 493
973 508
973 510
973 537
973 540
973 583
973 592
973 652
973 662
973 70
973 723
973 735
973 746
973 761
973 77
973 817
973 855
973 857
973 871
973 890
973 908
973 923
973 926
973 933
973 943
973 95
973 960
973 982
973 993
974 112
974 137
974 173
974 182
974 327
974 335
974 352
974 36
974 401
974 426
974 471
974 501
974 549
974 553
974 579
974 638
974 648
974 676
974 699
974 703
974 739
974 751
974 783
974 831
974 87
974 893
974 913
974 92
974 924
974 935
974 941
974 949
974 951
974 970
974 983
974 991
974 995
974 997
974 999
975 12
975 216
975 309
975 338
975 363
975 415
975 438
975 472
975 476
975 519
975 522
975 523
975 528
975 556
975 67
975 683
975 69
975 731
975 8
975 818
975 830
975 838
975 851
975 852
975 856
975 857
975 892
975 925
975 935
975 944
975 956
975 961
975 964
975 970
975 978
975 980
975 984
975 988
975 991
976 185
976 223
976 246
976 257
976 277
976 312
976 412
976 467
976 484
976 520
976 557
976 559
976 588
976 603
976 611
976 616
976 623
976 638
976 682
976 686
976 698
976 770
976 771
976 773
976 797
976 799
976 847
976 862
976 863
976 870
976 885
976 915
976 921
976 922
976 925
976 946
976 966
976 972
976 985
977 135
977 280
977 284
977 286
977 303
977 375
977 441
977 497
977 505
977 602
977 640
977 685
977 693
977 705
977 722
977 725
977 762
977 764
977 765
977 793
977 814
977 816
977 858
977 874
977 903
977 905
977 91
977 927
977 934
977 940
977 945
977 950
977 957
977 969
977 981
977 982
977 989
977 992
977 997
977 999
978 1000
978 102
978 127
978 165
978 275
978 295
978 328
978 331
978 362
978 372
978 468
978 557
978 60
978 612
978 625
978 635
978 680
978 684
978 688
978 7
978 72
978 735
978 757
978 815
978 840
978 849
978 880
978 888
978 896
978 902
978 905
978 908
978 923
978 932
978 953
978 969
978 971
978 975
979 125
979 147
979 156
979 189
979 19
979 193
979 264
979 293
979 308
979 321
979 337
979 348
979 356
979 397
979 40
979 416
979 439
979 443
979 524
979 554
979 647
979 669
979 677
979 694
979 716
979 763
979 804
979 816
979 819
979 826
979 835
979 836
979 842
979 856
979 906
979 992
979 995
979 996
979 997
98 1000
98 74
98 879
98 960
980 221
980 265
980 270
980 338
980 415
980 435
980 465
980 472
980 476
980 488
980 528
980 570
980 591
980 610
980 649
980 683
980 754
980 763
980 765
980 774
980 818
980 822
980 838
980 840
980 849
980 851
980 857
980 871
980 884
980 889
980 892
980 904
980 919
980 956
980 964
980 965
980 975
980 984
980 987
980 988
980 991
981 10
981 100
981 1000
981 103
981 135
981 164
981 190
981 247
981 375
981 440
981 441
981 497
981 505
981 602
981 64
981 685
981 693
981 722
981 725
981 733
981 754
981 764
981 765
981 772
981 796
981 814
981 816
981 872
981 874
981 882
981 885
981 903
981 934
981 940
981 945
981 950
981 957
981 963
981 977
981 992
981 993
982 116
982 131
982 198
982 205
982 21
982 290
982 3
982 350
982 406
982 447
982 450
982 479
982 495
982 504
982 517
982 595
982 645
982 655
982 667
982 678
982 723
982 744
982 794
982 804
982 817
982 825
982 852
982 874
982 877
982 890
982 908
982 919
982 926
982 933
982 939
982 948
982 951
982 958
982 961
982 973
982 977
983 110
983 13
983 166
983 197
983 281
983 316
983 323
983 329
983 349
983 362
983 386
983 391
983 413
983 429
983 465
983 482
983 532
983 574
983 636
983 666
983 730
983 759
983 76
983 776
983 798
983 803
983 808
983 809
983 813
983 853
983 858
983 864
983 900
983 927
983 928
983 963
983 968
983 974
983 985
983 986
983 993
983 995
984 1
984 112
984 131
984 170
984 289
984 363
984 369
984 383
984 385
984 415
984 435
984 476
984 521
984 523
984 607
984 617
984 634
984 649
984 651
984 763
984 8
984 818
984 830
984 838
984 851
984 857
984 858
984 873
984 919
984 935
984 940
984 949
984 956
984 962
984 964
984 965
984 975
984 980
984 988
984 991
984 996
984 997
985 155
985 323
985 329
985 349
985 386
985 391
985 465
985 482
985 532
985 57
985 599
985 625
985 636
985 666
985 700
985 734
985 759
985 761
985 764
985 798
985 803
985 808
985 809
985 835
985 852
985 853
985 864
985 900
985 928
985 943
985 958
985 968
985 976
985 983
985 986
985 993
986 128
986 13
986 166
986 197
986 266
986 281
986 316
986 323
986 329
986 349
986 386
986 391
986 465
986 479
986 482
986 50
986 532
986 636
986 666
986 681
986 759
986 789
986 798
986 803
986 808
986 809
986 813
986 848
986 853
986 857
986 864
986 900
986 918
986 924
986 928
986 939
986 945
986 950
986 967
986 968
986 983
986 985
986 993
987 106
987 137
987 146
987 158
987 183
987 19
987 263
987 30
987 305
987 306
987 315
987 318
987 359
987 376
987 388
987 438
987 455
987 480
987 534
987 557
987 566
987 567
987 575
987 596
987 644
987 715
987 728
987 778
987 784
987 790
987 827
987 835
987 844
987 901
987 909
987 930
987 936
987 937
987 939
987 958
987 963
987 980
987 996
988 12
988 216
988 221
988 239
988 265
988 270
988 363
988 476
988 488
988 521
988 537
988 610
988 636
988 644
988 649
988 751
988 763
988 781
988 8
988 809
988 81
988 818
988 819
988 830
988 838
988 840
988 851
988 857
988 863
988 892
988 917
988 919
988 929
988 947
988 956
988 960
988 964
988 965
988 975
988 980
988 984
988 991
988 994
989 118
989 139
989 14
989 165
989 179
989 181
989 192
989 201
989 222
989 245
989 283
989 291
989 319
989 322
989 330
989 367
989 397
989 452
989 477
989 492
989 506
989 516
989 530
989 546
989 565
989 618
989 644
989 677
989 690
989 707
989 720
989 742
989 753
989 767
989 776
989 782
989 818
989 861
989 869
989 887
989 926
989 931
989 943
989 977
99 428
99 444
99 599
99 931
990 1000
990 116
990 148
990 173
990 190
990 200
990 204
990 206
990 217
990 248
990 28
990 299
990 316
990 32
990 332
990 367
990 385
990 39
990 496
990 540
990 563
990 587
990 601
990 61
990 676
990 681
990 728
990 737
990 746
990 787
990 805
990 811
990 839
990 861
990 866
990 894
990 911
990 912
990 917
990 929
990 938
990 948
990 953
990 960
991 114
991 239
991 265
991 309
991 338
991 369
991 435
991 48
991 488
991 521
991 522
991 570
991 607
991 610
991 617
991 649
991 67
991 683
991 695
991 802
991 818
991 830
991 834
991 838
991 840
991 851
991 857
991 867
991 870
991 879
991 887
991 892
991 894
991 919
991 927
991 956
991 964
991 965
991 974
991 975
991 980
991 984
991 988
991 994
992 120
992 128
992 15
992 247
992 284
992 286
992 40
992 452
992 497
992 505
992 510
992 585
992 602
992 605
992 64
992 640
992 693
992 705
992 722
992 725
992 754
992 762
992 764
992 765
992 772
992 78
992 796
992 799
992 814
992 834
992 862
992 865
992 874
992 880
992 9
992 903
992 937
992 940
992 945
992 950
992 957
992 977
992 979
992 981
992 994
993 13
993 133
993 166
993 197
993 266
993 281
993 301
993 316
993 323
993 329
993 349
993 362
993 386
993 391
993 465
993 482
993 532
993 534
993 636
993 651
993 663
993 666
993 71
993 759
993 76
993 798
993 803
993 808
993 809
993 853
993 864
993 879
993 900
993 928
993 934
993 956
993 961
993 963
993 968
993 973
993 981
993 983
993 985
993 986
993 996
994 15
994 194
994 235
994 253
994 267
994 326
994 382
994 388
994 462
994 495
994 503
994 51
994 514
994 583
994 609
994 621
994 637
994 665
994 673
994 704
994 714
994 718
994 726
994 749
994 802
994 818
994 823
994 847
994 860
994 864
994 867
994 873
994 881
994 896
994 904
994 907
994 912
994 915
994 918
994 959
994 962
994 963
994 967
994 970
994 988
994 991
994 992
994 998
995 161
995 174
995 182
995 206
995 230
995 335
995 352
995 36
995 401
995 425
995 446
995 457
995 467
995 471
995 501
995 540
995 549
995 553
995 579
995 597
995 648
995 663
995 676
995 699
995 739
995 751
995 783
995 812
995 816
995 831
995 835
995 849
995 87
995 881
995 893
995 92
995 924
995 935
995 936
995 938
995 941
995 951
995 955
995 971
995 974
995 979
995 983
995 997
996 145
996 146
996 158
996 224
996 286
996 297
996 306
996 321
996 348
996 439
996 443
996 464
996 469
996 524
996 557
996 561
996 567
996 596
996 597
996 608
996 627
996 669
996 716
996 727
996 728
996 73
996 756
996 768
996 790
996 827
996 834
996 856
996 901
996 904
996 907
996 909
996 917
996 925
996 930
996 937
996 941
996 945
996 963
996 979
996 984
996 987
996 993
996 999
997 12
997 123
997 161
997 199
997 231
997 296
997 317
997 328
997 335
997 401
997 412
997 436
997 450
997 464
997 501
997 53
997 553
997 597
997 602
997 642
997 653
997 660
997 663
997 676
997 687
997 698
997 724
997 736
997 739
997 806
997 868
997 893
997 894
997 895
997 910
997 920
997 922
997 924
997 935
997 941
997 951
997 952
997 97
997 972
997 974
997 977
997 979
997 984
997 995
998 1000
998 101
998 118
998 120
998 15
998 18
998 194
998 203
998 228
998 233
998 24
998 249
998 263
998 268
998 288
998 292
998 32
998 348
998 42
998 462
998 508
998 564
998 583
998 6
998 609
998 614
998 628
998 665
998 714
998 718
998 726
998 834
998 860
998 873
998 893
998 896
998 904
998 916
998 918
998 949
998 954
998 959
998 961
998 962
998 963
998 965
998 969
998 970
998 994
999 107
999 126
999 134
999 154
999 163
999 211
999 306
999 334
999 34
999 35
999 354
999 363
999 370
999 383
999 414
999 417
999 460
999 498
999 506
999 507
999 539
999 547
999 555
999 562
999 590
999 627
999 639
999 646
999 661
999 742
999 75
999 793
999 820
999 825
999 864
999 889
999 892
999 899
999 902
999 91
999 942
999 956
999 966
999 974
999 977
999 996
