# The communities at k=7
# from G:\Dropbox\Raghda\CNA\Final Project\other methods\CFinder-2.0.6--1448\G:\Dropbox\Raghda\CNA\Final Project\Datasets\binary_networks\LFR3\network_LFR3_Om4.dat
# at no lower link weight threshold,
# and at no upper link weight threshold.
# Links were treated as undirected.
# No time limit was set for the clique search.

0: 987 916 962 912 922 938 447 
1: 951 956 959 927 939 559 855 
2: 949 944 957 997 870 919 672 926 847 940 972 982 964 974 902 981 933 900 571 698 803 894 557 609 631 640 
3: 935 948 668 941 975 673 874 824 837 861 873 943 584 746 752 711 
4: 787 791 888 783 852 846 558 764 645 
5: 992 973 986 895 821 748 655 677 811 
6: 992 973 986 895 753 659 811 
7: 992 973 986 961 895 821 643 811 
8: 1000 700 901 913 928 969 990 995 
9: 859 951 956 959 927 939 697 
10: 971 945 808 942 866 765 796 721 
11: 916 962 730 912 758 922 938 740 
12: 937 947 988 781 983 911 946 798 
13: 1000 832 865 913 969 990 995 
14: 923 881 956 959 939 889 893 
