# The communities at k=9
# from G:\Dropbox\Raghda\CNA\Final Project\other methods\CFinder-2.0.6--1448\G:\Dropbox\Raghda\CNA\Final Project\Datasets\binary_networks\LFR1\networ_LFR1_Om2.dat
# at no lower link weight threshold,
# and at no upper link weight threshold.
# Links were treated as undirected.
# No time limit was set for the clique search.

0: 1000 616 776 830 848 858 876 886 897 902 903 922 930 932 968 970 
1: 911 929 971 994 966 818 767 819 916 915 926 777 635 914 817 647 712 
2: 978 952 938 941 899 895 898 629 914 779 764 
3: 842 958 961 965 900 881 976 627 806 736 754 
4: 913 986 984 888 987 990 937 867 917 904 954 959 943 893 871 948 786 810 859 651 713 749 741 
5: 922 670 974 979 991 997 947 962 964 969 982 944 860 934 875 734 882 759 778 814 832 
6: 877 799 844 921 988 919 945 811 827 660 686 
7: 843 946 993 995 996 975 980 950 923 865 719 847 892 878 803 659 664 689 870 
8: 955 981 983 999 953 863 956 927 839 824 699 
9: 981 983 999 953 956 883 927 793 784 
10: 985 884 935 998 794 853 880 893 787 
