# The contained cliques in the communities at k=3
# from G:\Dropbox\Raghda\CNA\Final Project\other methods\CFinder-2.0.6--1448\G:\Dropbox\Raghda\CNA\Final Project\Datasets\binary_networks\LFR1\networ_LFR1_Om4.dat
# at no lower link weight threshold,
# and at no upper link weight threshold.
# Links were treated as undirected.
# No time limit was set for the clique search.

0: 0 31 134 332 807 
1: 1 2 124 444 3 683 413 502 805 414 415 416 417 418 126 503 125 806 1137 924 1081 40 52 213 635 921 922 923 932 1027 1028 1029 1030 1111 1139 1142 39 789 1026 53 110 138 390 636 111 137 1108 576 876 577 578 579 853 854 240 258 580 855 856 241 257 894 895 896 897 898 938 939 940 960 961 252 270 523 887 891 935 760 888 889 890 892 936 761 762 763 937 259 893 959 193 277 367 394 545 652 864 139 194 424 442 443 515 520 546 591 592 607 645 700 865 1143 1003 1023 29 54 55 102 103 135 166 200 201 469 528 552 553 653 654 655 656 664 785 786 787 788 840 1004 27 28 168 167 169 562 1126 663 1092 77 97 131 294 317 329 487 767 1075 1091 1102 1116 1103 1155 17 25 315 316 326 344 464 466 521 529 536 628 658 673 674 675 751 833 869 900 908 966 1005 1008 1040 1079 1105 1117 1131 1132 1133 901 903 1009 1160 86 142 303 488 518 519 522 644 651 678 732 752 754 831 987 991 1010 1018 1020 1128 147 225 304 321 422 555 622 642 676 677 1019 1147 792 150 152 178 387 388 581 582 791 151 1151 327 389 672 703 827 837 1087 1152 1153 1154 8 328 734 766 836 1161 250 556 1043 249 733 557 172 173 1041 1042 11 75 94 171 192 246 461 462 501 750 868 899 952 953 968 969 995 996 997 998 999 1011 1021 1044 1053 1058 1060 1095 1101 74 463 793 794 795 20 66 179 211 305 342 393 640 641 730 731 818 842 925 1054 1088 19 331 1121 128 1120 129 1055 1122 220 362 434 435 492 219 95 359 489 684 692 96 148 685 79 149 490 491 493 360 801 420 718 206 402 403 419 714 800 1025 205 343 717 798 428 716 719 426 427 1031 1047 1162 405 421 404 44 112 160 251 285 298 457 499 539 543 572 634 886 1014 1015 1109 1127 1129 1130 1157 1159 943 974 1112 267 268 399 563 564 843 107 175 398 400 851 106 174 973 221 297 302 320 384 456 611 612 679 870 871 971 972 983 984 1052 1063 1062 1061 113 123 195 274 307 325 385 475 479 601 633 668 693 776 790 803 816 825 826 832 877 885 907 945 1050 1080 1106 90 597 89 454 598 481 482 505 480 506 507 455 508 848 91 133 314 538 985 1051 866 23 163 164 198 292 312 352 440 587 588 623 680 681 773 867 1083 1084 1119 22 24 311 438 625 1082 1085 1086 1141 439 199 624 1125 1136 771 772 1124 1134 1148 293 614 742 926 930 1057 99 100 271 282 524 525 615 626 743 744 849 850 927 931 951 1069 1070 1150 98 101 272 527 1071 1072 1076 141 184 232 286 318 395 423 526 617 618 627 629 682 686 687 729 753 758 759 834 835 905 906 962 963 964 965 981 982 1045 1046 1048 1049 1077 1078 1096 1097 571 606 665 1098 1099 980 1118 473 1006 208 209 210 356 357 474 756 757 778 779 781 782 783 823 904 912 977 989 990 345 822 914 915 917 122 143 156 780 913 121 777 144 916 933 934 157 775 765 764 4 5 36 291 6 348 349 182 183 1104 1067 165 230 301 472 727 813 814 815 821 879 880 910 911 946 947 986 1064 1065 1066 1068 1123 306 353 500 728 878 881 709 1107 1115 7 38 65 87 114 136 222 234 425 609 643 666 829 830 839 859 860 958 992 993 1000 1001 1016 1017 1024 1038 1039 1073 1074 1100 1144 1149 994 1089 117 118 127 159 296 324 386 453 534 537 670 671 809 828 970 988 1036 1110 976 978 1037 1158 637 852 26 309 532 533 638 928 108 185 308 109 698 929 289 699 186 310 1034 1094 16 21 81 130 158 207 237 299 319 374 450 494 504 517 535 619 620 621 646 667 768 769 770 819 820 882 883 884 1012 1013 1032 1033 1035 1093 78 817 1056 647 1135 954 955 10 313 365 366 368 369 544 547 548 569 570 630 631 632 639 737 738 739 774 857 858 862 941 942 956 975 863 1114 1156 715 1138 802 690 702 704 735 1140 838 80 180 273 406 694 1146 804 1145 967 1090 363 364 810 280 281 873 875 42 82 115 116 170 287 288 476 560 565 566 567 613 740 741 872 874 948 949 950 957 35 43 120 688 34 648 649 689 119 902 83 391 392 51 212 468 660 235 255 467 530 659 92 236 595 705 706 707 1022 596 478 190 256 477 531 189 187 188 448 446 445 447 
2: 9 
3: 12 290 558 559 278 279 
4: 13 18 33 93 140 197 269 322 323 412 451 458 540 554 608 650 657 745 749 824 909 1113 
5: 14 15 242 330 336 69 70 
6: 30 37 358 512 516 573 593 746 811 216 217 218 452 513 514 574 594 812 361 721 265 264 747 
7: 32 68 132 542 726 918 275 276 
8: 41 196 295 376 377 378 549 550 604 605 808 844 845 846 45 71 551 696 697 748 919 979 46 379 920 338 944 72 337 701 736 
9: 47 48 49 67 202 233 238 239 561 203 
10: 50 244 380 381 382 383 245 
11: 56 575 755 847 1002 841 
12: 57 58 60 59 459 104 283 341 105 669 695 460 61 
13: 62 64 63 335 339 401 84 85 
14: 73 495 496 497 498 509 510 511 599 600 616 
15: 76 300 370 371 375 470 483 484 485 1059 333 429 586 430 431 372 243 373 471 
16: 88 436 437 691 
17: 145 146 
18: 153 154 261 346 347 155 223 253 262 541 722 725 861 603 724 465 723 224 254 263 602 
19: 161 162 350 351 408 720 784 409 410 411 214 610 215 
20: 176 177 191 284 340 432 433 
21: 181 231 247 248 407 585 
22: 204 260 441 799 
23: 226 227 228 229 584 710 713 797 583 397 711 712 796 1007 396 266 
24: 334 
25: 354 355 449 486 589 590 661 662 708 
26: 568 
