# The links inside the communities at k=3
# from G:\Dropbox\Raghda\CNA\Final Project\other methods\CFinder-2.0.6--1448\G:\Dropbox\Raghda\CNA\Final Project\Datasets\binary_networks\LFR2\networ_LFR2_Om4.dat
# at no lower link weight threshold,
# and at no upper link weight threshold.
# Links were treated as undirected.
# No time limit was set for the clique search.

0:
938 103
938 969
938 107
938 603
938 997
938 134
938 878
938 972
938 216
938 598
938 829
938 680
938 369
938 589
938 390
938 437
938 698
938 739
938 685
103 969
969 107
969 603
969 134
969 878
969 852
969 972
969 216
969 598
969 829
969 680
969 369
969 589
969 390
969 437
969 698
969 562
969 739
969 685
107 603
603 878
603 829
997 829
134 692
134 878
692 878
878 852
878 972
878 598
878 829
878 680
878 589
878 437
878 698
878 739
878 685
852 562
972 829
972 589
972 685
216 598
598 829
598 739
829 369
829 390
829 437
829 739
829 685
680 390
680 698
680 739
680 685
589 698
589 739
698 739
698 685
1:
1 145
1 579
1 953
145 953
145 144
579 953
579 717
579 183
677 620
677 977
677 934
677 970
677 955
677 825
953 102
953 217
953 717
953 999
953 120
953 74
953 144
953 749
953 658
953 183
953 753
953 220
953 332
953 241
953 376
953 779
10 732
10 879
732 879
732 904
732 818
732 444
732 165
732 463
732 330
879 904
879 109
879 818
879 147
879 203
879 444
879 899
879 996
879 165
879 463
879 245
879 939
879 330
879 557
879 633
879 728
884 946
884 951
884 982
884 691
884 893
884 932
884 954
884 936
884 926
884 294
884 809
884 379
884 740
884 665
994 904
994 993
994 976
994 783
994 999
994 696
994 266
994 305
994 146
994 153
994 981
994 162
994 714
994 262
994 166
994 197
994 876
994 209
994 794
994 296
994 311
994 521
994 560
994 35
994 367
994 372
994 758
994 459
994 484
994 49
994 507
994 705
994 618
990 1000
990 11
990 124
990 160
990 248
990 414
990 422
990 481
990 530
990 570
990 593
990 647
990 668
990 686
990 711
990 731
990 733
990 737
990 738
990 752
990 765
990 773
990 778
990 79
990 797
990 851
990 894
990 92
990 943
990 951
990 920
990 873
990 996
990 617
990 529
1000 11
1000 124
1000 160
1000 248
1000 414
1000 422
1000 481
1000 530
1000 570
1000 580
1000 593
1000 605
1000 647
1000 659
1000 668
1000 686
1000 711
1000 731
1000 733
1000 737
1000 738
1000 745
1000 752
1000 754
1000 765
1000 773
1000 778
1000 79
1000 797
1000 851
1000 891
1000 894
1000 92
1000 943
1000 948
1000 979
1000 989
11 891
124 778
160 92
248 851
248 891
254 959
254 983
254 962
254 996
414 851
414 894
422 711
422 778
422 851
424 157
424 964
424 855
424 810
424 596
481 711
481 752
530 711
530 738
530 773
570 647
570 731
570 891
580 731
580 737
580 752
580 894
580 948
593 733
593 738
593 851
593 891
593 979
605 754
647 659
647 733
647 773
647 894
659 668
659 752
659 797
659 891
659 894
668 731
668 733
668 738
682 993
682 981
682 399
682 816
711 778
711 894
731 745
731 773
731 797
731 891
733 752
733 773
733 851
737 797
737 851
737 891
737 894
738 851
738 891
738 894
745 948
745 908
745 911
745 984
745 457
745 625
745 588
752 797
752 851
752 891
754 979
765 837
765 974
765 932
765 926
773 778
773 894
773 996
778 797
778 894
778 847
79 891
797 891
851 891
851 894
891 894
894 974
894 920
894 780
894 847
938 934
938 998
943 947
943 873
943 175
943 896
943 193
943 922
943 672
943 906
943 329
943 863
943 870
943 787
943 827
943 364
943 914
943 643
943 718
943 590
943 715
948 811
948 999
948 908
948 676
948 981
948 859
948 875
948 211
948 911
948 984
948 247
948 583
948 34
948 609
948 356
948 599
948 366
948 831
948 786
948 554
957 959
957 980
979 989
979 931
979 986
979 977
979 956
979 899
979 961
979 375
979 154
979 978
979 877
979 937
979 753
979 22
979 973
979 261
979 267
979 27
979 942
979 506
979 619
979 944
979 321
979 538
979 397
979 433
979 793
979 547
979 776
988 904
988 982
988 112
988 667
988 963
988 467
988 899
988 961
988 888
988 190
988 460
988 850
988 230
988 804
988 236
988 980
988 292
988 349
988 819
988 474
988 649
988 955
988 4
988 465
988 687
988 800
988 480
988 812
988 493
988 524
988 573
988 66
989 837
989 887
989 974
989 931
989 992
989 986
989 950
989 995
989 956
989 920
989 925
989 890
989 975
989 985
989 978
989 796
989 898
989 791
989 937
989 632
989 973
989 916
989 805
989 844
989 255
989 897
989 942
989 780
989 944
989 362
989 790
989 97
989 833
989 651
101 837
101 887
101 974
837 887
837 974
837 995
837 912
837 791
837 780
837 512
837 710
845 991
845 997
845 945
845 873
845 865
845 678
887 974
887 950
887 995
887 126
887 912
887 890
887 355
887 791
887 210
887 334
887 512
887 710
887 5
974 995
974 126
974 912
974 155
974 355
974 791
974 214
974 632
974 255
974 571
974 380
974 313
974 780
974 334
974 512
974 710
974 5
102 217
102 717
217 753
717 120
717 749
717 658
717 491
670 949
670 802
670 713
670 242
670 787
670 485
969 983
969 996
969 272
106 824
106 992
824 992
824 950
824 925
824 806
824 309
824 828
824 492
824 723
824 843
904 993
904 818
904 899
904 981
904 560
904 812
931 986
931 956
931 978
931 877
931 937
931 973
931 942
931 944
931 793
931 776
992 986
992 950
992 966
992 999
992 930
992 881
992 920
992 925
992 796
992 868
992 915
992 875
992 753
992 984
992 973
992 708
992 640
992 806
992 76
992 679
992 309
992 828
992 583
992 346
992 362
992 45
992 614
992 478
992 561
992 492
992 723
992 53
992 843
992 660
992 776
992 728
993 986
993 976
993 783
993 999
993 696
993 266
993 305
993 146
993 153
993 981
993 714
993 262
993 166
993 348
993 365
993 876
993 794
993 311
993 521
993 560
993 847
993 372
993 758
993 459
993 484
993 507
993 705
993 618
108 946
108 991
108 997
946 991
946 951
946 982
946 691
946 273
946 54
946 893
946 932
946 954
946 971
946 756
946 926
946 259
946 294
946 327
946 809
946 740
946 515
946 531
946 716
946 728
991 997
991 945
991 136
991 873
991 836
991 196
991 984
991 233
991 865
991 259
991 26
991 263
991 295
991 315
991 347
991 383
991 408
991 831
991 779
991 541
991 678
991 728
991 88
997 945
997 951
997 963
997 999
997 136
997 873
997 964
997 836
997 915
997 196
997 233
997 926
997 865
997 26
997 263
997 295
997 315
997 347
997 383
997 408
997 687
997 779
997 541
997 678
997 728
997 88
109 818
818 934
818 726
818 203
818 444
818 165
818 463
818 330
818 728
945 136
945 873
945 915
945 233
945 865
945 26
945 263
945 295
945 315
945 347
945 383
945 408
945 541
945 678
945 88
110 951
110 982
951 982
951 691
951 54
951 893
951 932
951 954
951 971
951 996
951 926
951 259
951 29
951 327
951 809
951 379
951 740
951 413
951 793
951 531
951 784
951 665
951 716
982 691
982 273
982 141
982 893
982 932
982 142
982 954
982 971
982 756
982 926
982 980
982 259
982 294
982 327
982 350
982 809
982 379
982 409
982 740
982 515
982 524
982 531
982 784
982 665
982 716
112 667
112 963
667 963
667 961
667 888
667 980
667 812
963 151
963 899
963 961
963 460
963 850
963 582
963 230
963 804
963 236
963 292
963 819
963 474
963 649
963 4
963 465
963 687
963 800
963 812
963 493
963 573
986 115
986 950
986 966
986 999
986 920
986 135
986 925
986 796
986 868
986 915
986 875
986 640
986 806
986 679
986 309
986 828
986 346
986 362
986 45
986 614
986 478
986 561
986 492
986 53
986 91
986 63
986 660
986 728
115 950
648 883
648 959
648 983
648 962
648 996
648 854
950 999
950 949
950 135
950 925
950 875
950 753
950 844
950 806
950 309
950 828
950 45
950 614
950 843
950 91
950 63
950 660
620 998
620 970
620 952
620 929
811 999
811 911
811 984
811 503
811 356
811 599
811 831
811 431
976 119
976 783
976 999
976 696
976 266
976 146
976 981
976 166
976 792
976 348
976 876
976 672
976 209
976 794
976 560
976 847
976 35
976 367
976 372
976 673
976 758
976 459
976 484
976 507
976 705
976 618
781 971
781 427
781 302
781 653
781 777
781 762
781 407
781 683
781 730
966 977
966 842
966 934
966 998
966 742
966 909
966 952
966 964
966 410
966 440
966 955
966 495
966 825
119 783
119 999
783 981
783 876
783 794
783 521
783 705
783 618
999 949
999 925
999 975
999 981
999 161
999 869
999 280
999 796
999 556
999 898
999 875
999 876
999 207
999 713
999 911
999 984
999 640
999 303
999 363
999 758
999 485
999 457
999 786
999 779
999 488
999 554
999 705
999 660
12 757
12 977
691 954
691 926
691 740
757 977
757 934
757 970
757 952
757 900
757 939
757 955
757 528
977 995
977 881
977 934
977 998
977 692
977 970
977 947
977 952
977 726
977 996
977 929
977 973
977 286
977 900
977 939
977 300
977 690
977 381
977 611
977 955
977 435
977 501
977 508
977 702
977 633
120 74
74 376
908 859
908 984
908 860
908 539
908 34
908 609
908 366
908 831
908 421
908 431
908 786
908 554
908 588
121 814
121 995
814 995
814 972
814 594
814 634
814 412
814 490
814 615
842 130
842 742
842 964
842 736
842 410
842 435
842 462
842 572
842 540
995 912
995 791
995 972
995 936
995 860
995 897
995 900
995 780
995 634
995 412
995 710
995 490
995 615
122 229
122 949
229 949
229 869
949 981
949 161
949 869
949 164
949 280
949 802
949 796
949 556
949 875
949 207
949 713
949 25
949 787
949 485
949 461
949 723
949 784
956 438
956 961
956 375
956 154
956 978
956 964
956 877
956 937
956 973
956 261
956 267
956 27
956 942
956 619
956 944
956 321
956 538
956 397
956 433
956 793
956 812
956 833
956 776
930 148
930 725
930 782
930 728
696 981
696 348
696 876
696 507
126 912
912 155
912 791
912 214
912 632
912 919
912 860
912 255
912 571
912 313
912 780
912 512
912 710
912 5
883 959
883 983
883 962
883 996
883 532
883 854
883 657
883 552
883 655
266 794
273 954
13 881
13 934
13 998
881 934
881 998
881 970
881 947
881 952
881 726
881 929
881 850
881 863
881 939
881 828
881 324
881 955
881 501
881 761
934 998
934 970
934 726
934 929
934 900
934 939
934 611
934 955
934 559
934 558
934 508
934 825
934 761
998 692
998 138
998 970
998 952
998 954
998 726
998 929
998 926
998 787
998 286
998 291
998 900
998 939
998 300
998 853
998 324
998 690
998 611
998 955
998 479
998 559
998 558
998 501
998 508
998 528
998 784
998 825
998 702
998 633
998 761
130 742
742 736
742 462
742 572
742 540
676 831
920 925
920 796
920 868
920 915
920 806
920 76
920 97
920 478
920 561
920 843
920 660
438 937
692 970
692 952
692 787
692 900
692 939
909 964
909 173
909 537
909 855
909 187
909 596
909 519
909 699
909 271
909 798
909 90
909 403
909 495
54 954
138 970
305 981
467 899
467 961
467 888
970 859
970 901
970 929
970 708
970 291
970 900
970 939
970 300
970 690
970 356
970 381
970 955
970 825
970 702
970 633
970 761
925 893
925 796
925 868
925 875
925 980
925 806
925 679
925 828
925 346
925 843
925 91
925 716
947 985
947 175
947 896
947 193
947 922
947 672
947 906
947 329
947 863
947 870
947 787
947 827
947 364
947 914
947 643
947 718
947 590
947 715
952 726
952 929
952 900
952 939
952 955
952 559
952 558
952 508
952 528
952 825
952 702
952 761
141 893
141 932
439 959
439 983
439 962
439 996
893 932
893 954
893 926
893 809
893 409
893 535
893 531
893 665
893 716
932 954
932 971
932 926
932 294
932 777
932 809
932 409
932 740
932 535
932 515
932 665
932 716
142 954
954 971
954 936
954 926
954 259
954 747
954 350
954 379
954 740
954 413
954 535
954 515
954 665
954 716
143 775
143 864
143 971
775 864
775 971
775 972
775 892
775 764
775 816
775 604
864 638
864 771
864 936
864 221
864 892
864 399
864 663
864 763
864 764
864 816
959 983
959 962
959 996
959 212
959 532
959 980
959 854
959 29
959 306
959 385
959 657
959 441
959 456
959 552
959 655
959 73
971 978
971 936
971 892
971 926
971 427
971 653
971 777
971 762
971 763
971 407
971 730
971 793
144 749
749 658
749 491
749 220
749 241
749 376
726 939
726 559
726 784
873 865
873 263
873 347
873 383
873 408
873 541
873 678
147 203
147 444
444 330
983 159
983 962
983 996
983 163
983 188
983 189
983 922
983 212
983 532
983 870
983 854
983 272
983 29
983 301
983 306
983 385
983 657
983 441
983 456
983 617
983 723
983 552
983 557
983 655
983 85
148 725
148 890
725 890
725 169
725 198
725 210
725 782
890 169
890 627
890 198
890 210
890 782
890 226
890 523
890 238
890 497
890 260
890 386
890 770
149 923
149 940
149 960
923 940
923 960
923 637
923 805
923 285
923 518
923 304
923 373
923 442
923 50
923 664
923 833
923 652
940 960
940 637
940 805
940 285
940 518
940 506
940 304
940 373
940 442
940 50
940 770
940 664
940 833
940 652
960 637
960 805
960 285
960 518
960 506
960 304
960 373
960 442
960 50
960 770
960 664
960 833
960 652
15 975
15 985
975 985
975 176
975 177
975 898
975 791
975 885
975 753
975 916
975 844
975 450
975 237
975 256
975 897
975 277
975 31
975 486
975 447
975 400
975 790
975 401
975 420
975 536
975 87
975 651
985 176
985 177
985 898
985 896
985 885
985 753
985 916
985 844
985 450
985 237
985 256
985 897
985 277
985 31
985 486
985 447
985 400
985 790
985 401
985 420
985 536
985 87
985 651
69 964
69 440
151 899
151 961
899 961
899 996
899 888
899 460
899 804
899 980
899 819
899 687
899 800
899 524
961 888
961 190
961 804
961 980
961 292
961 349
961 819
961 474
961 649
961 955
961 4
961 465
961 800
961 812
961 524
961 573
961 66
375 978
375 973
153 981
981 162
981 714
981 262
981 365
981 876
981 209
981 794
981 296
981 311
981 521
981 847
981 367
981 758
981 459
981 484
981 49
981 705
154 978
978 877
978 937
978 753
978 984
978 22
978 973
978 261
978 267
978 504
978 27
978 942
978 506
978 619
978 944
978 321
978 366
978 538
978 397
978 831
978 421
978 433
978 793
978 547
978 529
978 776
155 355
156 476
156 905
476 905
476 271
905 964
905 537
905 855
905 810
905 550
905 596
905 271
905 410
905 847
905 361
157 964
964 173
964 537
964 275
964 223
964 284
964 550
964 596
964 519
964 699
964 271
964 440
964 798
964 944
964 847
964 90
964 470
964 779
159 962
159 996
962 996
962 188
962 189
962 532
962 854
962 301
962 306
962 385
962 657
962 441
962 456
962 552
962 655
962 73
996 163
996 188
996 189
996 929
996 212
996 532
996 245
996 854
996 29
996 301
996 306
996 385
996 657
996 441
996 456
996 617
996 529
996 552
996 557
996 655
996 73
996 85
859 911
859 984
859 247
859 860
859 539
859 356
859 831
859 786
859 588
859 591
161 869
384 663
384 763
869 802
869 25
869 751
869 461
869 488
869 705
869 784
162 714
714 876
714 35
714 758
164 280
164 802
280 713
802 207
802 751
802 461
802 488
802 723
888 804
888 819
888 474
888 687
888 800
888 480
888 812
888 493
888 66
165 463
637 805
637 664
637 833
796 868
796 583
796 97
792 672
868 875
868 640
868 806
868 679
868 828
868 492
868 843
173 537
537 855
658 779
901 708
855 187
855 810
855 596
855 699
855 798
855 361
855 495
627 226
177 898
898 916
898 844
898 256
898 897
898 31
898 486
898 400
898 790
898 536
898 651
791 632
791 571
791 780
791 710
365 876
426 911
426 984
426 503
426 457
915 561
896 922
896 906
896 863
896 870
896 827
896 914
896 643
896 718
896 590
896 715
187 810
810 798
810 847
810 470
810 495
875 980
875 303
875 828
875 614
875 478
875 843
875 660
190 460
193 922
922 906
922 329
922 863
922 870
922 827
922 364
922 914
922 643
922 718
922 590
922 715
929 850
929 708
929 900
929 939
929 690
929 955
929 479
929 702
929 761
929 93
850 955
197 876
876 507
275 699
275 440
275 798
885 916
736 410
736 435
736 462
736 572
736 540
582 573
201 771
201 972
638 221
638 892
771 972
771 892
771 251
771 577
771 816
771 604
877 937
877 973
877 942
877 944
877 764
877 793
972 936
972 939
972 955
972 634
972 394
972 764
972 816
972 490
972 615
972 761
202 451
202 841
202 936
451 841
451 936
451 288
451 747
841 936
841 288
841 747
841 36
841 89
841 42
841 494
841 86
936 288
936 747
936 634
936 764
936 816
936 710
936 490
936 615
937 973
937 942
937 944
937 793
937 776
903 577
903 604
672 705
713 242
713 751
713 461
210 782
782 523
782 238
782 497
782 260
211 911
753 973
911 984
911 860
911 609
911 831
911 421
911 786
911 625
911 554
984 247
984 860
984 539
984 583
984 503
984 609
984 363
984 599
984 366
984 831
984 421
984 457
984 431
984 786
984 625
984 554
984 588
214 632
22 973
973 267
973 504
973 27
973 942
973 619
973 944
973 321
973 538
973 764
973 397
973 433
973 435
973 793
973 529
973 776
220 332
332 376
221 892
892 251
892 546
892 663
892 763
892 59
892 764
892 816
223 284
223 550
284 798
916 844
916 237
916 897
916 447
916 400
916 790
916 401
916 420
916 536
916 87
916 651
226 523
523 497
523 770
805 518
805 373
805 442
805 664
805 833
805 652
919 710
906 863
906 870
906 827
906 914
906 643
906 718
906 590
906 715
230 804
804 292
804 349
804 819
708 723
844 450
844 897
844 447
844 790
844 401
450 897
926 809
926 407
926 409
926 413
926 535
926 515
926 665
926 716
596 798
238 497
497 386
980 649
980 687
980 73
640 843
519 779
699 798
863 870
863 827
863 914
247 860
860 503
860 609
860 599
860 831
860 786
860 625
860 588
25 751
751 461
751 784
251 546
546 663
865 541
865 678
870 827
870 914
870 718
870 715
255 571
256 897
897 277
897 486
897 790
897 401
897 420
897 651
260 386
854 657
854 723
854 655
794 560
794 367
794 758
427 302
427 777
504 831
271 410
798 470
539 457
806 828
806 843
286 291
286 900
291 939
900 939
900 300
900 955
900 528
900 93
288 747
747 36
747 42
747 494
747 86
942 944
942 793
942 776
939 690
939 955
939 559
939 501
939 528
939 825
939 633
939 761
679 53
819 649
819 812
819 493
819 524
619 944
380 780
380 512
302 653
302 777
653 762
653 683
653 730
777 762
777 683
777 452
853 761
309 828
828 843
311 521
827 914
313 780
780 334
944 538
944 793
944 776
594 412
762 407
762 683
762 730
762 452
324 690
690 479
847 673
503 786
350 809
809 740
809 524
809 531
36 89
89 494
363 599
399 764
399 816
649 812
381 611
381 955
611 955
611 702
955 479
955 558
955 501
955 825
955 761
90 403
663 763
663 59
763 577
763 604
634 412
634 615
394 764
577 604
764 816
816 604
400 790
790 420
407 683
407 730
683 730
683 452
758 618
413 535
485 488
831 421
831 591
42 494
431 786
435 462
435 572
625 588
465 687
687 800
800 480
800 812
800 573
614 561
480 812
558 508
914 643
914 718
914 590
914 715
843 63
825 633
702 633
664 833
664 652
833 652
2:
100 748
100 866
100 927
748 866
748 927
748 706
748 293
748 496
748 83
866 927
866 566
866 706
866 206
866 565
866 293
866 43
866 46
866 496
866 502
927 566
927 706
927 206
927 565
927 293
927 43
927 46
927 496
927 502
927 83
566 706
566 293
566 502
706 565
706 496
206 565
565 46
496 502
502 83
3:
186 941
186 987
608 856
608 774
608 282
608 779
957 965
957 967
957 902
957 113
957 913
957 768
957 871
957 335
957 641
957 903
957 892
957 445
957 650
957 318
957 958
957 695
957 352
957 472
957 482
957 661
957 517
957 551
957 98
104 359
104 941
104 987
359 941
359 987
941 987
941 835
941 995
941 129
941 935
941 140
941 171
941 612
941 23
941 587
941 61
941 423
941 520
941 68
987 835
987 511
987 505
987 140
987 601
987 981
987 171
987 612
987 208
987 672
987 587
987 980
987 264
987 639
987 281
987 61
987 33
987 423
987 428
987 597
987 520
987 80
987 62
105 832
105 965
105 967
832 965
832 967
832 913
832 871
832 903
832 650
832 695
832 453
832 759
835 935
835 612
835 208
835 980
835 639
835 958
835 520
835 80
835 62
965 967
965 902
965 113
965 913
965 871
965 641
965 903
965 40
965 250
965 555
965 650
965 707
965 958
965 695
965 334
965 526
965 472
965 64
965 517
965 551
965 759
967 902
967 913
967 768
967 641
967 903
967 40
967 445
967 650
967 958
967 695
967 334
967 453
967 661
967 517
967 551
967 759
902 913
902 871
902 641
902 555
902 650
902 707
902 958
902 661
902 56
902 759
113 913
913 768
913 903
913 40
913 318
913 707
913 958
913 661
913 534
913 56
768 871
768 903
768 445
768 958
768 661
871 903
871 555
871 958
871 695
871 453
871 482
871 517
871 759
995 789
995 857
995 858
995 856
995 896
995 612
995 885
995 264
995 639
995 377
995 520
995 803
995 68
511 505
125 789
125 857
125 858
789 857
789 858
789 885
789 199
789 377
789 84
857 858
857 199
857 377
857 387
857 803
857 84
858 885
858 199
858 377
858 387
858 520
858 803
858 84
129 935
935 970
935 601
935 587
935 980
935 639
935 430
935 281
935 958
935 423
935 597
935 759
935 62
935 68
505 33
505 428
970 601
335 958
601 423
601 597
981 903
981 892
981 980
252 856
252 774
252 602
856 185
856 836
856 896
856 21
856 774
856 602
856 282
856 684
856 448
856 803
185 836
836 21
612 520
641 903
641 472
903 892
903 250
903 707
903 958
903 526
903 453
903 759
208 672
21 774
774 602
774 684
774 448
774 779
23 587
587 430
587 597
980 264
980 430
980 281
980 428
250 555
555 695
602 684
602 448
264 639
639 597
281 61
282 684
684 448
684 803
445 958
650 958
318 707
318 958
707 958
707 98
958 352
958 472
958 453
958 661
958 517
958 759
958 98
695 352
597 80
64 759
534 56
551 759
4:
20 901
20 582
20 769
901 582
901 769
901 336
901 838
901 760
901 600
901 71
901 606
901 469
901 52
901 586
582 769
582 600
769 838
769 600
769 469
769 52
769 586
336 600
336 71
838 760
838 600
838 606
838 469
838 586
838 784
600 469
71 586
586 784
5:
904 889
904 388
111 772
111 867
111 917
772 867
772 917
772 674
772 700
772 889
772 360
772 432
772 646
867 917
867 889
867 874
867 388
867 406
867 820
867 432
867 591
867 646
917 674
917 700
917 889
917 874
917 972
917 228
917 817
917 475
917 360
917 368
917 406
917 820
917 646
925 168
925 874
674 889
674 972
674 817
674 820
700 889
700 168
700 874
700 972
700 817
889 874
889 972
889 817
889 475
889 368
889 388
889 820
889 432
889 646
168 874
874 972
874 475
874 360
874 388
874 820
874 432
874 646
972 817
972 820
228 817
817 368
817 388
817 406
817 820
475 820
406 820
820 591
820 646
6:
114 821
114 918
821 918
821 760
821 575
821 516
821 576
821 694
821 697
821 548
918 808
918 19
918 666
918 760
918 32
918 65
918 575
918 516
918 576
918 694
918 770
918 697
918 548
918 803
968 19
968 666
808 19
808 32
808 575
808 576
808 770
808 697
808 548
19 666
666 28
666 527
666 694
666 697
28 527
527 697
32 65
575 803
516 576
516 694
694 548
694 803
697 548
7:
116 568
116 811
568 811
8:
118 542
118 623
118 966
542 966
542 358
623 966
623 7
623 358
623 354
966 215
966 358
966 354
7 354
215 358
9:
563 907
563 636
765 276
765 822
965 907
965 9
276 822
276 880
276 9
127 822
127 880
127 907
822 880
822 907
822 635
822 636
822 307
822 680
822 656
880 907
880 137
880 635
880 885
880 636
880 9
880 626
880 656
880 482
907 137
907 635
907 885
907 232
907 636
907 9
907 307
907 553
907 656
907 482
137 635
635 885
635 656
635 482
836 232
836 636
885 656
232 636
636 656
626 482
307 553
307 680
10:
930 133
930 968
930 849
133 968
438 795
438 746
968 200
968 150
968 278
968 849
968 270
968 179
968 795
968 195
968 724
968 218
968 578
968 543
968 258
968 72
968 746
968 289
968 331
968 81
968 78
200 849
150 278
150 849
278 543
278 258
849 179
849 795
849 724
849 578
849 72
849 746
849 81
270 795
270 195
270 464
179 795
795 543
795 746
795 464
795 81
195 724
724 258
724 289
724 78
218 578
578 258
578 331
543 746
543 289
746 464
746 331
746 78
11:
967 703
967 848
703 339
703 852
703 792
703 848
703 734
703 522
703 872
933 676
933 960
933 180
933 310
933 850
933 204
933 928
933 631
933 234
933 760
933 895
933 253
933 799
933 569
933 283
933 322
933 299
933 872
933 498
933 534
933 545
676 928
170 852
170 792
170 848
952 756
952 895
339 852
339 755
339 872
960 283
852 792
852 848
852 727
852 734
852 522
852 82
852 654
792 848
792 755
792 872
792 370
792 374
792 654
848 727
848 734
848 522
848 755
848 872
848 654
727 734
727 755
727 872
727 374
727 654
180 310
310 928
750 928
750 631
750 895
750 253
750 799
750 498
750 534
850 872
850 370
756 895
756 799
204 928
928 631
928 895
928 799
928 322
928 299
928 44
928 498
928 534
928 545
631 498
734 522
734 755
734 872
734 82
234 760
234 895
895 253
895 799
895 283
895 299
895 872
895 44
895 498
895 534
253 799
799 569
799 44
799 534
283 322
755 872
755 82
755 654
755 70
872 370
872 374
872 70
654 70
12:
14 342
14 675
342 675
13:
58 861
58 616
624 861
624 610
624 429
624 719
624 616
861 181
861 338
861 610
861 429
861 719
861 616
861 487
181 338
181 610
338 610
610 616
610 487
499 429
499 719
499 616
429 719
719 616
14:
686 839
686 744
839 905
839 158
839 595
839 662
839 312
839 392
839 744
839 328
905 595
158 595
158 662
595 392
595 744
595 328
595 458
662 312
662 392
662 744
662 458
312 392
312 744
392 744
744 328
744 458
328 458
15:
178 735
178 741
178 785
735 741
735 785
735 182
735 823
735 224
735 671
735 895
735 396
741 785
741 823
741 671
741 396
785 182
785 823
785 671
785 396
182 823
823 224
823 671
823 396
224 671
671 895
16:
18 333
18 341
333 341
17:
184 316
184 720
184 743
316 720
316 743
316 585
720 743
720 936
720 585
720 564
743 936
743 585
743 564
936 585
936 564
585 564
18:
807 971
807 185
807 915
807 885
807 712
807 509
807 704
807 766
630 813
630 924
630 317
630 41
630 417
813 971
813 549
813 924
813 712
813 509
813 468
813 317
813 704
971 549
971 924
971 581
971 704
971 766
549 924
549 712
549 317
924 915
924 712
924 268
924 298
924 468
924 581
924 704
924 766
924 41
924 417
924 67
185 915
915 766
915 417
885 704
712 468
712 704
712 766
509 468
509 766
509 67
268 298
268 468
298 581
317 704
766 41
766 67
19:
628 722
628 688
722 191
722 688
722 622
191 688
688 622
20:
419 584
419 225
584 225
584 378
584 673
225 378
378 673
21:
910 882
910 921
910 919
910 544
910 320
910 455
910 471
910 862
910 815
882 921
882 919
882 544
882 320
882 455
882 471
882 862
882 815
921 227
921 919
921 760
921 544
921 944
921 320
921 455
921 471
921 862
921 815
227 919
919 760
919 544
919 320
919 455
919 471
919 862
919 815
760 944
544 862
471 862
862 815
22:
689 834
689 915
689 404
689 788
689 853
689 886
689 592
717 840
717 525
834 980
834 404
834 533
834 788
834 853
834 886
834 345
834 592
834 525
834 562
915 886
915 613
477 980
477 788
477 853
477 886
840 24
840 391
840 980
840 371
840 767
840 389
840 525
840 39
840 500
24 391
24 980
391 980
391 371
391 767
980 404
980 788
980 853
980 886
980 767
980 525
980 39
980 500
980 613
404 853
308 533
308 788
308 853
308 886
533 886
533 562
533 613
788 853
788 886
788 592
788 562
788 613
853 886
853 592
853 562
853 613
886 345
886 592
886 562
886 613
345 592
371 767
767 389
767 525
767 39
767 500
389 525
525 500
23:
930 675
930 240
930 55
930 626
675 240
675 55
675 626
240 55
24:
987 274
987 38
935 274
935 38
274 38
25:
861 353
861 51
353 51
26:
446 402
446 673
446 449
446 47
402 449
673 449
673 47
449 47
27:
904 846
904 826
904 425
904 526
629 846
629 826
996 826
996 351
846 787
846 826
846 351
846 669
846 425
846 526
846 60
787 826
826 351
826 669
826 425
826 526
826 60
351 669
669 425
669 526
669 60
425 526
28:
568 644
568 729
568 721
568 395
830 393
830 644
830 729
830 337
830 721
830 395
830 57
393 729
393 337
393 721
644 729
644 337
644 721
644 57
729 721
729 395
721 395
721 57
29:
333 287
333 622
287 622
30:
235 840
235 846
840 846
31:
754 709
754 693
754 701
754 801
754 340
754 513
709 708
709 510
709 801
709 340
709 513
693 915
693 701
693 510
693 801
693 513
915 701
915 801
708 801
701 314
701 801
701 340
701 513
314 510
314 801
510 801
510 513
801 340
32:
331 583
331 719
583 719
33:
607 405
607 343
607 514
405 343
343 514
34:
499 865
499 487
865 487
35:
989 987
989 574
987 574
36:
681 934
681 985
934 985
37:
962 756
962 694
756 694
38:
864 984
864 800
984 800
