# The communities at k=3
# from G:\Dropbox\Raghda\CNA\Final Project\other methods\CFinder-2.0.6--1448\G:\Dropbox\Raghda\CNA\Final Project\Datasets\binary_networks\LFR2\networ_LFR2_Om4.dat
# at no lower link weight threshold,
# and at no upper link weight threshold.
# Links were treated as undirected.
# No time limit was set for the clique search.

0: 938 103 969 107 603 997 134 692 878 852 972 216 598 829 680 369 589 390 437 698 562 739 685 
1: 1 145 579 677 953 10 732 879 884 994 990 1000 11 124 160 248 254 414 422 424 481 530 570 580 593 605 647 659 668 682 686 711 731 733 737 738 745 752 754 765 773 778 79 797 851 891 894 92 938 943 948 957 979 988 989 101 837 845 887 974 102 217 717 670 969 106 824 904 931 992 993 108 946 991 997 109 818 945 110 951 982 112 667 963 986 115 648 950 620 811 976 781 966 119 783 999 12 691 757 977 120 74 908 121 814 842 995 122 229 949 956 930 696 126 912 883 266 273 13 881 934 998 130 742 676 920 438 692 135 909 136 54 138 305 467 970 925 947 952 141 439 893 932 142 954 143 775 864 959 971 144 749 726 146 873 147 203 444 983 148 725 890 149 923 940 960 15 975 985 69 151 899 961 375 153 981 154 978 155 355 156 476 905 157 964 159 962 996 859 161 384 869 162 714 163 262 164 280 802 888 165 463 166 637 169 796 792 868 173 537 348 658 901 175 556 855 176 627 177 898 791 365 183 491 426 836 915 896 187 810 875 188 189 190 460 193 922 929 850 196 197 756 876 198 275 885 736 582 201 638 771 877 972 202 451 841 936 937 903 207 672 713 209 210 782 211 753 911 212 984 214 632 22 973 220 332 221 892 223 284 550 916 226 523 805 919 906 230 804 708 233 844 329 236 450 926 237 596 238 497 532 980 241 640 242 519 699 245 863 247 860 25 751 251 546 865 870 255 571 256 897 259 26 260 386 854 261 263 794 267 427 504 27 271 410 272 440 798 277 539 787 806 303 285 286 291 900 518 288 747 76 29 942 295 939 292 294 296 506 679 349 819 300 619 301 380 302 653 777 304 306 853 309 828 31 311 521 827 313 780 474 315 944 327 594 560 321 762 324 690 330 583 376 334 34 847 346 347 503 35 609 350 809 356 36 89 486 361 362 363 599 364 399 366 367 447 372 538 649 373 673 379 512 381 611 955 383 90 663 763 385 479 634 394 577 59 764 397 412 816 4 400 790 401 403 407 683 730 408 758 409 740 470 413 535 485 831 710 42 494 420 421 457 431 786 97 433 657 435 462 572 441 442 45 452 625 456 559 459 461 465 687 779 800 614 793 617 478 480 812 484 488 561 49 490 558 493 547 492 495 5 50 501 507 508 541 515 723 914 536 643 770 524 528 529 53 531 540 604 552 554 557 718 573 705 784 588 843 590 591 87 86 825 91 66 702 615 618 63 633 665 664 833 651 652 655 660 776 678 715 716 728 73 761 93 85 88 
2: 100 748 866 927 566 706 206 565 293 43 46 496 502 83 
3: 186 608 957 104 359 941 987 105 832 835 965 967 902 113 913 768 871 995 511 125 789 857 858 129 935 505 970 335 140 601 981 252 856 171 185 836 896 612 885 199 641 903 208 672 21 774 892 40 23 587 980 250 555 602 264 639 430 281 61 282 684 445 650 318 707 958 695 33 334 352 377 387 448 423 526 428 597 472 64 453 779 482 661 517 520 534 56 551 759 803 80 98 62 68 84 
4: 20 901 582 769 336 838 760 600 71 606 469 52 586 784 
5: 904 111 772 867 917 925 674 700 889 168 874 972 228 817 475 360 368 388 406 820 432 591 646 
6: 114 821 918 968 808 19 666 760 28 527 32 65 575 516 576 694 770 697 548 803 
7: 116 568 811 
8: 118 542 623 966 7 215 358 354 
9: 563 765 965 276 127 822 880 907 137 635 836 885 232 636 9 626 307 553 680 656 482 
10: 930 133 438 968 200 150 278 849 270 179 795 195 724 218 578 543 258 72 746 464 289 331 81 78 
11: 967 703 933 676 170 952 339 960 852 792 848 727 180 310 750 850 756 204 928 631 734 234 760 895 253 799 569 283 322 522 299 755 872 82 370 374 44 498 534 545 654 70 
12: 14 342 675 
13: 58 624 861 181 338 610 499 429 719 616 487 
14: 686 839 905 158 595 662 312 392 744 328 458 
15: 178 735 741 785 182 823 224 671 895 396 
16: 18 333 341 
17: 184 316 720 743 936 585 564 
18: 807 630 813 971 549 924 185 915 885 712 509 268 298 468 581 317 704 766 41 417 67 
19: 628 722 191 688 622 
20: 419 584 225 378 673 
21: 910 882 921 227 919 760 544 944 320 455 471 862 815 
22: 689 717 834 915 477 840 24 391 980 404 308 533 788 853 886 345 592 371 767 389 525 39 500 562 613 
23: 930 675 240 55 626 
24: 987 935 274 38 
25: 861 353 51 
26: 446 402 673 449 47 
27: 904 629 996 846 787 826 351 669 425 526 60 
28: 568 830 393 644 729 337 721 395 57 
29: 333 287 622 
30: 235 840 846 
31: 754 709 693 915 708 701 314 510 801 340 513 
32: 331 583 719 
33: 607 405 343 514 
34: 499 865 487 
35: 989 987 574 
36: 681 934 985 
37: 962 756 694 
38: 864 984 800 
