# The links inside the communities at k=6
# from G:\Dropbox\Raghda\CNA\Final Project\other methods\CFinder-2.0.6--1448\G:\Dropbox\Raghda\CNA\Final Project\Datasets\binary_networks\LFR3\network_LFR3_Om2.dat
# at no lower link weight threshold,
# and at no upper link weight threshold.
# Links were treated as undirected.
# No time limit was set for the clique search.

0:
897 252
897 531
897 555
897 834
897 850
252 531
252 555
252 834
252 850
531 555
531 834
531 850
555 834
555 850
834 850
1:
799 835
799 916
799 928
799 798
799 852
799 549
835 916
835 928
835 798
835 820
835 852
835 275
835 549
916 928
916 798
916 820
916 852
916 275
916 596
916 549
928 798
928 820
928 852
928 275
928 596
928 549
798 820
798 852
798 275
798 596
798 549
820 275
820 596
820 549
596 549
2:
751 829
751 898
751 908
751 561
751 804
751 765
751 633
751 614
829 898
829 908
829 804
829 290
829 675
829 765
829 633
829 614
898 908
898 561
898 804
898 290
898 675
898 765
898 633
898 614
908 561
908 804
908 290
908 675
908 765
908 633
908 614
561 804
561 614
804 675
804 765
804 614
290 675
290 765
675 765
675 633
765 633
765 614
633 614
3:
864 927
864 947
864 991
864 968
864 979
864 904
864 919
864 999
864 687
864 682
864 770
864 538
864 808
927 947
927 991
927 968
927 979
927 962
927 901
927 904
927 919
927 999
927 860
927 770
927 803
927 624
927 514
927 724
927 676
927 788
927 808
947 991
947 968
947 962
947 901
947 904
947 919
947 999
947 687
947 682
947 803
947 624
947 508
947 514
947 676
947 788
947 808
991 658
991 968
991 979
991 962
991 901
991 904
991 919
991 999
991 860
991 687
991 682
991 770
991 803
991 375
991 624
991 508
991 514
991 724
991 676
991 788
991 538
991 808
658 968
658 962
658 901
658 919
968 979
968 962
968 901
968 904
968 919
968 999
968 860
968 687
968 682
968 770
968 803
968 375
968 624
968 508
968 514
968 538
968 808
979 962
979 901
979 904
979 919
979 999
979 860
979 687
979 682
979 770
979 803
979 375
979 624
979 508
979 514
979 724
979 676
979 788
979 538
979 808
962 901
962 904
962 919
962 860
962 687
962 770
962 803
962 375
962 724
962 788
962 808
901 904
901 919
901 999
901 770
901 803
901 375
901 724
901 676
901 808
904 919
904 999
904 770
904 624
904 724
904 808
919 999
919 687
919 682
919 508
919 724
919 788
919 808
999 687
999 682
999 770
999 803
999 508
999 724
999 676
999 538
999 808
860 808
803 514
803 724
803 808
514 724
4:
988 773
988 859
988 880
988 845
988 604
988 822
988 641
988 583
773 830
773 859
773 880
773 845
773 604
773 822
773 384
773 583
830 859
830 880
830 845
830 822
830 641
830 384
830 583
859 880
859 845
859 604
859 822
859 641
859 384
880 845
880 604
880 822
880 641
880 384
880 583
845 604
845 822
845 641
845 384
845 583
604 822
822 641
822 583
641 583
5:
897 834
897 850
897 593
897 388
897 454
834 850
834 593
834 388
834 454
850 593
850 388
850 454
593 388
593 454
388 454
6:
990 994
990 902
990 970
990 747
990 821
990 723
990 503
990 395
990 785
990 637
994 902
994 970
994 747
994 821
994 723
994 503
994 395
994 785
994 637
902 970
902 747
902 821
902 723
902 395
902 785
902 637
970 821
970 723
970 503
970 785
970 637
747 723
747 785
821 723
821 395
723 395
723 785
503 785
503 637
785 637
7:
918 986
918 876
918 996
918 874
918 911
918 926
918 862
918 863
918 881
986 978
986 876
986 931
986 985
986 996
986 874
986 911
986 730
986 926
986 899
986 659
986 862
986 863
986 881
986 443
986 782
986 485
986 767
986 655
978 996
978 874
978 911
978 899
978 863
978 881
876 931
876 985
876 996
876 874
876 863
876 881
876 782
876 767
931 985
931 996
931 862
931 443
931 782
931 485
985 996
985 874
985 911
985 730
985 899
985 659
985 862
985 863
985 881
985 443
985 782
985 485
985 767
985 655
996 874
996 911
996 926
996 899
996 659
996 862
996 863
996 881
996 443
996 782
996 485
996 767
996 655
874 911
874 881
874 767
911 730
911 926
911 899
911 862
911 863
911 881
911 767
730 863
730 767
926 899
926 881
899 659
899 863
899 881
899 767
899 655
659 863
659 655
862 863
862 881
862 782
863 767
881 782
881 767
443 782
782 485
8:
999 738
999 872
999 910
999 819
999 461
738 872
738 910
738 819
738 461
872 910
872 819
872 461
910 819
910 461
819 461
9:
921 935
921 693
921 567
921 749
921 758
921 669
921 536
921 760
921 534
935 693
935 567
935 749
935 758
935 669
935 536
935 760
935 534
693 567
693 758
693 669
693 760
693 534
567 669
567 760
749 758
749 536
749 760
749 534
758 536
758 760
758 534
669 760
669 534
536 760
760 534
10:
886 966
886 982
886 995
886 827
886 873
886 900
886 854
886 890
886 925
886 869
886 914
886 757
886 650
966 982
966 995
966 827
966 873
966 900
966 854
966 586
966 890
966 925
966 606
966 869
966 914
966 622
966 907
966 847
966 813
966 494
966 650
982 995
982 873
982 900
982 854
982 890
982 925
982 869
982 914
982 651
982 622
982 907
982 813
982 494
982 757
982 650
995 827
995 873
995 900
995 854
995 586
995 890
995 925
995 606
995 914
995 651
995 622
995 907
995 813
995 494
995 757
995 650
827 925
827 914
873 900
873 854
873 869
873 914
873 651
873 907
873 847
873 813
873 757
900 890
900 914
900 651
900 907
900 847
900 813
900 650
854 925
854 622
854 907
586 890
586 925
586 914
890 925
890 606
890 869
890 914
890 907
890 847
890 813
925 606
925 869
925 914
925 622
925 907
925 847
925 813
925 494
925 757
606 914
606 622
869 914
869 907
869 757
914 622
914 757
651 907
907 847
907 813
847 813
813 494
11:
986 931
986 985
986 996
986 899
986 584
986 703
931 985
931 996
931 899
931 584
931 703
985 996
985 899
985 584
985 703
996 899
996 584
996 703
899 584
899 703
12:
906 997
906 851
906 989
906 769
906 960
906 884
906 936
906 987
906 618
906 976
906 909
906 805
906 938
906 756
997 851
997 989
997 769
997 960
997 884
997 936
997 954
997 987
997 618
997 976
997 909
997 805
997 885
997 924
997 938
997 756
851 989
851 987
851 976
851 805
989 929
989 960
989 884
989 936
989 954
989 987
989 976
989 805
989 885
989 924
989 893
989 938
989 719
989 766
989 756
769 987
769 976
769 909
769 924
769 756
929 960
929 670
929 936
929 954
929 987
929 976
929 909
929 885
929 924
929 893
929 938
929 719
929 766
960 670
960 936
960 987
960 976
960 909
960 756
670 987
670 976
670 909
884 954
884 987
884 976
884 940
884 885
884 924
884 938
884 756
936 987
936 618
936 976
936 909
936 924
936 938
954 987
954 976
954 909
954 940
954 893
954 756
987 618
987 976
987 909
987 940
987 924
987 893
987 938
987 766
987 756
618 976
976 909
976 940
976 805
976 885
976 924
976 893
976 938
976 719
976 766
976 756
909 893
940 924
940 756
885 924
885 893
885 719
924 893
924 756
893 938
893 719
938 766
13:
999 738
999 872
999 910
999 746
999 819
999 636
999 674
999 708
999 617
738 910
738 819
738 636
738 674
872 910
872 746
872 819
872 708
872 617
910 746
910 819
910 636
910 674
910 708
910 617
746 819
746 636
746 674
746 708
746 617
819 636
819 674
819 617
636 674
636 708
636 617
674 617
708 617
14:
961 865
961 993
961 969
961 978
961 866
961 932
961 875
961 917
961 942
961 949
961 879
961 905
961 699
961 920
961 843
961 731
961 690
865 993
865 969
865 917
865 905
865 690
993 969
993 978
993 866
993 932
993 875
993 917
993 942
993 949
993 879
993 905
993 699
993 920
993 729
993 843
993 731
993 690
969 866
969 932
969 875
969 917
969 942
969 949
969 879
969 905
969 920
969 729
969 843
969 690
978 932
978 875
978 917
978 949
978 920
978 843
978 731
866 932
866 942
866 949
866 879
866 920
866 843
866 690
932 875
932 917
932 942
932 920
932 729
932 843
932 690
875 949
875 905
875 920
875 843
917 942
917 949
917 879
917 905
917 920
917 843
917 731
917 690
942 879
942 905
942 920
942 729
942 843
942 731
949 905
949 920
949 843
949 731
879 905
879 699
879 920
905 699
905 920
699 920
920 843
729 843
843 731
15:
975 888
975 943
975 967
975 951
975 877
975 971
975 871
975 700
888 943
888 967
888 951
888 877
888 971
888 700
943 967
943 951
943 877
943 971
943 871
943 700
967 951
967 877
967 971
967 871
967 700
951 877
951 871
951 700
877 971
877 871
971 871
971 700
16:
717 806
717 953
717 828
717 796
717 771
806 953
806 828
806 796
806 771
953 828
953 796
953 771
828 796
828 771
796 771
17:
744 806
744 953
744 777
744 736
744 771
806 953
806 777
806 828
806 736
806 771
953 777
953 828
953 736
953 771
777 828
777 736
777 771
828 736
828 771
736 771
18:
981 861
981 933
981 958
981 883
981 913
861 933
861 958
861 883
861 913
933 958
933 883
933 913
958 883
958 913
883 913
19:
998 984
998 977
998 896
998 923
998 889
998 855
984 896
984 923
984 889
984 855
977 896
977 923
977 889
977 855
896 923
896 889
896 855
923 889
923 855
889 855
