# The communities at k=6
# from G:\Dropbox\Raghda\CNA\Final Project\other methods\CFinder-2.0.6--1448\G:\Dropbox\Raghda\CNA\Final Project\Datasets\binary_networks\LFR3\network_LFR3_Om2.dat
# at no lower link weight threshold,
# and at no upper link weight threshold.
# Links were treated as undirected.
# No time limit was set for the clique search.

0: 897 252 531 555 834 850 
1: 799 835 916 928 798 820 852 275 596 549 
2: 751 829 898 908 561 804 290 675 765 633 614 
3: 864 927 947 991 658 968 979 962 901 904 919 999 860 687 682 770 803 375 624 508 514 724 676 788 538 808 
4: 988 773 830 859 880 845 604 822 641 384 583 
5: 897 834 850 593 388 454 
6: 990 994 902 970 747 821 723 503 395 785 637 
7: 918 986 978 876 931 985 996 874 911 730 926 899 659 862 863 881 443 782 485 767 655 
8: 999 738 872 910 819 461 
9: 921 935 693 567 749 758 669 536 760 534 
10: 886 966 982 995 827 873 900 854 586 890 925 606 869 914 651 622 907 847 813 494 757 650 
11: 986 931 985 996 899 584 703 
12: 906 997 851 989 769 929 960 670 884 936 954 987 618 976 909 940 805 885 924 893 938 719 766 756 
13: 999 738 872 910 746 819 636 674 708 617 
14: 961 865 993 969 978 866 932 875 917 942 949 879 905 699 920 729 843 731 690 
15: 975 888 943 967 951 877 971 871 700 
16: 717 806 953 828 796 771 
17: 744 806 953 777 828 736 771 
18: 981 861 933 958 883 913 
19: 998 984 977 896 923 889 855 
