# The contained cliques in the communities at k=6
# from G:\Dropbox\Raghda\CNA\Final Project\other methods\CFinder-2.0.6--1448\G:\Dropbox\Raghda\CNA\Final Project\Datasets\binary_networks\LFR3\network_LFR3_Om2.dat
# at no lower link weight threshold,
# and at no upper link weight threshold.
# Links were treated as undirected.
# No time limit was set for the clique search.

0: 442 
1: 486 1062 1061 1063 1721 
2: 513 1299 1458 1298 1336 1135 
3: 709 1685 1748 1834 1335 1623 1624 1625 1684 1686 1746 1749 1831 1832 1833 1835 1836 1334 1830 1033 1461 1462 1466 1467 1747 1034 1463 1464 1059 1041 1487 1626 1042 1043 1488 1762 1761 1226 
4: 722 1644 1111 1187 1311 1185 1310 1186 1188 
5: 734 
6: 748 1572 1573 1332 1574 960 
7: 818 1005 1756 1758 1757 1705 1759 1706 1707 1709 1935 1708 1443 1558 1912 1915 1374 1910 1913 1911 1936 1959 1937 1960 1961 
8: 835 
9: 916 1054 1052 1053 1084 
10: 990 1823 1821 1822 1826 1879 1939 1963 1312 1824 1878 1928 1825 1876 1877 1314 1315 1296 1295 1125 1342 1690 1929 1962 1691 1693 1694 1938 1787 
11: 1191 1501 
12: 1277 1988 1989 1990 1710 1711 1868 1966 1996 2002 1652 1712 1713 1651 1653 1714 1715 1967 1802 1997 1979 2003 1974 1978 1980 1615 1981 1702 1992 1408 
13: 1300 1302 1303 1340 1341 
14: 1446 1942 1883 1886 1888 1926 1927 1940 1995 1497 1608 1884 1885 1887 1889 1890 1498 1496 1891 1892 1638 1639 
15: 1516 1517 1945 1946 1932 1931 
16: 1532 
17: 1598 1599 
18: 1898 
19: 1919 1923 
