# The links inside the communities at k=6
# from G:\Dropbox\Raghda\CNA\Final Project\other methods\CFinder-2.0.6--1448\G:\Dropbox\Raghda\CNA\Final Project\Datasets\binary_networks\LFR2\networ_LFR2_Om3.dat
# at no lower link weight threshold,
# and at no upper link weight threshold.
# Links were treated as undirected.
# No time limit was set for the clique search.

0:
1000 389
1000 428
1000 559
1000 572
1000 610
1000 650
1000 701
1000 712
1000 749
1000 750
1000 773
1000 787
1000 847
1000 935
1000 945
1000 948
1000 986
1000 992
389 935
389 945
389 948
389 986
428 750
428 935
428 948
428 986
559 701
559 935
559 945
559 986
572 701
572 935
572 945
572 948
572 986
610 847
610 935
610 945
610 948
610 986
650 701
650 935
650 945
650 986
701 935
701 945
701 986
712 787
712 935
712 945
712 948
712 986
712 992
749 787
749 935
749 945
749 948
749 986
749 992
750 773
750 847
750 935
750 948
750 986
773 847
773 935
773 945
773 948
773 986
773 992
787 945
787 948
787 986
787 992
847 935
847 945
847 948
847 986
847 992
935 945
935 948
935 986
935 992
945 948
945 986
945 992
948 986
948 992
986 992
1:
940 900
940 915
940 904
940 644
940 429
900 915
900 904
900 644
900 429
915 904
915 644
915 429
904 644
904 429
644 429
2:
853 951
853 966
853 838
853 962
853 905
853 991
853 961
853 955
853 890
853 882
951 966
951 990
951 838
951 962
951 991
951 961
951 955
951 890
951 742
951 873
951 882
951 478
951 513
951 565
966 990
966 838
966 962
966 905
966 991
966 961
966 955
966 890
966 742
966 873
966 882
966 478
966 513
966 565
990 962
990 991
990 961
990 955
990 890
990 873
990 882
838 962
838 991
838 961
838 955
838 890
838 742
838 873
838 882
962 991
962 961
962 955
962 890
962 742
962 873
962 882
962 478
962 565
905 961
905 955
905 890
991 961
991 955
991 882
961 955
961 890
961 742
961 873
961 882
961 478
961 513
955 890
955 742
955 873
955 882
955 565
890 742
890 873
890 882
890 513
742 873
873 882
873 478
882 513
882 565
3:
555 965
555 943
555 958
555 960
555 928
908 965
908 943
908 958
908 960
908 928
965 943
965 889
965 811
965 958
965 860
965 960
965 785
965 521
965 928
965 551
965 899
965 696
943 889
943 811
943 958
943 860
943 960
943 785
943 521
943 928
943 551
943 899
943 696
889 811
889 958
889 860
889 960
889 785
889 928
889 899
889 696
811 958
811 860
811 960
811 785
811 928
811 899
958 860
958 960
958 785
958 521
958 928
958 551
958 899
958 696
860 960
860 785
860 928
860 899
960 785
960 521
960 928
960 551
960 899
960 696
785 928
785 899
521 928
928 551
928 899
928 696
899 696
4:
978 880
978 992
978 989
978 994
978 988
978 878
978 984
978 896
978 979
978 568
978 550
978 942
978 833
978 856
978 869
978 485
978 740
978 632
978 642
880 989
880 994
880 988
880 878
880 984
880 896
880 979
880 942
880 833
880 856
880 869
992 989
992 994
992 988
992 878
992 984
992 979
992 568
992 833
992 856
989 994
989 988
989 878
989 984
989 896
989 979
989 568
989 550
989 942
989 833
989 856
989 869
989 485
989 740
989 632
989 642
994 988
994 878
994 979
994 856
994 642
988 878
988 984
988 896
988 979
988 568
988 550
988 942
988 833
988 856
988 869
988 485
988 740
988 554
988 632
988 642
878 896
878 979
878 833
878 869
878 554
984 896
984 979
984 856
984 740
896 979
896 550
896 942
896 833
896 856
896 869
896 740
896 554
979 568
979 942
979 833
979 856
979 869
979 485
979 740
979 554
979 632
979 642
550 856
833 869
856 632
869 485
869 554
869 632
869 642
740 642
5:
997 998
997 987
997 930
997 971
997 910
997 911
997 908
997 972
997 968
997 926
997 932
997 799
997 593
997 548
997 759
998 987
998 930
998 971
998 910
998 911
998 972
998 968
998 926
998 932
998 799
987 971
987 910
987 911
987 972
987 932
987 799
987 759
930 971
930 972
930 968
930 926
930 932
971 910
971 911
971 908
971 972
971 968
971 926
971 932
971 799
971 593
971 548
971 759
910 911
910 908
910 972
910 968
910 926
910 932
910 593
910 759
911 972
911 968
911 926
911 932
911 799
911 548
911 759
908 972
908 932
972 926
972 932
972 799
972 593
972 548
972 759
968 926
968 932
968 799
926 932
926 799
926 593
926 759
932 799
932 548
932 759
593 759
6:
983 993
983 887
983 831
983 495
983 700
993 887
993 831
993 495
993 700
887 831
887 495
887 700
831 495
831 700
495 700
7:
867 964
867 863
867 907
867 922
867 903
895 964
895 863
895 907
895 922
895 775
895 903
895 780
895 596
895 528
895 858
964 863
964 907
964 922
964 775
964 903
964 780
964 596
964 528
964 858
863 907
863 922
863 903
863 780
907 922
907 775
907 903
907 780
907 596
907 528
907 858
922 775
922 903
922 780
922 596
922 858
775 596
775 858
903 780
903 596
903 528
903 858
780 858
528 858
8:
992 744
992 852
992 991
992 532
992 633
744 852
744 991
744 532
744 633
852 991
852 532
852 633
991 532
991 633
532 633
9:
795 738
795 694
795 731
795 546
795 564
738 694
738 731
738 546
738 564
694 731
694 546
694 564
731 546
731 564
546 564
10:
924 956
924 570
924 914
924 788
924 822
924 618
956 570
956 914
956 855
956 788
956 822
956 618
570 914
570 855
570 788
570 822
914 855
914 788
914 822
914 618
855 788
855 822
788 822
788 618
822 618
11:
940 784
940 790
940 976
940 900
940 915
940 904
940 627
940 746
784 976
784 900
784 915
784 904
790 976
790 915
790 904
790 746
976 900
976 915
976 904
976 746
900 915
900 904
900 627
900 746
915 904
915 627
915 746
904 627
904 746
627 746
12:
940 784
940 900
940 915
940 763
940 571
784 900
784 915
784 763
784 571
900 915
900 763
900 571
915 763
915 571
763 571
13:
941 947
941 861
941 804
941 909
941 824
941 743
941 585
941 721
941 628
941 599
947 861
947 804
947 909
947 824
947 743
947 585
947 721
947 628
947 599
861 804
861 909
861 824
861 743
861 721
861 628
861 599
804 909
804 824
804 743
804 721
804 628
909 824
909 743
909 585
909 721
909 628
909 599
824 743
824 585
824 721
824 599
743 628
585 721
721 599
14:
755 953
755 985
755 973
755 974
755 906
755 916
755 927
953 985
953 973
953 810
953 974
953 970
953 906
953 916
953 927
953 864
953 812
953 933
953 897
953 695
985 973
985 974
985 970
985 906
985 916
985 927
985 864
985 812
985 933
985 897
985 695
985 615
973 810
973 974
973 970
973 906
973 916
973 927
973 864
973 812
973 933
973 897
973 615
810 916
810 927
810 812
810 933
974 970
974 906
974 916
974 927
974 864
974 812
974 933
974 897
974 695
974 615
970 864
970 812
970 933
906 927
906 864
906 812
906 933
906 897
906 615
916 927
916 864
916 812
916 933
927 864
927 812
927 933
927 897
927 695
864 933
812 933
933 897
897 695
897 615
15:
982 987
982 990
982 679
982 857
982 652
987 990
987 679
987 857
987 652
990 679
990 857
990 652
679 857
679 652
857 652
16:
994 851
994 995
994 996
994 957
994 929
994 779
851 995
851 996
851 954
851 957
851 929
851 840
851 779
995 996
995 954
995 957
995 929
995 840
995 673
996 954
996 957
996 929
996 779
954 957
954 929
954 840
954 673
957 929
957 840
957 673
957 779
929 840
929 673
929 779
840 673
17:
832 983
832 993
832 990
832 976
832 865
832 815
832 655
983 993
983 990
983 976
983 865
983 815
983 655
993 990
993 976
993 865
993 815
993 655
990 976
990 865
990 815
976 865
976 815
865 815
865 655
815 655
18:
921 949
921 846
921 829
921 944
921 723
884 949
884 980
884 846
884 829
884 944
884 723
949 980
949 846
949 829
949 944
949 723
980 846
980 944
980 723
846 829
846 944
846 723
829 944
829 723
944 723
