# The communities at k=6
# from G:\Dropbox\Raghda\CNA\Final Project\other methods\CFinder-2.0.6--1448\G:\Dropbox\Raghda\CNA\Final Project\Datasets\binary_networks\LFR2\networ_LFR2_Om3.dat
# at no lower link weight threshold,
# and at no upper link weight threshold.
# Links were treated as undirected.
# No time limit was set for the clique search.

0: 1000 389 428 559 572 610 650 701 712 749 750 773 787 847 935 945 948 986 992 
1: 940 900 915 904 644 429 
2: 853 951 966 990 838 962 905 991 961 955 890 742 873 882 478 513 565 
3: 555 908 965 943 889 811 958 860 960 785 521 928 551 899 696 
4: 978 880 992 989 994 988 878 984 896 979 568 550 942 833 856 869 485 740 554 632 642 
5: 997 998 987 930 971 910 911 908 972 968 926 932 799 593 548 759 
6: 983 993 887 831 495 700 
7: 867 895 964 863 907 922 775 903 780 596 528 858 
8: 992 744 852 991 532 633 
9: 795 738 694 731 546 564 
10: 924 956 570 914 855 788 822 618 
11: 940 784 790 976 900 915 904 627 746 
12: 940 784 900 915 763 571 
13: 941 947 861 804 909 824 743 585 721 628 599 
14: 755 953 985 973 810 974 970 906 916 927 864 812 933 897 695 615 
15: 982 987 990 679 857 652 
16: 994 851 995 996 954 957 929 840 673 779 
17: 832 983 993 990 976 865 815 655 
18: 921 884 949 980 846 829 944 723 
