# The links inside the communities at k=8
# from G:\Dropbox\Raghda\CNA\Final Project\other methods\CFinder-2.0.6--1448\G:\Dropbox\Raghda\CNA\Final Project\Datasets\binary_networks\LFR3\network_LFR3_Om4.dat
# at no lower link weight threshold,
# and at no upper link weight threshold.
# Links were treated as undirected.
# No time limit was set for the clique search.

0:
787 791
787 888
787 783
787 852
787 846
787 558
787 764
787 645
791 888
791 783
791 852
791 846
791 558
791 764
791 645
888 783
888 852
888 846
888 558
888 764
888 645
783 852
783 846
783 558
783 764
783 645
852 846
852 558
852 764
852 645
846 558
846 764
846 645
558 764
764 645
1:
992 973
992 986
992 821
992 748
992 655
992 677
992 811
973 986
973 821
973 748
973 655
973 677
973 811
986 821
986 748
986 655
986 677
986 811
821 748
821 655
821 677
821 811
748 655
748 677
748 811
655 677
655 811
677 811
2:
949 944
949 957
949 997
949 919
949 926
949 847
949 940
949 972
949 982
949 964
949 974
949 902
949 981
949 933
949 900
949 803
949 894
944 957
944 997
944 870
944 919
944 926
944 847
944 940
944 972
944 982
944 964
944 974
944 902
944 933
944 803
944 894
957 997
957 870
957 919
957 926
957 940
957 972
957 982
957 964
957 974
957 902
957 981
957 933
957 900
957 803
957 894
957 640
997 870
997 919
997 926
997 847
997 940
997 972
997 982
997 964
997 902
997 981
997 933
997 803
997 894
870 919
870 847
870 972
870 982
870 964
870 974
870 981
870 933
870 900
870 894
919 926
919 940
919 972
919 982
919 964
919 974
919 902
919 981
919 933
919 900
926 847
926 940
926 972
926 982
926 964
926 974
926 902
926 981
926 933
926 803
926 894
926 640
847 940
847 972
847 982
847 964
847 803
847 894
940 982
940 964
940 974
940 902
940 981
940 933
940 900
940 803
972 982
972 964
972 974
972 902
972 933
972 900
972 803
972 894
972 640
982 964
982 974
982 902
982 981
982 933
982 900
982 803
982 894
982 640
964 974
964 902
964 981
964 933
964 900
964 803
964 894
964 640
974 902
974 981
974 933
974 894
902 981
902 933
902 900
902 640
981 933
981 900
981 803
981 894
981 640
933 900
933 803
933 640
3:
935 948
935 668
935 941
935 975
935 673
935 837
935 873
935 943
935 752
948 668
948 941
948 975
948 673
948 837
948 873
948 943
948 752
668 941
668 975
668 673
668 837
668 873
668 943
668 752
941 975
941 673
941 837
941 873
941 943
941 752
975 673
975 837
975 873
975 943
975 752
673 873
673 943
837 873
837 943
873 943
873 752
943 752
4:
935 948
935 941
935 975
935 874
935 861
935 746
935 711
948 941
948 975
948 874
948 861
948 746
948 711
941 975
941 874
941 861
941 746
941 711
975 874
975 861
975 746
975 711
874 861
874 746
874 711
861 746
861 711
746 711
5:
935 948
935 941
935 975
935 824
935 837
935 943
935 711
948 941
948 975
948 824
948 837
948 943
948 711
941 975
941 824
941 837
941 943
941 711
975 824
975 837
975 943
975 711
824 837
824 943
824 711
837 943
837 711
943 711
6:
935 948
935 941
935 975
935 874
935 861
935 873
935 752
948 941
948 975
948 874
948 861
948 873
948 752
941 975
941 874
941 861
941 873
941 752
975 874
975 861
975 873
975 752
874 861
874 873
874 752
861 873
861 752
873 752
