# The links inside the communities at k=8
# from G:\Dropbox\Raghda\CNA\Final Project\other methods\CFinder-2.0.6--1448\G:\Dropbox\Raghda\CNA\Final Project\Datasets\binary_networks\LFR4\network_LFR4_Om2.dat
# at no lower link weight threshold,
# and at no upper link weight threshold.
# Links were treated as undirected.
# No time limit was set for the clique search.

0:
934 999
934 948
934 857
934 894
934 941
934 813
934 476
934 653
934 702
934 682
999 948
999 857
999 894
999 941
999 813
999 476
999 653
999 702
999 682
948 857
948 894
948 941
948 813
948 476
948 653
948 702
948 682
857 894
857 941
857 813
857 476
857 653
857 702
857 682
894 941
894 813
894 476
894 653
894 702
894 682
941 813
941 476
941 653
941 702
941 682
813 476
813 653
813 702
813 682
653 702
702 682
1:
987 969
987 996
987 991
987 981
987 865
987 823
987 862
987 951
987 728
987 780
987 493
987 671
969 996
969 991
969 981
969 865
969 823
969 862
969 951
969 728
969 780
969 493
969 671
996 991
996 981
996 865
996 823
996 862
996 951
996 728
996 780
996 493
996 671
991 981
991 865
991 823
991 862
991 951
991 728
991 780
991 493
991 671
981 865
981 823
981 862
981 951
981 728
981 780
981 493
981 671
865 823
865 862
865 951
865 728
865 780
865 493
865 671
823 862
862 951
862 728
862 780
862 493
862 671
951 728
951 780
951 671
728 780
780 671
2:
850 881
850 930
850 982
850 830
850 856
850 778
850 619
881 930
881 982
881 830
881 856
881 778
881 619
930 982
930 830
930 856
930 778
930 619
982 830
982 856
982 778
982 619
830 856
830 778
830 619
856 778
856 619
778 619
3:
993 992
993 938
993 946
993 968
993 836
993 975
993 885
993 703
993 599
992 938
992 946
992 968
992 836
992 975
992 703
992 599
938 946
938 968
938 836
938 975
938 885
938 703
938 599
946 968
946 836
946 975
946 885
946 703
946 599
968 836
968 975
968 885
968 703
968 599
836 975
836 885
836 703
975 885
975 703
975 599
885 703
703 599
4:
962 974
962 1000
962 817
962 886
962 902
962 908
962 915
962 935
962 967
962 976
962 656
974 1000
974 886
974 902
974 908
974 915
974 935
974 967
974 976
974 656
1000 817
1000 886
1000 902
1000 908
1000 915
1000 935
1000 967
1000 976
817 908
817 915
817 935
817 967
817 976
886 902
886 908
886 915
886 935
886 967
886 976
886 656
902 908
902 915
902 935
902 967
902 976
908 915
908 935
908 967
908 976
908 656
915 935
915 967
915 976
915 656
935 967
935 976
967 976
967 656
976 656
5:
804 852
804 787
804 910
804 764
804 839
804 802
804 729
804 678
852 787
852 910
852 764
852 839
852 802
852 729
852 678
787 910
787 764
787 839
787 802
787 729
787 678
910 764
910 839
910 802
910 729
910 678
764 839
764 802
764 729
764 678
839 729
839 678
802 729
802 678
729 678
6:
974 909
974 988
974 913
974 933
974 996
974 883
974 943
974 882
974 849
909 988
909 913
909 933
909 996
909 883
909 738
909 757
909 943
909 882
909 849
909 769
988 913
988 933
988 996
988 883
988 738
988 757
988 943
988 882
988 849
988 769
913 933
913 883
913 943
913 882
913 849
933 996
933 883
933 738
933 943
933 882
933 849
933 769
996 883
996 738
996 757
996 943
996 882
996 849
996 769
883 738
883 757
883 943
883 882
883 849
883 769
738 757
738 943
738 882
738 769
757 882
757 769
943 882
943 849
943 769
882 769
849 769
7:
960 978
960 989
960 919
960 924
960 991
960 952
960 920
960 950
978 989
978 919
978 924
978 991
978 952
978 920
978 950
989 919
989 924
989 991
989 952
989 920
989 950
919 924
919 991
919 952
919 920
919 950
924 991
924 952
924 920
924 950
991 952
991 920
952 920
952 950
920 950
