# The cliques from G:\Dropbox\Raghda\CNA\Final Project\other methods\CFinder-2.0.6--1448\G:\Dropbox\Raghda\CNA\Final Project\Datasets\binary_networks\LFR4\network_LFR4_Om3.dat
# at no lower link weight threshold,
# and at no upper link weight threshold.
# Links were treated as undirected.
# No time limit was set for the clique search.

0: 761 698 945 586 
1: 1 766 815 
2: 1 766 913 
3: 10 1000 873 
4: 10 731 873 
5: 100 788 849 965 
6: 100 788 965 991 
7: 1000 135 742 979 
8: 1000 155 997 
9: 165 907 973 
10: 1000 182 959 
11: 182 959 878 909 
12: 1000 20 908 960 979 
13: 1000 873 7 
14: 101 521 989 
15: 101 695 954 989 
16: 102 783 936 977 998 
17: 977 103 171 487 
18: 977 171 487 106 
19: 104 149 457 974 
20: 149 974 726 
21: 977 106 199 
22: 977 199 655 
23: 521 107 824 
24: 521 107 957 
25: 109 190 896 
26: 11 623 769 
27: 11 623 980 
28: 11 769 971 
29: 11 971 980 
30: 110 459 654 
31: 110 459 976 
32: 110 892 976 
33: 595 896 112 
34: 896 112 557 
35: 957 953 113 
36: 974 114 189 
37: 974 189 888 
38: 115 801 996 
39: 118 570 768 972 
40: 118 768 937 972 
41: 12 429 562 
42: 971 120 888 894 
43: 184 988 611 773 
44: 971 847 122 970 
45: 999 910 123 857 
46: 126 307 81 
47: 606 127 992 
48: 127 927 982 992 
49: 870 128 819 
50: 965 13 943 
51: 131 508 853 946 
52: 996 990 133 820 
53: 927 992 134 
54: 992 134 659 
55: 992 134 846 
56: 136 636 981 
57: 136 920 934 
58: 136 934 981 
59: 990 137 818 
60: 980 139 404 948 
61: 957 994 14 
62: 994 14 632 
63: 994 14 843 
64: 970 141 935 
65: 849 960 142 
66: 146 401 675 
67: 146 675 986 
68: 692 147 825 
69: 277 148 933 
70: 703 148 933 
71: 148 780 933 
72: 886 15 978 
73: 702 151 983 
74: 986 151 33 983 
75: 33 983 631 
76: 997 152 690 964 
77: 997 152 798 
78: 153 571 620 
79: 153 571 781 
80: 927 154 842 
81: 154 633 842 
82: 931 156 851 
83: 931 156 995 
84: 157 696 743 
85: 915 158 858 879 
86: 158 858 879 949 
87: 979 159 889 
88: 780 159 889 
89: 999 16 561 850 950 
90: 954 160 840 
91: 819 162 305 
92: 989 163 450 629 
93: 995 164 663 706 
94: 166 395 854 
95: 166 814 854 
96: 804 169 875 923 
97: 987 926 17 
98: 955 170 472 
99: 936 998 172 
100: 201 400 890 
101: 201 400 942 
102: 173 919 928 
103: 901 174 500 
104: 898 176 285 
105: 898 176 343 
106: 964 178 244 940 
107: 964 178 710 
108: 854 39 951 
109: 854 39 87 
110: 995 181 679 
111: 976 183 415 
112: 976 183 727 
113: 964 36 777 
114: 186 576 805 
115: 991 458 187 
116: 991 187 273 
117: 991 187 860 
118: 996 966 188 603 
119: 794 19 911 956 
120: 19 192 911 
121: 192 911 839 863 
122: 991 191 231 
123: 991 191 502 
124: 191 231 657 
125: 191 502 657 
126: 954 195 830 
127: 952 220 947 
128: 952 41 947 
129: 198 680 944 
130: 803 885 978 200 877 
131: 847 970 935 203 732 
132: 851 204 961 
133: 205 874 958 
134: 971 888 206 722 
135: 971 970 983 207 
136: 970 207 775 
137: 633 842 209 
138: 842 209 591 
139: 969 985 210 
140: 756 680 944 212 
141: 980 213 697 
142: 634 952 215 594 98 
143: 975 801 993 216 
144: 975 993 216 238 
145: 975 993 238 239 
146: 987 218 637 
147: 911 956 863 219 
148: 925 222 584 
149: 224 641 930 
150: 224 660 930 
151: 962 225 644 
152: 981 942 226 
153: 949 229 752 
154: 959 831 23 
155: 778 878 232 
156: 854 233 438 951 
157: 854 233 782 
158: 954 989 236 
159: 954 824 236 
160: 990 907 973 237 
161: 990 973 944 237 
162: 975 801 993 239 
163: 240 751 827 
164: 994 241 58 
165: 994 58 583 
166: 629 25 540 
167: 25 495 50 
168: 59 845 440 
169: 915 879 827 79 
170: 926 790 26 
171: 982 992 47 
172: 992 269 47 
173: 992 47 403 
174: 967 980 28 
175: 980 28 585 
176: 988 611 773 29 382 
177: 901 942 930 3 
178: 930 3 653 
179: 307 554 66 
180: 769 929 31 
181: 980 929 31 
182: 980 840 31 
183: 980 929 49 
184: 980 315 49 
185: 902 793 56 
186: 793 56 469 
187: 992 770 97 
188: 992 97 776 
189: 849 908 32 
190: 805 789 6 
191: 789 6 746 
192: 876 721 86 
193: 876 348 86 
194: 936 998 923 35 
195: 936 998 35 691 
196: 997 964 867 63 
197: 997 379 63 
198: 995 923 38 748 
199: 995 679 38 748 
200: 920 854 87 
201: 854 596 87 
202: 986 621 4 
203: 981 629 9 
204: 981 811 9 
205: 849 869 88 
206: 898 410 88 
207: 992 647 42 
208: 992 861 42 
209: 992 42 579 
210: 955 937 472 427 70 
211: 987 884 637 428 85 
212: 908 960 89 
213: 990 864 44 
214: 712 892 613 444 
215: 847 970 45 
216: 970 775 45 
217: 816 683 72 
218: 816 473 72 
219: 683 649 72 
220: 901 500 91 
221: 879 752 51 
222: 918 938 52 
223: 575 542 53 
224: 756 539 74 
225: 870 545 68 
226: 545 765 68 
227: 894 669 55 
228: 969 568 82 
229: 984 895 945 57 
230: 984 945 618 57 
231: 817 571 90 
232: 817 855 90 
233: 946 701 69 
234: 946 939 69 
235: 901 874 65 
236: 874 958 65 
237: 874 600 65 
238: 984 904 61 
239: 926 790 612 96 
240: 926 918 96 
241: 969 614 71 
242: 620 753 80 
243: 620 855 80 
244: 781 855 80 
245: 853 946 75 
246: 853 659 75 
247: 853 880 75 
248: 852 894 722 94 
249: 894 882 722 94 
250: 924 859 993 744 78 
251: 790 869 76 
252: 790 784 76 
253: 896 968 8 
254: 896 829 8 
255: 996 966 83 
256: 953 988 983 92 
257: 331 997 690 964 848 
258: 1000 243 734 
259: 1000 243 997 
260: 243 997 490 
261: 250 831 878 743 
262: 250 831 878 720 
263: 1000 322 975 
264: 322 975 511 
265: 1000 377 866 967 
266: 377 967 865 
267: 1000 388 462 
268: 277 933 978 
269: 346 969 941 
270: 325 968 485 
271: 912 387 952 
272: 912 387 904 
273: 387 705 952 
274: 991 312 856 
275: 396 872 900 
276: 385 854 951 
277: 385 797 287 
278: 990 393 973 
279: 920 395 854 438 
280: 920 395 854 374 
281: 878 344 720 
282: 964 244 940 916 
283: 244 916 770 
284: 957 345 652 
285: 895 345 550 
286: 979 993 264 
287: 979 264 861 
288: 888 993 264 
289: 933 248 891 
290: 273 526 640 
291: 389 944 715 
292: 871 889 919 928 335 
293: 924 859 380 
294: 965 997 311 
295: 824 994 241 
296: 994 241 318 
297: 960 979 242 
298: 979 974 242 
299: 905 982 925 246 424 
300: 905 982 925 246 453 
301: 852 894 247 
302: 852 969 247 
303: 545 765 249 
304: 970 935 304 
305: 984 324 963 
306: 872 251 303 900 
307: 872 251 749 900 
308: 872 303 900 261 
309: 872 303 900 670 
310: 976 253 816 
311: 916 777 254 
312: 721 973 255 
313: 990 973 255 893 
314: 992 805 256 
315: 992 256 647 
316: 992 256 861 
317: 999 916 279 
318: 998 798 279 
319: 987 945 281 
320: 987 281 356 
321: 967 867 260 671 
322: 967 260 483 671 
323: 872 900 261 301 492 
324: 846 872 900 301 
325: 977 943 875 262 921 
326: 977 875 262 806 
327: 263 628 737 
328: 852 894 722 266 
329: 971 894 722 266 
330: 996 966 268 
331: 996 268 802 
332: 927 992 269 
333: 992 947 269 
334: 992 269 309 
335: 908 960 309 
336: 868 995 270 
337: 994 949 271 
338: 988 995 985 272 
339: 988 995 802 272 
340: 962 986 274 
341: 962 274 413 
342: 962 274 464 
343: 991 868 995 275 
344: 977 909 275 
345: 995 909 275 
346: 994 276 678 
347: 939 728 278 
348: 939 782 278 
349: 728 278 833 
350: 761 698 284 
351: 980 948 280 
352: 987 926 940 356 
353: 926 940 356 612 
354: 992 398 776 
355: 994 678 283 
356: 576 797 287 430 
357: 797 287 553 
358: 742 960 288 
359: 829 872 289 
360: 531 954 291 
361: 695 954 291 
362: 988 292 482 
363: 969 941 294 
364: 915 661 295 
365: 915 752 295 
366: 949 752 295 
367: 836 981 942 297 
368: 981 780 297 
369: 803 885 978 298 456 
370: 595 976 299 
371: 976 415 299 683 
372: 984 378 963 
373: 953 988 302 
374: 905 982 925 453 306 
375: 905 982 925 306 844 
376: 968 993 308 
377: 645 968 310 
378: 645 932 310 
379: 968 485 310 
380: 932 485 310 
381: 998 313 745 
382: 913 985 314 673 
383: 985 314 673 799 
384: 576 805 797 430 316 
385: 638 797 316 
386: 879 752 317 
387: 905 982 925 424 319 
388: 905 982 925 844 319 
389: 955 981 320 
390: 955 939 320 
391: 955 320 914 
392: 931 799 323 621 
393: 977 998 370 
394: 936 998 326 
395: 936 998 327 
396: 998 577 327 
397: 998 327 473 
398: 980 948 328 
399: 998 329 549 
400: 937 972 330 
401: 937 836 330 
402: 972 951 330 
403: 934 951 330 
404: 999 916 332 
405: 999 332 862 
406: 916 777 332 
407: 809 577 333 
408: 809 525 333 
409: 809 333 563 
410: 459 976 337 
411: 513 807 337 
412: 766 966 906 365 
413: 766 966 365 922 
414: 982 930 339 362 
415: 944 930 339 
416: 944 339 543 
417: 982 641 930 362 
418: 959 778 878 340 
419: 959 878 743 340 
420: 878 720 340 
421: 969 958 341 
422: 761 698 342 
423: 996 966 347 
424: 940 958 347 
425: 876 605 348 
426: 605 348 740 
427: 766 959 349 922 
428: 766 349 503 
429: 818 973 350 
430: 973 350 744 
431: 730 929 352 
432: 943 875 352 
433: 943 938 352 
434: 911 956 863 353 
435: 956 792 353 
436: 980 929 354 
437: 354 672 845 
438: 712 613 355 
439: 989 820 358 
440: 989 636 358 
441: 989 358 880 
442: 823 358 880 
443: 915 360 834 
444: 831 878 361 
445: 858 834 361 
446: 756 680 944 539 
447: 996 966 642 363 
448: 996 966 363 685 
449: 913 969 890 364 
450: 969 364 479 
451: 969 364 763 
452: 696 909 366 
453: 696 366 442 
454: 872 900 366 
455: 970 935 367 
456: 931 995 368 
457: 951 938 368 
458: 995 923 369 
459: 997 690 964 371 567 
460: 997 798 371 
461: 962 917 372 
462: 814 854 374 
463: 854 951 374 
464: 803 885 978 851 375 
465: 999 950 376 
466: 997 690 567 379 
467: 876 994 949 678 381 
468: 994 949 678 381 776 
469: 962 383 516 
470: 955 978 384 
471: 970 935 384 
472: 859 993 744 386 
473: 892 816 390 
474: 391 681 791 
475: 391 841 864 
476: 999 392 639 
477: 977 923 392 
478: 991 868 995 755 394 
479: 886 882 397 
480: 441 397 580 
481: 998 877 399 
482: 998 447 399 
483: 877 399 899 
484: 991 868 995 755 402 565 
485: 1000 468 738 
486: 1000 471 750 
487: 977 487 655 
488: 457 974 588 
489: 457 974 540 
490: 457 974 569 
491: 459 654 816 
492: 459 654 649 
493: 459 976 816 
494: 984 405 963 
495: 405 995 748 
496: 429 562 791 
497: 429 562 411 
498: 769 404 948 
499: 980 934 404 948 
500: 717 484 786 
501: 897 484 786 
502: 484 786 874 
503: 401 675 983 838 
504: 401 983 835 
505: 926 790 445 
506: 989 450 811 
507: 450 811 834 
508: 450 811 776 
509: 955 937 472 939 427 
510: 936 998 449 
511: 703 901 500 
512: 962 463 826 
513: 990 463 841 
514: 926 476 869 
515: 976 415 816 683 
516: 976 415 816 784 
517: 870 989 426 
518: 870 916 426 
519: 761 698 426 
520: 817 467 883 914 
521: 467 917 914 
522: 467 883 622 
523: 606 437 439 
524: 897 979 437 
525: 677 400 942 
526: 677 400 848 
527: 570 768 465 
528: 842 465 475 
529: 486 932 906 
530: 486 932 855 
531: 846 452 441 
532: 911 956 863 961 454 
533: 662 997 490 
534: 662 490 865 
535: 997 490 541 
536: 905 982 925 424 785 
537: 495 809 466 
538: 967 771 765 483 
539: 967 771 483 671 
540: 967 771 483 737 
541: 829 872 900 492 
542: 969 985 413 
543: 609 962 464 
544: 962 626 464 
545: 962 632 464 
546: 962 826 464 
547: 965 997 480 
548: 901 874 480 
549: 968 485 519 
550: 980 498 532 
551: 756 680 498 
552: 868 995 482 
553: 988 995 482 
554: 989 881 407 
555: 989 407 880 
556: 803 885 978 877 456 
557: 998 792 418 
558: 418 856 914 
559: 955 937 420 
560: 965 473 707 
561: 998 549 447 
562: 913 969 985 423 
563: 969 686 423 
564: 969 823 423 
565: 974 726 479 
566: 968 837 479 
567: 778 696 442 
568: 831 696 720 442 
569: 970 935 496 
570: 976 727 408 
571: 976 816 408 
572: 991 868 995 861 755 565 
573: 927 992 403 
574: 992 693 403 
575: 992 647 403 658 
576: 971 847 970 935 983 406 
577: 990 796 446 
578: 965 409 716 
579: 963 409 689 
580: 930 410 684 
581: 996 927 681 411 
582: 852 941 412 
583: 915 941 412 
584: 953 941 412 
585: 873 881 414 
586: 695 954 416 
587: 924 859 419 
588: 803 978 419 
589: 907 973 419 
590: 919 713 421 
591: 991 995 422 
592: 995 706 422 
593: 995 573 422 
594: 917 914 425 522 
595: 883 914 425 522 
596: 883 425 622 
597: 987 884 637 807 428 
598: 987 637 428 764 
599: 991 986 432 
600: 991 860 432 
601: 991 856 432 822 
602: 860 657 432 
603: 657 856 432 822 
604: 990 818 907 973 433 
605: 990 818 973 893 433 
606: 990 973 944 893 433 
607: 976 964 434 
608: 995 760 434 
609: 793 745 434 
610: 984 963 435 
611: 847 970 435 
612: 962 986 917 436 
613: 962 986 516 436 
614: 962 668 436 
615: 873 439 592 
616: 965 959 845 440 707 
617: 965 959 440 903 
618: 959 778 878 443 
619: 959 831 878 743 443 
620: 831 878 720 443 
621: 936 998 448 
622: 996 791 448 
623: 778 878 451 
624: 831 878 743 451 
625: 831 878 909 451 
626: 783 998 455 
627: 998 735 923 880 455 
628: 971 980 948 697 460 
629: 927 842 475 
630: 933 842 475 
631: 933 814 475 
632: 976 964 466 
633: 891 938 466 
634: 528 793 469 
635: 806 793 469 
636: 793 899 469 
637: 981 942 470 
638: 943 938 477 
639: 999 857 850 950 478 
640: 999 902 850 950 478 
641: 982 992 947 481 
642: 992 860 481 
643: 992 770 481 
644: 680 944 494 
645: 961 921 494 
646: 847 970 489 
647: 962 986 917 493 
648: 962 826 493 
649: 962 668 493 
650: 768 972 499 
651: 768 934 499 
652: 972 499 615 
653: 886 825 574 
654: 825 591 574 
655: 591 664 574 
656: 1000 531 997 
657: 531 872 900 
658: 1000 559 742 908 960 979 
659: 1000 559 876 908 960 979 
660: 521 989 957 
661: 758 557 692 
662: 557 926 940 
663: 570 768 646 
664: 562 881 791 
665: 562 802 791 
666: 984 895 546 
667: 546 620 753 
668: 546 874 600 
669: 886 508 853 946 
670: 508 853 946 725 
671: 508 729 725 
672: 866 692 589 
673: 817 571 620 
674: 571 620 753 
675: 999 910 561 850 950 739 
676: 967 588 671 
677: 588 942 930 
678: 902 578 793 
679: 783 998 528 
680: 998 528 877 
681: 988 650 773 
682: 991 860 502 
683: 991 502 741 
684: 860 502 657 
685: 896 968 575 542 
686: 968 575 693 
687: 894 524 722 
688: 677 545 765 
689: 988 983 548 
690: 988 706 548 
691: 548 883 622 
692: 767 555 883 914 
693: 555 883 747 622 
694: 905 925 584 
695: 889 919 584 
696: 526 640 822 
697: 526 856 822 
698: 896 530 829 
699: 896 530 542 
700: 530 542 607 
701: 946 701 582 
702: 946 939 582 
703: 946 582 844 
704: 909 517 938 754 
705: 517 938 862 
706: 965 943 560 
707: 984 895 550 856 
708: 984 895 550 535 
709: 984 550 618 
710: 980 730 585 
711: 980 948 867 585 
712: 980 884 585 
713: 962 917 504 
714: 783 998 573 
715: 984 573 963 
716: 977 998 553 
717: 916 777 553 
718: 998 877 577 
719: 837 501 906 
720: 927 982 519 
721: 996 881 554 
722: 996 927 564 
723: 788 965 566 759 
724: 965 566 845 759 
725: 965 566 699 
726: 882 809 525 
727: 882 525 505 
728: 809 525 639 
729: 783 977 998 549 
730: 998 877 549 
731: 924 859 563 
732: 886 882 529 
733: 882 529 785 
734: 826 529 785 
735: 543 716 699 
736: 997 690 964 867 567 
737: 962 986 516 684 
738: 962 986 516 812 
739: 675 986 580 
740: 960 604 579 
741: 786 874 579 600 
742: 817 883 914 522 
743: 703 917 914 522 
744: 914 723 522 
745: 984 963 689 569 
746: 948 697 569 
747: 984 882 505 
748: 984 963 505 
749: 897 940 538 
750: 940 874 958 538 
751: 967 997 541 
752: 980 929 532 
753: 736 804 532 
754: 675 986 532 
755: 866 964 916 506 
756: 964 710 506 
757: 964 916 777 506 
758: 916 506 510 
759: 767 898 510 
760: 932 906 510 
761: 906 899 510 
762: 975 993 507 
763: 979 993 507 
764: 999 950 507 
765: 756 944 507 
766: 908 960 509 
767: 988 985 509 
768: 984 963 512 
769: 924 968 512 
770: 978 956 512 
771: 778 878 514 
772: 992 828 514 
773: 872 900 514 
774: 984 895 781 963 515 
775: 984 895 963 904 515 
776: 984 895 963 689 515 
777: 984 963 785 515 
778: 761 945 518 
779: 982 992 518 
780: 871 928 518 
781: 984 689 520 
782: 992 776 520 
783: 940 916 520 
784: 930 715 523 
785: 891 938 523 
786: 891 619 523 
787: 847 970 935 983 527 
788: 847 970 935 527 674 
789: 767 970 935 527 674 
790: 908 960 533 
791: 842 838 533 
792: 905 925 534 
793: 971 980 534 
794: 994 949 678 534 
795: 984 895 963 904 535 
796: 984 895 963 689 535 
797: 984 963 904 682 535 
798: 984 963 689 682 535 
799: 916 777 536 
800: 965 991 997 699 537 
801: 965 991 997 537 759 
802: 965 997 716 699 537 
803: 965 716 903 537 
804: 965 544 552 
805: 976 782 544 
806: 993 795 544 
807: 788 965 997 552 
808: 965 997 741 552 
809: 965 707 552 
810: 717 967 551 
811: 967 671 551 
812: 955 914 551 
813: 868 995 551 
814: 999 857 850 950 556 739 
815: 999 950 714 556 
816: 857 899 556 
817: 967 980 929 948 558 
818: 971 980 929 948 558 
819: 980 929 763 558 
820: 815 969 568 
821: 957 969 958 568 
822: 969 890 958 568 
823: 976 782 572 
824: 976 724 572 
825: 976 604 572 
826: 976 639 572 
827: 943 875 583 
828: 943 845 583 
829: 875 718 583 
830: 845 707 583 
831: 999 989 857 950 739 581 
832: 999 989 950 947 581 
833: 999 972 857 950 581 
834: 999 972 950 947 581 
835: 783 998 587 
836: 969 823 587 
837: 595 976 782 
838: 595 853 880 
839: 606 905 925 
840: 1000 609 742 960 
841: 1000 609 999 
842: 609 999 950 
843: 609 962 986 
844: 623 769 929 948 
845: 623 980 929 948 
846: 954 824 626 
847: 979 593 762 
848: 953 593 941 810 
849: 953 593 762 
850: 601 917 631 
851: 601 917 670 
852: 601 872 670 
853: 989 857 636 
854: 989 636 981 881 
855: 962 632 986 
856: 702 634 952 594 
857: 634 952 594 685 
858: 817 620 855 
859: 933 633 842 664 
860: 933 633 814 
861: 633 814 833 
862: 633 833 664 
863: 989 981 629 
864: 913 966 603 
865: 913 985 603 
866: 979 985 603 
867: 983 985 603 
868: 876 721 605 
869: 876 605 724 
870: 605 724 740 
871: 825 842 591 
872: 933 842 591 664 
873: 591 833 664 
874: 972 978 961 630 
875: 972 794 961 630 
876: 961 630 733 
877: 758 866 692 628 
878: 692 628 737 
879: 970 614 835 
880: 969 985 614 
881: 984 895 945 608 963 
882: 761 945 608 
883: 853 608 725 
884: 931 986 995 799 621 
885: 931 851 621 
886: 933 951 619 
887: 933 891 619 754 
888: 891 619 597 
889: 772 960 604 
890: 926 790 612 711 
891: 926 940 612 711 
892: 999 950 616 
893: 970 983 616 
894: 943 938 597 
895: 891 938 597 
896: 891 899 597 
897: 891 597 709 
898: 731 873 887 592 
899: 731 873 912 592 
900: 873 870 592 
901: 873 881 592 
902: 905 925 599 
903: 990 973 599 
904: 925 877 599 
905: 937 972 615 
906: 937 646 615 
907: 972 950 615 
908: 972 951 807 615 
909: 984 963 607 
910: 892 757 607 
911: 757 607 602 
912: 843 940 874 600 
913: 843 786 874 600 
914: 912 984 945 963 618 
915: 984 945 963 682 618 
916: 731 832 590 
917: 731 819 590 
918: 999 910 590 
919: 794 956 590 
920: 962 789 598 
921: 962 812 598 
922: 736 875 598 
923: 990 973 602 
924: 990 602 651 
925: 772 652 610 
926: 912 994 952 610 625 
927: 957 994 952 610 625 
928: 957 652 610 
929: 912 994 834 625 
930: 994 693 625 
931: 662 997 617 
932: 975 997 617 
933: 992 805 617 
934: 992 947 617 
935: 756 680 617 
936: 915 982 624 
937: 915 858 941 624 
938: 982 992 624 
939: 975 906 635 
940: 976 816 784 635 
941: 966 906 635 
942: 1000 662 774 997 
943: 870 654 964 
944: 654 964 649 
945: 915 661 858 879 941 
946: 915 661 858 879 922 
947: 915 661 858 834 
948: 915 661 879 922 821 
949: 815 656 901 
950: 991 997 656 
951: 970 656 935 983 
952: 982 992 659 
953: 659 736 875 
954: 887 650 952 
955: 887 650 655 
956: 704 675 986 983 
957: 675 986 983 838 
958: 999 857 676 
959: 892 976 676 
960: 990 676 841 864 
961: 988 780 663 
962: 988 983 663 
963: 988 995 663 706 
964: 780 663 748 
965: 995 663 923 748 
966: 952 638 947 
967: 638 883 914 
968: 928 985 655 
969: 987 884 637 648 
970: 982 902 641 930 
971: 902 641 930 715 
972: 978 942 641 
973: 944 942 641 930 715 
974: 931 985 660 760 
975: 918 660 938 
976: 660 938 643 
977: 962 986 644 
978: 852 894 722 669 
979: 852 894 669 812 
980: 971 888 894 722 669 
981: 971 894 882 722 669 
982: 971 894 882 669 812 
983: 992 860 647 658 
984: 992 828 647 658 
985: 992 947 647 
986: 967 824 771 671 
987: 974 830 668 
988: 974 668 932 
989: 668 932 906 
990: 924 993 640 744 
991: 946 640 725 
992: 766 653 922 
993: 930 715 653 
994: 793 653 899 
995: 913 988 985 673 
996: 913 986 985 673 
997: 931 988 985 673 
998: 931 986 985 673 799 
999: 931 673 799 822 
1000: 768 937 646 
1001: 768 934 646 
1002: 937 836 646 
1003: 937 813 646 
1004: 934 813 646 
1005: 772 737 652 
1006: 957 652 904 
1007: 738 924 993 667 
1008: 924 859 968 993 744 667 
1009: 859 993 667 764 
1010: 991 997 672 699 
1011: 991 943 672 845 
1012: 997 672 716 699 
1013: 672 716 903 
1014: 927 842 664 
1015: 927 833 664 
1016: 933 842 664 838 
1017: 982 992 846 658 
1018: 992 846 860 658 
1019: 992 861 658 
1020: 964 683 649 
1021: 727 683 649 
1022: 912 970 674 
1023: 971 847 970 935 732 674 
1024: 970 935 835 674 
1025: 887 952 947 651 
1026: 990 893 841 651 
1027: 779 891 938 643 
1028: 779 891 709 643 
1029: 933 939 643 
1030: 933 891 754 643 
1031: 939 938 643 
1032: 891 938 754 643 
1033: 891 709 754 643 
1034: 977 875 665 
1035: 987 926 790 665 
1036: 937 990 973 665 
1037: 936 998 735 666 
1038: 898 813 666 
1039: 988 706 666 
1040: 704 968 837 
1041: 695 954 989 957 
1042: 695 954 865 
1043: 991 702 868 995 
1044: 703 933 838 
1045: 692 825 737 
1046: 815 969 686 
1047: 955 686 914 
1048: 761 698 705 945 
1049: 997 690 964 867 848 
1050: 778 878 696 
1051: 831 878 696 743 
1052: 831 878 696 909 720 
1053: 988 706 800 
1054: 995 706 679 
1055: 706 679 800 
1056: 920 934 710 
1057: 889 928 710 
1058: 928 985 710 
1059: 953 995 679 729 
1060: 886 853 946 701 
1061: 982 992 693 
1062: 994 693 904 
1063: 769 971 948 697 
1064: 971 980 948 697 921 
1065: 871 889 919 928 713 
1066: 871 889 919 713 838 
1067: 871 889 928 713 810 
1068: 871 889 713 838 810 
1069: 843 889 928 713 810 
1070: 936 998 735 708 
1071: 888 961 708 
1072: 961 708 855 
1073: 831 878 700 
1074: 882 813 700 
1075: 882 809 700 
1076: 876 979 994 678 
1077: 994 726 949 678 
1078: 991 868 995 861 694 
1079: 977 736 804 694 
1080: 987 993 694 
1081: 976 964 683 
1082: 976 727 683 
1083: 866 916 691 
1084: 987 940 691 
1085: 987 691 795 
1086: 940 916 691 
1087: 936 977 998 735 685 
1088: 758 996 681 
1089: 801 996 681 791 
1090: 801 800 681 
1091: 996 927 681 791 
1092: 902 930 684 
1093: 890 891 709 754 
1094: 951 922 709 
1095: 891 922 709 
1096: 965 991 845 707 759 
1097: 965 959 845 707 759 
1098: 984 829 963 682 
1099: 984 963 785 682 
1100: 889 928 810 714 
1101: 980 987 688 
1102: 955 914 688 
1103: 987 993 688 
1104: 987 830 688 
1105: 914 723 688 
1106: 987 926 790 711 
1107: 987 926 945 918 711 
1108: 987 926 945 940 711 
1109: 926 790 869 711 
1110: 926 808 945 711 
1111: 926 918 869 711 
1112: 808 711 821 
1113: 731 873 852 
1114: 731 832 852 
1115: 731 832 912 
1116: 731 852 819 
1117: 731 912 819 
1118: 1000 717 967 975 
1119: 717 975 993 
1120: 717 924 859 993 
1121: 717 786 958 
1122: 1000 734 975 
1123: 734 783 936 998 
1124: 1000 738 772 960 
1125: 1000 738 908 960 
1126: 1000 742 897 908 960 979 
1127: 742 908 960 775 
1128: 721 818 973 864 
1129: 721 911 956 839 
1130: 832 980 730 929 
1131: 967 980 730 929 
1132: 980 730 929 966 
1133: 977 736 804 875 923 
1134: 977 736 804 875 921 
1135: 957 994 726 
1136: 937 990 726 907 973 
1137: 990 726 949 907 973 
1138: 936 977 998 735 923 880 
1139: 936 998 798 735 
1140: 971 847 970 935 983 732 932 
1141: 970 935 732 932 764 
1142: 732 932 855 
1143: 946 939 728 725 
1144: 946 728 833 
1145: 820 902 930 715 
1146: 757 747 740 
1147: 965 991 997 741 
1148: 965 997 741 716 
1149: 997 741 848 
1150: 892 976 724 
1151: 976 964 724 
1152: 962 986 724 812 
1153: 783 936 998 745 
1154: 897 974 723 
1155: 924 968 740 
1156: 924 814 740 
1157: 924 859 993 862 744 
1158: 995 923 827 748 
1159: 965 959 997 716 
1160: 965 959 716 903 
1161: 804 875 718 
1162: 996 990 981 973 893 796 719 
1163: 990 981 818 973 893 796 719 
1164: 990 981 973 835 719 
1165: 990 818 949 973 893 719 
1166: 990 949 973 835 719 
1167: 990 840 973 893 719 
1168: 946 848 725 
1169: 939 782 725 
1170: 801 961 733 
1171: 884 956 961 733 
1172: 956 839 863 961 733 
1173: 956 961 792 733 
1174: 863 961 787 733 
1175: 999 989 910 857 850 950 739 
1176: 999 989 910 862 739 
1177: 824 768 746 
1178: 824 994 746 
1179: 768 934 951 746 
1180: 825 842 746 
1181: 842 838 746 
1182: 766 815 906 
1183: 766 913 959 
1184: 766 913 966 906 
1185: 1000 873 750 887 
1186: 750 911 961 
1187: 750 961 855 
1188: 1000 758 866 
1189: 1000 758 908 960 979 
1190: 772 955 883 914 
1191: 772 883 914 835 
1192: 774 994 952 
1193: 774 994 749 
1194: 769 971 929 948 
1195: 769 929 966 948 
1196: 769 948 867 
1197: 768 972 951 807 
1198: 767 883 856 914 
1199: 988 780 800 
1200: 780 889 919 
1201: 853 946 753 751 
1202: 876 908 960 775 
1203: 970 935 775 
1204: 970 956 775 
1205: 956 863 961 775 
1206: 870 964 916 777 
1207: 916 777 770 
1208: 915 858 879 752 844 
1209: 915 858 752 834 
1210: 858 879 949 752 
1211: 954 957 751 
1212: 954 853 751 
1213: 954 840 751 
1214: 957 969 751 
1215: 866 916 770 
1216: 927 992 770 
1217: 943 804 875 770 
1218: 924 859 968 749 
1219: 992 846 749 
1220: 859 994 749 
1221: 846 872 749 900 
1222: 913 988 985 760 
1223: 913 986 985 760 
1224: 931 988 995 985 760 
1225: 931 988 958 760 
1226: 931 986 995 985 760 
1227: 931 986 958 760 
1228: 931 760 822 
1229: 986 760 838 
1230: 999 972 950 763 
1231: 957 969 985 763 
1232: 979 985 762 821 
1233: 979 869 762 
1234: 953 983 919 928 985 762 
1235: 983 985 762 821 
1236: 919 928 869 762 
1237: 987 993 764 
1238: 943 938 754 
1239: 890 891 899 754 
1240: 788 965 991 997 759 
1241: 788 965 959 997 759 
1242: 997 964 759 
1243: 976 964 759 
1244: 788 849 965 997 
1245: 788 965 991 943 
1246: 783 998 792 
1247: 926 790 784 
1248: 905 982 808 925 
1249: 990 808 973 893 
1250: 990 808 821 
1251: 997 936 798 
1252: 781 814 854 
1253: 781 854 951 
1254: 972 884 794 911 956 961 
1255: 972 794 911 956 839 961 
1256: 794 839 961 855 
1257: 843 786 874 958 
1258: 920 854 782 
1259: 920 828 782 
1260: 998 877 792 
1261: 803 885 978 789 
1262: 962 917 789 
1263: 962 826 789 
1264: 902 837 793 899 
1265: 902 806 793 
1266: 996 990 981 973 893 796 841 864 
1267: 937 990 973 893 796 
1268: 990 981 818 973 893 796 864 
1269: 931 986 985 787 
1270: 931 986 958 787 
1271: 911 863 961 787 
1272: 996 927 802 791 
1273: 996 881 791 
1274: 926 945 784 
1275: 990 973 841 864 784 
1276: 984 882 785 
1277: 832 920 993 795 
1278: 897 979 974 987 795 
1279: 897 974 987 920 795 
1280: 979 974 987 993 795 
1281: 979 861 795 
1282: 974 987 888 993 795 
1283: 974 987 920 993 795 
1284: 974 987 830 795 
1285: 920 861 795 
1286: 815 969 823 
1287: 817 873 887 
1288: 817 873 881 
1289: 817 819 881 
1290: 803 885 978 851 828 
1291: 801 978 961 
1292: 977 943 804 875 923 
1293: 977 943 804 875 921 
1294: 977 804 875 806 
1295: 924 814 862 
1296: 937 972 813 
1297: 824 994 805 
1298: 992 805 828 
1299: 989 981 881 811 
1300: 989 811 880 
1301: 920 934 811 
1302: 934 981 811 
1303: 934 811 880 
1304: 981 811 834 
1305: 892 976 816 
1306: 937 990 907 973 806 
1307: 937 990 973 893 806 
1308: 913 988 802 
1309: 832 993 802 
1310: 979 974 993 802 
1311: 988 958 802 
1312: 931 986 995 985 799 
1313: 931 986 958 799 
1314: 931 958 799 903 
1315: 931 799 822 903 
1316: 987 972 884 807 
1317: 943 938 800 
1318: 890 891 800 
1319: 891 938 800 
1320: 953 843 928 810 
1321: 953 983 928 985 941 810 
1322: 871 983 889 928 941 810 
1323: 871 983 889 838 810 
1324: 871 983 928 985 941 810 
1325: 928 869 810 
1326: 852 969 812 
1327: 957 969 958 812 
1328: 986 958 812 
1329: 1000 832 852 
1330: 1000 832 912 
1331: 832 980 929 948 
1332: 959 831 878 909 
1333: 989 820 981 
1334: 989 820 902 
1335: 996 990 820 981 907 973 
1336: 982 820 902 930 
1337: 982 820 901 930 
1338: 990 820 949 907 973 
1339: 990 981 818 907 973 864 
1340: 990 818 949 907 973 
1341: 990 818 907 821 
1342: 927 825 842 
1343: 954 860 830 
1344: 911 839 961 823 
1345: 853 946 826 
1346: 946 826 844 
1347: 912 984 895 829 963 
1348: 915 858 879 827 
1349: 955 981 978 827 
1350: 988 995 827 
1351: 946 833 848 
1352: 912 994 904 834 
1353: 970 935 983 835 
1354: 935 973 835 
1355: 883 856 914 835 
1356: 984 895 856 963 822 
1357: 996 990 907 821 
1358: 990 985 821 
1359: 953 843 958 
1360: 843 940 874 958 
1361: 933 842 891 
1362: 842 918 891 
1363: 954 840 904 
1364: 980 966 934 948 840 
1365: 990 840 973 893 864 
1366: 972 978 911 956 839 863 961 
1367: 888 978 839 961 921 
1368: 978 911 956 839 961 921 
1369: 982 902 837 
1370: 837 906 899 
1371: 915 982 844 
1372: 915 858 879 844 922 
1373: 849 965 845 
1374: 965 991 943 845 
1375: 996 990 981 907 973 841 864 
1376: 996 990 973 944 893 841 864 
1377: 871 983 889 919 838 
1378: 1000 849 897 908 960 
1379: 1000 849 997 
1380: 1000 873 852 
1381: 852 969 985 941 
1382: 876 979 993 
1383: 887 999 989 910 857 950 
1384: 999 989 910 857 850 950 903 
1385: 999 910 896 972 857 950 
1386: 999 910 972 857 850 950 
1387: 886 853 880 
1388: 931 851 903 
1389: 978 851 911 956 863 961 
1390: 858 879 949 941 
1391: 999 989 910 902 850 950 
1392: 999 989 910 850 950 947 
1393: 999 910 972 850 950 947 
1394: 999 910 972 850 950 865 
1395: 972 850 956 
1396: 954 989 860 
1397: 910 972 863 
1398: 992 947 861 
1399: 999 910 896 862 
1400: 891 938 862 
1401: 891 862 899 
1402: 918 932 855 
1403: 1000 873 870 
1404: 1000 873 912 
1405: 1000 866 967 975 
1406: 979 871 889 
1407: 979 871 985 
1408: 871 983 889 919 928 941 
1409: 871 983 919 928 985 941 
1410: 967 997 867 
1411: 967 980 948 867 
1412: 967 975 865 
1413: 1000 887 999 
1414: 887 999 989 910 950 947 
1415: 971 888 921 
1416: 980 987 884 
1417: 980 934 884 
1418: 980 884 921 
1419: 884 911 956 961 921 
1420: 996 981 881 
1421: 936 998 877 
1422: 974 877 899 
1423: 913 953 890 
1424: 953 890 958 
1425: 939 890 899 
1426: 918 891 938 922 
1427: 999 989 880 
1428: 897 987 940 
1429: 912 984 895 945 963 
1430: 912 984 895 963 904 
1431: 931 988 958 903 
1432: 931 988 995 909 
1433: 931 988 909 958 
1434: 918 909 938 
1435: 909 939 951 938 
1436: 954 957 904 
1437: 957 994 904 
1438: 913 953 988 985 
1439: 987 972 920 
1440: 953 995 923 
1441: 953 983 919 928 985 941 
1442: 955 917 914 
1443: 971 980 929 948 921 
1444: 980 929 966 948 921 
1445: 939 951 938 922 
1446: 967 980 929 934 948 
1447: 980 929 966 934 948 
1448: 955 933 978 
1449: 955 933 939 
1450: 933 939 951 
1451: 955 937 973 
1452: 943 951 938 
1453: 981 978 942 
1454: 957 953 985 941 
1455: 957 953 958 941 
1456: 957 969 985 941 
1457: 957 969 958 941 
1458: 953 988 983 985 
1459: 953 988 995 985 
1460: 953 988 958 
1461: 955 981 973 
1462: 1000 959 997 
1463: 1000 967 975 997 
1464: 991 986 995 
1465: 986 983 985 
