# The contained cliques in the communities at k=4
# from G:\Dropbox\Raghda\CNA\Final Project\other methods\CFinder-2.0.6--1448\G:\Dropbox\Raghda\CNA\Final Project\Datasets\binary_networks\LFR6\network_LFR6_Om3.dat
# at no lower link weight threshold,
# and at no upper link weight threshold.
# Links were treated as undirected.
# No time limit was set for the clique search.

0: 6 564 1204 565 566 1357 1468 1206 180 1207 1208 1205 1131 1203 1383 1437 1384 7 179 1436 317 
1: 22 23 25 308 433 1146 1147 1190 1191 609 1148 1149 1150 1327 309 1151 1326 1123 1192 969 1330 542 543 625 626 922 923 156 1262 1290 
2: 27 
3: 33 
4: 37 
5: 40 727 127 244 728 885 1107 1108 1210 1314 1315 1429 425 1106 1428 424 1105 1426 776 884 886 1449 990 462 1109 1088 
6: 41 
7: 43 915 1419 1421 1420 681 
8: 54 815 870 936 637 707 814 408 475 409 1117 706 935 1302 1303 64 
9: 76 307 1366 1362 1364 1363 1398 
10: 92 93 695 978 1220 743 744 696 697 182 
11: 100 
12: 103 528 1031 1247 448 526 529 1032 449 1033 1235 1260 943 1034 1234 1259 527 1264 306 
13: 104 150 725 1090 1096 168 356 672 726 1027 1094 357 829 827 828 830 679 747 1025 1026 746 800 960 
14: 106 107 288 361 648 406 407 1214 524 588 1393 525 589 904 909 931 1347 647 405 929 360 686 
15: 121 532 531 838 1193 1349 762 836 837 1344 461 459 460 908 1211 835 1138 1140 230 
16: 122 123 708 384 383 385 1346 709 711 
17: 129 877 878 1369 1361 252 998 1360 996 472 764 198 
18: 160 1423 517 595 1114 514 518 515 1112 1111 1115 1113 548 549 1116 
19: 166 802 1103 
20: 195 196 1340 1272 844 1038 1273 1274 1341 1343 1424 1457 845 846 847 1458 1461 1279 942 941 1278 1281 1342 1460 507 1425 735 
21: 200 201 980 1080 774 816 981 1434 1081 1187 
22: 218 249 611 
23: 222 223 597 598 304 506 305 504 505 503 1456 1408 303 342 616 881 882 1019 1020 1060 1073 1100 1129 1404 1407 1442 302 343 235 1018 1021 
24: 227 1086 
25: 246 
26: 259 260 
27: 263 321 850 898 
28: 274 275 1045 1282 452 552 633 880 951 1044 451 1403 950 949 551 
29: 285 1155 1156 1157 1158 1231 547 982 1232 1233 545 546 544 691 1230 690 694 693 1271 716 
30: 325 
31: 334 954 956 957 963 964 1331 1396 955 1464 1397 1465 1057 1236 1241 1443 1444 1446 1054 1053 1238 1237 1445 1471 1284 1470 958 965 966 1242 934 1046 1125 1223 
32: 337 
33: 340 
34: 375 
35: 386 
36: 387 650 
37: 444 
38: 490 492 1016 1017 1372 649 
39: 491 641 642 643 644 
40: 539 540 840 1166 1245 842 1154 843 1459 1008 1002 1010 1332 1368 1333 1246 841 1288 
41: 555 556 557 1390 1391 558 785 783 784 782 573 
42: 560 563 
43: 570 1310 
44: 583 
45: 617 
46: 674 
47: 720 
48: 723 
49: 796 797 
50: 831 832 
51: 864 
52: 891 
53: 901 
54: 912 
55: 916 
56: 925 926 927 
57: 988 
58: 1012 
59: 1095 
60: 1101 1265 1266 
61: 1162 1163 1164 
62: 1167 
63: 1200 
64: 1226 
65: 1370 
66: 1388 
