# The communities at k=3
# from G:\Dropbox\Raghda\CNA\Final Project\other methods\CFinder-2.0.6--1448\G:\Dropbox\Raghda\CNA\Final Project\Datasets\binary_networks\LFR5\network_LFR5_Om3.dat
# at no lower link weight threshold,
# and at no upper link weight threshold.
# Links were treated as undirected.
# No time limit was set for the clique search.

0: 695 946 966 10 765 917 930 951 854 879 914 1000 307 368 371 479 509 523 529 531 569 588 604 614 616 628 633 656 677 683 727 733 734 759 801 806 845 847 867 870 883 888 924 925 927 940 942 956 957 962 974 975 985 990 971 903 103 55 935 964 104 550 429 582 808 912 709 741 939 834 928 944 771 911 995 11 13 910 701 874 838 848 955 993 112 949 601 785 978 687 986 115 165 973 657 952 789 945 982 999 291 916 976 697 738 965 818 988 121 196 313 844 998 875 712 792 880 961 127 746 770 396 857 958 730 832 525 783 815 131 704 919 933 132 926 954 979 706 938 60 972 136 180 878 138 694 747 784 963 609 984 959 140 73 777 612 849 143 787 991 749 830 645 863 59 607 900 151 739 913 341 907 153 901 977 994 510 155 668 886 997 333 898 159 960 989 678 690 530 161 277 568 782 162 726 953 909 322 881 166 968 693 865 561 729 887 735 172 987 173 918 762 175 176 837 856 906 195 18 680 969 212 970 268 670 183 908 184 524 185 890 893 920 301 508 692 891 19 413 905 981 772 571 590 402 967 651 853 199 882 923 2 833 527 826 698 379 515 202 688 671 728 258 602 884 980 209 21 794 742 948 213 807 814 827 895 643 218 775 681 519 803 220 221 675 899 915 816 705 756 226 659 810 229 740 779 724 464 559 732 665 234 339 236 533 872 238 84 877 921 241 593 840 589 812 247 889 638 676 252 936 950 707 823 255 797 257 714 871 710 943 983 649 780 261 436 262 64 934 263 594 721 748 58 314 774 269 846 271 904 272 731 932 290 274 799 526 596 278 279 755 800 700 281 836 449 788 287 615 288 718 996 764 648 459 766 298 71 299 829 486 536 302 378 622 306 664 798 805 308 452 310 686 586 715 819 316 809 937 494 661 655 319 861 32 743 344 485 583 94 737 323 504 597 753 922 941 328 79 804 662 471 897 720 336 34 446 343 598 345 864 673 347 658 351 543 567 352 354 355 719 356 357 767 652 360 699 876 403 637 608 370 406 630 669 377 460 768 624 929 389 754 786 542 399 647 400 619 572 476 410 535 702 414 623 896 417 419 600 420 45 717 422 564 796 646 660 841 65 43 463 434 610 438 802 440 441 642 599 443 822 481 773 447 551 451 745 458 474 46 626 506 851 505 761 470 778 500 475 689 478 484 489 495 5 85 575 894 502 507 521 512 514 640 723 592 553 522 769 696 528 842 835 757 537 546 760 54 544 684 540 581 547 860 634 554 563 556 852 560 576 579 584 585 866 744 595 606 611 791 752 635 672 763 7 703 713 795 86 
1: 101 971 992 
2: 870 102 467 666 903 918 566 670 217 996 375 492 556 
3: 107 709 741 895 537 
4: 109 771 911 995 832 147 811 225 705 756 517 
5: 942 125 50 
6: 531 348 862 947 129 790 815 139 984 627 726 372 197 621 750 833 885 228 776 902 936 273 625 805 831 457 338 430 439 497 558 432 773 791 
7: 978 211 885 
8: 14 534 959 
9: 771 991 146 412 749 830 533 823 617 835 87 
10: 946 927 993 697 821 977 154 632 636 892 386 831 415 689 
11: 928 691 991 16 641 690 591 215 705 649 69 560 
12: 883 913 179 
13: 924 843 182 670 850 833 559 943 904 855 
14: 992 620 931 978 858 961 979 751 938 641 726 856 711 282 194 651 885 817 825 915 232 839 557 249 936 266 774 362 276 532 573 653 809 661 868 720 673 876 384 624 441 445 448 469 521 592 866 
15: 856 198 311 
16: 969 890 76 
17: 992 303 22 
18: 956 603 869 886 224 736 820 828 353 382 
19: 965 227 659 
20: 944 498 233 369 
21: 995 961 235 
22: 938 692 237 557 
23: 874 952 294 530 685 248 587 824 788 480 708 896 618 866 
24: 927 785 843 503 3 
25: 834 641 639 31 
26: 992 649 38 
27: 878 406 62 
28: 633 691 667 859 487 421 682 696 
29: 962 970 46 
30: 712 793 259 513 943 922 640 562 61 
31: 1000 284 888 
32: 387 871 426 
33: 685 408 480 
34: 935 256 797 
35: 972 300 538 577 
36: 603 762 315 
37: 427 980 325 
38: 991 330 868 
39: 938 804 361 
40: 785 960 813 831 583 654 367 462 552 873 473 554 866 
41: 985 931 390 
42: 919 465 851 
43: 657 435 715 
44: 900 442 599 
45: 695 946 962 631 511 
46: 614 850 485 
47: 998 466 468 
48: 892 921 440 
49: 732 679 450 
50: 995 681 502 
51: 580 952 896 
52: 854 565 842 
53: 986 561 852 
54: 942 538 555 
55: 998 624 570 
56: 658 851 585 
57: 924 984 636 
58: 875 629 852 
59: 992 701 720 
60: 714 819 860 
61: 919 828 722 
62: 981 772 766 
