# The contained cliques in the communities at k=3
# from G:\Dropbox\Raghda\CNA\Final Project\other methods\CFinder-2.0.6--1448\G:\Dropbox\Raghda\CNA\Final Project\Datasets\binary_networks\LFR5\network_LFR5_Om3.dat
# at no lower link weight threshold,
# and at no upper link weight threshold.
# Links were treated as undirected.
# No time limit was set for the clique search.

0: 0 33 1090 1091 609 837 886 958 610 397 483 484 526 601 797 888 959 485 841 472 602 889 443 708 834 149 203 251 474 647 709 887 250 838 164 167 371 707 704 64 174 444 705 1045 65 302 1007 223 268 556 978 269 555 891 975 976 977 762 860 974 760 761 763 811 244 245 246 198 477 735 736 746 868 927 926 60 478 929 59 876 73 116 221 247 631 720 722 862 872 873 874 875 1066 1067 72 433 772 824 1077 1081 721 21 825 960 1049 1052 1093 63 266 491 634 823 308 595 633 360 361 270 466 880 606 461 881 879 291 332 677 678 1009 1012 1013 1058 27 185 186 292 374 28 334 421 333 335 375 376 897 55 1008 581 1059 580 8 145 339 364 391 393 396 490 582 583 617 866 983 995 365 366 232 392 394 389 489 869 1076 390 412 432 546 870 895 1033 69 411 413 545 1032 547 6 179 548 651 981 1069 178 699 1037 1070 700 623 748 622 331 809 877 330 321 329 808 965 500 88 501 966 89 237 591 1016 236 238 534 1094 535 533 505 506 716 717 718 576 719 1075 692 794 1020 1047 1083 693 111 448 449 638 946 112 628 669 694 627 629 945 317 751 814 468 815 785 86 132 189 347 508 783 784 786 839 1084 188 263 863 1026 264 243 462 840 858 864 987 218 842 327 625 666 725 778 899 949 326 47 208 590 48 465 942 941 996 248 57 108 107 217 450 584 963 29 342 665 30 126 372 551 723 801 724 1055 964 984 1053 592 985 593 967 1054 102 138 281 282 398 620 621 893 900 215 285 737 894 216 464 892 201 846 896 898 199 200 844 159 168 53 52 845 45 224 706 43 44 439 766 532 764 765 673 1063 1071 1073 672 675 35 843 119 503 656 711 955 710 274 635 698 956 141 204 616 34 70 150 480 572 973 71 1017 110 234 320 344 481 519 574 603 604 653 943 954 90 607 608 343 479 988 345 346 539 573 575 819 818 817 1082 379 1078 278 997 1079 998 999 1061 407 934 1003 1018 1068 1087 77 95 169 241 286 311 373 437 558 650 730 731 744 962 1043 62 240 242 729 415 312 738 747 438 436 235 559 42 657 726 727 1041 1044 1002 418 679 183 182 181 935 14 81 298 502 557 605 641 691 854 914 936 1027 1086 299 300 915 913 912 497 170 498 58 488 1028 865 229 968 994 953 969 567 715 952 507 509 25 577 649 667 820 916 917 918 919 911 648 115 578 1030 928 828 821 822 76 78 362 486 570 1034 1035 1046 1065 104 213 613 453 454 455 554 1088 54 171 614 612 1004 745 750 812 1005 195 384 749 383 385 813 1074 206 207 611 645 714 776 807 957 259 434 687 688 992 1056 713 799 800 803 986 991 993 1021 399 802 804 882 805 457 214 233 798 1057 301 806 990 1051 989 49 644 416 280 1036 903 220 409 683 128 177 129 176 682 187 793 902 1001 114 663 662 690 1000 907 1022 754 833 906 160 753 755 756 908 1023 336 337 338 367 431 540 560 857 378 414 377 771 1014 1015 15 17 79 255 588 640 671 847 939 961 1006 16 41 40 254 256 527 528 566 565 697 323 324 596 674 777 1038 504 459 586 587 585 68 549 742 826 139 550 732 791 7 194 1039 830 835 668 1024 831 832 696 925 482 1064 154 536 598 19 18 165 944 948 543 1062 1072 541 542 544 470 856 1042 1010 267 386 769 130 191 701 871 1080 109 1092 890 562 759 353 563 354 355 740 739 741 98 425 758 424 287 695 381 561 209 816 456 135 463 136 646 357 356 358 359 1025 1085 134 303 947 404 210 827 1019 639 859 850 795 796 924 13 923 931 1048 12 685 930 684 686 322 325 909 910 120 569 702 752 296 460 538 121 703 652 681 1060 402 664 144 403 768 143 142 492 626 275 867 848 80 849 1050 123 226 637 1029 227 636 1031 205 382 1040 222 861 788 787 676 810 2 1 712 767 305 192 272 295 855 133 940 1011 564 155 467 156 792 24 441 743 23 442 306 148 579 147 
1: 3 
2: 4 5 276 277 84 258 410 471 85 257 597 
3: 9 458 654 
4: 10 11 39 387 92 388 93 94 
5: 20 
6: 22 97 307 310 318 319 789 836 146 309 231 230 161 790 162 163 878 31 982 196 445 733 932 197 446 516 520 780 782 328 395 522 537 523 734 901 56 521 781 
7: 26 
8: 32 
9: 36 37 38 152 153 770 419 553 728 552 273 
10: 46 512 172 510 922 511 920 271 921 514 515 659 660 
11: 50 51 525 124 524 83 615 658 473 
12: 61 
13: 66 67 970 933 971 972 980 979 417 
14: 74 261 427 618 773 1089 262 202 349 426 428 429 350 351 348 619 599 600 451 452 175 883 884 885 99 494 568 938 495 670 689 193 363 496 632 775 190 774 937 166 420 341 624 
15: 75 
16: 82 
17: 87 
18: 91 239 260 499 530 531 951 
19: 96 
20: 100 101 
21: 103 
22: 105 106 
23: 113 422 423 157 405 571 851 158 297 406 852 594 853 
24: 117 294 293 
25: 118 517 
26: 122 
27: 125 
28: 127 316 493 589 642 643 
29: 131 
30: 137 290 475 476 184 661 
31: 140 
32: 151 
33: 173 
34: 180 
35: 211 212 
36: 219 
37: 225 
38: 228 
39: 249 
40: 252 253 314 315 630 369 435 440 904 368 370 469 950 829 905 
41: 265 
42: 279 
43: 283 
44: 284 
45: 288 289 518 
46: 304 
47: 313 
48: 340 
49: 352 
50: 380 
51: 400 
52: 401 
53: 408 
54: 430 
55: 447 
56: 487 
57: 513 
58: 529 
59: 655 
60: 680 
61: 757 
62: 779 
