# The links inside the communities at k=3
# from G:\Dropbox\Raghda\CNA\Final Project\other methods\CFinder-2.0.6--1448\G:\Dropbox\Raghda\CNA\Final Project\Datasets\binary_networks\LFR5\network_LFR5_Om3.dat
# at no lower link weight threshold,
# and at no upper link weight threshold.
# Links were treated as undirected.
# No time limit was set for the clique search.

0:
695 935
695 964
695 710
946 935
946 998
946 670
946 255
946 904
946 937
946 420
946 717
946 626
966 709
966 988
966 830
966 898
966 909
966 865
966 970
966 890
966 920
966 590
966 853
966 671
966 221
966 675
966 241
966 836
966 622
966 347
966 476
966 443
966 822
966 579
966 595
10 765
10 917
10 951
765 951
765 733
765 762
917 951
917 924
917 874
917 999
917 989
917 909
917 856
917 893
917 948
917 812
917 846
917 864
917 754
917 761
917 723
917 791
930 604
930 115
930 973
930 657
930 984
930 881
930 692
930 794
930 840
930 941
930 370
930 647
951 733
951 974
951 971
951 712
951 933
951 913
951 918
951 762
951 970
951 967
951 2
951 826
951 226
951 446
951 598
951 646
951 761
951 778
854 993
854 973
854 749
854 59
854 913
854 881
854 969
854 967
854 543
879 883
879 982
879 980
879 948
879 339
879 269
879 449
879 344
879 897
879 410
879 535
879 623
879 417
914 847
914 971
914 912
914 993
914 978
914 961
914 815
914 747
914 963
914 863
914 997
914 960
914 865
914 729
914 981
914 871
914 983
914 798
1000 368
1000 371
1000 479
1000 509
1000 523
1000 529
1000 531
1000 569
1000 616
1000 628
1000 633
1000 656
1000 677
1000 683
1000 727
1000 734
1000 759
1000 801
1000 806
1000 845
1000 867
1000 870
1000 883
1000 925
1000 927
1000 940
1000 956
1000 974
1000 975
1000 985
1000 990
307 73
307 970
307 755
368 734
368 806
368 525
371 975
479 727
509 927
523 990
523 983
529 801
529 975
529 637
531 975
531 990
569 975
588 884
588 948
604 370
614 895
614 943
616 990
628 975
628 982
628 969
633 806
656 867
656 925
656 975
656 104
656 470
677 867
677 927
677 975
683 870
683 985
683 238
683 308
683 521
727 974
727 991
734 989
734 891
734 932
734 864
759 806
759 940
801 927
801 975
801 999
801 996
801 343
801 637
801 778
801 852
806 940
806 990
806 525
806 694
806 983
845 985
845 999
845 356
845 723
847 609
847 960
847 887
847 220
847 983
847 419
847 463
847 773
867 975
867 104
867 857
867 959
867 987
867 756
867 648
867 660
867 440
867 470
867 778
870 985
870 965
870 997
870 918
870 238
870 823
883 925
883 955
883 907
883 155
883 668
883 997
883 823
883 298
883 623
883 564
888 838
888 601
888 999
888 933
888 953
924 995
924 955
924 878
924 907
924 159
924 989
924 980
924 807
924 767
925 927
925 955
925 988
925 844
925 926
925 954
925 878
925 900
925 907
925 166
925 882
925 934
925 800
925 996
925 737
925 438
927 975
927 852
940 956
940 990
940 971
940 993
940 945
940 525
940 979
940 981
940 895
940 921
940 328
940 795
942 939
942 993
942 949
942 945
942 746
942 969
942 981
942 980
942 921
942 658
942 506
942 502
942 757
956 990
956 838
956 112
956 949
956 999
956 988
956 612
956 890
956 827
956 895
956 681
956 950
956 459
956 336
956 719
956 786
956 647
957 550
957 848
957 863
957 977
957 508
957 728
957 234
957 983
957 799
957 800
957 306
957 664
957 798
957 805
957 540
957 7
962 582
962 969
962 891
962 948
962 807
962 816
962 740
962 779
962 464
962 877
962 846
962 864
962 767
962 702
962 414
962 745
962 506
962 581
962 860
974 912
974 978
974 952
974 933
974 938
974 612
974 143
974 787
974 991
974 994
974 726
974 918
974 970
974 908
974 920
974 853
974 698
974 724
974 32
974 652
974 630
974 842
974 744
974 763
974 86
975 104
975 857
975 987
975 21
975 794
975 648
975 343
975 440
985 995
985 910
985 982
985 916
985 994
985 530
985 909
985 893
985 238
985 247
985 943
985 836
985 788
985 308
985 753
985 662
985 719
985 669
985 929
985 575
985 521
990 964
990 995
990 525
990 694
990 994
990 184
990 524
990 840
990 983
990 780
990 799
990 586
990 743
990 662
990 897
990 608
990 460
990 447
990 551
990 894
990 769
971 912
971 939
971 949
971 978
971 913
971 568
971 890
971 967
971 826
971 980
971 533
971 714
971 871
971 721
971 459
971 922
971 446
971 351
971 543
971 702
971 646
971 795
903 993
903 652
103 935
103 964
55 986
55 998
935 964
935 911
935 961
935 906
935 255
935 983
935 861
935 608
935 422
935 796
935 696
935 852
964 961
964 919
964 900
964 865
964 524
964 882
964 923
964 872
964 255
964 710
964 809
964 941
964 804
964 897
964 608
964 852
964 579
550 983
429 939
429 949
582 864
808 976
808 994
808 775
808 494
912 982
912 792
912 984
912 739
912 887
912 918
912 680
912 967
912 980
912 354
912 752
709 898
741 849
741 841
939 949
939 875
939 702
939 502
939 757
834 926
834 954
834 672
928 601
928 999
928 694
928 997
928 175
944 993
944 818
944 960
944 989
944 987
944 84
944 314
944 287
944 615
944 715
944 937
944 377
944 400
944 703
771 993
771 960
771 937
911 958
911 972
911 906
911 923
911 302
911 861
911 79
911 796
911 553
911 713
995 886
995 898
995 989
995 891
995 980
995 780
995 836
995 715
995 743
995 662
995 864
995 767
995 460
995 447
995 551
995 769
995 554
11 13
11 910
13 910
13 832
910 916
910 857
910 832
910 959
910 909
910 987
910 833
910 836
910 669
910 929
701 787
701 991
701 739
701 826
874 856
838 999
838 827
838 950
848 863
848 508
848 515
848 234
848 983
848 664
848 798
848 805
848 7
955 136
955 878
955 907
955 909
955 166
955 728
955 980
955 807
955 589
955 812
955 707
955 436
955 896
955 434
955 489
993 978
993 945
993 965
993 818
993 979
993 959
993 960
993 969
993 981
993 899
993 816
993 937
993 652
993 400
993 43
993 514
993 752
993 703
112 949
949 789
949 988
949 875
949 849
949 913
949 568
949 890
949 980
949 827
949 895
949 950
949 257
949 871
949 922
949 786
949 647
949 860
601 999
601 379
785 804
785 851
978 687
978 938
978 969
978 183
978 908
978 981
978 724
978 714
978 871
978 774
978 630
978 763
687 998
687 762
687 908
986 121
986 196
986 998
986 961
986 783
986 60
986 984
986 140
986 777
986 991
986 341
986 968
986 172
986 987
986 920
986 301
986 651
986 803
986 889
986 594
986 271
986 904
986 403
986 475
115 165
115 973
165 973
165 881
973 657
973 770
973 984
973 881
973 692
973 794
973 840
973 937
973 941
973 370
973 406
973 495
657 406
952 958
952 787
952 991
952 162
952 953
952 258
952 922
952 652
952 842
789 860
945 818
945 770
945 979
945 959
945 969
945 19
945 981
945 921
945 586
945 319
945 328
945 752
982 880
982 933
982 333
982 530
982 18
982 680
982 969
982 212
982 980
982 948
982 339
982 840
982 836
982 452
982 471
982 897
982 658
982 786
982 399
982 535
982 896
982 599
982 5
982 752
982 713
999 976
999 900
999 977
999 989
999 735
999 175
999 837
999 905
999 379
999 899
999 559
999 676
999 721
999 846
999 932
999 290
999 996
999 941
999 356
999 876
999 761
999 723
999 576
291 880
291 797
291 764
916 909
916 693
916 893
916 247
916 836
916 662
916 699
916 669
916 575
976 988
976 998
976 783
976 607
976 900
976 994
976 886
976 997
976 918
976 728
976 895
976 218
976 775
976 810
976 943
976 263
976 941
976 355
976 389
976 841
976 458
976 474
976 778
976 769
976 544
976 795
697 938
697 630
738 783
738 645
738 994
738 915
738 638
738 950
738 929
738 773
965 959
965 153
965 977
965 823
965 937
965 360
818 979
818 959
818 905
818 981
818 84
818 921
818 328
818 673
988 844
988 730
988 132
988 926
988 954
988 849
988 607
988 690
988 865
988 950
988 58
988 996
988 336
988 876
988 841
988 760
988 860
988 611
988 672
121 196
196 651
313 987
313 819
844 730
844 926
844 954
844 865
844 996
844 876
844 860
844 611
998 612
998 749
998 900
998 913
998 762
998 670
998 908
998 698
998 263
998 904
998 937
998 389
998 420
998 717
998 85
998 537
998 795
875 991
875 913
712 598
712 563
792 690
792 882
792 980
792 803
792 934
792 819
792 922
792 804
880 933
880 840
880 797
880 764
880 786
880 896
880 547
880 635
961 919
961 60
961 140
961 777
961 968
961 987
961 659
961 983
961 897
961 835
127 746
127 770
746 770
746 969
746 981
746 921
746 795
770 997
770 981
770 941
770 544
396 970
396 920
857 832
857 794
857 470
958 972
958 953
958 199
958 923
958 202
958 915
958 236
958 676
958 302
958 876
958 619
958 505
958 553
958 634
730 926
730 954
730 996
730 611
832 753
832 929
525 840
783 994
783 997
783 968
783 915
783 889
783 835
783 684
815 983
815 686
815 463
815 773
131 704
131 919
131 933
704 933
919 933
919 732
919 764
919 504
919 542
919 599
933 333
933 953
933 918
933 970
933 732
933 764
933 896
933 547
132 926
132 954
926 954
926 849
926 865
926 996
926 876
926 760
926 860
926 611
954 849
954 607
954 690
954 865
954 899
954 915
954 996
954 876
954 760
954 860
954 611
954 672
979 977
979 981
979 967
979 899
979 921
979 721
979 904
979 71
979 543
979 652
706 882
706 872
706 766
938 970
938 183
938 908
938 630
972 953
972 987
972 199
972 923
972 202
972 915
972 236
972 676
972 932
972 302
972 505
972 894
972 760
972 634
972 585
136 180
136 878
180 878
878 907
878 707
878 261
878 436
878 800
878 489
138 694
138 747
138 784
138 963
694 963
694 997
694 441
747 784
747 963
747 865
747 729
747 810
747 624
747 610
784 963
784 997
784 772
784 810
784 767
784 45
784 478
784 507
963 997
963 960
963 729
963 772
963 810
963 299
963 829
963 798
963 310
963 661
963 767
963 624
963 45
963 564
963 478
963 522
963 769
609 887
609 772
609 463
984 991
984 341
984 994
984 678
984 881
984 887
984 920
984 651
984 209
984 220
984 675
984 638
984 594
984 748
984 937
984 941
984 352
984 647
984 419
984 866
959 981
959 816
959 705
959 756
959 740
959 779
959 921
959 593
959 718
959 929
959 642
959 451
959 745
140 777
73 755
777 932
777 761
612 991
612 900
612 895
849 841
849 640
143 787
143 991
787 991
787 698
991 913
991 638
991 904
991 32
991 352
991 689
991 842
749 913
830 853
645 994
645 950
645 929
863 960
863 678
863 983
863 748
863 664
59 881
59 209
607 994
900 923
900 934
900 804
900 420
900 717
900 438
900 458
151 739
151 913
739 913
739 967
739 826
739 742
913 967
913 826
913 742
913 519
913 226
913 354
913 672
907 969
907 981
907 807
907 812
907 707
907 261
907 436
907 34
907 434
153 901
153 977
153 994
901 994
901 277
901 782
901 413
901 274
901 799
901 567
901 744
977 994
977 782
977 735
977 176
977 837
977 905
977 899
977 797
977 290
977 274
977 799
977 800
977 281
977 996
977 323
977 507
977 842
977 713
994 161
994 782
994 413
994 218
994 775
994 915
994 593
994 638
994 950
994 943
994 263
994 494
994 323
994 567
994 719
994 929
994 841
994 481
994 46
994 769
994 744
994 606
510 953
510 894
155 668
155 886
155 997
668 886
668 997
668 823
668 298
886 997
886 891
886 864
886 540
997 173
997 918
997 772
997 810
997 823
997 298
997 829
997 798
997 310
997 661
997 355
997 389
997 564
997 441
997 778
997 54
997 544
997 684
997 540
997 795
333 764
898 268
898 890
898 920
898 590
898 853
898 671
898 675
898 836
898 347
898 476
898 822
159 989
960 678
960 887
960 314
960 937
960 400
960 514
989 987
989 856
989 891
989 559
989 665
989 846
989 731
989 932
989 287
989 615
989 288
989 486
989 715
989 583
989 897
989 864
989 377
989 768
989 754
989 660
989 761
989 842
678 887
678 419
690 922
161 277
161 782
277 782
782 413
782 775
782 799
782 713
162 953
726 908
953 837
953 970
953 923
953 258
953 996
953 598
953 894
953 553
953 634
953 611
909 693
909 893
909 980
909 247
909 889
909 836
909 299
909 719
909 699
909 669
909 575
909 763
322 882
322 737
881 209
881 840
881 937
881 941
881 626
968 688
968 602
968 884
968 980
968 948
968 803
968 659
968 819
968 835
968 584
968 713
693 893
693 299
865 675
865 443
865 579
561 809
561 894
887 772
887 220
887 352
735 176
735 996
735 356
735 576
735 763
172 987
987 833
987 794
987 803
987 665
987 889
987 932
987 278
987 287
987 615
987 288
987 819
987 876
987 572
987 660
987 761
987 475
987 512
987 684
173 918
918 238
918 598
918 458
918 778
762 937
176 837
837 905
837 899
837 921
837 252
837 936
837 996
837 356
837 576
837 763
906 983
906 596
906 449
906 861
906 743
906 94
906 422
906 796
906 592
906 546
906 852
906 703
906 713
195 402
195 967
18 680
18 969
680 969
680 471
969 981
969 807
969 681
969 877
969 921
969 658
969 399
969 414
969 506
969 581
969 860
969 752
212 980
212 948
970 185
970 920
970 698
970 671
970 649
970 279
970 755
970 598
970 822
970 579
970 744
970 595
268 853
183 908
908 724
908 630
908 763
908 86
184 524
524 983
524 897
524 696
185 890
185 920
890 920
890 827
890 895
890 459
890 822
893 788
893 929
893 575
893 723
893 791
893 763
920 853
920 671
920 675
920 241
920 347
920 476
920 443
920 579
920 595
301 803
508 515
508 983
891 980
891 814
891 829
891 864
891 767
891 768
19 905
19 981
905 981
905 921
905 576
981 756
981 921
981 71
981 586
981 319
981 861
981 34
981 673
981 357
981 752
981 795
571 882
571 941
590 853
590 822
402 967
402 826
967 2
967 527
967 826
967 742
967 721
967 446
967 543
967 354
967 619
967 484
853 671
853 476
853 822
853 579
853 595
199 923
882 872
882 934
882 737
882 941
882 804
882 720
882 495
923 202
923 915
923 505
923 894
923 760
923 634
923 585
833 718
833 753
833 929
527 354
527 619
826 519
826 484
826 672
698 904
698 755
698 537
515 983
515 664
515 805
688 884
688 648
688 556
671 822
671 595
728 805
728 434
728 458
602 884
602 948
602 584
884 948
884 803
884 659
884 648
884 753
884 835
884 556
884 584
980 814
980 339
980 269
980 846
980 449
980 378
980 485
980 897
980 345
980 535
980 417
980 443
980 822
980 757
980 713
21 794
742 721
742 446
948 659
948 812
948 846
948 452
948 753
948 897
948 410
948 623
948 835
948 791
213 827
213 895
807 877
814 378
814 345
814 767
814 768
827 895
827 257
827 943
827 600
895 681
895 943
895 719
895 786
895 600
643 941
643 866
643 791
218 775
775 841
775 481
775 46
775 769
681 877
803 889
803 278
803 819
803 572
221 675
675 241
675 347
899 281
899 996
899 507
915 950
915 929
915 894
915 553
915 760
816 464
816 526
816 702
816 642
816 745
705 921
810 310
810 355
810 610
810 507
229 740
229 779
740 779
740 642
740 451
740 745
740 757
779 526
779 642
779 745
533 871
872 262
872 934
872 700
872 766
872 809
872 720
877 414
877 546
877 581
877 860
921 904
921 71
921 319
921 357
921 795
593 451
593 744
840 599
589 707
589 436
589 434
812 707
812 846
812 723
247 889
889 278
889 819
889 403
889 572
889 560
889 713
676 876
252 936
252 950
936 950
936 316
936 809
936 65
936 635
950 459
950 316
950 809
950 65
950 773
950 894
950 606
707 261
823 360
797 274
257 714
257 871
714 871
710 852
943 795
983 748
983 799
983 686
983 586
983 655
983 608
983 419
983 463
983 773
983 894
983 696
649 755
780 743
780 460
780 447
780 551
780 769
780 554
261 436
262 64
262 934
64 934
934 700
934 766
934 809
934 737
934 922
934 804
934 894
721 932
721 996
748 686
748 352
748 696
58 996
774 763
846 897
271 904
904 937
904 717
272 731
272 932
731 932
731 876
731 761
731 512
932 876
932 754
932 761
932 512
932 842
290 996
274 799
799 805
799 842
526 745
596 861
279 755
800 489
700 809
700 894
449 861
287 615
615 583
718 768
718 929
996 536
996 597
996 356
996 646
996 438
996 802
996 778
996 500
996 757
996 611
996 763
764 542
764 547
764 635
299 829
829 768
829 769
829 528
486 768
536 597
536 802
536 500
536 757
622 822
306 664
306 798
306 805
664 805
664 540
798 661
805 7
819 572
819 684
819 560
819 713
316 809
809 894
937 941
937 400
937 717
937 43
937 626
655 894
319 861
861 743
861 94
861 79
861 796
861 546
861 852
861 703
743 796
344 897
485 897
94 796
737 941
737 804
737 851
504 599
597 802
597 778
597 500
597 757
753 929
753 584
922 646
922 842
941 495
941 866
804 851
897 864
897 535
598 563
864 767
864 768
351 543
403 572
669 575
669 763
460 447
460 551
768 929
768 528
754 512
786 896
786 713
542 599
619 634
410 535
896 434
896 489
896 5
420 717
422 796
796 592
796 852
796 703
646 802
841 640
65 635
438 802
802 778
802 500
802 757
642 451
443 822
822 757
822 595
447 551
451 745
745 757
458 474
470 778
689 842
85 795
553 634
522 769
835 584
546 581
54 544
54 684
581 860
866 791
1:
101 971
101 992
971 992
2:
870 903
870 375
870 492
102 467
102 666
102 903
467 903
467 670
467 492
666 903
666 918
666 566
666 217
666 375
666 556
903 566
903 670
903 217
903 996
903 375
903 492
903 556
918 217
670 996
375 492
3:
107 709
107 741
709 741
709 895
709 537
741 895
741 537
4:
109 771
109 911
109 995
771 995
911 995
911 147
911 811
911 517
995 832
995 147
995 811
995 225
995 705
995 756
995 517
832 811
832 517
147 811
811 225
811 517
225 705
225 756
5:
942 125
942 50
125 50
6:
531 902
531 625
348 947
348 776
862 947
862 790
862 815
862 139
862 984
862 726
862 372
862 750
862 776
862 902
862 273
862 831
947 129
947 790
947 372
947 228
947 776
947 831
947 457
947 338
947 430
947 439
947 497
129 790
790 228
790 776
790 831
790 457
790 439
790 497
815 984
815 372
815 936
139 984
984 833
984 776
984 902
984 558
627 750
627 902
726 902
726 773
372 936
197 621
197 750
621 750
621 902
621 625
621 773
621 791
750 833
750 885
750 902
750 273
750 558
750 791
833 902
833 625
833 805
833 791
885 902
228 776
776 457
776 430
776 439
776 497
902 273
902 625
902 805
902 558
902 432
902 773
273 625
625 432
831 497
457 338
338 430
338 439
430 439
7:
978 211
978 885
211 885
8:
14 534
14 959
534 959
9:
771 412
771 830
771 835
991 146
991 830
146 412
146 749
146 830
412 830
412 823
749 830
749 835
830 533
830 823
830 617
830 835
830 87
533 835
823 617
823 87
617 835
10:
946 927
946 821
946 977
946 632
946 415
927 993
927 821
927 415
993 697
993 821
993 636
993 892
993 689
697 892
697 831
821 632
821 636
821 892
821 386
977 632
154 632
154 892
632 892
636 689
892 386
892 831
11:
928 691
928 991
928 591
928 215
928 705
928 649
691 991
691 560
991 16
991 641
991 690
991 591
991 215
991 705
991 649
991 69
991 560
16 641
16 690
690 591
591 705
591 69
12:
883 913
883 179
913 179
13:
924 904
924 855
843 182
843 850
843 833
843 943
843 855
182 670
182 850
670 850
850 559
850 904
850 855
833 855
559 904
943 904
943 855
904 855
14:
992 858
992 961
992 979
992 751
992 938
992 641
992 726
992 194
992 915
992 276
992 532
992 573
992 653
992 868
992 384
992 624
992 445
992 448
992 521
620 931
620 858
620 885
620 809
620 866
931 858
931 885
931 817
931 232
931 839
931 249
931 720
931 592
931 866
978 751
978 282
978 557
978 936
858 856
858 817
858 249
858 532
858 809
858 673
858 521
858 866
961 979
961 573
961 448
979 751
979 194
979 825
979 915
979 936
979 266
979 532
979 653
979 661
979 868
979 384
979 441
751 282
751 557
751 936
938 651
938 653
938 868
938 445
641 573
726 448
856 817
856 673
711 885
711 839
711 876
711 469
651 774
651 868
885 839
885 720
885 876
885 469
817 232
817 839
817 249
817 809
817 521
817 592
817 866
825 936
825 661
825 441
915 532
915 445
232 839
839 362
839 876
936 266
774 868
362 876
276 532
276 573
532 573
653 868
653 445
384 624
15:
856 198
856 311
198 311
16:
969 890
969 76
890 76
17:
992 303
992 22
303 22
18:
956 869
956 736
956 828
603 869
603 820
869 886
869 224
869 736
869 820
869 828
869 353
869 382
886 736
886 820
224 736
224 820
736 820
736 382
820 353
820 382
19:
965 227
965 659
227 659
20:
944 498
944 233
944 369
498 233
233 369
21:
995 961
995 235
961 235
22:
938 692
938 237
692 237
692 557
237 557
23:
874 294
874 530
874 685
874 587
874 824
874 788
874 708
874 896
874 618
952 530
952 587
952 824
952 480
294 824
294 480
530 824
685 896
248 587
248 824
587 824
587 618
824 788
824 480
824 618
788 896
788 866
708 618
896 866
24:
927 785
927 503
785 843
785 503
843 503
843 3
503 3
25:
834 641
834 639
834 31
641 639
639 31
26:
992 649
992 38
649 38
27:
878 406
878 62
406 62
28:
633 859
633 682
691 859
691 682
667 859
667 682
859 487
859 421
859 682
859 696
487 682
421 682
682 696
29:
962 970
962 46
970 46
30:
712 793
712 922
793 513
793 943
793 922
793 562
793 61
259 513
259 943
513 943
943 640
943 562
943 61
922 562
640 562
562 61
31:
1000 284
1000 888
284 888
32:
387 871
387 426
871 426
33:
685 408
685 480
408 480
34:
935 256
935 797
256 797
35:
972 300
972 577
300 538
300 577
538 577
36:
603 762
603 315
762 315
37:
427 980
427 325
980 325
38:
991 330
991 868
330 868
39:
938 804
938 361
804 361
40:
785 960
785 813
960 813
960 831
960 367
960 462
960 873
960 866
813 583
813 654
813 462
813 552
813 873
813 866
831 873
831 473
831 554
583 873
654 367
654 462
654 873
654 473
367 462
552 873
552 473
873 473
873 554
41:
985 931
985 390
931 390
42:
919 465
919 851
465 851
43:
657 435
657 715
435 715
44:
900 442
900 599
442 599
45:
695 631
695 511
946 962
946 631
946 511
962 631
631 511
46:
614 850
614 485
850 485
47:
998 466
998 468
466 468
48:
892 921
892 440
921 440
49:
732 679
732 450
679 450
50:
995 681
995 502
681 502
51:
580 952
580 896
952 896
52:
854 565
854 842
565 842
53:
986 561
986 852
561 852
54:
942 538
942 555
538 555
55:
998 624
998 570
624 570
56:
658 851
658 585
851 585
57:
924 984
924 636
984 636
58:
875 629
875 852
629 852
59:
992 701
992 720
701 720
60:
714 819
714 860
819 860
61:
919 828
919 722
828 722
62:
981 772
981 766
772 766
