# The links inside the communities at k=5
# from G:\Dropbox\Raghda\CNA\Final Project\other methods\CFinder-2.0.6--1448\G:\Dropbox\Raghda\CNA\Final Project\Datasets\binary_networks\LFR3\network_LFR3_Om5.dat
# at no lower link weight threshold,
# and at no upper link weight threshold.
# Links were treated as undirected.
# No time limit was set for the clique search.

0:
992 759
992 990
992 570
992 933
992 114
992 606
992 946
992 836
992 643
992 903
992 786
992 937
992 194
992 807
992 799
992 737
992 977
992 320
992 429
992 485
992 936
992 731
992 68
759 990
759 933
759 903
759 786
759 807
759 799
759 977
759 731
759 68
990 570
990 933
990 114
990 606
990 946
990 931
990 836
990 643
990 903
990 786
990 937
990 194
990 807
990 799
990 737
990 509
990 977
990 320
990 429
990 485
990 936
990 731
990 68
570 836
570 903
570 786
933 114
933 606
933 931
933 836
933 643
933 903
933 786
933 937
933 807
933 799
933 737
933 320
933 429
933 485
933 936
933 731
114 606
606 836
606 799
946 836
946 903
946 807
946 799
931 836
931 903
836 643
836 903
836 786
836 429
836 731
643 786
643 799
903 807
903 799
903 737
903 509
903 485
903 936
903 731
786 194
786 807
786 737
786 731
937 320
937 485
194 807
807 799
807 509
807 977
807 731
799 737
799 977
509 731
977 68
485 936
1:
914 755
914 772
914 934
914 760
914 406
130 755
130 772
130 813
130 934
755 772
755 813
755 934
755 172
755 760
755 513
755 546
772 813
772 934
772 760
772 406
772 513
813 934
813 172
813 760
813 406
813 513
813 546
934 172
934 760
934 406
934 513
934 546
172 760
760 406
760 546
513 546
2:
796 864
796 916
796 988
796 805
796 866
796 393
796 686
796 585
796 631
796 703
796 672
796 700
864 916
864 988
864 145
864 805
864 866
864 393
864 686
864 585
864 631
864 703
864 672
864 700
916 988
916 145
916 805
916 866
916 393
916 686
916 585
916 631
916 703
916 672
916 700
988 805
988 866
988 703
988 672
988 700
145 805
145 866
805 866
805 393
805 686
805 585
805 631
805 703
805 672
805 700
866 393
866 686
866 585
866 631
866 703
866 672
866 700
393 686
686 700
585 631
585 703
631 703
631 672
703 700
672 700
3:
961 981
961 991
961 957
961 993
961 995
961 685
961 985
961 880
961 252
961 792
961 18
961 926
961 906
961 645
961 285
961 381
961 590
961 434
961 532
961 582
961 632
981 991
981 957
981 993
981 722
981 985
981 926
981 234
981 906
981 285
981 628
981 381
981 442
981 532
981 632
991 957
991 993
991 995
991 685
991 985
991 718
991 148
991 880
991 792
991 18
991 234
991 350
991 434
991 442
991 632
957 993
957 995
957 685
957 985
957 718
957 148
957 880
957 792
957 234
957 906
957 645
957 705
957 350
957 285
957 381
957 590
957 442
957 582
957 632
993 995
993 685
993 722
993 985
993 880
993 792
993 18
993 926
993 906
993 645
993 705
993 350
993 630
993 302
993 628
993 407
993 434
993 442
993 582
993 632
995 985
995 718
995 880
995 252
995 792
995 18
995 926
995 906
995 645
995 705
995 630
995 285
995 302
995 590
995 442
995 532
995 632
685 985
685 880
685 906
722 985
722 926
722 630
722 628
985 148
985 880
985 252
985 926
985 234
985 906
985 645
985 350
985 630
985 285
985 302
985 381
985 407
985 434
985 532
718 880
718 906
148 880
880 252
880 792
880 926
880 906
880 705
880 302
880 407
792 906
792 582
926 906
926 705
926 630
926 628
926 407
926 532
906 645
906 630
906 532
590 632
4:
963 976
963 987
963 768
963 867
963 910
963 986
963 818
963 959
963 988
963 762
963 917
963 844
963 824
963 948
963 583
963 351
963 744
963 404
963 412
963 802
963 544
963 886
963 657
963 93
976 987
976 768
976 867
976 910
976 986
976 959
976 149
976 762
976 917
976 846
976 844
976 824
976 704
976 948
976 583
976 663
976 744
976 395
976 449
976 802
976 779
976 533
976 886
987 768
987 867
987 910
987 986
987 818
987 959
987 988
987 149
987 917
987 846
987 844
987 824
987 948
987 299
987 583
987 351
987 663
987 744
987 404
987 412
987 449
987 802
987 779
987 533
987 886
987 93
768 959
768 988
768 917
768 846
768 802
768 779
768 886
867 910
867 986
867 959
867 917
867 948
867 663
867 802
867 544
867 886
910 986
910 959
910 917
910 846
910 824
910 704
910 948
910 299
910 663
910 802
910 886
986 818
986 959
986 149
986 762
986 917
986 844
986 824
986 704
986 948
986 299
986 351
986 663
986 395
986 404
986 412
986 449
986 802
986 533
986 544
986 886
986 657
818 959
818 844
818 824
818 583
818 744
818 412
818 802
959 149
959 762
959 917
959 846
959 844
959 704
959 948
959 299
959 744
959 404
959 412
959 533
959 886
988 917
988 824
988 948
988 744
988 886
762 917
762 846
762 886
917 846
917 844
917 824
917 704
917 948
917 744
917 395
917 449
917 779
917 886
846 802
846 533
846 886
844 948
844 449
844 802
844 779
844 544
844 886
824 948
824 583
824 744
824 404
824 93
704 948
704 779
948 351
948 663
948 395
948 412
948 802
948 779
948 533
948 544
948 886
948 657
948 93
663 779
802 779
779 886
544 886
886 657
5:
973 979
973 996
973 763
973 770
973 901
973 950
973 883
973 812
973 374
973 774
973 471
973 662
973 684
973 714
979 996
979 999
979 763
979 801
979 816
979 931
979 901
979 950
979 883
979 177
979 683
979 374
979 774
979 471
979 662
979 746
979 684
979 714
996 999
996 763
996 801
996 770
996 816
996 931
996 901
996 950
996 883
996 177
996 812
996 683
996 374
996 774
996 421
996 471
996 593
996 662
996 655
996 746
996 684
996 714
999 816
999 931
999 901
999 950
999 812
999 374
999 774
999 421
999 593
999 655
763 801
763 770
763 816
763 950
763 684
801 770
801 950
801 774
801 684
770 950
816 950
816 812
816 593
931 950
901 950
901 883
901 177
901 812
901 683
901 655
901 746
901 684
901 714
950 883
950 812
950 683
950 374
950 774
950 421
950 662
950 684
883 177
883 683
883 471
812 421
812 593
812 655
774 714
746 714
6:
888 975
888 998
888 974
888 922
888 895
888 947
888 343
888 673
888 671
888 743
975 998
975 974
975 764
975 922
975 267
975 191
975 771
975 895
975 242
975 830
975 612
975 729
975 309
975 343
975 698
975 609
975 588
975 671
975 472
975 743
975 528
998 974
998 764
998 922
998 267
998 191
998 591
998 771
998 895
998 947
998 242
998 830
998 612
998 729
998 309
998 343
998 698
998 673
998 609
998 588
998 671
998 472
998 743
998 528
974 764
974 922
974 267
974 191
974 591
974 771
974 895
974 947
974 242
974 830
974 612
974 309
974 698
974 673
974 609
974 588
974 671
974 472
974 528
764 591
764 895
764 830
764 612
764 729
764 671
764 743
922 191
922 830
922 612
922 729
922 309
922 343
922 698
922 673
922 588
922 671
922 743
922 528
267 830
591 895
771 895
771 609
771 671
895 830
895 729
895 343
895 472
895 528
947 673
242 830
830 673
830 609
830 588
830 743
830 528
612 698
612 743
729 743
698 743
7:
713 761
713 969
713 941
713 885
713 870
713 321
713 878
713 659
713 738
761 969
761 941
761 889
761 885
761 870
761 878
761 804
761 706
761 670
969 941
969 889
969 214
969 872
969 885
969 218
969 870
969 321
969 878
969 361
969 804
969 659
969 483
969 706
969 670
969 738
969 682
941 214
941 872
941 885
941 870
941 878
941 804
941 659
941 483
941 706
941 936
941 670
941 738
941 682
889 872
889 885
889 218
889 870
889 878
889 804
889 706
889 936
889 670
889 738
889 682
214 872
214 885
872 885
872 218
872 870
872 321
872 878
872 361
872 804
872 936
872 738
872 682
885 218
885 870
885 321
885 878
885 483
885 706
885 670
885 682
870 321
870 878
870 361
870 804
870 659
870 738
870 682
878 804
878 659
878 483
878 936
878 670
878 738
878 682
361 804
804 659
804 706
804 936
804 682
483 706
706 670
706 738
670 738
8:
873 893
873 930
873 254
873 653
873 876
873 924
873 787
873 851
873 863
873 545
873 377
873 400
873 815
873 436
873 723
893 930
893 653
893 876
893 924
893 787
893 902
893 851
893 863
893 258
893 545
893 33
893 377
893 400
893 815
893 436
893 723
930 254
930 653
930 876
930 924
930 787
930 902
930 851
930 863
930 258
930 545
930 33
930 377
930 400
930 815
930 436
930 723
254 851
254 863
653 876
653 787
653 851
653 863
653 815
876 924
876 787
876 851
876 863
876 545
876 33
876 377
876 400
876 815
876 723
924 851
787 851
787 863
787 815
787 723
902 851
902 863
851 863
851 258
851 400
851 815
851 436
851 723
863 258
863 545
863 33
863 377
863 815
863 436
863 723
545 815
400 815
815 723
9:
523 899
523 908
523 619
523 725
523 567
523 573
540 899
540 908
540 619
540 725
540 573
899 908
899 619
899 892
899 688
899 349
899 725
899 567
899 573
899 54
908 619
908 892
908 688
908 349
908 725
908 567
908 573
908 54
619 688
619 349
619 725
892 725
892 567
688 349
688 725
688 567
688 573
688 54
349 725
725 567
725 573
567 573
573 54
10:
639 967
639 994
639 835
639 750
914 865
914 951
914 877
914 994
967 951
967 877
967 669
967 994
967 728
967 980
967 296
967 790
967 835
967 842
967 459
967 463
967 556
967 531
967 635
967 603
967 735
967 548
967 721
967 55
967 620
967 579
967 750
967 611
967 660
865 951
865 877
865 904
865 994
865 980
865 790
865 401
865 842
865 721
865 750
951 877
951 904
951 669
951 994
951 728
951 980
951 296
951 790
951 385
951 835
951 459
951 463
951 556
951 531
951 635
951 735
951 721
951 579
951 611
951 660
877 904
877 994
877 980
877 296
877 790
877 385
877 835
877 603
877 735
877 55
877 620
904 669
904 994
904 980
904 296
904 790
904 401
904 842
904 721
904 620
904 579
904 750
904 611
669 994
669 980
669 750
669 660
994 728
994 980
994 790
994 385
994 835
994 401
994 842
994 459
994 463
994 556
994 635
994 603
994 735
994 548
994 721
994 55
994 620
994 579
994 750
994 611
728 579
980 296
980 790
980 385
980 835
980 842
980 459
980 556
980 531
980 635
980 603
980 735
980 548
980 721
980 55
980 620
980 579
980 750
980 611
980 660
790 835
790 842
790 463
790 611
835 842
835 635
835 603
835 735
835 750
401 842
842 459
842 531
842 635
842 735
842 660
556 548
556 620
531 635
635 660
735 721
735 750
548 721
579 750
611 660
11:
949 978
949 970
949 988
949 847
949 907
949 924
949 629
949 360
949 613
949 439
949 780
949 524
949 568
949 717
949 646
949 92
978 970
978 988
978 847
978 924
978 629
978 360
978 439
978 780
978 524
978 568
978 717
978 646
978 92
970 988
970 847
970 907
970 924
970 629
970 360
970 613
970 439
970 780
970 524
970 568
970 717
970 646
970 92
988 847
988 907
988 780
988 717
847 907
847 439
847 780
847 524
847 646
847 92
907 613
907 439
907 780
907 524
907 568
907 717
907 646
924 568
629 360
629 717
613 568
613 646
439 780
780 717
780 646
568 717
12:
1000 373
1000 418
1000 636
1000 644
1000 697
1000 730
1000 753
1000 775
1000 781
1000 784
1000 785
1000 843
1000 849
1000 857
1000 882
1000 900
1000 927
1000 942
1000 964
1000 966
1000 968
1000 997
373 849
373 964
373 997
418 927
418 964
418 997
636 857
636 964
636 968
636 997
644 753
644 784
644 966
644 968
644 997
644 874
697 730
697 784
697 882
697 927
697 942
697 997
730 882
730 927
730 966
730 997
730 874
753 781
753 942
753 966
753 968
753 997
753 874
753 988
775 843
775 882
775 942
775 966
775 997
781 785
781 900
781 942
781 964
781 966
781 968
781 997
784 849
784 857
784 882
784 927
784 964
784 966
784 968
784 997
784 874
785 942
785 964
785 968
785 997
785 661
785 832
843 857
843 882
843 900
843 927
843 942
849 857
849 882
849 964
849 997
849 715
857 882
857 900
857 927
857 964
857 968
857 715
882 927
882 942
882 964
882 997
882 715
900 927
900 964
900 968
900 997
927 964
927 966
927 997
927 874
942 964
942 966
942 968
942 997
942 661
942 988
942 702
942 832
964 966
964 968
964 997
964 661
964 715
964 702
964 832
966 968
966 997
966 661
966 874
966 988
966 702
966 832
968 997
968 661
968 874
968 832
997 661
997 874
997 988
997 715
997 702
702 832
13:
778 972
778 943
778 958
778 920
778 793
778 905
778 800
640 932
640 955
640 972
640 943
640 954
640 958
640 586
932 955
932 909
932 972
932 828
932 943
932 954
932 958
932 586
932 920
932 793
932 905
932 399
932 689
932 592
932 800
932 467
932 515
932 539
932 530
932 633
955 909
955 972
955 246
955 828
955 943
955 954
955 958
955 586
955 263
955 920
955 536
955 767
955 793
955 905
955 453
955 399
955 689
955 426
955 800
955 539
955 518
955 633
909 972
909 828
909 943
909 954
909 958
909 920
909 767
909 288
909 716
909 905
909 453
909 689
909 800
909 521
909 633
972 943
972 954
972 958
972 920
972 536
972 767
972 793
972 716
972 905
972 689
972 426
972 800
972 467
972 487
972 515
972 539
972 518
972 521
972 633
246 828
246 943
246 954
246 958
828 954
828 958
828 920
828 288
828 905
828 453
828 467
828 515
828 521
943 954
943 958
943 586
943 263
943 920
943 536
943 767
943 793
943 288
943 905
943 800
943 487
943 518
943 633
954 958
954 263
954 920
954 767
954 793
954 288
954 716
954 905
954 453
954 399
954 592
954 800
954 515
954 518
954 521
954 530
958 920
958 767
958 716
958 905
958 399
958 689
958 426
958 800
958 467
958 515
958 539
958 521
958 530
958 633
586 800
263 920
920 288
920 453
920 689
920 539
920 518
920 521
920 633
536 767
536 800
767 800
767 518
793 905
793 592
793 800
793 487
716 689
905 592
905 467
905 487
905 530
399 689
592 800
426 800
800 530
515 539
14:
961 991
961 995
961 261
961 566
991 995
991 261
991 566
995 261
995 566
261 566
15:
446 869
446 919
446 797
446 841
446 614
869 858
869 919
869 797
869 397
869 841
869 388
869 526
869 614
869 493
858 919
858 618
858 797
858 397
858 270
858 841
858 334
858 388
858 526
858 614
858 493
919 618
919 797
919 397
919 270
919 841
919 334
919 388
919 526
919 614
919 493
618 797
618 397
618 841
797 270
797 841
797 334
797 526
797 614
397 841
270 841
841 334
841 388
841 526
841 614
841 493
526 614
16:
589 650
589 845
589 896
589 898
589 658
589 495
983 650
983 845
983 777
983 896
983 898
983 348
937 777
937 896
937 898
937 286
694 650
694 845
694 977
694 777
694 896
694 898
694 286
694 338
694 658
650 845
650 896
650 898
845 977
845 777
845 896
845 898
845 338
845 658
845 348
845 357
845 495
977 272
977 777
977 896
977 898
977 357
272 777
272 896
272 898
777 896
777 898
777 286
777 658
777 357
896 898
896 286
896 338
896 658
896 348
896 495
898 286
898 658
898 348
898 357
898 495
338 658
658 495
17:
810 984
810 820
810 367
810 466
984 820
984 367
984 466
820 367
820 466
367 466
18:
773 825
773 862
773 379
773 563
773 425
773 510
825 862
825 379
825 563
825 425
825 510
862 379
862 563
862 425
862 510
379 563
563 425
563 510
19:
733 838
733 839
733 417
733 456
838 839
838 417
838 456
839 417
839 456
417 456
20:
823 879
823 925
823 814
823 788
823 855
823 875
823 884
823 727
823 402
879 938
879 875
879 884
879 727
925 766
925 814
925 938
925 788
925 855
925 712
925 875
925 884
925 727
925 402
766 938
766 788
766 855
766 875
814 938
814 855
814 712
814 884
938 788
938 855
938 712
938 875
938 884
938 727
788 855
788 884
788 402
855 875
855 884
712 875
712 884
875 884
875 727
884 727
884 402
21:
742 989
742 962
742 952
742 935
742 535
989 962
989 921
989 749
989 829
989 952
989 897
989 935
989 911
989 598
989 647
989 891
989 608
989 622
989 834
989 652
989 481
989 535
962 921
962 749
962 829
962 952
962 897
962 935
962 911
962 598
962 647
962 608
962 834
962 652
962 535
921 940
921 952
921 897
921 935
921 911
921 647
921 891
921 608
921 622
921 834
921 652
749 940
749 897
749 935
749 911
749 647
749 739
749 891
829 940
829 952
829 897
829 935
829 911
829 598
829 891
829 834
940 952
940 897
940 935
940 911
940 739
940 622
952 897
952 935
952 911
952 739
952 608
952 622
952 834
952 652
952 535
897 935
897 911
897 647
897 739
897 891
935 911
935 598
935 739
935 891
935 608
935 652
935 481
911 647
911 891
911 622
911 481
911 535
891 481
22:
574 923
574 983
574 758
574 708
923 983
923 758
923 708
923 541
923 678
923 430
983 758
983 708
983 678
758 708
758 541
758 678
758 430
708 541
708 678
708 430
541 678
541 430
23:
914 765
914 853
914 676
914 551
572 789
572 853
572 756
572 676
572 551
765 789
765 853
765 756
765 676
765 551
789 853
789 547
789 756
789 676
789 551
853 547
853 756
853 676
853 551
547 756
547 676
756 676
756 551
676 551
24:
868 982
868 881
868 960
868 939
868 803
868 726
868 894
868 538
982 881
982 960
982 939
982 803
982 894
982 538
982 584
881 939
881 803
881 726
881 894
960 939
960 803
960 894
960 538
960 638
960 584
939 803
939 726
939 894
939 538
939 638
939 584
803 894
803 638
726 894
894 638
538 584
25:
913 971
913 887
913 965
913 852
913 953
913 928
913 956
913 848
913 577
913 977
913 719
913 503
971 887
971 965
971 953
971 928
971 956
971 848
971 577
971 977
971 719
971 503
887 965
887 953
887 956
887 577
887 503
965 852
965 953
965 928
965 848
965 977
965 503
852 953
852 848
953 928
953 848
953 977
953 719
928 956
928 719
956 577
956 719
956 503
26:
918 971
918 928
918 679
918 956
918 783
918 581
971 928
971 679
971 956
971 783
971 581
928 679
928 956
928 783
928 581
679 956
956 783
956 581
