# The contained cliques in the communities at k=5
# from G:\Dropbox\Raghda\CNA\Final Project\other methods\CFinder-2.0.6--1448\G:\Dropbox\Raghda\CNA\Final Project\Datasets\binary_networks\LFR4\network_LFR4_Om2.dat
# at no lower link weight threshold,
# and at no upper link weight threshold.
# Links were treated as undirected.
# No time limit was set for the clique search.

0: 8 300 815 1679 524 816 1232 1570 94 293 592 998 999 1160 190 1389 
1: 20 344 382 565 735 808 1083 1119 1329 
2: 26 861 1197 838 
3: 93 641 1180 
4: 100 1644 
5: 101 1597 724 934 1454 1573 1596 122 854 1452 1453 576 943 1575 
6: 127 1667 1703 699 744 1031 1248 1577 1578 1651 1668 1669 1700 1701 1704 743 1032 1670 1699 1698 1249 1652 1287 721 946 1645 1646 
7: 131 549 1014 1015 
8: 139 929 1332 1363 1534 239 350 1285 
9: 140 343 1498 1551 
10: 143 606 559 1320 558 1318 1076 1317 1409 1075 1078 1077 1319 1410 
11: 161 730 1302 731 1144 1303 1400 1537 1261 1402 1538 823 1401 286 521 
12: 175 252 905 954 1262 1272 1499 1511 517 1422 
13: 280 1128 1473 728 1061 1127 1474 1562 841 1548 
14: 356 881 1553 1566 1639 1696 1554 1567 1640 1697 1565 1564 381 1354 1540 1399 
15: 472 473 1000 1528 1631 718 1632 720 1001 1164 1002 1330 1331 1585 1163 1440 1165 1633 694 
16: 494 495 1274 1685 1276 1654 1273 1279 1277 1278 776 895 1655 894 896 1605 1563 1275 1526 1368 
17: 496 1141 1143 1465 1468 
18: 502 643 
19: 560 1179 1229 
20: 562 703 897 1097 1098 
21: 572 573 661 1062 
22: 577 1323 1321 1322 1324 1466 1467 1506 1507 1508 1509 1510 1513 1634 1635 1676 1677 1333 1131 1199 1307 1345 1129 1132 1130 1346 
23: 590 591 1159 1432 1430 
24: 594 
25: 595 596 
26: 611 1028 
27: 635 1694 784 840 1464 1618 1619 1671 1695 783 1463 1616 1462 761 760 
28: 748 749 
29: 752 753 1018 1019 1082 1017 1016 1392 1109 
30: 804 1189 
31: 805 
32: 806 807 
33: 810 833 1200 1201 
34: 866 867 
35: 886 
36: 901 1218 
37: 937 1183 1008 1184 1009 
38: 950 951 952 1198 1057 1058 1547 1522 
39: 969 970 1415 1417 1628 1268 1264 1266 1267 1269 1265 1284 1349 1519 1514 1520 1521 1515 1516 1629 1152 1416 
40: 977 1206 
41: 997 1205 1388 
42: 1030 1270 1271 1351 
43: 1070 1173 1172 
44: 1087 1314 1315 
45: 1099 1100 1101 1102 1587 1246 1586 1245 1590 
46: 1117 
47: 1167 
48: 1186 
49: 1233 1234 1235 
50: 1291 1293 1358 1361 1292 1360 1359 
51: 1325 1326 1682 1338 
52: 1371 
53: 1435 1601 
54: 1543 
55: 1693 
