# The communities at k=5
# from G:\Dropbox\Raghda\CNA\Final Project\other methods\CFinder-2.0.6--1448\G:\Dropbox\Raghda\CNA\Final Project\Datasets\binary_networks\LFR4\network_LFR4_Om2.dat
# at no lower link weight threshold,
# and at no upper link weight threshold.
# Links were treated as undirected.
# No time limit was set for the clique search.

0: 962 974 1000 103 334 458 487 492 566 662 817 886 902 908 915 935 967 976 146 209 713 326 656 98 
1: 108 850 881 930 982 221 240 830 350 856 778 695 412 619 542 612 
2: 982 111 699 773 793 514 546 635 628 
3: 942 145 626 834 861 837 401 
4: 884 980 149 853 955 983 
5: 817 827 900 947 954 977 151 847 905 163 735 999 549 358 807 860 403 536 501 
6: 960 978 989 919 816 973 855 167 924 991 679 952 870 603 920 917 950 384 444 416 502 613 
7: 721 873 874 17 786 961 339 825 791 
8: 987 969 996 991 981 687 175 865 823 224 862 951 728 43 780 493 671 
9: 176 799 810 921 968 759 220 932 923 802 
10: 914 985 895 861 912 179 436 674 767 345 675 562 704 
11: 993 992 938 946 509 968 869 192 688 836 975 885 776 703 323 406 599 642 72 
12: 934 999 948 20 857 894 941 760 321 813 476 48 761 506 724 653 702 682 
13: 989 992 851 959 795 936 553 839 848 558 745 405 797 576 7 
14: 902 995 907 966 859 906 983 228 238 928 808 720 508 781 663 798 
15: 604 743 654 965 900 919 790 927 820 931 972 926 293 844 672 449 398 
16: 694 832 896 984 717 793 966 944 863 889 939 788 305 831 543 446 798 
17: 977 876 871 948 823 752 732 734 307 768 586 
18: 946 765 311 581 625 803 
19: 652 762 754 903 346 858 621 
20: 976 879 953 747 720 348 911 387 522 569 
21: 686 871 911 353 438 573 614 
22: 974 909 988 913 933 996 883 683 738 757 943 882 639 359 690 669 849 676 579 769 
23: 929 1000 429 646 741 846 854 937 998 
24: 901 439 994 867 973 
25: 491 833 459 828 636 807 
26: 998 986 698 411 589 899 
27: 935 970 842 925 945 955 864 957 972 750 932 479 904 432 427 454 
28: 937 949 916 975 926 419 
29: 961 564 775 800 709 693 825 629 423 555 565 
30: 892 898 942 916 634 781 486 761 
31: 892 929 910 953 606 515 547 
32: 965 755 541 567 539 540 
33: 782 936 472 903 617 737 577 696 707 
34: 664 806 952 732 498 556 
35: 843 806 952 530 556 
36: 990 777 711 731 616 510 
37: 970 887 560 944 766 649 917 661 535 
38: 987 971 997 785 801 783 712 641 610 831 505 749 
39: 940 969 779 964 958 875 687 835 812 866 808 796 519 715 891 681 770 611 658 
40: 814 956 986 848 633 527 
41: 890 705 756 904 772 951 630 748 598 
42: 804 852 787 910 764 575 839 802 729 696 678 
43: 622 959 834 893 847 981 950 588 
44: 963 993 774 890 751 680 572 
45: 997 879 884 980 840 983 811 923 561 660 
46: 829 846 854 563 708 
47: 994 647 947 973 855 
48: 868 714 627 866 618 
49: 918 819 880 928 716 791 643 
50: 897 949 845 921 668 739 824 719 684 
51: 901 994 947 913 973 943 685 692 
52: 998 706 986 899 753 
53: 1000 741 829 901 940 998 
54: 1000 809 868 898 940 
55: 949 916 922 975 885 
